0.0 | 0.0 | 0.0 | -0.22157095563621532 | 0.8631569709691935:4.314180453884055E-4 | 1.1078321163715543E-4 | 0.009990075352575307
4.314180453884055E-4 | 1.1078321163715543E-4 | 0.009990075352575307 | -0.22157095563621532 | 0.8631569709691935:0.001715286978431835 | 4.4068485616854947E-4 | 0.019821039010081334
0.001715286978431835 | 4.4068485616854947E-4 | 0.019821039010081334 | -0.22157095563621532 | 0.8631569709691935:0.0038336596154336525 | 9.854189553882842E-4 | 0.029436056197040983
0.0038336596154336525 | 9.854189553882842E-4 | 0.029436056197040983 | 0.4315447572403164 | 0.7014679464510054:0.006453039154754913 | 4.644606419477171E-4 | 0.038869229345323816
0.006453039154754913 | 4.644606419477171E-4 | 0.038869229345323816 | 0.4315447572403164 | 0.7014679464510054:0.00971654601696334 | -4.655138037999995E-4 | 0.04803485442054756
0.00971654601696334 | -4.655138037999995E-4 | 0.04803485442054756 | 0.4315447572403164 | 0.7014679464510054:0.013605164020300008 | -0.0017931910614311652 | 0.056888108528296316
0.013605164020300008 | -0.0017931910614311652 | 0.056888108528296316 | 0.4315447572403164 | 0.7014679464510054:0.018097951136981996 | -0.003506057658625439 | 0.06538569170190156
0.018097951136981996 | -0.003506057658625439 | 0.06538569170190156 | 0.4315447572403164 | 0.7014679464510054:0.023172119056035403 | -0.005590447784046271 | 0.073485930837557
0.023172119056035403 | -0.005590447784046271 | 0.073485930837557 | 0.4315447572403164 | 0.7014679464510054:0.02880311644843493 | -0.008031593433798001 | 0.08114887844313001
0.02880311644843493 | -0.008031593433798001 | 0.08114887844313001 | 0.4315447572403164 | 0.7014679464510054:0.03496471570275397 | -0.010813676750689671 | 0.08833640603159654
0.03496471570275397 | -0.010813676750689671 | 0.08833640603159654 | 0.4315447572403164 | 0.7014679464510054:0.04162910289459132 | -0.013919884412356254 | 0.09501229200346273
0.04162910289459132 | -0.013919884412356254 | 0.09501229200346273 | 0.4315447572403164 | 0.7014679464510054:0.048766970748644556 | -0.017332463921431396 | 0.10114230387614043
0.048766970748644556 | -0.017332463921431396 | 0.10114230387614043 | 0.4315447572403164 | 0.7014679464510054:0.05634761434844854 | -0.021032781648453458 | 0.10669427473199455
0.05634761434844854 | -0.021032781648453458 | 0.10669427473199455 | 0.4315447572403164 | 0.7014679464510054:0.06433902934549296 | -0.025001382476000478 | 0.11163817377064456
0.06433902934549296 | -0.025001382476000478 | 0.11163817377064456 | 0.4315447572403164 | 0.7014679464510054:0.07270801241667513 | -0.029218050890704284 | 0.11594617086505354
0.07270801241667513 | -0.029218050890704284 | 0.11594617086505354 | 0.4315447572403164 | 0.7014679464510054:0.08142026371683236 | -0.03366187336828341 | 0.11959269503494552
0.08142026371683236 | -0.03366187336828341 | 0.11959269503494552 | 0.4315447572403164 | 0.7014679464510054:0.09044049107143282 | -0.03831130189555565 | 0.12255448676512937
0.09044049107143282 | -0.03831130189555565 | 0.12255448676512937 | 0.4315447572403164 | 0.7014679464510054:0.09973251565337837 | -0.04314421847254968 | 0.12481064411034848
0.09973251565337837 | -0.04314421847254968 | 0.12481064411034848 | 0.07738582199566157 | 0.22081025623136386:0.1062009264230318 | -0.045826835809701594 | 0.12976367629569618
0.1062009264230318 | -0.045826835809701594 | 0.12976367629569618 | 0.07738582199566157 | 0.22081025623136386:0.11274021428250358 | -0.048530444251528415 | 0.13450770773269194
0.11274021428250358 | -0.048530444251528415 | 0.13450770773269194 | 0.07738582199566157 | 0.22081025623136386:0.11934651182516243 | -0.051253730494462246 | 0.13904297665540022
0.11934651182516243 | -0.051253730494462246 | 0.13904297665540022 | 0.07738582199566157 | 0.22081025623136386:0.12601598211707965 | -0.0539953913812794 | 0.1433697770357365
0.12601598211707965 | -0.0539953913812794 | 0.1433697770357365 | 0.07738582199566157 | 0.22081025623136386:0.13274481911970892 | -0.05675413405502727 | 0.1474884577872495
0.13274481911970892 | -0.05675413405502727 | 0.1474884577872495 | -0.6858645683083677 | 0.5592752228526565:0.14213170601251623 | -0.05365053130999753 | 0.1511755865342579
0.14213170601251623 | -0.05365053130999753 | 0.1511755865342579 | -0.6858645683083677 | 0.5592752228526565:0.15171705946598002 | -0.050211298996495346 | 0.15435059980228116
0.15171705946598002 | -0.050211298996495346 | 0.15435059980228116 | -0.6858645683083677 | 0.5592752228526565:0.16148104505291583 | -0.04646116748844076 | 0.15698849255731595
0.16148104505291583 | -0.04646116748844076 | 0.15698849255731595 | -0.6858645683083677 | 0.5592752228526565:0.1714029870514806 | -0.04242592311138971 | 0.15906615762593512
0.1714029870514806 | -0.04242592311138971 | 0.15906615762593512 | -0.6858645683083677 | 0.5592752228526565:0.1814614378656756 | -0.03813232419980306 | 0.160562450432026
0.1814614378656756 | -0.03813232419980306 | 0.160562450432026 | -0.6858645683083677 | 0.5592752228526565:0.19163424916396155 | -0.0336080149436504 | 0.16145824774096695
0.19163424916396155 | -0.0336080149436504 | 0.16145824774096695 | -0.6858645683083677 | 0.5592752228526565:0.20189864453478945 | -0.028881437269257182 | 0.16173650030366504
0.20189864453478945 | -0.028881437269257182 | 0.16173650030366504 | -0.6858645683083677 | 0.5592752228526565:0.21223129345579972 | -0.02398174100209527 | 0.16138227930902715
0.21223129345579972 | -0.02398174100209527 | 0.16138227930902715 | -0.6858645683083677 | 0.5592752228526565:0.22260838637189817 | -0.018938692561391246 | 0.16038281656966902
0.22260838637189817 | -0.018938692561391246 | 0.16038281656966902 | -0.6858645683083677 | 0.5592752228526565:0.23300571067637232 | -0.013782582437976254 | 0.15872753838194775
0.23300571067637232 | -0.013782582437976254 | 0.15872753838194775 | -0.6858645683083677 | 0.5592752228526565:0.24339872738867907 | -0.008544131707756364 | 0.15640809301764858
0.24339872738867907 | -0.008544131707756364 | 0.15640809301764858 | -0.6858645683083677 | 0.5592752228526565:0.2537626483224802 | -0.0032543978335002333 | 0.15341837182088414
0.2537626483224802 | -0.0032543978335002333 | 0.15341837182088414 | -0.6858645683083677 | 0.5592752228526565:0.2640725135379558 | 0.0020553199926220955 | 0.14975452389991428
0.2640725135379558 | 0.0020553199926220955 | 0.14975452389991428 | -0.6858645683083677 | 0.5592752228526565:0.2743032688733633 | 0.007353575714192484 | 0.14541496441960255
0.2743032688733633 | 0.007353575714192484 | 0.14541496441960255 | -0.6858645683083677 | 0.5592752228526565:0.28442984335222565 | 0.012608871233301455 | 0.14040037651612547
0.28442984335222565 | 0.012608871233301455 | 0.14040037651612547 | -0.6858645683083677 | 0.5592752228526565:0.29442722626441586 | 0.017789750942860394 | 0.13471370687120832
0.29442722626441586 | 0.017789750942860394 | 0.13471370687120832 | -0.6858645683083677 | 0.5592752228526565:0.30427054372176876 | 0.02286489572305128 | 0.12836015499867148
0.30427054372176876 | 0.02286489572305128 | 0.12836015499867148 | -0.6858645683083677 | 0.5592752228526565:0.31393513449166033 | 0.027803216159679733 | 0.12134715631124227
0.31393513449166033 | 0.027803216159679733 | 0.12134715631124227 | -0.6858645683083677 | 0.5592752228526565:0.3233966249152278 | 0.032573944745922345 | 0.11368435905055474
0.3233966249152278 | 0.032573944745922345 | 0.11368435905055474 | -0.6858645683083677 | 0.5592752228526565:0.33263100272063095 | 0.037146726833247934 | 0.10538359517784279
0.33263100272063095 | 0.037146726833247934 | 0.10538359517784279 | -0.6858645683083677 | 0.5592752228526565:0.34161468954582475 | 0.0414917101020702 | 0.09645884533710358
0.34161468954582475 | 0.0414917101020702 | 0.09645884533710358 | -0.6858645683083677 | 0.5592752228526565:0.3503246119898522 | 0.04557963232800111 | 0.08692619801639534
0.3503246119898522 | 0.04557963232800111 | 0.08692619801639534 | -0.6858645683083677 | 0.5592752228526565:0.35873827101656897 | 0.04938190722536229 | 0.07680380304639467
0.35873827101656897 | 0.04938190722536229 | 0.07680380304639467 | -0.6858645683083677 | 0.5592752228526565:0.366833809540009 | 0.05287070815587902 | 0.06611181958838674
0.366833809540009 | 0.05287070815587902 | 0.06611181958838674 | -0.6858645683083677 | 0.5592752228526565:0.37459007802625344 | 0.05601904949719816 | 0.054872358776435703
0.37459007802625344 | 0.05601904949719816 | 0.054872358776435703 | -0.6858645683083677 | 0.5592752228526565:0.3819866979526578 | 0.058800865473032315 | 0.04310942119058492
0.3819866979526578 | 0.058800865473032315 | 0.04310942119058492 | -0.6858645683083677 | 0.5592752228526565:0.38900412297164877 | 0.06119108625430081 | 0.030848829349488405
0.38900412297164877 | 0.06119108625430081 | 0.030848829349488405 | -0.6858645683083677 | 0.5592752228526565:0.39562369763294747 | 0.06316571114860947 | 0.01811815542196271
0.39562369763294747 | 0.06316571114860947 | 0.01811815542196271 | -0.6858645683083677 | 0.5592752228526565:0.40182771352500346 | 0.06470187870374722 | 0.0049466443674131
0.40182771352500346 | 0.06470187870374722 | 0.0049466443674131 | -0.6858645683083677 | 0.5592752228526565:0.40759946270367564 | 0.06577793355957451 | -0.008634867274971647
0.40759946270367564 | 0.06577793355957451 | -0.008634867274971647 | 0.6342790054277345 | 0.5615807313547518:0.41304426832487096 | 0.06695712780084029 | -0.018241384358568702
0.41304426832487096 | 0.06695712780084029 | -0.018241384358568702 | 0.6342790054277345 | 0.5615807313547518:0.4181519796492452 | 0.06843851264724998 | -0.028083451874840293
0.4181519796492452 | 0.06843851264724998 | -0.028083451874840293 | 0.6342790054277345 | 0.5615807313547518:0.42291350259868743 | 0.07023346366552718 | -0.038138626225403094
0.42291350259868743 | 0.07023346366552718 | -0.038138626225403094 | 0.6342790054277345 | 0.5615807313547518:0.4273205087874903 | 0.07235249630047325 | -0.048383695219152756
0.4273205087874903 | 0.07235249630047325 | -0.048383695219152756 | 0.6342790054277345 | 0.5615807313547518:0.4313654594287293 | 0.07480523800925165 | -0.05879473727839546
0.4313654594287293 | 0.07480523800925165 | -0.05879473727839546 | 0.6342790054277345 | 0.5615807313547518:0.43504162723510653 | 0.07760040263455326 | -0.06934718225797631
0.43504162723510653 | 0.07760040263455326 | -0.06934718225797631 | 0.6342790054277345 | 0.5615807313547518:0.43834311627217737 | 0.08074576706651582 | -0.08001587372794194
0.43834311627217737 | 0.08074576706651582 | -0.08001587372794194 | 0.6342790054277345 | 0.5615807313547518:0.4412648797267771 | 0.08424815023786492 | -0.09077513256790581
0.4412648797267771 | 0.08424815023786492 | -0.09077513256790581 | 0.6342790054277345 | 0.5615807313547518:0.4438027355582488 | 0.08811339449126593 | -0.10159882171923496
0.4438027355582488 | 0.08811339449126593 | -0.10159882171923496 | 0.6342790054277345 | 0.5615807313547518:0.44595338000505436 | 0.09234634935236191 | -0.11246041193947587
0.44595338000505436 | 0.09234634935236191 | -0.11246041193947587 | 0.21385295203053656 | 0.30965029625494034:0.449201234196309 | 0.09460224176683746 | -0.11969694940676767
0.449201234196309 | 0.09460224176683746 | -0.11969694940676767 | 0.21385295203053656 | 0.30965029625494034:0.4522658206084156 | 0.0969389142485654 | -0.12701058469705195
0.4522658206084156 | 0.0969389142485654 | -0.12701058469705195 | 0.21385295203053656 | 0.30965029625494034:0.4551459020452331 | 0.0993577037279841 | -0.13439594287564027
0.4551459020452331 | 0.0993577037279841 | -0.13439594287564027 | 0.21385295203053656 | 0.30965029625494034:0.4578403512200069 | 0.10185986681143593 | -0.1418476267214004
0.4578403512200069 | 0.10185986681143593 | -0.1418476267214004 | 0.21385295203053656 | 0.30965029625494034:0.46034815064728285 | 0.1044465798845907 | -0.14936021983182002
0.46034815064728285 | 0.1044465798845907 | -0.14936021983182002 | 0.21385295203053656 | 0.30965029625494034:0.46266839248286473 | 0.10711893925139739 | -0.15692828970913375
0.46266839248286473 | 0.10711893925139739 | -0.15692828970913375 | 0.21385295203053656 | 0.30965029625494034:0.46480027831239923 | 0.10987796130817132 | -0.16454639082639932
0.46480027831239923 | 0.10987796130817132 | -0.16454639082639932 | 0.21385295203053656 | 0.30965029625494034:0.4667431188891875 | 0.11272458275241432 | -0.17220906767244548
0.4667431188891875 | 0.11272458275241432 | -0.17220906767244548 | 0.21385295203053656 | 0.30965029625494034:0.46849633382184663 | 0.11565966082595686 | -0.17991085777461668
0.46849633382184663 | 0.11565966082595686 | -0.17991085777461668 | 0.21385295203053656 | 0.30965029625494034:0.470059451212407 | 0.11868397359200156 | -0.18764629469826888
0.470059451212407 | 0.11868397359200156 | -0.18764629469826888 | 0.061551412020671936 | 0.1232859503570316:0.4732268023303057 | 0.12036239931130632 | -0.1919306070193998
0.4732268023303057 | 0.12036239931130632 | -0.1919306070193998 | 0.061551412020671936 | 0.1232859503570316:0.476313628725034 | 0.12204833376217683 | -0.19623464369022647
0.476313628725034 | 0.12204833376217683 | -0.19623464369022647 | 0.061551412020671936 | 0.1232859503570316:0.47932031890039184 | 0.12374191098124399 | -0.20055751715943826
0.47932031890039184 | 0.12374191098124399 | -0.20055751715943826 | 0.061551412020671936 | 0.1232859503570316:0.4822472639773707 | 0.12544326041897103 | -0.20489834844290078
0.4822472639773707 | 0.12544326041897103 | -0.20489834844290078 | 0.061551412020671936 | 0.1232859503570316:0.48509485762964744 | 0.1271525070045887 | -0.20925626707617173
0.48509485762964744 | 0.1271525070045887 | -0.20925626707617173 | 0.061551412020671936 | 0.1232859503570316:0.48786349601999035 | 0.12886977121026222 | -0.21363041106700553
0.48786349601999035 | 0.12886977121026222 | -0.21363041106700553 | 0.061551412020671936 | 0.1232859503570316:0.4905535777375185 | 0.13059516911449798 | -0.21801992684786042
0.4905535777375185 | 0.13059516911449798 | -0.21801992684786042 | 0.061551412020671936 | 0.1232859503570316:0.4931655037358311 | 0.13232881246479788 | -0.22242396922841556
0.4931655037358311 | 0.13232881246479788 | -0.22242396922841556 | 0.061551412020671936 | 0.1232859503570316:0.49569967727200037 | 0.13407080873956878 | -0.22684170134809722
0.49569967727200037 | 0.13407080873956878 | -0.22684170134809722 | 0.061551412020671936 | 0.1232859503570316:0.49815650384640975 | 0.1358212612092955 | -0.23127229462863275
0.49815650384640975 | 0.1358212612092955 | -0.23127229462863275 | 0.061551412020671936 | 0.1232859503570316:0.5005363911434202 | 0.13758026899698517 | -0.23571492872662758
0.5005363911434202 | 0.13758026899698517 | -0.23571492872662758 | 0.061551412020671936 | 0.1232859503570316:0.5028397489728746 | 0.1393479271378899 | -0.24016879148618098
0.5028397489728746 | 0.1393479271378899 | -0.24016879148618098 | 0.061551412020671936 | 0.1232859503570316:0.5050669892124198 | 0.1411243266385167 | -0.2446330788915414
0.5050669892124198 | 0.1411243266385167 | -0.2446330788915414 | 0.061551412020671936 | 0.1232859503570316:0.5072185257506412 | 0.14290955453493082 | -0.2491069950198098
0.5072185257506412 | 0.14290955453493082 | -0.2491069950198098 | 0.061551412020671936 | 0.1232859503570316:0.5092947744309839 | 0.14470369395035876 | -0.25358975199369754
0.5092947744309839 | 0.14470369395035876 | -0.25358975199369754 | 0.5138623593912051 | -0.5488991122841034:0.5195869630786554 | 0.15223411154939326 | -0.23737680857500218
0.5195869630786554 | 0.15223411154939326 | -0.23737680857500218 | 0.5138623593912051 | -0.5488991122841034:0.5294318482379552 | 0.1593767188066364 | -0.2205561242070031
0.5294318482379552 | 0.1593767188066364 | -0.2205561242070031 | 0.5138623593912051 | -0.5488991122841034:0.5388092154245712 | 0.16611206202794682 | -0.20315092278943891
0.5388092154245712 | 0.16611206202794682 | -0.20315092278943891 | 0.5138623593912051 | -0.5488991122841034:0.5476995678958474 | 0.172421345810581 | -0.18518566926010072
0.5476995678958474 | 0.172421345810581 | -0.18518566926010072 | 0.5138623593912051 | -0.5488991122841034:0.5560841648243056 | 0.17828646930480474 | -0.1666860269270335
0.5560841648243056 | 0.17828646930480474 | -0.1666860269270335 | 0.5138623593912051 | -0.5488991122841034:0.5639450580661141 | 0.1836900611879333 | -0.14767881265867988
0.5639450580661141 | 0.1836900611879333 | -0.14767881265867988 | 0.5138623593912051 | -0.5488991122841034:0.5712651274641374 | 0.18861551329312443 | -0.12819195001701722
0.5712651274641374 | 0.18861551329312443 | -0.12819195001701722 | 0.5138623593912051 | -0.5488991122841034:0.5780281146278412 | 0.19304701283779524 | -0.10825442042185962
0.5780281146278412 | 0.19304701283779524 | -0.10825442042185962 | 0.5138623593912051 | -0.5488991122841034:0.5842186551351993 | 0.19696957319914254 | -0.08789621243744183
0.5842186551351993 | 0.19696957319914254 | -0.08789621243744183 | 0.5138623593912051 | -0.5488991122841034:0.5898223091047221 | 0.20036906318693415 | -0.06714826927519701
0.5898223091047221 | 0.20036906318693415 | -0.06714826927519701 | 0.07378942897129681 | -0.07546419584096387:0.5935859540063078 | 0.2018112654124895 | -0.06456514552121262
0.5935859540063078 | 0.2018112654124895 | -0.06456514552121262 | 0.07378942897129681 | -0.07546419584096387:0.5973060205846394 | 0.20323335856948876 | -0.06194119832077738
0.5973060205846394 | 0.20323335856948876 | -0.06194119832077738 | 0.07378942897129681 | -0.07546419584096387:0.6009826139232928 | 0.20463522000181378 | -0.05927704533827827
0.6009826139232928 | 0.20463522000181378 | -0.05927704533827827 | 0.07378942897129681 | -0.07546419584096387:0.604615840263655 | 0.20601673043701485 | -0.05657329942821643
0.604615840263655 | 0.20601673043701485 | -0.05657329942821643 | 0.07378942897129681 | -0.07546419584096387:0.6082058069803082 | 0.20737777393975065 | -0.0538305686674132
0.6082058069803082 | 0.20737777393975065 | -0.0538305686674132 | 0.09851882600630679 | 0.5981315793872901:0.6096943995307527 | 0.20878405306393422 | -0.07136231069236754
0.6096943995307527 | 0.20878405306393422 | -0.07136231069236754 | 0.09851882600630679 | 0.5981315793872901:0.6106120240312478 | 0.21026713132309727 | -0.08901279102345705
0.6106120240312478 | 0.21026713132309727 | -0.08901279102345705 | 0.09851882600630679 | 0.5981315793872901:0.6109532378795706 | 0.21182812324448985 | -0.10676224774562382
0.6109532378795706 | 0.21182812324448985 | -0.10676224774562382 | 0.09851882600630679 | 0.5981315793872901:0.6107132813942826 | 0.21346802968202905 | -0.12459071688221623
0.6107132813942826 | 0.21346802968202905 | -0.12459071688221623 | 0.09851882600630679 | 0.5981315793872901:0.6098880838686895 | 0.21518773677643388 | -0.1424780566430761
0.6098880838686895 | 0.21518773677643388 | -0.1424780566430761 | 0.5144738198232373 | 0.3016397603687164:0.6108537635021136 | 0.21989701660846706 | -0.14682353471345388
0.6108537635021136 | 0.21989701660846706 | -0.14682353471345388 | 0.5144738198232373 | 0.3016397603687164:0.6117136090669035 | 0.22472395518640909 | -0.1510706237792414
0.6117136090669035 | 0.22472395518640909 | -0.1510706237792414 | 0.5144738198232373 | 0.3016397603687164:0.6124694389284642 | 0.22966616299659925 | -0.15521382290280128
0.6124694389284642 | 0.22966616299659925 | -0.15521382290280128 | 0.5144738198232373 | 0.3016397603687164:0.6131231642881261 | 0.23472108447456197 | -0.1592477316570533
0.6131231642881261 | 0.23472108447456197 | -0.1592477316570533 | 0.5144738198232373 | 0.3016397603687164:0.6136767873342777 | 0.23988600114095515 | -0.16316705646570195
0.6136767873342777 | 0.23988600114095515 | -0.16316705646570195 | -0.7012783123424287 | -0.340097988246548:0.6194210966620304 | 0.23512579794903754 | -0.16177849430356295
0.6194210966620304 | 0.23512579794903754 | -0.16177849430356295 | -0.7012783123424287 | -0.340097988246548:0.6251220229768393 | 0.23037900866623495 | -0.1601075823072824
0.6251220229768393 | 0.23037900866623495 | -0.1601075823072824 | -0.7012783123424287 | -0.340097988246548:0.6307746058155601 | 0.2256565835077815 | -0.15815489170301644
0.6307746058155601 | 0.2256565835077815 | -0.15815489170301644 | -0.7012783123424287 | -0.340097988246548:0.6363738897668867 | 0.22096946422029795 | -0.15592151036684632
0.6363738897668867 | 0.22096946422029795 | -0.15592151036684632 | -0.7012783123424287 | -0.340097988246548:0.6419149341997183 | 0.21632856408337808 | -0.15340904235885366
0.6419149341997183 | 0.21632856408337808 | -0.15340904235885366 | -0.20490757559423134 | 0.39450280205895294:0.6415297780573255 | 0.21568995460224372 | -0.1689880431381594
0.6415297780573255 | 0.21568995460224372 | -0.1689880431381594 | -0.20490757559423134 | 0.39450280205895294:0.6407942950395196 | 0.2148747699138358 | -0.18460590666863386
0.6407942950395196 | 0.2148747699138358 | -0.18460590666863386 | -0.20490757559423134 | 0.39450280205895294:0.6397071569063186 | 0.21388221539391594 | -0.20025230518714032
0.6397071569063186 | 0.21388221539391594 | -0.20025230518714032 | -0.20490757559423134 | 0.39450280205895294:0.6382672776290974 | 0.21271162257341203 | -0.2159168784207539
0.6382672776290974 | 0.21271162257341203 | -0.2159168784207539 | -0.20490757559423134 | 0.39450280205895294:0.6364738135809134 | 0.21136244926810832 | -0.23158924062163688
0.6364738135809134 | 0.21136244926810832 | -0.23158924062163688 | -0.987666494517556 | -0.2701087065202836:0.6422994622641198 | 0.2004902778081199 | -0.23407725844770866
0.6422994622641198 | 0.2004902778081199 | -0.23407725844770866 | -0.987666494517556 | -0.2701087065202836:0.6481377501962555 | 0.18945273865282886 | -0.23594085318840907
0.6481377501962555 | 0.18945273865282886 | -0.23594085318840907 | -0.987666494517556 | -0.2701087065202836:0.6539801610504057 | 0.178281768299124 | -0.23717002478023286
0.6539801610504057 | 0.178281768299124 | -0.23717002478023286 | -0.987666494517556 | -0.2701087065202836:0.6598180329181034 | 0.16700986918019467 | -0.2377565499924179
0.6598180329181034 | 0.16700986918019467 | -0.2377565499924179 | -0.987666494517556 | -0.2701087065202836:0.6656425840372435 | 0.15567001648195777 | -0.23769401505488297
0.6656425840372435 | 0.15567001648195777 | -0.23769401505488297 | 0.050591995557090375 | 0.4574578325828904:0.6625605672604706 | 0.15686726748161917 | -0.2534248779949593
0.6625605672604706 | 0.15686726748161917 | -0.2534248779949593 | 0.050591995557090375 | 0.4574578325828904:0.6590720176799181 | 0.1581007539460444 | -0.2691237208662898
0.6590720176799181 | 0.1581007539460444 | -0.2691237208662898 | 0.050591995557090375 | 0.4574578325828904:0.6551772306225914 | 0.15937054465677392 | -0.2847796245971388
0.6551772306225914 | 0.15937054465677392 | -0.2847796245971388 | 0.050591995557090375 | 0.4574578325828904:0.6508767915013394 | 0.16067667542287367 | -0.3003816826468144
0.6508767915013394 | 0.16067667542287367 | -0.3003816826468144 | 0.050591995557090375 | 0.4574578325828904:0.6461715749661394 | 0.16201914917393268 | -0.3159190086177066
0.6461715749661394 | 0.16201914917393268 | -0.3159190086177066 | 0.8606696869679649 | 0.17144589123114007:0.6457949185451923 | 0.17608525708710232 | -0.3153037105433354
0.6457949185451923 | 0.17608525708710232 | -0.3153037105433354 | 0.8606696869679649 | 0.17144589123114007:0.645396456279677 | 0.1901527272903767 | -0.31406124198659047
0.645396456279677 | 0.1901527272903767 | -0.31406124198659047 | 0.8606696869679649 | 0.17144589123114007:0.6449820643089126 | 0.20419330403060165 | -0.31219016002192923
0.6449820643089126 | 0.20419330403060165 | -0.31219016002192923 | 0.8606696869679649 | 0.17144589123114007:0.644557630245103 | 0.21817863283403405 | -0.30969036724396304
0.644557630245103 | 0.21817863283403405 | -0.30969036724396304 | 0.8606696869679649 | 0.17144589123114007:0.6441290408289859 | 0.2320803224999981 | -0.30656311671815395
0.6441290408289859 | 0.2320803224999981 | -0.30656311671815395 | 0.8606696869679649 | 0.17144589123114007:0.6437021695596741 | 0.24587000728719666 | -0.3028110139554663
0.6437021695596741 | 0.24587000728719666 | -0.3028110139554663 | 0.8606696869679649 | 0.17144589123114007:0.6432828643258688 | 0.2595194091556312 | -0.29843801590587127
0.6432828643258688 | 0.2595194091556312 | -0.29843801590587127 | 0.8606696869679649 | 0.17144589123114007:0.6428769350659138 | 0.2730003999270796 | -0.2934494269721153
0.6428769350659138 | 0.2730003999270796 | -0.2934494269721153 | 0.8606696869679649 | 0.17144589123114007:0.6424901414837692 | 0.2862850632274103 | -0.2878518920516626
0.6424901414837692 | 0.2862850632274103 | -0.2878518920516626 | 0.8606696869679649 | 0.17144589123114007:0.6421281808479904 | 0.29934575607463465 | -0.28165338662122963
0.6421281808479904 | 0.29934575607463465 | -0.28165338662122963 | 0.8606696869679649 | 0.17144589123114007:0.6417966759005296 | 0.3121551699774905 | -0.27486320388470276
0.6417966759005296 | 0.3121551699774905 | -0.27486320388470276 | 0.8606696869679649 | 0.17144589123114007:0.6415011629020029 | 0.32468639141056777 | -0.26749193901165924
0.6415011629020029 | 0.32468639141056777 | -0.26749193901165924 | 0.8606696869679649 | 0.17144589123114007:0.6412470798395944 | 0.3369129615334536 | -0.2595514704999733
0.6412470798395944 | 0.3369129615334536 | -0.2595514704999733 | 0.8606696869679649 | 0.17144589123114007:0.6410397548234883 | 0.3488089350231558 | -0.2510549387022092
0.6410397548234883 | 0.3488089350231558 | -0.2510549387022092 | 0.8606696869679649 | 0.17144589123114007:0.6408843946973235 | 0.3603489378910911 | -0.2420167215616491
0.6408843946973235 | 0.3603489378910911 | -0.2420167215616491 | 0.8606696869679649 | 0.17144589123114007:0.6407860738875755 | 0.3715082241582497 | -0.2324524076097525
0.6407860738875755 | 0.3715082241582497 | -0.2324524076097525 | 0.8606696869679649 | 0.17144589123114007:0.6407497235162509 | 0.3822627312647242 | -0.22237876628279984
0.6407497235162509 | 0.3822627312647242 | -0.22237876628279984 | 0.8606696869679649 | 0.17144589123114007:0.6407801208007982 | 0.3925891340926171 | -0.21181371562116702
0.6407801208007982 | 0.3925891340926171 | -0.21181371562116702 | 0.8606696869679649 | 0.17144589123114007:0.6408818787644321 | 0.4024648974844922 | -0.20077628742028963
0.6408818787644321 | 0.4024648974844922 | -0.20077628742028963 | 0.8606696869679649 | 0.17144589123114007:0.6410594362791215 | 0.41186832714278054 | -0.18928658990786396
0.6410594362791215 | 0.41186832714278054 | -0.18928658990786396 | -0.07092519092736049 | -0.43575850004660377:0.6468283316950902 | 0.41231984314603665 | -0.17721815544923025
0.6468283316950902 | 0.41231984314603665 | -0.17721815544923025 | -0.07092519092736049 | -0.43575850004660377:0.6523254184543532 | 0.4128011952449384 | -0.16498949902864268
0.6523254184543532 | 0.4128011952449384 | -0.16498949902864268 | -0.07092519092736049 | -0.43575850004660377:0.6575465061571464 | 0.4133132183120267 | -0.15260720474402056
0.6575465061571464 | 0.4133132183120267 | -0.15260720474402056 | -0.07092519092736049 | -0.43575850004660377:0.6624875679347895 | 0.41385671937812774 | -0.14007796151241436
0.6624875679347895 | 0.41385671937812774 | -0.14007796151241436 | -0.07092519092736049 | -0.43575850004660377:0.667144742759703 | 0.4144324772630057 | -0.12740855883219204
0.667144742759703 | 0.4144324772630057 | -0.12740855883219204 | -0.9280153721568682 | -0.022062295784075925:0.6690197369233744 | 0.4091247180251365 | -0.1461328280250136
0.6690197369233744 | 0.4091247180251365 | -0.1461328280250136 | -0.9280153721568682 | -0.022062295784075925:0.6708984135777314 | 0.40292537587089683 | -0.16463078056692915
0.6708984135777314 | 0.40292537587089683 | -0.16463078056692915 | -0.9280153721568682 | -0.022062295784075925:0.6727806889842896 | 0.39584429267921806 | -0.18285953114666498
0.6727806889842896 | 0.39584429267921806 | -0.18285953114666498 | -0.9280153721568682 | -0.022062295784075925:0.6746664285264501 | 0.3878933880727615 | -0.2007766424169155
0.6746664285264501 | 0.3878933880727615 | -0.2007766424169155 | -0.9280153721568682 | -0.022062295784075925:0.676555447295982 | 0.37908663782348384 | -0.21834022610595305
0.676555447295982 | 0.37908663782348384 | -0.21834022610595305 | -0.9280153721568682 | -0.022062295784075925:0.6784475107955927 | 0.36944004733861036 | -0.23550904302614484
0.6784475107955927 | 0.36944004733861036 | -0.23550904302614484 | -0.9280153721568682 | -0.022062295784075925:0.680342335756194 | 0.3589716202859883 | -0.2522426017405621
0.680342335756194 | 0.3589716202859883 | -0.2522426017405621 | -0.9280153721568682 | -0.022062295784075925:0.6822395910668462 | 0.34770132242910634 | -0.2685012556520565
0.6822395910668462 | 0.34770132242910634 | -0.2685012556520565 | -0.9280153721568682 | -0.022062295784075925:0.6841388988156325 | 0.3356510407536675 | -0.28424629828300496
0.6841388988156325 | 0.3356510407536675 | -0.28424629828300496 | -0.9280153721568682 | -0.022062295784075925:0.6860398354388337 | 0.32284453797852564 | -0.29944005651820227
0.6860398354388337 | 0.32284453797852564 | -0.29944005651820227 | -0.9280153721568682 | -0.022062295784075925:0.68794193297596 | 0.30930740255483613 | -0.3140459815882899
0.68794193297596 | 0.30930740255483613 | -0.3140459815882899 | -0.9280153721568682 | -0.022062295784075925:0.6898446804277825 | 0.295066994267863 | -0.3280287375764317
0.6898446804277825 | 0.295066994267863 | -0.3280287375764317 | -0.9280153721568682 | -0.022062295784075925:0.6917475252143106 | 0.2801523855663248 | -0.3413542872368929
0.6917475252143106 | 0.2801523855663248 | -0.3413542872368929 | -0.9280153721568682 | -0.022062295784075925:0.6936498747292603 | 0.2645942987541332 | -0.35398997492047357
0.6936498747292603 | 0.2645942987541332 | -0.35398997492047357 | -0.9280153721568682 | -0.022062295784075925:0.6955510979876749 | 0.24842503918920755 | -0.36590460640864464
0.6955510979876749 | 0.24842503918920755 | -0.36590460640864464 | 0.5495055841249166 | -0.7607357953544678:0.7102087868493925 | 0.25893426999849467 | -0.332940424645237
0.7102087868493925 | 0.25893426999849467 | -0.332940424645237 | 0.5495055841249166 | -0.7607357953544678:0.7236017146214238 | 0.268547499178716 | -0.299086906015269
0.7236017146214238 | 0.268547499178716 | -0.299086906015269 | 0.5495055841249166 | -0.7607357953544678:0.7356948055105903 | 0.27723832455870934 | -0.26441786521951016
0.7356948055105903 | 0.27723832455870934 | -0.26441786521951016 | 0.5495055841249166 | -0.7607357953544678:0.7464558838249076 | 0.2849824095993796 | -0.22900927298540097
0.7464558838249076 | 0.2849824095993796 | -0.22900927298540097 | 0.5495055841249166 | -0.7607357953544678:0.755855757926966 | 0.2917575464130593 | -0.19293908241589364
0.755855757926966 | 0.2917575464130593 | -0.19293908241589364 | -0.3211373442562624 | 0.20619328329806508:0.7552910799316663 | 0.2892012594896691 | -0.20579284564798783
0.7552910799316663 | 0.2892012594896691 | -0.20579284564798783 | -0.3211373442562624 | 0.20619328329806508:0.7545748497629745 | 0.2864265027203601 | -0.21861785418460045
0.7545748497629745 | 0.2864265027203601 | -0.21861785418460045 | -0.3211373442562624 | 0.20619328329806508:0.7537073974934145 | 0.28343356666690767 | -0.23140843859799176
0.7537073974934145 | 0.28343356666690767 | -0.23140843859799176 | -0.3211373442562624 | 0.20619328329806508:0.7526891178802515 | 0.28022284451232693 | -0.24415894144035732
0.7526891178802515 | 0.28022284451232693 | -0.24415894144035732 | -0.3211373442562624 | 0.20619328329806508:0.7515204701268772 | 0.2767948316917668 | -0.2568637197760708
0.7515204701268772 | 0.2767948316917668 | -0.2568637197760708 | -0.4952658078337884 | 0.05457877695831148:0.7522170748485735 | 0.27086073322631776 | -0.2661905833737812
0.7522170748485735 | 0.27086073322631776 | -0.2661905833737812 | -0.4952658078337884 | 0.05457877695831148:0.7528730493028348 | 0.2646799417761727 | -0.27538070333490694
0.7528730493028348 | 0.2646799417761727 | -0.27538070333490694 | -0.4952658078337884 | 0.05457877695831148:0.7534889102333153 | 0.25825582580368334 | -0.2844273148297951
0.7534889102333153 | 0.25825582580368334 | -0.2844273148297951 | -0.4952658078337884 | 0.05457877695831148:0.7540651929346609 | 0.251591935615771 | -0.29332374406714834
0.7540651929346609 | 0.251591935615771 | -0.29332374406714834 | -0.4952658078337884 | 0.05457877695831148:0.7546024509763214 | 0.24469200079447972 | -0.30206341315422947
0.7546024509763214 | 0.24469200079447972 | -0.30206341315422947 | -0.7402492898791708 | 0.90421400112943:0.7410969691268576 | 0.23376237378220566 | -0.34531170559148805
0.7410969691268576 | 0.23376237378220566 | -0.34531170559148805 | -0.7402492898791708 | 0.90421400112943:0.7256276472037797 | 0.22121294906765954 | -0.3875387776775163
0.7256276472037797 | 0.22121294906765954 | -0.3875387776775163 | -0.7402492898791708 | 0.90421400112943:0.7082428431812673 | 0.20708045927435492 | -0.4285940616120385
0.7082428431812673 | 0.20708045927435492 | -0.4285940616120385 | -0.7402492898791708 | 0.90421400112943:0.6889977997438166 | 0.19140734127292802 | -0.4683306425999625
0.6889977997438166 | 0.19140734127292802 | -0.4683306425999625 | -0.7402492898791708 | 0.90421400112943:0.6679544668998716 | 0.17424160080922135 | -0.5066057908729604
0.6679544668998716 | 0.17424160080922135 | -0.5066057908729604 | -0.9264213582697192 | -0.9838578356185756:0.6935902166552239 | 0.15084938985086183 | -0.4814701636202088
0.6935902166552239 | 0.15084938985086183 | -0.4814701636202088 | -0.9264213582697192 | -0.9838578356185756:0.7179338151709942 | 0.12860637582709344 | -0.45399452543119523
0.7179338151709942 | 0.12860637582709344 | -0.45399452543119523 | -0.9264213582697192 | -0.9838578356185756:0.7408714405295882 | 0.10762263613453271 | -0.4242984486582593
0.7408714405295882 | 0.10762263613453271 | -0.4242984486582593 | -0.9264213582697192 | -0.9838578356185756:0.7622954542162717 | 0.08800267309757359 | -0.3925122351938235
0.7622954542162717 | 0.08800267309757359 | -0.3925122351938235 | -0.9264213582697192 | -0.9838578356185756:0.7821049243297864 | 0.06984490782738462 | -0.3587763337117451
0.7821049243297864 | 0.06984490782738462 | -0.3587763337117451 | -0.9264213582697192 | -0.9838578356185756:0.800206118340256 | 0.05324120161181867 | -0.32324070756151
0.800206118340256 | 0.05324120161181867 | -0.32324070756151 | -0.9264213582697192 | -0.9838578356185756:0.8165129629958159 | 0.03827640716220415 | -0.2860641562196662
