0.0 | 0.0 | 0.0 | -0.6012730702503621 | -0.7985421212530555:-3.989846107916628E-4 | 3.0059125012271704E-4 | 0.009987515015292898
-3.989846107916628E-4 | 3.0059125012271704E-4 | 0.009987515015292898 | -0.6012730702503621 | -0.7985421212530555:-0.0015856169572474425 | 0.0011953360503355048 | 0.019800681568866704
-0.0015856169572474425 | 0.0011953360503355048 | 0.019800681568866704 | -0.6012730702503621 | -0.7985421212530555:-0.003541636408069122 | 0.0026715781853136056 | 0.02936782052779532
-0.003541636408069122 | 0.0026715781853136056 | 0.02936782052779532 | -0.6012730702503621 | -0.7985421212530555:-0.006245175043343135 | 0.00471391433859758 | 0.03861931159674481
-0.006245175043343135 | 0.00471391433859758 | 0.03861931159674481 | -0.6012730702503621 | -0.7985421212530555:-0.00967088904718276 | 0.007304289072191161 | 0.04748785607912237
-0.00967088904718276 | 0.007304289072191161 | 0.04748785607912237 | -0.6012730702503621 | -0.7985421212530555:-0.013790101396691148 | 0.010422098484418774 | 0.055908728127004786
-0.013790101396691148 | 0.010422098484418774 | 0.055908728127004786 | 0.9546120570095751 | 0.5592564671652309:-0.014173704430803714 | 0.008988344756566957 | 0.06582881372350274
-0.014173704430803714 | 0.008988344756566957 | 0.06582881372350274 | 0.9546120570095751 | 0.5592564671652309:-0.014007748227771663 | 0.0066381245926345755 | 0.07568421586113883
-0.014007748227771663 | 0.0066381245926345755 | 0.07568421586113883 | 0.9546120570095751 | 0.5592564671652309:-0.0132986878361053 | 0.0033801326379766516 | 0.08538727122934264
-0.0132986878361053 | 0.0033801326379766516 | 0.08538727122934264 | 0.9546120570095751 | 0.5592564671652309:-0.012056166147721994 | -7.714594727810109E-4 | 0.09485168046862569
-0.012056166147721994 | -7.714594727810109E-4 | 0.09485168046862569 | 0.9546120570095751 | 0.5592564671652309:-0.010292940153205102 | -0.005797118925358946 | 0.10399293157124134
-0.010292940153205102 | -0.005797118925358946 | 0.10399293157124134 | -0.9022703487201669 | -0.47398591234639986:-0.01384946649363078 | -0.0011955388028331848 | 0.11276151976526894
-0.01384946649363078 | -0.0011955388028331848 | 0.11276151976526894 | -0.9022703487201669 | -0.47398591234639986:-0.017804794258413303 | 0.004194584629628073 | 0.12110530363456351
-0.017804794258413303 | 0.004194584629628073 | 0.12110530363456351 | -0.9022703487201669 | -0.47398591234639986:-0.02214261361945241 | 0.01034348008870678 | 0.12895882578338824
-0.02214261361945241 | 0.01034348008870678 | 0.12895882578338824 | -0.9022703487201669 | -0.47398591234639986:-0.026844674103208732 | 0.017217624683420585 | 0.13625924180860838
-0.026844674103208732 | 0.017217624683420585 | 0.13625924180860838 | -0.9022703487201669 | -0.47398591234639986:-0.03189087500599394 | 0.024779910393928684 | 0.1429465700893986
-0.03189087500599394 | 0.024779910393928684 | 0.1429465700893986 | 0.6290928054643854 | 0.1986221990287309:-0.03220881887743468 | 0.021434074588348673 | 0.15221699293278768
-0.03220881887743468 | 0.021434074588348673 | 0.15221699293278768 | 0.6290928054643854 | 0.1986221990287309:-0.032336775034813914 | 0.0175292231475489 | 0.1613466902839653
-0.032336775034813914 | 0.0175292231475489 | 0.1613466902839653 | 0.6290928054643854 | 0.1986221990287309:-0.03227773270097867 | 0.01307392811659358 | 0.17030727440276916
-0.03227773270097867 | 0.01307392811659358 | 0.17030727440276916 | 0.6290928054643854 | 0.1986221990287309:-0.032035033120334844 | 0.008077889628105295 | 0.17907090139761417
-0.032035033120334844 | 0.008077889628105295 | 0.17907090139761417 | 0.6290928054643854 | 0.1986221990287309:-0.03161236073078866 | 0.0025519085931788865 | 0.18761031566303954
-0.03161236073078866 | 0.0025519085931788865 | 0.18761031566303954 | 0.6290928054643854 | 0.1986221990287309:-0.031013733880681182 | -0.0034921420699165484 | 0.1958988929554435
-0.031013733880681182 | -0.0034921420699165484 | 0.1958988929554435 | 0.6290928054643854 | 0.1986221990287309:-0.030243495108809804 | -0.010041347612700147 | 0.20391068205870422
-0.030243495108809804 | -0.010041347612700147 | 0.20391068205870422 | 0.6290928054643854 | 0.1986221990287309:-0.029306301006032764 | -0.017081782981245075 | 0.2116204449938044
-0.029306301006032764 | -0.017081782981245075 | 0.2116204449938044 | 0.6290928054643854 | 0.1986221990287309:-0.028207111677325702 | -0.024598545629667012 | 0.2190036957290249
-0.028207111677325702 | -0.024598545629667012 | 0.2190036957290249 | 0.6290928054643854 | 0.1986221990287309:-0.026951179823504146 | -0.03257578956212337 | 0.22603673734973828
-0.026951179823504146 | -0.03257578956212337 | 0.22603673734973828 | -0.45041601643430607 | 0.1542792867435061:-0.02604544868473324 | -0.028397551617653116 | 0.23451268428133298
-0.02604544868473324 | -0.028397551617653116 | 0.23451268428133298 | -0.45041601643430607 | 0.1542792867435061:-0.02500846873727991 | -0.023850672346614865 | 0.24283399677542095
-0.02500846873727991 | -0.023850672346614865 | 0.24283399677542095 | -0.45041601643430607 | 0.1542792867435061:-0.02384259012041756 | -0.018941701181450887 | 0.2509874354173407
-0.02384259012041756 | -0.018941701181450887 | 0.2509874354173407 | -0.45041601643430607 | 0.1542792867435061:-0.02255028273454196 | -0.013677542044679303 | 0.25896004557925334
-0.02255028273454196 | -0.013677542044679303 | 0.25896004557925334 | -0.45041601643430607 | 0.1542792867435061:-0.021134132899317426 | -0.008065443677953477 | 0.26673916649652707
-0.021134132899317426 | -0.008065443677953477 | 0.26673916649652707 | -0.45041601643430607 | 0.1542792867435061:-0.019596839953072265 | -0.0021129897960669997 | 0.2743124400165451
-0.019596839953072265 | -0.0021129897960669997 | 0.2743124400165451 | -0.45041601643430607 | 0.1542792867435061:-0.017941212796524164 | 0.0041719109251321385 | 0.2816678190171471
-0.017941212796524164 | 0.0041719109251321385 | 0.2816678190171471 | -0.45041601643430607 | 0.1542792867435061:-0.016170166383920326 | 0.010781035017947582 | 0.28879357549215623
-0.016170166383920326 | 0.010781035017947582 | 0.28879357549215623 | -0.45041601643430607 | 0.1542792867435061:-0.01428671816467475 | 0.017705854540181032 | 0.2956783083016976
-0.01428671816467475 | 0.017705854540181032 | 0.2956783083016976 | -0.45041601643430607 | 0.1542792867435061:-0.012293984478588538 | 0.0249375475316429 | 0.3023109505852597
-0.012293984478588538 | 0.0249375475316429 | 0.3023109505852597 | 0.34621512802344534 | -0.4812526929080869:-0.020022422306558596 | 0.020152769001186344 | 0.3092488298670091
-0.020022422306558596 | 0.020152769001186344 | 0.3092488298670091 | 0.34621512802344534 | -0.4812526929080869:-0.028074263526017385 | 0.01512518460321799 | 0.3158395948376489
-0.028074263526017385 | 0.01512518460321799 | 0.3158395948376489 | 0.34621512802344534 | -0.4812526929080869:-0.03643746491221689 | 0.009863382533482845 | 0.3220662578711373
-0.03643746491221689 | 0.009863382533482845 | 0.3220662578711373 | 0.34621512802344534 | -0.4812526929080869:-0.04509949584457018 | 0.004376306322368961 | 0.3279124578938539
-0.04509949584457018 | 0.004376306322368961 | 0.3279124578938539 | 0.34621512802344534 | -0.4812526929080869:-0.05404735888062495 | -0.0013267597956093669 | 0.33336247921506956
-0.05404735888062495 | -0.0013267597956093669 | 0.33336247921506956 | 0.34621512802344534 | -0.4812526929080869:-0.06326761074511977 | -0.007236205819292518 | 0.33840126940002957
-0.06326761074511977 | -0.007236205819292518 | 0.33840126940002957 | 0.34621512802344534 | -0.4812526929080869:-0.0727463837063358 | -0.013342111205431162 | 0.34301445617378334
-0.0727463837063358 | -0.013342111205431162 | 0.34301445617378334 | 0.34621512802344534 | -0.4812526929080869:-0.08246940731179864 | -0.019634260360307354 | 0.34718836334502434
-0.08246940731179864 | -0.019634260360307354 | 0.34718836334502434 | 0.34621512802344534 | -0.4812526929080869:-0.09242203045527142 | -0.026102158378315532 | 0.3509100257403599
-0.09242203045527142 | -0.026102158378315532 | 0.3509100257403599 | 0.34621512802344534 | -0.4812526929080869:-0.10258924374688294 | -0.032735047007323215 | 0.35416720314059624
-0.10258924374688294 | -0.032735047007323215 | 0.35416720314059624 | -0.7613516079964371 | -0.40553846534207927:-0.11163676992338178 | -0.01955951981537951 | 0.3590094498442813
-0.11163676992338178 | -0.01955951981537951 | 0.3590094498442813 | -0.7613516079964371 | -0.40553846534207927:-0.12087204168623944 | -0.0059794481870576455 | 0.3630716622899026
-0.12087204168623944 | -0.0059794481870576455 | 0.3630716622899026 | -0.7613516079964371 | -0.40553846534207927:-0.13027587091014392 | 0.007969305778432911 | 0.3663256597790454
-0.13027587091014392 | 0.007969305778432911 | 0.3663256597790454 | -0.7613516079964371 | -0.40553846534207927:-0.1398283708750261 | 0.022249530781121907 | 0.3687454299060704
-0.1398283708750261 | 0.022249530781121907 | 0.3687454299060704 | -0.7613516079964371 | -0.40553846534207927:-0.1495090110302555 | 0.03682276769977 | 0.37030720239991766
-0.1495090110302555 | 0.03682276769977 | 0.37030720239991766 | -0.7613516079964371 | -0.40553846534207927:-0.15929667326106411 | 0.05164941390677069 | 0.37098951694902205
-0.15929667326106411 | 0.05164941390677069 | 0.37098951694902205 | -0.7613516079964371 | -0.40553846534207927:-0.1691697095119249 | 0.0666888302482821 | 0.37077328487408145
-0.1691697095119249 | 0.0666888302482821 | 0.37077328487408145 | -0.7613516079964371 | -0.40553846534207927:-0.17910600061937876 | 0.0818994504149182 | 0.3696418445286582
-0.17910600061937876 | 0.0818994504149182 | 0.3696418445286582 | -0.7613516079964371 | -0.40553846534207927:-0.18908301620492196 | 0.09723889242449746 | 0.36758101032298107
-0.18908301620492196 | 0.09723889242449746 | 0.36758101032298107 | -0.7613516079964371 | -0.40553846534207927:-0.19907787547701705 | 0.11266407193516337 | 0.3645791152817921
-0.19907787547701705 | 0.11266407193516337 | 0.3645791152817921 | -0.7613516079964371 | -0.40553846534207927:-0.20906740879010854 | 0.12813131710465753 | 0.36062704706272974
-0.20906740879010854 | 0.12813131710465753 | 0.36062704706272974 | -0.7613516079964371 | -0.40553846534207927:-0.21902821980768783 | 0.14359648470965214 | 0.35571827737736683
-0.21902821980768783 | 0.14359648470965214 | 0.35571827737736683 | -0.7613516079964371 | -0.40553846534207927:-0.2289367481159439 | 0.15901507723782504 | 0.34984888477266907
-0.2289367481159439 | 0.15901507723782504 | 0.34984888477266907 | -0.7613516079964371 | -0.40553846534207927:-0.2387693321344031 | 0.17434236066478467 | 0.34301757074635475
-0.2387693321344031 | 0.17434236066478467 | 0.34301757074635475 | -0.7613516079964371 | -0.40553846534207927:-0.24850227217015597 | 0.18953348262802905 | 0.33522566918520624
-0.24850227217015597 | 0.18953348262802905 | 0.33522566918520624 | -0.7613516079964371 | -0.40553846534207927:-0.2581118934628073 | 0.20454359071083708 | 0.32647714913092685
-0.2581118934628073 | 0.20454359071083708 | 0.32647714913092685 | -0.7613516079964371 | -0.40553846534207927:-0.267574609068153 | 0.21932795055034104 | 0.3167786108935555
-0.267574609068153 | 0.21932795055034104 | 0.3167786108935555 | -0.7613516079964371 | -0.40553846534207927:-0.276866982429814 | 0.23384206348601178 | 0.30613927554774634
-0.276866982429814 | 0.23384206348601178 | 0.30613927554774634 | -0.7613516079964371 | -0.40553846534207927:-0.2859657894895813 | 0.24804178346738237 | 0.294570967862251
-0.2859657894895813 | 0.24804178346738237 | 0.294570967862251 | -0.7613516079964371 | -0.40553846534207927:-0.29484808018908826 | 0.26188343294304905 | 0.28208809272791413
-0.29484808018908826 | 0.26188343294304905 | 0.28208809272791413 | -0.7613516079964371 | -0.40553846534207927:-0.3034912392175997 | 0.2753239174567903 | 0.26870760516406733
-0.3034912392175997 | 0.2753239174567903 | 0.26870760516406733 | -0.7613516079964371 | -0.40553846534207927:-0.31187304586320774 | 0.28832083868103964 | 0.254448973997615
-0.31187304586320774 | 0.28832083868103964 | 0.254448973997615 | -0.7613516079964371 | -0.40553846534207927:-0.3199717328274856 | 0.30083260562291003 | 0.23933413932316938
-0.3199717328274856 | 0.30083260562291003 | 0.23933413932316938 | -0.7613516079964371 | -0.40553846534207927:-0.3277660438667471 | 0.31281854374348805 | 0.2233874638663984
-0.3277660438667471 | 0.31281854374348805 | 0.2233874638663984 | -0.7613516079964371 | -0.40553846534207927:-0.33523529012643305 | 0.3242390017371868 | 0.20663567838600372
-0.33523529012643305 | 0.3242390017371868 | 0.20663567838600372 | -0.396232972838064 | 0.7276597570333971:-0.3308796097526523 | 0.3314214688628452 | 0.214271749231699
-0.3308796097526523 | 0.3314214688628452 | 0.214271749231699 | -0.396232972838064 | 0.7276597570333971:-0.32614960903701196 | 0.33876163543365534 | 0.22163007931913015
-0.32614960903701196 | 0.33876163543365534 | 0.22163007931913015 | -0.396232972838064 | 0.7276597570333971:-0.3210558110479269 | 0.3462544658843272 | 0.22868992669134158
-0.3210558110479269 | 0.3462544658843272 | 0.22868992669134158 | -0.396232972838064 | 0.7276597570333971:-0.3156096350486175 | 0.353894426458766 | 0.23543108812020108
-0.3156096350486175 | 0.353894426458766 | 0.23543108812020108 | -0.396232972838064 | 0.7276597570333971:-0.30982337288029527 | 0.3616754976345682 | 0.2418339479086562
-0.30982337288029527 | 0.3616754976345682 | 0.2418339479086562 | -0.654045770083665 | 0.5481503263563576:-0.30605383152076726 | 0.37261119875952264 | 0.24036163413340006
-0.30605383152076726 | 0.37261119875952264 | 0.24036163413340006 | -0.654045770083665 | 0.5481503263563576:-0.30225488287034885 | 0.3835262652054281 | 0.23837482233981788
-0.30225488287034885 | 0.3835262652054281 | 0.23837482233981788 | -0.654045770083665 | 0.5481503263563576:-0.2984429748571511 | 0.3944017506019559 | 0.23587117478364306
-0.2984429748571511 | 0.3944017506019559 | 0.23587117478364306 | -0.654045770083665 | 0.5481503263563576:-0.29463464239745285 | 0.4052185781821871 | 0.23284958820062585
-0.29463464239745285 | 0.4052185781821871 | 0.23284958820062585 | -0.654045770083665 | 0.5481503263563576:-0.290846468496726 | 0.4159575871459893 | 0.22931020088376286
-0.290846468496726 | 0.4159575871459893 | 0.22931020088376286 | 0.0075524883306115065 | 0.26805515717626927:-0.29003391695348846 | 0.41917916300665947 | 0.23520090474273303
-0.29003391695348846 | 0.41917916300665947 | 0.23520090474273303 | 0.0075524883306115065 | 0.26805515717626927:-0.28909473391686547 | 0.4223647379973592 | 0.24109428550198686
-0.28909473391686547 | 0.4223647379973592 | 0.24109428550198686 | 0.0075524883306115065 | 0.26805515717626927:-0.2880292059714318 | 0.42551464405865413 | 0.24698785617892938
-0.2880292059714318 | 0.42551464405865413 | 0.24698785617892938 | 0.0075524883306115065 | 0.26805515717626927:-0.2868376601634637 | 0.4286292110308212 | 0.25287914605935313
-0.2868376601634637 | 0.4286292110308212 | 0.25287914605935313 | 0.0075524883306115065 | 0.26805515717626927:-0.2855204635468187 | 0.4317087666735837 | 0.25876570120943754
-0.2855204635468187 | 0.4317087666735837 | 0.25876570120943754 | -0.4091285879952191 | 0.9014385825171776:-0.2759665186042355 | 0.440092705833262 | 0.26440302473995914
-0.2759665186042355 | 0.440092705833262 | 0.26440302473995914 | -0.4091285879952191 | 0.9014385825171776:-0.2660717710902709 | 0.44859643471260746 | 0.26943485300501635
-0.2660717710902709 | 0.44859643471260746 | 0.26943485300501635 | -0.4091285879952191 | 0.9014385825171776:-0.2558649642599402 | 0.45720754395446406 | 0.27383931051836186
-0.2558649642599402 | 0.45720754395446406 | 0.27383931051836186 | -0.4091285879952191 | 0.9014385825171776:-0.24537598972373864 | 0.46591308184344626 | 0.2775961962737945
-0.24537598972373864 | 0.46591308184344626 | 0.2775961962737945 | -0.4091285879952191 | 0.9014385825171776:-0.23463580360480485 | 0.4746995916716248 | 0.28068705445983255
-0.23463580360480485 | 0.4746995916716248 | 0.28068705445983255 | -0.4091285879952191 | 0.9014385825171776:-0.2236763392637915 | 0.48355315071357907 | 0.28309524007347875
-0.2236763392637915 | 0.48355315071357907 | 0.28309524007347875 | -0.4091285879952191 | 0.9014385825171776:-0.21253041685150365 | 0.4924594106947655 | 0.28480597923731565
-0.21253041685150365 | 0.4924594106947655 | 0.28480597923731565 | -0.4091285879952191 | 0.9014385825171776:-0.2012316499580944 | 0.5014036396330948 | 0.28580642403998624
-0.2012316499580944 | 0.5014036396330948 | 0.28580642403998624 | -0.4091285879952191 | 0.9014385825171776:-0.1898143496357232 | 0.5103707649297213 | 0.28608570173643955
-0.1898143496357232 | 0.5103707649297213 | 0.28608570173643955 | -0.4091285879952191 | 0.9014385825171776:-0.17831342607867207 | 0.5193454175816878 | 0.2856349581610651
-0.17831342607867207 | 0.5193454175816878 | 0.2856349581610651 | -0.4709061491537916 | 0.4174991358403133:-0.1736316557484301 | 0.5291639773425647 | 0.2786964785212369
-0.1736316557484301 | 0.5291639773425647 | 0.2786964785212369 | -0.4709061491537916 | 0.4174991358403133:-0.1690560138514634 | 0.5388229412861598 | 0.27136121681455094
-0.1690560138514634 | 0.5388229412861598 | 0.27136121681455094 | -0.4709061491537916 | 0.4174991358403133:-0.16459661125586855 | 0.548311281821638 | 0.26363501938730494
-0.16459661125586855 | 0.548311281821638 | 0.26363501938730494 | -0.4709061491537916 | 0.4174991358403133:-0.16026341527422439 | 0.5576181223317249 | 0.25552428394066595
-0.16026341527422439 | 0.5576181223317249 | 0.25552428394066595 | -0.4709061491537916 | 0.4174991358403133:-0.15606623668315223 | 0.5667327519551844 | 0.24703595130295852
-0.15606623668315223 | 0.5667327519551844 | 0.24703595130295852 | 0.7827262437943827 | 0.24829406889586325:-0.15358237601575553 | 0.5597965972086953 | 0.27247746559448416
-0.15358237601575553 | 0.5597965972086953 | 0.27247746559448416 | 0.7827262437943827 | 0.24829406889586325:-0.15075730089974115 | 0.5517766453189843 | 0.29771184860160105
-0.15075730089974115 | 0.5517766453189843 | 0.29771184860160105 | 0.7827262437943827 | 0.24829406889586325:-0.1475930416932698 | 0.5426783252118845 | 0.32268738805424846
-0.1475930416932698 | 0.5426783252118845 | 0.32268738805424846 | 0.7827262437943827 | 0.24829406889586325:-0.14409234459609443 | 0.53250932600222 | 0.3473525605514176
-0.14409234459609443 | 0.53250932600222 | 0.3473525605514176 | 0.7827262437943827 | 0.24829406889586325:-0.14025866839403456 | 0.5212795888560677 | 0.37165613999891534
-0.14025866839403456 | 0.5212795888560677 | 0.37165613999891534 | 0.4067970663888152 | 0.7907585578853948:-0.12569982405591418 | 0.5163135022552368 | 0.3894638367321974
-0.12569982405591418 | 0.5163135022552368 | 0.3894638367321974 | 0.4067970663888152 | 0.7907585578853948:-0.11036366497342165 | 0.5109176843489962 | 0.4066352355636056
-0.11036366497342165 | 0.5109176843489962 | 0.4066352355636056 | 0.4067970663888152 | 0.7907585578853948:-0.0942750455230339 | 0.5051047033663565 | 0.42312601323077814
-0.0942750455230339 | 0.5051047033663565 | 0.42312601323077814 | 0.4067970663888152 | 0.7907585578853948:-0.07746077088766512 | 0.49888814172763674 | 0.4388931304296726
-0.07746077088766512 | 0.49888814172763674 | 0.4388931304296726 | 0.4067970663888152 | 0.7907585578853948:-0.05994954132946262 | 0.49228256849772123 | 0.4538949395121179
-0.05994954132946262 | 0.49228256849772123 | 0.4538949395121179 | 0.21828030013382693 | 0.3843461184918673:-0.05136281794138142 | 0.4896750270037096 | 0.46255169547148967
-0.05136281794138142 | 0.4896750270037096 | 0.46255169547148967 | 0.21828030013382693 | 0.3843461184918673:-0.04256617146413966 | 0.48692502295702056 | 0.4710203013004701
-0.04256617146413966 | 0.48692502295702056 | 0.4710203013004701 | 0.21828030013382693 | 0.3843461184918673:-0.03356362019593284 | 0.48403502233766105 | 0.479293748780659
-0.03356362019593284 | 0.48403502233766105 | 0.479293748780659 | 0.21828030013382693 | 0.3843461184918673:-0.024359340232411597 | 0.48100757923736026 | 0.48736516126681906
-0.024359340232411597 | 0.48100757923736026 | 0.48736516126681906 | 0.21828030013382693 | 0.3843461184918673:-0.014957662150457907 | 0.4778453340218718 | 0.49522779797613126
-0.014957662150457907 | 0.4778453340218718 | 0.49522779797613126 | 0.21828030013382693 | 0.3843461184918673:-0.005363067611920513 | 0.4745510114470015 | 0.5028750581708508
-0.005363067611920513 | 0.4745510114470015 | 0.5028750581708508 | 0.21828030013382693 | 0.3843461184918673:0.004419814110217857 | 0.47112741872978603 | 0.5103004852326727
0.004419814110217857 | 0.47112741872978603 | 0.5103004852326727 | 0.21828030013382693 | 0.3843461184918673:0.014386209680703033 | 0.46757744357620723 | 0.5174977706271022
0.014386209680703033 | 0.46757744357620723 | 0.5174977706271022 | 0.21828030013382693 | 0.3843461184918673:0.024531205323473415 | 0.4639040521669173 | 0.5244607577561524
0.024531205323473415 | 0.4639040521669173 | 0.5244607577561524 | 0.21828030013382693 | 0.3843461184918673:0.03484975051307515 | 0.4601102871023315 | 0.531183445697927
0.03484975051307515 | 0.4601102871023315 | 0.531183445697927 | 0.21828030013382693 | 0.3843461184918673:0.04533666173356643 | 0.456199265308598 | 0.5376599928315215
0.04533666173356643 | 0.456199265308598 | 0.5376599928315215 | 0.21828030013382693 | 0.3843461184918673:0.05598662630226414 | 0.45217417590590614 | 0.5438847203458224
0.05598662630226414 | 0.45217417590590614 | 0.5438847203458224 | 0.21828030013382693 | 0.3843461184918673:0.06679420625578736 | 0.44803827804053853 | 0.5498521156309906
0.06679420625578736 | 0.44803827804053853 | 0.5498521156309906 | 0.21828030013382693 | 0.3843461184918673:0.07775384229575977 | 0.44379489868222066 | 0.555556835551215
0.07775384229575977 | 0.44379489868222066 | 0.555556835551215 | 0.21828030013382693 | 0.3843461184918673:0.08885985779153671 | 0.43944743038818856 | 0.5609937095976392
0.08885985779153671 | 0.43944743038818856 | 0.5609937095976392 | 0.21828030013382693 | 0.3843461184918673:0.10010646283736513 | 0.43499932903553784 | 0.5661577429203106
0.10010646283736513 | 0.43499932903553784 | 0.5661577429203106 | 0.21828030013382693 | 0.3843461184918673:0.11148775836126568 | 0.4304541115232787 | 0.5710441192381452
0.11148775836126568 | 0.4304541115232787 | 0.5710441192381452 | 0.21828030013382693 | 0.3843461184918673:0.12299774028303467 | 0.4258153534456497 | 0.5756482036258319
0.12299774028303467 | 0.4258153534456497 | 0.5756482036258319 | 0.21828030013382693 | 0.3843461184918673:0.1346303037186498 | 0.421086686738235 | 0.5799655451769041
0.1346303037186498 | 0.421086686738235 | 0.5799655451769041 | 0.21828030013382693 | 0.3843461184918673:0.14637924722844886 | 0.4162717972982932 | 0.5839918795420473
0.14637924722844886 | 0.4162717972982932 | 0.5839918795420473 | -0.13139395919882624 | -0.39618930028496857:0.13533092118453993 | 0.4216378719236218 | 0.5861687416954453
0.13533092118453993 | 0.4216378719236218 | 0.5861687416954453 | -0.13139395919882624 | -0.39618930028496857:0.12419556647549257 | 0.427016625154252 | 0.5880688668081007
0.12419556647549257 | 0.427016625154252 | 0.5880688668081007 | -0.13139395919882624 | -0.39618930028496857:0.11297959475033892 | 0.4324061095615974 | 0.589689826984042
0.11297959475033892 | 0.4324061095615974 | 0.589689826984042 | -0.13139395919882624 | -0.39618930028496857:0.10168946828463099 | 0.4378043586730769 | 0.5910293603192116
0.10168946828463099 | 0.4378043586730769 | 0.5910293603192116 | -0.13139395919882624 | -0.39618930028496857:0.09033169613508463 | 0.4432093882614083 | 0.5920853718307342
0.09033169613508463 | 0.4432093882614083 | 0.5920853718307342 | -0.13139395919882624 | -0.39618930028496857:0.07891283028552287 | 0.44861919763695113 | 0.5928559342910518
0.07891283028552287 | 0.44861919763695113 | 0.5928559342910518 | -0.13139395919882624 | -0.39618930028496857:0.0674394617860763 | 0.4540317709423647 | 0.5933392889670017
0.0674394617860763 | 0.4540317709423647 | 0.5933392889670017 | -0.13139395919882624 | -0.39618930028496857:0.055918216887690164 | 0.45944507844905047 | 0.5935338462640729
0.055918216887690164 | 0.45944507844905047 | 0.5935338462640729 | -0.13139395919882624 | -0.39618930028496857:0.04435575317385165 | 0.46485707785458885 | 0.5934381862759466
0.04435575317385165 | 0.46485707785458885 | 0.5934381862759466 | -0.13139395919882624 | -0.39618930028496857:0.0327587556915514 | 0.4702657155806307 | 0.5930510592396985
0.0327587556915514 | 0.4702657155806307 | 0.5930510592396985 | -0.6220166485756258 | 0.7420640083324697:0.054355544207078665 | 0.4900427776300518 | 0.5783727016338673
0.054355544207078665 | 0.4900427776300518 | 0.5783727016338673 | -0.6220166485756258 | 0.7420640083324697:0.07543450924801753 | 0.5093942533783604 | 0.562220812451713
0.07543450924801753 | 0.5093942533783604 | 0.562220812451713 | -0.6220166485756258 | 0.7420640083324697:0.09593837931710425 | 0.5282717943718964 | 0.5446267922490691
0.09593837931710425 | 0.5282717943718964 | 0.5446267922490691 | -0.6220166485756258 | 0.7420640083324697:0.11581108140721064 | 0.5466279956719475 | 0.5256258745334108
0.11581108140721064 | 0.5466279956719475 | 0.5256258745334108 | -0.6220166485756258 | 0.7420640083324697:0.1349978908313414 | 0.5644165226538149 | 0.5052570487555883
0.1349978908313414 | 0.5644165226538149 | 0.5052570487555883 | -0.6220166485756258 | 0.7420640083324697:0.15344557788219504 | 0.5815922353041287 | 0.48356297327779885
0.15344557788219504 | 0.5815922353041287 | 0.48356297327779885 | -0.6220166485756258 | 0.7420640083324697:0.1711025509328188 | 0.5981113096874751 | 0.4605898785356217
0.1711025509328188 | 0.5981113096874751 | 0.4605898785356217 | -0.6220166485756258 | 0.7420640083324697:0.18791899559930947 | 0.6139313562608564 | 0.4363874606375546
0.18791899559930947 | 0.6139313562608564 | 0.4363874606375546 | -0.6220166485756258 | 0.7420640083324697:0.20384700959685986 | 0.6290115347226504 | 0.4110087656703314
0.20384700959685986 | 0.6290115347226504 | 0.4110087656703314 | -0.6220166485756258 | 0.7420640083324697:0.2188407329316835 | 0.6433126650920329 | 0.38451006500277884
0.2188407329316835 | 0.6433126650920329 | 0.38451006500277884 | -0.6220166485756258 | 0.7420640083324697:0.23285647308363266 | 0.6567973347245228 | 0.35695072190418387
0.23285647308363266 | 0.6567973347245228 | 0.35695072190418387 | -0.6220166485756258 | 0.7420640083324697:0.24585282484732396 | 0.6694300009799861 | 0.3283930498158725
0.24585282484732396 | 0.6694300009799861 | 0.3283930498158725 | -0.6220166485756258 | 0.7420640083324697:0.25779078451357407 | 0.6811770892707685 | 0.29890216263641634
0.25779078451357407 | 0.6811770892707685 | 0.29890216263641634 | -0.6220166485756258 | 0.7420640083324697:0.2686338580876573 | 0.6920070862296797 | 0.26854581740156647
0.2686338580876573 | 0.6920070862296797 | 0.26854581740156647 | -0.6220166485756258 | 0.7420640083324697:0.2783481632564051 | 0.7018906277501316 | 0.23739424975978807
0.2783481632564051 | 0.7018906277501316 | 0.23739424975978807 | -0.441667107481414 | -0.3045765798799762:0.2756619102914879 | 0.7088237434823412 | 0.22664599937827745
0.2756619102914879 | 0.7088237434823412 | 0.22664599937827745 | -0.441667107481414 | -0.3045765798799762:0.27312625711151206 | 0.7155117757143827 | 0.21567167954155053
0.27312625711151206 | 0.7155117757143827 | 0.21567167954155053 | -0.441667107481414 | -0.3045765798799762:0.2707452441208922 | 0.7219490682882963 | 0.2044793444393207
0.2707452441208922 | 0.7219490682882963 | 0.2044793444393207 | -0.441667107481414 | -0.3045765798799762:0.2685227753825945 | 0.7281301575536574 | 0.1930772553503317
0.2685227753825945 | 0.7281301575536574 | 0.1930772553503317 | -0.441667107481414 | -0.3045765798799762:0.2664626153097256 | 0.7340497772728369 | 0.18147387353573663
0.2664626153097256 | 0.7340497772728369 | 0.18147387353573663 | 0.053915922175522324 | 0.2420237524521478:0.269327467704084 | 0.7353720511329556 | 0.1806598792870986
0.269327467704084 | 0.7353720511329556 | 0.1806598792870986 | 0.053915922175522324 | 0.2420237524521478:0.27218100884409857 | 0.7366771769872784 | 0.17980723541846544
0.27218100884409857 | 0.7366771769872784 | 0.17980723541846544 | 0.053915922175522324 | 0.2420237524521478:0.2750226925635282 | 0.7379654728424185 | 0.17891607612775573
0.2750226925635282 | 0.7379654728424185 | 0.17891607612775573 | 0.053915922175522324 | 0.2420237524521478:0.27785197565651565 | 0.7392372540954852 | 0.1779865441737698
0.27785197565651565 | 0.7392372540954852 | 0.1779865441737698 | 0.053915922175522324 | 0.2420237524521478:0.2806683179810925 | 0.740492833530503 | 0.17701879080019012
0.2806683179810925 | 0.740492833530503 | 0.17701879080019012 | 0.053915922175522324 | 0.2420237524521478:0.28347118256136916 | 0.741732521315015 | 0.1760129756586153
0.28347118256136916 | 0.741732521315015 | 0.1760129756586153 | 0.053915922175522324 | 0.2420237524521478:0.286260035688386 | 0.7429566249967081 | 0.17496926673079116
0.286260035688386 | 0.7429566249967081 | 0.17496926673079116 | 0.053915922175522324 | 0.2420237524521478:0.289034347019661 | 0.7441654495001657 | 0.17388784024993953
0.289034347019661 | 0.7441654495001657 | 0.17388784024993953 | 0.053915922175522324 | 0.2420237524521478:0.2917935896773942 | 0.7453592971237413 | 0.17276888062134788
0.2917935896773942 | 0.7453592971237413 | 0.17276888062134788 | 0.053915922175522324 | 0.2420237524521478:0.2945372403453579 | 0.7465384675364817 | 0.1716125803420212
0.2945372403453579 | 0.7465384675364817 | 0.1716125803420212 | 0.053915922175522324 | 0.2420237524521478:0.2972647793644594 | 0.7477032577752567 | 0.17041913991967306
0.2972647793644594 | 0.7477032577752567 | 0.17041913991967306 | 0.053915922175522324 | 0.2420237524521478:0.29997569082695996 | 0.7488539622418955 | 0.1691887677908568
0.29997569082695996 | 0.7488539622418955 | 0.1691887677908568 | 0.053915922175522324 | 0.2420237524521478:0.3026694626693782 | 0.7499908727004936 | 0.16792168023831522
0.3026694626693782 | 0.7499908727004936 | 0.16792168023831522 | 0.053915922175522324 | 0.2420237524521478:0.3053455867640542 | 0.7511142782748337 | 0.16661810130767662
0.3053455867640542 | 0.7511142782748337 | 0.16661810130767662 | 0.053915922175522324 | 0.2420237524521478:0.3080035590093786 | 0.7522244654458845 | 0.16527826272334778
0.3080035590093786 | 0.7522244654458845 | 0.16527826272334778 | 0.07083037265133307 | 0.19609820763781594:0.3102719414284598 | 0.7531796637373134 | 0.1652523037235767
0.3102719414284598 | 0.7531796637373134 | 0.1652523037235767 | 0.07083037265133307 | 0.19609820763781594:0.312536941554006 | 0.7541182971762908 | 0.16520331785955022
0.312536941554006 | 0.7541182971762908 | 0.16520331785955022 | 0.07083037265133307 | 0.19609820763781594:0.31479832281701015 | 0.7550406286484588 | 0.16513129405533533
0.31479832281701015 | 0.7550406286484588 | 0.16513129405533533 | 0.07083037265133307 | 0.19609820763781594:0.3170558487987991 | 0.7559469192174006 | 0.16503622508985671
0.3170558487987991 | 0.7559469192174006 | 0.16503622508985671 | 0.07083037265133307 | 0.19609820763781594:0.31930928327216446 | 0.7568374281275112 | 0.1649181075738042
0.31930928327216446 | 0.7568374281275112 | 0.1649181075738042 | 0.07083037265133307 | 0.19609820763781594:0.321558390242076 | 0.7577124128067965 | 0.16477694192641223
0.321558390242076 | 0.7577124128067965 | 0.16477694192641223 | 0.07083037265133307 | 0.19609820763781594:0.3238029339860016 | 0.7585721288696732 | 0.1646127323519906
0.3238029339860016 | 0.7585721288696732 | 0.1646127323519906 | 0.07083037265133307 | 0.19609820763781594:0.32604267909381646 | 0.7594168301197328 | 0.1644254868162065
0.32604267909381646 | 0.7594168301197328 | 0.1644254868162065 | 0.07083037265133307 | 0.19609820763781594:0.3282773905073131 | 0.760246768552463 | 0.16421521702223885
0.3282773905073131 | 0.760246768552463 | 0.16421521702223885 | 0.07083037265133307 | 0.19609820763781594:0.330506833559312 | 0.7610621943579758 | 0.1639819383866623
0.330506833559312 | 0.7610621943579758 | 0.1639819383866623 | -0.6351119477081402 | 0.5275625972080547:0.33468655318712237 | 0.767281501305817 | 0.13120840280125634
0.33468655318712237 | 0.767281501305817 | 0.13120840280125634 | -0.6351119477081402 | 0.5275625972080547:0.33799441544266706 | 0.7724499485388066 | 0.09809277226493407
0.33799441544266706 | 0.7724499485388066 | 0.09809277226493407 | -0.6351119477081402 | 0.5275625972080547:0.3404209760890353 | 0.7765553186933971 | 0.0646926202235889
0.3404209760890353 | 0.7765553186933971 | 0.0646926202235889 | -0.6351119477081402 | 0.5275625972080547:0.3419583647109996 | 0.7795872776692789 | 0.031066199089430313
0.3419583647109996 | 0.7795872776692789 | 0.031066199089430313 | -0.6351119477081402 | 0.5275625972080547:0.34260030238697103 | 0.7815373975866038 | -0.002727665263982715
0.34260030238697103 | 0.7815373975866038 | -0.002727665263982715 | -0.6351119477081402 | 0.5275625972080547:0.3423421164376077 | 0.7823991762424498 | -0.03662968019551727
0.3423421164376077 | 0.7823991762424498 | -0.03662968019551727 | -0.6351119477081402 | 0.5275625972080547:0.3411807522228294 | 0.7821680530297073 | -0.07058019398134974
0.3411807522228294 | 0.7821680530297073 | -0.07058019398134974 | -0.6351119477081402 | 0.5275625972080547:0.3391147819644516 | 0.7808414212874766 | -0.10451930429179157
0.3391147819644516 | 0.7808414212874766 | -0.10451930429179157 | -0.6351119477081402 | 0.5275625972080547:0.3361444105771764 | 0.778418637059346 | -0.1383869672593505
0.3361444105771764 | 0.778418637059346 | -0.1383869672593505 | -0.6351119477081402 | 0.5275625972080547:0.33227147849620475 | 0.7749010242419558 | -0.17212310693643929
0.33227147849620475 | 0.7749010242419558 | -0.17212310693643929 | 0.1933253722713364 | -0.9238888454269092:0.34006936512289776 | 0.7777871981771511 | -0.14934719958740317
0.34006936512289776 | 0.7777871981771511 | -0.14934719958740317 | 0.1933253722713364 | -0.9238888454269092:0.34681035536988736 | 0.7804427510015586 | -0.1261688204719107
0.34681035536988736 | 0.7804427510015586 | -0.1261688204719107 | 0.1933253722713364 | -0.9238888454269092:0.3524752282838959 | 0.7828635253893736 | -0.10263978986847633
0.3524752282838959 | 0.7828635253893736 | -0.10263978986847633 | 0.1933253722713364 | -0.9238888454269092:0.35704721442078435 | 0.7850458711534571 | -0.07881288231251204
