0.0 | 0.0 | 0.0 | -0.31840621984436934 | -0.8247968308127482:-4.122292827570892E-4 | 1.591963848355249E-4 | 0.00999023140520243
-4.122292827570892E-4 | 1.591963848355249E-4 | 0.00999023140520243 | -0.31840621984436934 | -0.8247968308127482:-0.001638965779776026 | 6.332519950424942E-4 | 0.019822279966832727
-0.001638965779776026 | 6.332519950424942E-4 | 0.019822279966832727 | -0.31840621984436934 | -0.8247968308127482:-0.0036630572564305803 | 0.0014159993195203002 | 0.029440216685059053
-0.0036630572564305803 | 0.0014159993195203002 | 0.029440216685059053 | -0.31840621984436934 | -0.8247968308127482:-0.006464458441347678 | 0.002500142081707235 | 0.038789618386257246
-0.006464458441347678 | 0.002500142081707235 | 0.038789618386257246 | -0.31840621984436934 | -0.8247968308127482:-0.010020329389390481 | 0.00387729195684261 | 0.04781772490211146
-0.010020329389390481 | 0.00387729195684261 | 0.04781772490211146 | -0.31840621984436934 | -0.8247968308127482:-0.014305140723592066 | 0.005538007996818806 | 0.0564735896719403
-0.014305140723592066 | 0.005538007996818806 | 0.0564735896719403 | -0.21442882207667346 | 0.8419251962562815:-0.01383594882814862 | 0.007131480796959355 | 0.06612734273101986
-0.01383594882814862 | 0.007131480796959355 | 0.06612734273101986 | -0.21442882207667346 | 0.8419251962562815:-0.012559441464593882 | 0.008915693145604808 | 0.075704379561993
-0.012559441464593882 | 0.008915693145604808 | 0.075704379561993 | -0.21442882207667346 | 0.8419251962562815:-0.010485345013399122 | 0.010888606447613913 | 0.08515140792955095
-0.010485345013399122 | 0.010888606447613913 | 0.08515140792955095 | -0.21442882207667346 | 0.8419251962562815:-0.007626279094988683 | 0.013047438869916328 | 0.09441605682151222
-0.007626279094988683 | 0.013047438869916328 | 0.09441605682151222 | -0.21442882207667346 | 0.8419251962562815:-0.003997689325468193 | 0.015388681658574987 | 0.10344702981952247
-0.003997689325468193 | 0.015388681658574987 | 0.10344702981952247 | 0.8141366347203594 | 0.7599507715970915:-4.828746294417707E-5 | 0.012121309200781472 | 0.11296667166266505
-4.828746294417707E-5 | 0.012121309200781472 | 0.11296667166266505 | 0.8141366347203594 | 0.7599507715970915:0.0045905756780005025 | 0.008100239730162717 | 0.12212457794595555
0.0045905756780005025 | 0.008100239730162717 | 0.12212457794595555 | 0.8141366347203594 | 0.7599507715970915:0.009896933755166482 | 0.0033473929605399855 | 0.13083771370782082
0.009896933755166482 | 0.0033473929605399855 | 0.13083771370782082 | 0.8141366347203594 | 0.7599507715970915:0.01584479356353178 | -0.002110943649205388 | 0.13902571898588523
0.01584479356353178 | -0.002110943649205388 | 0.13902571898588523 | 0.8141366347203594 | 0.7599507715970915:0.0224042885103024 | -0.008244271322734975 | 0.14661130111559162
0.0224042885103024 | -0.008244271322734975 | 0.14661130111559162 | -0.10419753514553642 | -0.8307257376305839:0.0 | 0.0 | 0.0
0.0 | 0.0 | 0.0 | -0.10419753514553642 | -0.8307257376305839:0.017229388679302633 | -0.007909115852846926 | 0.15590841720895754
0.017229388679302633 | -0.007909115852846926 | 0.15590841720895754 | -0.10419753514553642 | -0.8307257376305839:0.011315280742640751 | -0.007477639771822142 | 0.164929513655248
0.011315280742640751 | -0.007477639771822142 | 0.164929513655248 | -0.10419753514553642 | -0.8307257376305839:0.004680083740593795 | -0.0069520262509849 | 0.17362924144970626
0.004680083740593795 | -0.0069520262509849 | 0.17362924144970626 | -0.10419753514553642 | -0.8307257376305839:-0.002655689870257768 | -0.006334761487545193 | 0.18196346194614943
-0.002655689870257768 | -0.006334761487545193 | 0.18196346194614943 | -0.10419753514553642 | -0.8307257376305839:-0.01066920906038963 | -0.005628625627249306 | 0.18988936432354686
-0.01066920906038963 | -0.005628625627249306 | 0.18988936432354686 | -0.10419753514553642 | -0.8307257376305839:-0.01933540435957096 | -0.0048366830122896776 | 0.19736557866638504
-0.01933540435957096 | -0.0048366830122896776 | 0.19736557866638504 | -0.10419753514553642 | -0.8307257376305839:-0.028627053039560493 | -0.003962271783780835 | 0.20435228443181952
-0.028627053039560493 | -0.003962271783780835 | 0.20435228443181952 | -0.10419753514553642 | -0.8307257376305839:-0.038514869099873505 | -0.003008992869269589 | 0.21081131408912235
-0.038514869099873505 | -0.003008992869269589 | 0.21081131408912235 | -0.10419753514553642 | -0.8307257376305839:-0.04896759780087867 | -0.001980698386827684 | 0.21670625172974356
-0.04896759780087867 | -0.001980698386827684 | 0.21670625172974356 | 0.8663863200477464 | -0.6288937238167964:-0.05769909226419312 | -0.011761292830054892 | 0.2222895443650983
-0.05769909226419312 | -0.011761292830054892 | 0.2222895443650983 | 0.8663863200477464 | -0.6288937238167964:-0.06680112345233757 | -0.022092507155156538 | 0.22700334018909807
-0.06680112345233757 | -0.022092507155156538 | 0.22700334018909807 | 0.8663863200477464 | -0.6288937238167964:-0.07623769828818461 | -0.03292567943722158 | 0.23079501958060344
-0.07623769828818461 | -0.03292567943722158 | 0.23079501958060344 | 0.8663863200477464 | -0.6288937238167964:-0.08597077877923376 | -0.0442092412371744 | 0.23361617681572655
-0.08597077877923376 | -0.0442092412371744 | 0.23361617681572655 | 0.8663863200477464 | -0.6288937238167964:-0.0959604532530951 | -0.055888948787208514 | 0.23542283752669801
-0.0959604532530951 | -0.055888948787208514 | 0.23542283752669801 | -0.38940973645163734 | 0.4994768996994441:-0.0925839536569868 | -0.05275250706724033 | 0.24557457201785393
-0.0925839536569868 | -0.05275250706724033 | 0.24557457201785393 | -0.38940973645163734 | 0.4994768996994441:-0.08876178239049981 | -0.049273371082225736 | 0.2555959633853986
-0.08876178239049981 | -0.049273371082225736 | 0.2555959633853986 | -0.38940973645163734 | 0.4994768996994441:-0.0844990804708382 | -0.045455239674381476 | 0.26546144505931757
-0.0844990804708382 | -0.045455239674381476 | 0.26546144505931757 | -0.38940973645163734 | 0.4994768996994441:-0.0798018006014215 | -0.04130244855711829 | 0.2751458060855061
-0.0798018006014215 | -0.04130244855711829 | 0.2751458060855061 | -0.38940973645163734 | 0.4994768996994441:-0.07467669232057328 | -0.03681995910113378 | 0.28462422918106967
-0.07467669232057328 | -0.03681995910113378 | 0.28462422918106967 | -0.38940973645163734 | 0.4994768996994441:-0.06913128613030783 | -0.03201334631685482 | 0.2938723279088773
-0.06913128613030783 | -0.03201334631685482 | 0.2938723279088773 | -0.38940973645163734 | 0.4994768996994441:-0.06317387663550633 | -0.026888786056447067 | 0.30286618293035605
-0.06317387663550633 | -0.026888786056447067 | 0.30286618293035605 | -0.38940973645163734 | 0.4994768996994441:-0.05681350472470048 | -0.021453041459344124 | 0.31158237729701543
-0.05681350472470048 | -0.021453041459344124 | 0.31158237729701543 | -0.38940973645163734 | 0.4994768996994441:-0.05005993882457127 | -0.01571344866595714 | 0.3199980307427701
-0.05005993882457127 | -0.01571344866595714 | 0.3199980307427701 | -0.38940973645163734 | 0.4994768996994441:-0.04292365526110764 | -0.009677901824896029 | 0.32809083294073194
-0.04292365526110764 | -0.009677901824896029 | 0.32809083294073194 | -0.38940973645163734 | 0.4994768996994441:-0.0354158177611652 | -0.003354837419668355 | 0.3358390756897407
-0.0354158177611652 | -0.003354837419668355 | 0.3358390756897407 | -0.38940973645163734 | 0.4994768996994441:-0.027548256128906656 | 0.003246782058585529 | 0.3432216839975686
-0.027548256128906656 | 0.003246782058585529 | 0.3432216839975686 | -0.38940973645163734 | 0.4994768996994441:-0.01933344413231053 | 0.010117485065194387 | 0.35021824602938967
-0.01933344413231053 | 0.010117485065194387 | 0.35021824602938967 | -0.38940973645163734 | 0.4994768996994441:-0.010784476635576912 | 0.01724730855525025 | 0.35680904189180573
-0.010784476635576912 | 0.01724730855525025 | 0.35680904189180573 | -0.38940973645163734 | 0.4994768996994441:-0.0019150460138697145 | 0.02462581610796355 | 0.3629750712244082
-0.0019150460138697145 | 0.02462581610796355 | 0.3629750712244082 | -0.38940973645163734 | 0.4994768996994441:0.00726058211261682 | 0.03224211659349585 | 0.36869807957259404
0.00726058211261682 | 0.03224211659349585 | 0.36869807957259404 | -0.38940973645163734 | 0.4994768996994441:0.016727593787772 | 0.04008488335327676 | 0.3739605835171034
0.016727593787772 | 0.04008488335327676 | 0.3739605835171034 | -0.38940973645163734 | 0.4994768996994441:0.02647065223390843 | 0.04814237386444198 | 0.3787458945374613
0.02647065223390843 | 0.04814237386444198 | 0.3787458945374613 | -0.38940973645163734 | 0.4994768996994441:0.036473923932965446 | 0.056402449858686365 | 0.38303814158828864
0.036473923932965446 | 0.056402449858686365 | 0.38303814158828864 | -0.38940973645163734 | 0.4994768996994441:0.046721105235857596 | 0.06485259786553277 | 0.38682229236923327
0.046721105235857596 | 0.06485259786553277 | 0.38682229236923327 | -0.7905833044661255 | 0.8892980877619809:0.06471824675949422 | 0.08131542353009724 | 0.3873443367109797
0.06471824675949422 | 0.08131542353009724 | 0.3873443367109797 | -0.7905833044661255 | 0.8892980877619809:0.08293595778226281 | 0.09800141864772094 | 0.3862559547823139
0.08293595778226281 | 0.09800141864772094 | 0.3862559547823139 | -0.7905833044661255 | 0.8892980877619809:0.10129202921213187 | 0.11483820287516311 | 0.38352409500713414
0.10129202921213187 | 0.11483820287516311 | 0.38352409500713414 | -0.7905833044661255 | 0.8892980877619809:0.11970235776593763 | 0.13175156225595697 | 0.37912325706961525
0.11970235776593763 | 0.13175156225595697 | 0.37912325706961525 | -0.7905833044661255 | 0.8892980877619809:0.13808133757509455 | 0.14866579374281297 | 0.3730356743683494
0.13808133757509455 | 0.14866579374281297 | 0.3730356743683494 | -0.17951876266371847 | 0.590913948198643:0.15102003233292782 | 0.1540676733435804 | 0.37242345089127404
0.15102003233292782 | 0.1540676733435804 | 0.37242345089127404 | -0.17951876266371847 | 0.590913948198643:0.16405755764879687 | 0.15948740188177218 | 0.3712513560024835
0.16405755764879687 | 0.15948740188177218 | 0.3712513560024835 | -0.17951876266371847 | 0.590913948198643:0.17717224087152705 | 0.16491856629057966 | 0.3695140970391204
0.17717224087152705 | 0.16491856629057966 | 0.3695140970391204 | -0.17951876266371847 | 0.590913948198643:0.1903422450632212 | 0.1703546981454312 | 0.36720726867480025
0.1903422450632212 | 0.1703546981454312 | 0.36720726867480025 | -0.17951876266371847 | 0.590913948198643:0.2035456009689423 | 0.17578928337422675 | 0.3643273565185261
0.2035456009689423 | 0.17578928337422675 | 0.3643273565185261 | -0.17951876266371847 | 0.590913948198643:0.21676023897772476 | 0.1812157719701796 | 0.36087173951291973
0.21676023897772476 | 0.1812157719701796 | 0.36087173951291973 | -0.17951876266371847 | 0.590913948198643:0.22996402103558566 | 0.1866275876952948 | 0.3568386911374297
0.22996402103558566 | 0.1866275876952948 | 0.3568386911374297 | -0.17951876266371847 | 0.590913948198643:0.2431347724715811 | 0.19201813776262 | 0.35222737942358506
0.2431347724715811 | 0.19201813776262 | 0.35222737942358506 | -0.17951876266371847 | 0.590913948198643:0.2562503136983638 | 0.1973808224855247 | 0.347037865790627
0.2562503136983638 | 0.1973808224855247 | 0.347037865790627 | -0.17951876266371847 | 0.590913948198643:0.2692884917491487 | 0.20270904488239205 | 0.3412711027112003
0.2692884917491487 | 0.20270904488239205 | 0.3412711027112003 | -0.17951876266371847 | 0.590913948198643:0.2822272116134834 | 0.2079962202252561 | 0.33492893021801606
0.2822272116134834 | 0.2079962202252561 | 0.33492893021801606 | -0.17951876266371847 | 0.590913948198643:0.2950444673347439 | 0.21323578552106248 | 0.3280140712636701
0.2950444673347439 | 0.21323578552106248 | 0.3280140712636701 | -0.17951876266371847 | 0.590913948198643:0.3077183728328394 | 0.21842120891440597 | 0.3205301259470801
0.3077183728328394 | 0.21842120891440597 | 0.3205301259470801 | -0.17951876266371847 | 0.590913948198643:0.3202271924162061 | 0.223545999000764 | 0.3124815646210841
0.3202271924162061 | 0.223545999000764 | 0.3124815646210841 | -0.17951876266371847 | 0.590913948198643:0.3325493709478047 | 0.22860371403944146 | 0.303873719897112
0.3325493709478047 | 0.22860371403944146 | 0.303873719897112 | -0.7827278319429241 | 0.5548441351654945:0.3439322544818819 | 0.2426722242558892 | 0.2881540030564125
0.3439322544818819 | 0.2426722242558892 | 0.2881540030564125 | -0.7827278319429241 | 0.5548441351654945:0.3548993185446503 | 0.25619785591918065 | 0.2713724765171328
0.3548993185446503 | 0.25619785591918065 | 0.2713724765171328 | -0.7827278319429241 | 0.5548441351654945:0.3654155124890659 | 0.2691303018444384 | 0.2535612135898546
0.3654155124890659 | 0.2691303018444384 | 0.2535612135898546 | -0.7827278319429241 | 0.5548441351654945:0.37544676617561734 | 0.28142057284286626 | 0.23475574214838346
0.37544676617561734 | 0.28142057284286626 | 0.23475574214838346 | -0.7827278319429241 | 0.5548441351654945:0.3849600987829538 | 0.2930211529798261 | 0.21499495417091552
0.3849600987829538 | 0.2930211529798261 | 0.21499495417091552 | -0.7827278319429241 | 0.5548441351654945:0.3939237245115015 | 0.3038861506479038 | 0.19432100515540895
0.3939237245115015 | 0.3038861506479038 | 0.19432100515540895 | -0.7827278319429241 | 0.5548441351654945:0.4023071548784811 | 0.31397144502353935 | 0.17277920371457256
0.4023071548784811 | 0.31397144502353935 | 0.17277920371457256 | -0.7827278319429241 | 0.5548441351654945:0.41008129731333387 | 0.32323482749016286 | 0.15041789168230935
0.41008129731333387 | 0.32323482749016286 | 0.15041789168230935 | -0.7827278319429241 | 0.5548441351654945:0.41721854977385586 | 0.3316361376262478 | 0.1272883150891495
0.41721854977385586 | 0.3316361376262478 | 0.1272883150891495 | -0.7827278319429241 | 0.5548441351654945:0.42369289111537256 | 0.33913739337317494 | 0.10344448638866766
0.42369289111537256 | 0.33913739337317494 | 0.10344448638866766 | -0.5684177067106904 | -0.9977954153699733:0.4218796174379511 | 0.3447098416427359 | 0.11570766714323355
0.4218796174379511 | 0.3447098416427359 | 0.11570766714323355 | -0.5684177067106904 | -0.9977954153699733:0.41938511868312567 | 0.3506258736214667 | 0.12778078199976406
0.41938511868312567 | 0.3506258736214667 | 0.12778078199976406 | -0.5684177067106904 | -0.9977954153699733:0.4162172146800014 | 0.35688219162970736 | 0.13961562622197832
0.4162172146800014 | 0.35688219162970736 | 0.13961562622197832 | -0.5684177067106904 | -0.9977954153699733:0.41238638713238096 | 0.3634739712860515 | 0.1511644032376971
0.41238638713238096 | 0.3634739712860515 | 0.1511644032376971 | -0.5684177067106904 | -0.9977954153699733:0.40790575814519947 | 0.37039487101244983 | 0.16237991978173838
0.40790575814519947 | 0.37039487101244983 | 0.16237991978173838 | -0.5684177067106904 | -0.9977954153699733:0.40279105803664983 | 0.3776370476643791 | 0.17321577943788924
0.40279105803664983 | 0.3776370476643791 | 0.17321577943788924 | -0.5684177067106904 | -0.9977954153699733:0.397060582547196 | 0.3851911782337698 | 0.18362657380669845
0.397060582547196 | 0.3851911782337698 | 0.18362657380669845 | -0.5684177067106904 | -0.9977954153699733:0.3907351395981191 | 0.39304648754856686 | 0.19356807053536684
0.3907351395981191 | 0.39304648754856686 | 0.19356807053536684 | -0.5684177067106904 | -0.9977954153699733:0.0 | 0.0 | 0.0
0.0 | 0.0 | 0.0 | -0.5684177067106904 | -0.9977954153699733:0.38383798579328854 | 0.40119078186931745 | 0.2029973974587449
0.38383798579328854 | 0.40119078186931745 | 0.2029973974587449 | -0.12354439793903893 | -0.6731037266161366:0.37947972291626364 | 0.4052200631081444 | 0.21479260858201954
0.37947972291626364 | 0.4052200631081444 | 0.21479260858201954 | -0.12354439793903893 | -0.6731037266161366:0.37465178748220396 | 0.40930326742267553 | 0.22646359226446933
0.37465178748220396 | 0.40930326742267553 | 0.22646359226446933 | -0.12354439793903893 | -0.6731037266161366:0.36935763078760786 | 0.41344014684965025 | 0.23799129147018405
0.36935763078760786 | 0.41344014684965025 | 0.23799129147018405 | -0.12354439793903893 | -0.6731037266161366:0.3636014537870338 | 0.41763031219464075 | 0.24935677295473724
0.3636014537870338 | 0.41763031219464075 | 0.24935677295473724 | -0.12354439793903893 | -0.6731037266161366:0.35738820147026473 | 0.42187323400431964 | 0.2605412571653112
0.35738820147026473 | 0.42187323400431964 | 0.2605412571653112 | -0.16564251547101905 | 0.10197215265541648:0.3609756789241185 | 0.42671367166104446 | 0.2568362034516056
0.3609756789241185 | 0.42671367166104446 | 0.2568362034516056 | -0.16564251547101905 | 0.10197215265541648:0.3645292512638356 | 0.4315095057115723 | 0.2530230057924925
0.3645292512638356 | 0.4315095057115723 | 0.2530230057924925 | -0.16564251547101905 | 0.10197215265541648:0.3680482657898807 | 0.4362595705549257 | 0.24910290059205664
0.3680482657898807 | 0.4362595705549257 | 0.24910290059205664 | -0.16564251547101905 | 0.10197215265541648:0.37153208069118016 | 0.44096271924345487 | 0.24507713300385348
0.37153208069118016 | 0.44096271924345487 | 0.24507713300385348 | -0.16564251547101905 | 0.10197215265541648:0.3749800650220596 | 0.4456178234364252 | 0.24094695667092836
0.3749800650220596 | 0.4456178234364252 | 0.24094695667092836 | 0.3375085491059182 | 0.9705199327546898:0.3888571618364338 | 0.4440783463159086 | 0.2312996375555869
0.3888571618364338 | 0.4440783463159086 | 0.2312996375555869 | 0.3375085491059182 | 0.9705199327546898:0.40229031463623244 | 0.4426530843976959 | 0.2208850226483996
0.40229031463623244 | 0.4426530843976959 | 0.2208850226483996 | 0.3375085491059182 | 0.9705199327546898:0.4152385358009205 | 0.4413568163074082 | 0.2097256894392565
0.4152385358009205 | 0.4413568163074082 | 0.2097256894392565 | 0.3375085491059182 | 0.9705199327546898:0.4276619526206904 | 0.4402039504947144 | 0.197846685949834
0.4276619526206904 | 0.4402039504947144 | 0.197846685949834 | 0.3375085491059182 | 0.9705199327546898:0.4395219385940994 | 0.43920847907137883 | 0.18527546633758973
0.4395219385940994 | 0.43920847907137883 | 0.18527546633758973 | 0.3375085491059182 | 0.9705199327546898:0.45078124122111873 | 0.4383839328020436 | 0.172041818742791
0.45078124122111873 | 0.4383839328020436 | 0.172041818742791 | 0.3375085491059182 | 0.9705199327546898:0.4614041058892582 | 0.43774333738953075 | 0.15817778559621232
0.4614041058892582 | 0.43774333738953075 | 0.15817778559621232 | 0.3375085491059182 | 0.9705199327546898:0.4713563954626956 | 0.4372991711922758 | 0.14371757662820528
0.4713563954626956 | 0.4372991711922758 | 0.14371757662820528 | 0.3375085491059182 | 0.9705199327546898:0.48060570519806234 | 0.4370633245070046 | 0.12869747484210592
0.48060570519806234 | 0.4370633245070046 | 0.12869747484210592 | 0.3375085491059182 | 0.9705199327546898:0.48912147262491246 | 0.4370470605448844 | 0.11315573573648763
0.48912147262491246 | 0.4370470605448844 | 0.11315573573648763 | 0.3375085491059182 | 0.9705199327546898:0.4968750820448662 | 0.4372609782240957 | 0.09713248008127451
0.4968750820448662 | 0.4372609782240957 | 0.09713248008127451 | 0.3375085491059182 | 0.9705199327546898:0.503839963319912 | 0.4377149768960322 | 0.08066958057240825
0.503839963319912 | 0.4377149768960322 | 0.08066958057240825 | 0.3375085491059182 | 0.9705199327546898:0.5099916846382477 | 0.4384182231165106 | 0.06381054270820741
0.5099916846382477 | 0.4384182231165106 | 0.06381054270820741 | 0.3375085491059182 | 0.9705199327546898:0.5153080389644202 | 0.43937911956687614 | 0.046600380248221995
0.5153080389644202 | 0.43937911956687614 | 0.046600380248221995 | 0.3375085491059182 | 0.9705199327546898:0.5197691239001756 | 0.44060527622341183 | 0.029085485631632935
0.5197691239001756 | 0.44060527622341183 | 0.029085485631632935 | 0.3375085491059182 | 0.9705199327546898:0.5233574147025273 | 0.44210348386642906 | 0.011313495747536706
0.5233574147025273 | 0.44210348386642906 | 0.011313495747536706 | 0.3375085491059182 | 0.9705199327546898:0.5260578302265593 | 0.4438796900133539 | -0.006666846536564464
0.5260578302265593 | 0.4438796900133539 | -0.006666846536564464 | 0.3375085491059182 | 0.9705199327546898:0.5278577915821394 | 0.44593897735263965 | -0.024805834669010096
0.5278577915821394 | 0.44593897735263965 | -0.024805834669010096 | 0.3375085491059182 | 0.9705199327546898:0.5287472733158864 | 0.4482855447477263 | -0.043052944100377744
0.5287472733158864 | 0.4482855447477263 | -0.043052944100377744 | 0.3375085491059182 | 0.9705199327546898:0.5287188469525397 | 0.4509226908724493 | -0.061356980921388526
0.5287188469525397 | 0.4509226908724493 | -0.061356980921388526 | 0.3375085491059182 | 0.9705199327546898:0.5277677167530612 | 0.45385280053127985 | -0.0796662330026976
0.5277677167530612 | 0.45385280053127985 | -0.0796662330026976 | 0.3375085491059182 | 0.9705199327546898:0.5258917475704692 | 0.4570773337096732 | -0.09792862317969053
0.5258917475704692 | 0.4570773337096732 | -0.09792862317969053 | 0.3375085491059182 | 0.9705199327546898:0.5230914847082033 | 0.4605968173914867 | -0.11609186401913973
0.5230914847082033 | 0.4605968173914867 | -0.11609186401913973 | 0.3375085491059182 | 0.9705199327546898:0.5193701657101641 | 0.4644108401720821 | -0.13410361370000956
0.5193701657101641 | 0.4644108401720821 | -0.13410361370000956 | 0.3375085491059182 | 0.9705199327546898:0.514733724035807 | 0.46851804968730804 | -0.15191163253740214
0.514733724035807 | 0.46851804968730804 | -0.15191163253740214 | 0.3375085491059182 | 0.9705199327546898:0.5091907845981325 | 0.47291615287001676 | -0.1694639396767279
0.5091907845981325 | 0.47291615287001676 | -0.1694639396767279 | 0.3375085491059182 | 0.9705199327546898:0.502752651166972 | 0.4776019190373404 | -0.18670896948476567
0.502752651166972 | 0.4776019190373404 | -0.18670896948476567 | 0.3375085491059182 | 0.9705199327546898:0.4954332856643724 | 0.48257118580334435 | -0.20359572716527907
0.4954332856643724 | 0.48257118580334435 | -0.20359572716527907 | 0.3375085491059182 | 0.9705199327546898:0.4872492794031871 | 0.48781886780327 | -0.22007394312910478
0.4872492794031871 | 0.48781886780327 | -0.22007394312910478 | 0.3375085491059182 | 0.9705199327546898:0.47821981634421107 | 0.49333896820713363 | -0.23609422565250426
0.47821981634421107 | 0.49333896820713363 | -0.23609422565250426 | 0.3375085491059182 | 0.9705199327546898:0.46836662847099575 | 0.49912459299205736 | -0.2516082113626865
0.46836662847099575 | 0.49912459299205736 | -0.2516082113626865 | 0.3375085491059182 | 0.9705199327546898:0.4577139434051922 | 0.5051679679345078 | -0.26656871309581476
0.4577139434051922 | 0.5051679679345078 | -0.26656871309581476 | 0.3375085491059182 | 0.9705199327546898:0.4462884244082659 | 0.5114604582754758 | -0.28092986468082515
0.4462884244082659 | 0.5114604582754758 | -0.28092986468082515 | 0.3375085491059182 | 0.9705199327546898:0.43411910293831113 | 0.5179925910036047 | -0.2946472622113845
0.43411910293831113 | 0.5179925910036047 | -0.2946472622113845 | 0.3375085491059182 | 0.9705199327546898:0.42123730395284653 | 0.5247540796935866 | -0.30767810137884766
0.42123730395284653 | 0.5247540796935866 | -0.30767810137884766 | -0.9559040864378752 | 0.8217353326895547:0.40865992865162326 | 0.5112456567935411 | -0.3506480433663981
0.40865992865162326 | 0.5112456567935411 | -0.3506480433663981 | -0.9559040864378752 | 0.8217353326895547:0.39428781578460104 | 0.49562165789554413 | -0.39249936975021527
0.39428781578460104 | 0.49562165789554413 | -0.39249936975021527 | -0.9559040864378752 | 0.8217353326895547:0.37816821961027003 | 0.47793275043934 | -0.4330515694816164
0.37816821961027003 | 0.47793275043934 | -0.4330515694816164 | -0.9559040864378752 | 0.8217353326895547:0.36035604371642904 | 0.4582386054956977 | -0.4721285249307883
0.36035604371642904 | 0.4582386054956977 | -0.4721285249307883 | -0.9559040864378752 | 0.8217353326895547:0.34091364482903685 | 0.43660768806514483 | -0.5095592872706405
0.34091364482903685 | 0.43660768806514483 | -0.5095592872706405 | -0.6097439022871418 | 0.8678033082061243:0.31896758243028245 | 0.4222552353731288 | -0.53869157609914
0.31896758243028245 | 0.4222552353731288 | -0.53869157609914 | -0.6097439022871418 | 0.8678033082061243:0.29570911555296675 | 0.4069537143572042 | -0.5664603530169678
0.29570911555296675 | 0.4069537143572042 | -0.5664603530169678 | -0.6097439022871418 | 0.8678033082061243:0.27119805967811317 | 0.3907438318382006 | -0.5927750849992819
0.27119805967811317 | 0.3907438318382006 | -0.5927750849992819 | -0.6097439022871418 | 0.8678033082061243:0.2454983507441284 | 0.37366924871082574 | -0.617549159876404
0.2454983507441284 | 0.37366924871082574 | -0.617549159876404 | -0.6097439022871418 | 0.8678033082061243:0.21867786549564272 | 0.35577645804899305 | -0.640700169526113
0.21867786549564272 | 0.35577645804899305 | -0.640700169526113 | 0.5012979775258963 | 0.5155954352049785:0.2029472280190845 | 0.37286537708246215 | -0.6389685167679069
0.2029472280190845 | 0.37286537708246215 | -0.6389685167679069 | 0.5012979775258963 | 0.5155954352049785:0.18722180286390966 | 0.3899423516024143 | -0.6363710284495312
0.18722180286390966 | 0.3899423516024143 | -0.6363710284495312 | 0.5012979775258963 | 0.5155954352049785:0.1715253408749291 | 0.40698447909120006 | -0.6329067181500907
0.1715253408749291 | 0.40698447909120006 | -0.6329067181500907 | 0.5012979775258963 | 0.5155954352049785:0.1558816303948447 | 0.42396880282546334 | -0.6285758740656799
0.1558816303948447 | 0.42396880282546334 | -0.6285758740656799 | 0.5012979775258963 | 0.5155954352049785:0.140314461744957 | 0.4408723463984785 | -0.6233800613713569
0.140314461744957 | 0.4408723463984785 | -0.6233800613713569 | 0.5012979775258963 | 0.5155954352049785:0.12484759168590642 | 0.4576721482859014 | -0.6173221226613919
0.12484759168590642 | 0.4576721482859014 | -0.6173221226613919 | 0.5012979775258963 | 0.5155954352049785:0.10950470791146216 | 0.4743452964031363 | -0.6104061764692226
0.10950470791146216 | 0.4743452964031363 | -0.6104061764692226 | 0.5012979775258963 | 0.5155954352049785:0.0943093936283077 | 0.49086896260305224 | -0.6026376138713587
0.0943093936283077 | 0.49086896260305224 | -0.6026376138713587 | 0.5012979775258963 | 0.5155954352049785:0.07928509227438951 | 0.5072204370626849 | -0.5940230931822583
0.07928509227438951 | 0.5072204370626849 | -0.5940230931822583 | 0.5012979775258963 | 0.5155954352049785:0.06445507242816717 | 0.5233771625079697 | -0.5845705327500159
0.06445507242816717 | 0.5233771625079697 | -0.5845705327500159 | 0.37854891056591256 | 0.13481783490503263:0.06074428106207819 | 0.535791016650812 | -0.5765352824776375
0.06074428106207819 | 0.535791016650812 | -0.5765352824776375 | 0.37854891056591256 | 0.13481783490503263:0.05707748796037038 | 0.5480649856471018 | -0.5681998900092147
0.05707748796037038 | 0.5480649856471018 | -0.5681998900092147 | 0.37854891056591256 | 0.13481783490503263:0.053457096402283355 | 0.5601924839107255 | -0.5595674373640946
0.053457096402283355 | 0.5601924839107255 | -0.5595674373640946 | 0.37854891056591256 | 0.13481783490503263:0.04988548336493892 | 0.5721669962822844 | -0.5506411660788935
0.04988548336493892 | 0.5721669962822844 | -0.5506411660788935 | 0.37854891056591256 | 0.13481783490503263:0.04636499837683061 | 0.5839820812860523 | -0.541424475232775
0.04636499837683061 | 0.5839820812860523 | -0.541424475232775 | 0.4537618893635358 | -0.160165516637635:0.0507204347504171 | 0.5976263927117955 | -0.5289867351880595
0.0507204347504171 | 0.5976263927117955 | -0.5289867351880595 | 0.4537618893635358 | -0.160165516637635:0.05498272164184215 | 0.6109995789167613 | -0.5161594545607588
0.05498272164184215 | 0.6109995789167613 | -0.5161594545607588 | 0.4537618893635358 | -0.160165516637635:0.0591483129357826 | 0.6240916287526588 | -0.5029497454310077
0.0591483129357826 | 0.6240916287526588 | -0.5029497454310077 | 0.4537618893635358 | -0.160165516637635:0.06321372723972019 | 0.6368927100563866 | -0.48936500400382066
0.06321372723972019 | 0.6368927100563866 | -0.48936500400382066 | 0.4537618893635358 | -0.160165516637635:0.06717555030591882 | 0.6493931765842476 | -0.4754129052479499
0.06717555030591882 | 0.6493931765842476 | -0.4754129052479499 | -0.9905576013152597 | -0.5368808546159702:0.08095148225186932 | 0.6265492696587955 | -0.5061971141136947
0.08095148225186932 | 0.6265492696587955 | -0.5061971141136947 | -0.9905576013152597 | -0.5368808546159702:0.09554924855490299 | 0.6021336638694237 | -0.5354861206982946
0.09554924855490299 | 0.6021336638694237 | -0.5354861206982946 | -0.9905576013152597 | -0.5368808546159702:0.1109273826134114 | 0.576220516022012 | -0.5631772765489869
0.1109273826134114 | 0.576220516022012 | -0.5631772765489869 | -0.9905576013152597 | -0.5368808546159702:0.12704162935766306 | 0.5488892477896528 | -0.5891728244158796
0.12704162935766306 | 0.5488892477896528 | -0.5891728244158796 | -0.9905576013152597 | -0.5368808546159702:0.14384508483959024 | 0.5202242967094932 | -0.6133802439386735
0.14384508483959024 | 0.5202242967094932 | -0.6133802439386735 | -0.9905576013152597 | -0.5368808546159702:0.1612883451820295 | 0.49031484949095017 | -0.6357125804747548
0.1612883451820295 | 0.49031484949095017 | -0.6357125804747548 | -0.9905576013152597 | -0.5368808546159702:0.17931966439618208 | 0.45925455851325836 | -0.6560887559158906
0.17931966439618208 | 0.45925455851325836 | -0.6560887559158906 | -0.9905576013152597 | -0.5368808546159702:0.19788512054516616 | 0.4271412424485348 | -0.6744338604011817
0.19788512054516616 | 0.4271412424485348 | -0.6744338604011817 | -0.9905576013152597 | -0.5368808546159702:0.2169287897026635 | 0.3940765720020849 | -0.6906794238981722
0.2169287897026635 | 0.3940765720020849 | -0.6906794238981722 | -0.9905576013152597 | -0.5368808546159702:0.2363929271282288 | 0.3601657418129278 | -0.7047636666917311
0.2363929271282288 | 0.3601657418129278 | -0.7047636666917311 | -0.9905576013152597 | -0.5368808546159702:0.2562181550560396 | 0.32551712960627555 | -0.7166317278913595
0.2562181550560396 | 0.32551712960627555 | -0.7166317278913595 | -0.9905576013152597 | -0.5368808546159702:0.27634365647035253 | 0.29024194373380396 | -0.7262358711416408
0.27634365647035253 | 0.29024194373380396 | -0.7262358711416408 | -0.9905576013152597 | -0.5368808546159702:0.29670737422018334 | 0.25445386027846695 | -0.7335356667974167
0.29670737422018334 | 0.25445386027846695 | -0.7335356667974167 | -0.9905576013152597 | -0.5368808546159702:0.31724621480684334 | 0.21826865093709813 | -0.738498149904677
0.31724621480684334 | 0.21826865093709813 | -0.738498149904677 | -0.9905576013152597 | -0.5368808546159702:0.33789625616135055 | 0.18180380292672282 | -0.7410979534097883
0.33789625616135055 | 0.18180380292672282 | -0.7410979534097883 | 0.3466176953455642 | -0.20159625551910665:0.34600086724259427 | 0.19500561054367438 | -0.7358487094828545
0.34600086724259427 | 0.19500561054367438 | -0.7358487094828545 | 0.3466176953455642 | -0.20159625551910665:0.3540574379697219 | 0.20813553139606 | -0.7302617506024633
0.3540574379697219 | 0.20813553139606 | -0.7302617506024633 | 0.3466176953455642 | -0.20159625551910665:0.3620622175987904 | 0.22118702431261994 | -0.7243387262257706
0.3620622175987904 | 0.22118702431261994 | -0.7243387262257706 | 0.3466176953455642 | -0.20159625551910665:0.3700114756232793 | 0.2341535822414258 | -0.7180814537632854
0.3700114756232793 | 0.2341535822414258 | -0.7180814537632854 | 0.3466176953455642 | -0.20159625551910665:0.3779015036068927 | 0.24702873540304182 | -0.7114919174743664
0.3779015036068927 | 0.24702873540304182 | -0.7114919174743664 | 0.6138394908347713 | -0.968111848404694:0.4122710122623161 | 0.269247906105619 | -0.6857448572321676
0.4122710122623161 | 0.269247906105619 | -0.6857448572321676 | 0.6138394908347713 | -0.968111848404694:0.4453739278972364 | 0.29070008653265234 | -0.6576290982512241
0.4453739278972364 | 0.29070008653265234 | -0.6576290982512241 | 0.6138394908347713 | -0.968111848404694:0.4770944820149339 | 0.31131056548571223 | -0.6272305980609598
0.4770944820149339 | 0.31131056548571223 | -0.6272305980609598 | 0.6138394908347713 | -0.968111848404694:0.5073212256053807 | 0.33100724685711214 | -0.5946433522852121
0.5073212256053807 | 0.33100724685711214 | -0.5946433522852121 | 0.6138394908347713 | -0.968111848404694:0.5359474237511108 | 0.34972090440686543 | -0.5599690947357665
0.5359474237511108 | 0.34972090440686543 | -0.5599690947357665 | -0.09371995263257715 | -0.2837453816329354:0.5448178710917801 | 0.3477038556636671 | -0.5549166347489738
0.5448178710917801 | 0.3477038556636671 | -0.5549166347489738 | -0.09371995263257715 | -0.2837453816329354:0.5536196792967161 | 0.3456998680068466 | -0.5497089804026523
0.5536196792967161 | 0.3456998680068466 | -0.5497089804026523 | -0.09371995263257715 | -0.2837453816329354:0.5623503252850881 | 0.34370986995010355 | -0.5443472844551689
0.5623503252850881 | 0.34370986995010355 | -0.5443472844551689 | -0.09371995263257715 | -0.2837453816329354:0.5710073073942965 | 0.34173478211265973 | -0.5388327442229031
0.5710073073942965 | 0.34173478211265973 | -0.5388327442229031 | -0.09371995263257715 | -0.2837453816329354:0.5795881460250882 | 0.3397755170143455 | -0.5331666011103078
0.5795881460250882 | 0.3397755170143455 | -0.5331666011103078 | -0.09371995263257715 | -0.2837453816329354:0.5880903842780114 | 0.3378329788734007 | -0.5273501401309417
0.5880903842780114 | 0.3378329788734007 | -0.5273501401309417 | -0.09371995263257715 | -0.2837453816329354:0.5965115885811443 | 0.3359080634070679 | -0.5213846894196674
0.5965115885811443 | 0.3359080634070679 | -0.5213846894196674 | -0.09371995263257715 | -0.2837453816329354:0.6048493493090064 | 0.33400165763499956 | -0.5152716197361418
0.6048493493090064 | 0.33400165763499956 | -0.5152716197361418 | -0.09371995263257715 | -0.2837453816329354:0.6131012813925025 | 0.3321146396854502 | -0.5090123439597747
0.6131012813925025 | 0.3321146396854502 | -0.5090123439597747 | -0.09371995263257715 | -0.2837453816329354:0.6212650249199143 | 0.3302478786044105 | -0.5026083165762927
0.6212650249199143 | 0.3302478786044105 | -0.5026083165762927 | 0.9284411462503537 | -0.6812750461706385:0.6384794105799543 | 0.35376866635710513 | -0.46602894387421756
