0.0 | 0.0 | 0.0 | 0.9125054517571609 | 0.8044240944979961:4.016851599028945E-4 | -4.560944480938023E-4 | 0.0099815142582041
4.016851599028945E-4 | -4.560944480938023E-4 | 0.0099815142582041 | 0.39253263018333207 | -0.415803443834283:3.8670067140755474E-4 | -0.0012972760874734313 | 0.01985390483868609
3.8670067140755474E-4 | -0.0012972760874734313 | 0.01985390483868609 | 0.39253263018333207 | -0.415803443834283:-3.807474512609497E-5 | -0.0025173709331383076 | 0.029594100677310234
-3.807474512609497E-5 | -0.0025173709331383076 | 0.029594100677310234 | 0.39253263018333207 | -0.415803443834283:-8.651910823757385E-4 | -0.004109659729714554 | 0.03917954273874366
-8.651910823757385E-4 | -0.004109659729714554 | 0.03917954273874366 | 0.39253263018333207 | -0.415803443834283:-0.0020866439570950772 | -0.006066893692977526 | 0.048588207691979315
-0.0020866439570950772 | -0.006066893692977526 | 0.048588207691979315 | 0.39253263018333207 | -0.415803443834283:-0.003693891967359965 | -0.00838131068148873 | 0.057798630671695994
-0.003693891967359965 | -0.00838131068148873 | 0.057798630671695994 | 0.05934550264485594 | 0.3541287288667889:-0.0031000238076920768 | -0.00992876758899297 | 0.0671336456745335
-0.0031000238076920768 | -0.00992876758899297 | 0.0671336456745335 | 0.05934550264485594 | 0.3541287288667889:-0.0021736778342064944 | -0.011517482112737065 | 0.07636101734190881
-0.0021736778342064944 | -0.011517482112737065 | 0.07636101734190881 | 0.05934550264485594 | 0.3541287288667889:-9.201102648677163E-4 | -0.013146731536997303 | 0.0854727051742275
-9.201102648677163E-4 | -0.013146731536997303 | 0.0854727051742275 | 0.05934550264485594 | 0.3541287288667889:6.552787654848357E-4 | -0.014815767305504934 | 0.09446084494916673
6.552787654848357E-4 | -0.014815767305504934 | 0.09446084494916673 | 0.05934550264485594 | 0.3541287288667889:0.0025469497730774213 | -0.01652381579882678 | 0.10331775055581183
0.0025469497730774213 | -0.01652381579882678 | 0.10331775055581183 | -0.946046660348498 | -0.24296242496227083:0.001393394378804879 | -0.012614026788313026 | 0.11290412815858086
0.001393394378804879 | -0.012614026788313026 | 0.11290412815858086 | -0.946046660348498 | -0.24296242496227083:1.7292265350423407E-5 | -0.007827779418611014 | 0.12222857839953172
1.7292265350423407E-5 | -0.007827779418611014 | 0.12222857839953172 | -0.946046660348498 | -0.24296242496227083:-0.0015757016463335454 | -0.002185604749901371 | 0.1312265291847462
-0.0015757016463335454 | -0.002185604749901371 | 0.1312265291847462 | -0.946046660348498 | -0.24296242496227083:-0.0033789357398646795 | 0.004288044520739831 | 0.13983511566540585
-0.0033789357398646795 | 0.004288044520739831 | 0.13983511566540585 | -0.946046660348498 | -0.24296242496227083:-0.005384794620341986 | 0.011564916730637531 | 0.1479934135561869
-0.005384794620341986 | 0.011564916730637531 | 0.1479934135561869 | 0.3121746343389724 | -0.24996597975641777:-0.00765079797372677 | 0.009784037872721418 | 0.15656493348674538
-0.00765079797372677 | 0.009784037872721418 | 0.15656493348674538 | 0.3121746343389724 | -0.24996597975641777:-0.010124321225605106 | 0.00773306725082934 | 0.16499513004938504
-0.010124321225605106 | 0.00773306725082934 | 0.16499513004938504 | 0.3121746343389724 | -0.24996597975641777:-0.012801453001637125 | 0.0054169154278607135 | 0.17327471589215793
-0.012801453001637125 | 0.0054169154278607135 | 0.17327471589215793 | 0.3121746343389724 | -0.24996597975641777:-0.015678157560819708 | 0.002840649019616226 | 0.1813946235803705
-0.015678157560819708 | 0.002840649019616226 | 0.1813946235803705 | 0.3121746343389724 | -0.24996597975641777:-0.018750278827366143 | 9.485695062094734E-6 | 0.18934600889784914
-0.018750278827366143 | 9.485695062094734E-6 | 0.18934600889784914 | 0.004794046081268766 | 0.6602913243678619:-0.013021549606939825 | -3.742879236590113E-5 | 0.1979415591823659
-0.013021549606939825 | -3.742879236590113E-5 | 0.1979415591823659 | 0.004794046081268766 | 0.6602913243678619:-0.006742577619767126 | -8.830575600748958E-5 | 0.2062755287596092
-0.006742577619767126 | -8.830575600748958E-5 | 0.2062755287596092 | 0.004794046081268766 | 0.6602913243678619:7.264578129444199E-5 | -1.4304738668369232E-4 | 0.2143217991429851
7.264578129444199E-5 | -1.4304738668369232E-4 | 0.2143217991429851 | 0.004794046081268766 | 0.6602913243678619:0.007409063424340695 | -2.015480440866746E-4 | 0.22205497854541179
0.007409063424340695 | -2.015480440866746E-4 | 0.22205497854541179 | 0.004794046081268766 | 0.6602913243678619:0.015250587303194313 | -2.6369450614738277E-4 | 0.2294504409307252
0.015250587303194313 | -2.6369450614738277E-4 | 0.2294504409307252 | 0.004794046081268766 | 0.6602913243678619:0.023580134861710553 | -3.293662280230425E-4 | 0.23648436350358093
0.023580134861710553 | -3.293662280230425E-4 | 0.23648436350358093 | 0.004794046081268766 | 0.6602913243678619:0.0323796665124592 | -3.9843561023844565E-4 | 0.24313376259890473
0.0323796665124592 | -3.9843561023844565E-4 | 0.24313376259890473 | 0.004794046081268766 | 0.6602913243678619:0.04163022432361424 | -4.7076827550252E-4 | 0.2493765279345026
0.04163022432361424 | -4.7076827550252E-4 | 0.2493765279345026 | 0.004794046081268766 | 0.6602913243678619:0.05131197180696431 | -5.462233537185668E-4 | 0.25519145519301745
0.05131197180696431 | -5.462233537185668E-4 | 0.25519145519301745 | 0.004794046081268766 | 0.6602913243678619:0.06140423473913528 | -6.246537747010006E-4 | 0.26055827690202626
0.06140423473913528 | -6.246537747010006E-4 | 0.26055827690202626 | -0.41592228717058966 | -0.0688916686457739:0.062161705808461726 | 0.0049248253031020095 | 0.2678572082968298
0.062161705808461726 | 0.0049248253031020095 | 0.2678572082968298 | -0.41592228717058966 | -0.0688916686457739:0.06285356430736 | 0.010770374106615632 | 0.27497178168444414
0.06285356430736 | 0.010770374106615632 | 0.27497178168444414 | -0.41592228717058966 | -0.0688916686457739:0.0634811244570796 | 0.01690516892869809 | 0.2818932357181394
0.0634811244570796 | 0.01690516892869809 | 0.2818932357181394 | -0.41592228717058966 | -0.0688916686457739:0.06404573161591154 | 0.02332218542248965 | 0.2886130446289119
0.06404573161591154 | 0.02332218542248965 | 0.2886130446289119 | -0.41592228717058966 | -0.0688916686457739:0.06454876113998148 | 0.030014205542413852 | 0.29512292197653345
0.06454876113998148 | 0.030014205542413852 | 0.29512292197653345 | -0.41592228717058966 | -0.0688916686457739:0.06499161723652847 | 0.036973824531462696 | 0.3014148242141532
0.06499161723652847 | 0.036973824531462696 | 0.3014148242141532 | -0.41592228717058966 | -0.0688916686457739:0.06537573181039213 | 0.044193457950417514 | 0.3074809540665244
0.06537573181039213 | 0.044193457950417514 | 0.3074809540665244 | -0.41592228717058966 | -0.0688916686457739:0.06570256330442403 | 0.05166534874468642 | 0.313313763722034
0.06570256330442403 | 0.05166534874468642 | 0.313313763722034 | -0.41592228717058966 | -0.0688916686457739:0.06597359553453597 | 0.05938157434446967 | 0.3189059578387772
0.06597359553453597 | 0.05938157434446967 | 0.3189059578387772 | -0.41592228717058966 | -0.0688916686457739:0.06619033652008988 | 0.06733405379399426 | 0.324250496365031
0.06619033652008988 | 0.06733405379399426 | 0.324250496365031 | 0.7474706416577093 | 0.895228969734817:0.08231882660173073 | 0.05625340887228247 | 0.32959025645909
0.08231882660173073 | 0.05625340887228247 | 0.32959025645909 | 0.7474706416577093 | 0.895228969734817:0.098916413448905 | 0.04473492354178987 | 0.3336814276882656
0.098916413448905 | 0.04473492354178987 | 0.3336814276882656 | 0.7474706416577093 | 0.895228969734817:0.11591813084462976 | 0.03283204241424298 | 0.3364691826852031
0.11591813084462976 | 0.03283204241424298 | 0.3364691826852031 | 0.7474706416577093 | 0.895228969734817:0.13325594499126003 | 0.020600877643562665 | 0.3379045094629305
0.13325594499126003 | 0.020600877643562665 | 0.3379045094629305 | 0.7474706416577093 | 0.895228969734817:0.15085906794449988 | 0.0080999524139852 | 0.3379444871652275
0.15085906794449988 | 0.0080999524139852 | 0.3379444871652275 | 0.005167860495778331 | -0.4353616778246605:0.14590843569275092 | 0.008148957730014117 | 0.34695453761759154
0.14590843569275092 | 0.008148957730014117 | 0.34695453761759154 | 0.005167860495778331 | -0.4353616778246605:0.1406128001122704 | 0.008192786811725417 | 0.3558479379015971
0.1406128001122704 | 0.008192786811725417 | 0.3558479379015971 | 0.005167860495778331 | -0.4353616778246605:0.13497646372809347 | 0.008231500013951898 | 0.36461403982227303
0.13497646372809347 | 0.008231500013951898 | 0.36461403982227303 | 0.005167860495778331 | -0.4353616778246605:0.12900401080864432 | 0.008265160950455486 | 0.373242360012771
0.12900401080864432 | 0.008265160950455486 | 0.373242360012771 | 0.005167860495778331 | -0.4353616778246605:0.12270030171030766 | 0.008293836428702739 | 0.38172258642509505
0.12270030171030766 | 0.008293836428702739 | 0.38172258642509505 | 0.005167860495778331 | -0.4353616778246605:0.11607046709399738 | 0.008317596383088377 | 0.3900445846490026
0.11607046709399738 | 0.008317596383088377 | 0.3900445846490026 | 0.005167860495778331 | -0.4353616778246605:0.10911990201838773 | 0.008336513806662227 | 0.3981984040570712
0.10911990201838773 | 0.008336513806662227 | 0.3981984040570712 | 0.005167860495778331 | -0.4353616778246605:0.10185425991448849 | 0.008350664681413711 | 0.4061742837740141
0.10185425991448849 | 0.008350664681413711 | 0.4061742837740141 | 0.005167860495778331 | -0.4353616778246605:0.09427944644626196 | 0.008360127907171389 | 0.4139626584685132
0.09427944644626196 | 0.008360127907171389 | 0.4139626584685132 | 0.005167860495778331 | -0.4353616778246605:0.08640161326199491 | 0.008364985229171729 | 0.4215541639658511
0.08640161326199491 | 0.008364985229171729 | 0.4215541639658511 | 0.005167860495778331 | -0.4353616778246605:0.07822715164113969 | 0.008365321164353734 | 0.4289396426798291
0.07822715164113969 | 0.008365321164353734 | 0.4289396426798291 | 0.005167860495778331 | -0.4353616778246605:0.06976268604135694 | 0.008361222926435485 | 0.43611014886251454
0.06976268604135694 | 0.008361222926435485 | 0.43611014886251454 | 0.005167860495778331 | -0.4353616778246605:0.0610150675504908 | 0.008352780349828892 | 0.4430569536704869
0.0610150675504908 | 0.008352780349828892 | 0.4430569536704869 | 0.005167860495778331 | -0.4353616778246605:0.05199136724821507 | 0.00834008581244794 | 0.4497715500463677
0.05199136724821507 | 0.00834008581244794 | 0.4497715500463677 | 0.005167860495778331 | -0.4353616778246605:0.042698869482082014 | 0.008323234157467663 | 0.4562456574145344
0.042698869482082014 | 0.008323234157467663 | 0.4562456574145344 | 0.005167860495778331 | -0.4353616778246605:0.03314506506271364 | 0.00830232261408953 | 0.46247122619001324
0.03314506506271364 | 0.00830232261408953 | 0.46247122619001324 | 0.005167860495778331 | -0.4353616778246605:0.02333764438286634 | 0.008277450717369128 | 0.46844044209965396
0.02333764438286634 | 0.008277450717369128 | 0.46844044209965396 | 0.005167860495778331 | -0.4353616778246605:0.013284490465086396 | 0.00824872022716261 | 0.4741457303148273
0.013284490465086396 | 0.00824872022716261 | 0.4741457303148273 | 0.005167860495778331 | -0.4353616778246605:0.0029936719426824077 | 0.008216235046248077 | 0.47957975939498
0.0029936719426824077 | 0.008216235046248077 | 0.47957975939498 | 0.005167860495778331 | -0.4353616778246605:-0.007526564021286042 | 0.00818010113767692 | 0.4847354450414265
-0.007526564021286042 | 0.00818010113767692 | 0.4847354450414265 | 0.005167860495778331 | -0.4353616778246605:-0.01826779887230945 | 0.008140426441412052 | 0.48960595366101245
-0.01826779887230945 | 0.008140426441412052 | 0.48960595366101245 | 0.005167860495778331 | -0.4353616778246605:-0.029221449855343362 | 0.008097320790307228 | 0.49418470573920104
-0.029221449855343362 | 0.008097320790307228 | 0.49418470573920104 | 0.005167860495778331 | -0.4353616778246605:-0.04037877725367034 | 0.008050895825484128 | 0.4984653790224165
-0.04037877725367034 | 0.008050895825484128 | 0.4984653790224165 | 0.005167860495778331 | -0.4353616778246605:-0.05173089167107836 | 0.008001264911161765 | 0.5024419115094325
-0.05173089167107836 | 0.008001264911161765 | 0.5024419115094325 | 0.005167860495778331 | -0.4353616778246605:-0.0632687613527243 | 0.007948543048992618 | 0.5061085042518201
-0.0632687613527243 | 0.007948543048992618 | 0.5061085042518201 | -0.19466213943898714 | 0.7057044908354446:-0.04581430548887022 | 0.012997734996106014 | 0.5128021031447005
-0.04581430548887022 | 0.012997734996106014 | 0.5128021031447005 | -0.19466213943898714 | 0.7057044908354446:-0.02796138486316435 | 0.018157595829930928 | 0.5187883651797662
-0.02796138486316435 | 0.018157595829930928 | 0.5187883651797662 | -0.19466213943898714 | 0.7057044908354446:-0.009738436952674512 | 0.023420410091396615 | 0.5240464853039697
-0.009738436952674512 | 0.023420410091396615 | 0.5240464853039697 | -0.19466213943898714 | 0.7057044908354446:0.008825206819641274 | 0.028778209274039845 | 0.5285569358764803
0.008825206819641274 | 0.028778209274039845 | 0.5285569358764803 | -0.19466213943898714 | 0.7057044908354446:0.027699375191090336 | 0.034222786565217184 | 0.5323015046258632
0.027699375191090336 | 0.034222786565217184 | 0.5323015046258632 | -0.2817779447370774 | 0.806752084126652:0.04954966984084841 | 0.04208257068296137 | 0.5348417110287933
0.04954966984084841 | 0.04208257068296137 | 0.5348417110287933 | -0.2817779447370774 | 0.806752084126652:0.07165993674898585 | 0.050038191837923296 | 0.5363152049584805
0.07165993674898585 | 0.050038191837923296 | 0.5363152049584805 | -0.2817779447370774 | 0.806752084126652:0.09398202220606056 | 0.05807298531059235 | 0.5367038933084665
0.09398202220606056 | 0.05807298531059235 | 0.5367038933084665 | -0.2817779447370774 | 0.806752084126652:0.1164668564058764 | 0.06616994866844844 | 0.5359921721275569
0.1164668564058764 | 0.06616994866844844 | 0.5359921721275569 | -0.2817779447370774 | 0.806752084126652:0.13906456916372179 | 0.07431178185163162 | 0.534166973381943
0.13906456916372179 | 0.07431178185163162 | 0.534166973381943 | -0.06358325125656927 | -0.664022017576287:0.12222882885298247 | 0.07661425349300377 | 0.5425317307154351
0.12222882885298247 | 0.07661425349300377 | 0.5425317307154351 | -0.06358325125656927 | -0.664022017576287:0.10497412425956698 | 0.07895073298866512 | 0.5503102820956975
0.10497412425956698 | 0.07895073298866512 | 0.5503102820956975 | -0.06358325125656927 | -0.664022017576287:0.08732224540947442 | 0.08131923383020151 | 0.5574841204614494
0.08732224540947442 | 0.08131923383020151 | 0.5574841204614494 | -0.06358325125656927 | -0.664022017576287:0.06929572064443379 | 0.08371769674749524 | 0.5640355987881662
0.06929572064443379 | 0.08371769674749524 | 0.5640355987881662 | -0.06358325125656927 | -0.664022017576287:0.0509177822736131 | 0.0861439929607401 | 0.5699479576016984
0.0509177822736131 | 0.0861439929607401 | 0.5699479576016984 | -0.06358325125656927 | -0.664022017576287:0.032212331281252116 | 0.08859592752496892 | 0.5752053511131834
0.032212331281252116 | 0.08859592752496892 | 0.5752053511131834 | -0.06358325125656927 | -0.664022017576287:0.01320390114404102 | 0.09107124276198997 | 0.579792871944953
0.01320390114404102 | 0.09107124276198997 | 0.579792871944953 | -0.06358325125656927 | -0.664022017576287:-0.006082379187065001 | 0.0935676217745407 | 0.5836965744191644
-0.006082379187065001 | 0.0935676217745407 | 0.5836965744191644 | -0.06358325125656927 | -0.664022017576287:-0.02562082308508762 | 0.09608269203738617 | 0.5869034963831226
-0.02562082308508762 | 0.09608269203738617 | 0.5869034963831226 | -0.06358325125656927 | -0.664022017576287:-0.04538522476910467 | 0.09861402906001959 | 0.5894016795471693
-0.04538522476910467 | 0.09861402906001959 | 0.5894016795471693 | -0.06319626000811351 | 0.448183562145809:-0.03238908171255872 | 0.10114768534863461 | 0.5939004650597361
-0.03238908171255872 | 0.10114768534863461 | 0.5939004650597361 | -0.06319626000811351 | 0.448183562145809:-0.019205922172085277 | 0.10370116195594381 | 0.5980611144697008
-0.019205922172085277 | 0.10370116195594381 | 0.5980611144697008 | -0.06319626000811351 | 0.448183562145809:-0.005845128297421898 | 0.10627321597551043 | 0.6018778421292055
-0.005845128297421898 | 0.10627321597551043 | 0.6018778421292055 | -0.06319626000811351 | 0.448183562145809:0.007683772668925837 | 0.10886258290521478 | 0.6053451341519107
0.007683772668925837 | 0.10886258290521478 | 0.6053451341519107 | -0.06319626000811351 | 0.448183562145809:0.02137111594773078 | 0.11146797771486772 | 0.6084577514947043
0.02137111594773078 | 0.11146797771486772 | 0.6084577514947043 | -0.06319626000811351 | 0.448183562145809:0.03520710682777484 | 0.11408809592093894 | 0.6112107328352749
0.03520710682777484 | 0.11408809592093894 | 0.6112107328352749 | -0.06319626000811351 | 0.448183562145809:0.049181828314207365 | 0.11672161466769215 | 0.6135993972452454
0.049181828314207365 | 0.11672161466769215 | 0.6135993972452454 | -0.06319626000811351 | 0.448183562145809:0.06328524881544828 | 0.11936719381400684 | 0.615619346658697
0.06328524881544828 | 0.11936719381400684 | 0.615619346658697 | -0.06319626000811351 | 0.448183562145809:0.07750722986361369 | 0.12202347702518135 | 0.6172664681359734
0.07750722986361369 | 0.12202347702518135 | 0.6172664681359734 | -0.06319626000811351 | 0.448183562145809:0.09183753386341831 | 0.12468909286900831 | 0.6185369359227337
0.09183753386341831 | 0.12468909286900831 | 0.6185369359227337 | -0.06319626000811351 | 0.448183562145809:0.10626583186457506 | 0.12736265591541818 | 0.6194272133044976
0.10626583186457506 | 0.12736265591541818 | 0.6194272133044976 | -0.06319626000811351 | 0.448183562145809:0.12078171135270033 | 0.13004276783898572 | 0.6199340542568379
0.12078171135270033 | 0.13004276783898572 | 0.6199340542568379 | -0.06319626000811351 | 0.448183562145809:0.13537468405378306 | 0.13272801852361038 | 0.6200545048916695
0.13537468405378306 | 0.13272801852361038 | 0.6200545048916695 | -0.06319626000811351 | 0.448183562145809:0.15003419374729887 | 0.13541698716866657 | 0.6197859047001018
0.15003419374729887 | 0.13541698716866657 | 0.6197859047001018 | -0.06319626000811351 | 0.448183562145809:0.16474962408308258 | 0.13810824339594197 | 0.6191258875924035
0.16474962408308258 | 0.13810824339594197 | 0.6191258875924035 | -0.21743758901712162 | 0.09786559631765446:0.1686518263520016 | 0.1455925527887647 | 0.6200173614839386
0.1686518263520016 | 0.1455925527887647 | 0.6200173614839386 | -0.21743758901712162 | 0.09786559631765446:0.17256478322520508 | 0.15311335687422423 | 0.6207631827564555
0.17256478322520508 | 0.15311335687422423 | 0.6207631827564555 | -0.21743758901712162 | 0.09786559631765446:0.17648749146139409 | 0.16066831024364392 | 0.6213630404883048
0.17648749146139409 | 0.16066831024364392 | 0.6213630404883048 | -0.21743758901712162 | 0.09786559631765446:0.1804189499836717 | 0.16825507326761713 | 0.621816662472007
0.1804189499836717 | 0.16825507326761713 | 0.621816662472007 | -0.21743758901712162 | 0.09786559631765446:0.18435816007276173 | 0.175871312514984 | 0.6221238149403021
0.18435816007276173 | 0.175871312514984 | 0.6221238149403021 | -0.21743758901712162 | 0.09786559631765446:0.18830412555786502 | 0.18351470116669377 | 0.6222843022888327
0.18830412555786502 | 0.18351470116669377 | 0.6222843022888327 | -0.21743758901712162 | 0.09786559631765446:0.19225585300515036 | 0.19118291942455867 | 0.6222979667953012
0.19225585300515036 | 0.19118291942455867 | 0.6222979667953012 | -0.21743758901712162 | 0.09786559631765446:0.19621235190389452 | 0.19887365491490128 | 0.6221646883353529
0.19621235190389452 | 0.19887365491490128 | 0.6221646883353529 | -0.21743758901712162 | 0.09786559631765446:0.20017263485026415 | 0.20658460308710502 | 0.6218843840951607
0.20017263485026415 | 0.20658460308710502 | 0.6218843840951607 | -0.21743758901712162 | 0.09786559631765446:0.2041357177287475 | 0.2143134676070746 | 0.621457008280835
0.2041357177287475 | 0.2143134676070746 | 0.621457008280835 | -0.21743758901712162 | 0.09786559631765446:0.20810061989123607 | 0.22205796074560613 | 0.6208825518246641
0.20810061989123607 | 0.22205796074560613 | 0.6208825518246641 | -0.21743758901712162 | 0.09786559631765446:0.2120663643337739 | 0.22981580376168687 | 0.6201610420883341
0.2120663643337739 | 0.22981580376168687 | 0.6201610420883341 | -0.21743758901712162 | 0.09786559631765446:0.21603197787095407 | 0.23758472728071656 | 0.6192925425631799
0.21603197787095407 | 0.23758472728071656 | 0.6192925425631799 | -0.21743758901712162 | 0.09786559631765446:0.21999649130798993 | 0.24536247166767033 | 0.6182771525674937
0.21999649130798993 | 0.24536247166767033 | 0.6182771525674937 | -0.21743758901712162 | 0.09786559631765446:0.223958939610454 | 0.25314678739521135 | 0.6171150069409919
0.223958939610454 | 0.25314678739521135 | 0.6171150069409919 | -0.21743758901712162 | 0.09786559631765446:0.22791836207168892 | 0.26093543540675324 | 0.6158062757365244
0.22791836207168892 | 0.26093543540675324 | 0.6158062757365244 | -0.21743758901712162 | 0.09786559631765446:0.23187380247790124 | 0.26872618747448307 | 0.6143511639090562
0.23187380247790124 | 0.26872618747448307 | 0.6143511639090562 | -0.21743758901712162 | 0.09786559631765446:0.23582430927093512 | 0.2765168265523714 | 0.6127499110020693
0.23582430927093512 | 0.2765168265523714 | 0.6127499110020693 | -0.21743758901712162 | 0.09786559631765446:0.23976893570874225 | 0.2843051471241509 | 0.6110027908312787
0.23976893570874225 | 0.2843051471241509 | 0.6110027908312787 | -0.21743758901712162 | 0.09786559631765446:0.24370674002353532 | 0.29208895554629777 | 0.6091101111659611
0.24370674002353532 | 0.29208895554629777 | 0.6091101111659611 | -0.6462929571393956 | 0.2983968768306924:0.25361307509214726 | 0.3128392718055899 | 0.5979902241594388
0.25361307509214726 | 0.3128392718055899 | 0.5979902241594388 | -0.6462929571393956 | 0.2983968768306924:0.2633663955860879 | 0.3332813981747602 | 0.5859806309212345
0.2633663955860879 | 0.3332813981747602 | 0.5859806309212345 | -0.6462929571393956 | 0.2983968768306924:0.27295216860981775 | 0.35338358458718666 | 0.5730926360353408
0.27295216860981775 | 0.35338358458718666 | 0.5730926360353408 | -0.6462929571393956 | 0.2983968768306924:0.2823560406292138 | 0.37311444816900163 | 0.5593389177481214
0.2823560406292138 | 0.37311444816900163 | 0.5593389177481214 | -0.6462929571393956 | 0.2983968768306924:0.29156385986858346 | 0.3924430220065869 | 0.5447335116486229
0.29156385986858346 | 0.3924430220065869 | 0.5447335116486229 | -0.17768584594547154 | -0.03165657631139407:0.2917714176528232 | 0.3987218636450276 | 0.5436699939320278
0.2917714176528232 | 0.3987218636450276 | 0.5436699939320278 | -0.17768584594547154 | -0.03165657631139407:0.2919670114761086 | 0.4049938512193112 | 0.542520021458671
0.2919670114761086 | 0.4049938512193112 | 0.542520021458671 | -0.17768584594547154 | -0.03165657631139407:0.2921509641487461 | 0.4112579153423521 | 0.5412839048778721
0.2921509641487461 | 0.4112579153423521 | 0.5412839048778721 | -0.17768584594547154 | -0.03165657631139407:0.29232359569343913 | 0.4175129947889804 | 0.5399619651194811
0.29232359569343913 | 0.4175129947889804 | 0.5399619651194811 | -0.17768584594547154 | -0.03165657631139407:0.2924852233515658 | 0.4237580365356308 | 0.5385545332629604
0.2924852233515658 | 0.4237580365356308 | 0.5385545332629604 | 0.3299809622216061 | 0.7199583307961424:0.31299453275395805 | 0.4162342890759305 | 0.5364214920748367
0.31299453275395805 | 0.4162342890759305 | 0.5364214920748367 | 0.3299809622216061 | 0.7199583307961424:0.33346396467311656 | 0.4087025016185102 | 0.5333933738791501
0.33346396467311656 | 0.4087025016185102 | 0.5333933738791501 | 0.3299809622216061 | 0.7199583307961424:0.3538594917196214 | 0.40117845562644305 | 0.5294698864081795
0.3538594917196214 | 0.40117845562644305 | 0.5294698864081795 | 0.3299809622216061 | 0.7199583307961424:0.3741470457512328 | 0.39367796247901055 | 0.5246523292768401
0.3741470457512328 | 0.39367796247901055 | 0.5246523292768401 | 0.3299809622216061 | 0.7199583307961424:0.3942925796783481 | 0.38621683518370986 | 0.5189435961851956
0.3942925796783481 | 0.38621683518370986 | 0.5189435961851956 | 0.13573406721991677 | 0.43774721276832596:0.4069105480155777 | 0.38391059627226376 | 0.5144393949458106
0.4069105480155777 | 0.38391059627226376 | 0.5144393949458106 | 0.13573406721991677 | 0.43774721276832596:0.4194490217516016 | 0.38161168078077345 | 0.5096078450706472
0.4194490217516016 | 0.38161168078077345 | 0.5096078450706472 | 0.13573406721991677 | 0.43774721276832596:0.43189982792446635 | 0.37932279044395933 | 0.5044505560300578
0.43189982792446635 | 0.37932279044395933 | 0.5044505560300578 | 0.13573406721991677 | 0.43774721276832596:0.44425483599730065 | 0.377046612984298 | 0.49896936232411804
0.44425483599730065 | 0.377046612984298 | 0.49896936232411804 | 0.13573406721991677 | 0.43774721276832596:0.4565059633329369 | 0.3747858204256733 | 0.49316632198485166
0.4565059633329369 | 0.3747858204256733 | 0.49316632198485166 | 0.13573406721991677 | 0.43774721276832596:0.46864518061941496 | 0.37254306742163124 | 0.48704371493860066
0.46864518061941496 | 0.37254306742163124 | 0.48704371493860066 | 0.13573406721991677 | 0.43774721276832596:0.4806645172432944 | 0.3703209895991666 | 0.48060404123020817
0.4806645172432944 | 0.3703209895991666 | 0.48060404123020817 | 0.13573406721991677 | 0.43774721276832596:0.4925560666077189 | 0.3681222019190482 | 0.47385001911072777
0.4925560666077189 | 0.3681222019190482 | 0.47385001911072777 | 0.13573406721991677 | 0.43774721276832596:0.5043119913922389 | 0.36594929705356094 | 0.46678458299045644
0.5043119913922389 | 0.36594929705356094 | 0.46678458299045644 | 0.13573406721991677 | 0.43774721276832596:0.5159245287514622 | 0.36380484378262423 | 0.4594108812590463
0.5159245287514622 | 0.36380484378262423 | 0.4594108812590463 | 0.13573406721991677 | 0.43774721276832596:0.5273859954496061 | 0.361691385409177 | 0.45173227397488347
0.5273859954496061 | 0.361691385409177 | 0.45173227397488347 | 0.13573406721991677 | 0.43774721276832596:0.5386887929281592 | 0.35961143819472596 | 0.443752330425383
0.5386887929281592 | 0.35961143819472596 | 0.443752330425383 | 0.13573406721991677 | 0.43774721276832596:0.5498254123038144 | 0.35756748981592423 | 0.4354748265605366
0.5498254123038144 | 0.35756748981592423 | 0.4354748265605366 | 0.13573406721991677 | 0.43774721276832596:0.5607884392939795 | 0.3555619978430151 | 0.42690374230163286
0.5607884392939795 | 0.3555619978430151 | 0.42690374230163286 | 0.13573406721991677 | 0.43774721276832596:0.5715705590671654 | 0.3535973882410488 | 0.41804325872745096
0.5715705590671654 | 0.3535973882410488 | 0.41804325872745096 | 0.13573406721991677 | 0.43774721276832596:0.5821645610156274 | 0.35167605389460377 | 0.4088977551401598
0.5821645610156274 | 0.35167605389460377 | 0.4088977551401598 | 0.13573406721991677 | 0.43774721276832596:0.5925633434477326 | 0.3498003531568834 | 0.39947180601305377
0.5925633434477326 | 0.3498003531568834 | 0.39947180601305377 | 0.13573406721991677 | 0.43774721276832596:0.6027599181974921 | 0.34797260842394095 | 0.3897701778227116
0.6027599181974921 | 0.34797260842394095 | 0.3897701778227116 | 0.13573406721991677 | 0.43774721276832596:0.6127474151488741 | 0.3461951047348215 | 0.379797825767767
0.6127474151488741 | 0.3461951047348215 | 0.379797825767767 | 0.13573406721991677 | 0.43774721276832596:0.6225190866724688 | 0.3444700883983316 | 0.3695598903769053
0.6225190866724688 | 0.3444700883983316 | 0.3695598903769053 | 0.8170877669882217 | -0.8501937395788268:0.6071646362889567 | 0.3299025775924136 | 0.4104421081826217
0.6071646362889567 | 0.3299025775924136 | 0.4104421081826217 | 0.8170877669882217 | -0.8501937395788268:0.5900531432220113 | 0.31362771551258106 | 0.4500903807174268
0.5900531432220113 | 0.31362771551258106 | 0.4500903807174268 | 0.8170877669882217 | -0.8501937395788268:0.5712387631779201 | 0.2956944657834306 | 0.4883569812927817
0.5712387631779201 | 0.2956944657834306 | 0.4883569812927817 | 0.8170877669882217 | -0.8501937395788268:0.5507820584493714 | 0.2761580393705074 | 0.5250985712293357
0.5507820584493714 | 0.2761580393705074 | 0.5250985712293357 | 0.8170877669882217 | -0.8501937395788268:0.528749798673001 | 0.2550797141872998 | 0.5601767429464672
0.528749798673001 | 0.2550797141872998 | 0.5601767429464672 | -0.9005125491307597 | -0.49675616848349824:0.5161704730704209 | 0.2806857068790478 | 0.5623941578673595
0.5161704730704209 | 0.2806857068790478 | 0.5623941578673595 | -0.9005125491307597 | -0.49675616848349824:0.5035250005556229 | 0.3064164935188707 | 0.5631297410670015
0.5035250005556229 | 0.3064164935188707 | 0.5631297410670015 | -0.9005125491307597 | -0.49675616848349824:0.49085116293051456 | 0.3322040516390281 | 0.5623750126899694
0.49085116293051456 | 0.3322040516390281 | 0.5623750126899694 | -0.9005125491307597 | -0.49675616848349824:0.4781869326395878 | 0.3579799175026217 | 0.5601256136031623
0.4781869326395878 | 0.3579799175026217 | 0.5601256136031623 | -0.9005125491307597 | -0.49675616848349824:0.4655703664277908 | 0.3836753783607847 | 0.5563813306875289
0.4655703664277908 | 0.3836753783607847 | 0.5563813306875289 | -0.9005125491307597 | -0.49675616848349824:0.4530394985112487 | 0.40922166585766107 | 0.5511461103651669
0.4530394985112487 | 0.40922166585766107 | 0.5511461103651669 | -0.9005125491307597 | -0.49675616848349824:0.44063223356633685 | 0.4345501500306135 | 0.5444280603071405
0.44063223356633685 | 0.4345501500306135 | 0.5444280603071405 | -0.9005125491307597 | -0.49675616848349824:0.42838623984309265 | 0.4595925333512625 | 0.536239439300715
0.42838623984309265 | 0.4595925333512625 | 0.536239439300715 | -0.9005125491307597 | -0.49675616848349824:0.41633884270896715 | 0.4842810442524197 | 0.5265966352888398
0.41633884270896715 | 0.4842810442524197 | 0.5265966352888398 | -0.9005125491307597 | -0.49675616848349824:0.404526918927651 | 0.5085486295873061 | 0.515520131628648
0.404526918927651 | 0.5085486295873061 | 0.515520131628648 | -0.18582523583695032 | -0.07198147901048646:0.40351385703001696 | 0.514371745997952 | 0.5132785613046451
0.40351385703001696 | 0.514371745997952 | 0.5132785613046451 | -0.18582523583695032 | -0.07198147901048646:0.402497062646308 | 0.5201728724960972 | 0.5109620137388475
0.402497062646308 | 0.5201728724960972 | 0.5109620137388475 | -0.18582523583695032 | -0.07198147901048646:0.40147698673751364 | 0.5259511630730351 | 0.508570823403133
0.40147698673751364 | 0.5259511630730351 | 0.508570823403133 | -0.18582523583695032 | -0.07198147901048646:0.4004540767068008 | 0.5317057776605587 | 0.5061053348612461
0.4004540767068008 | 0.5317057776605587 | 0.5061053348612461 | -0.18582523583695032 | -0.07198147901048646:0.39942877638455343 | 0.5374358822021286 | 0.5035659026599575
0.39942877638455343 | 0.5374358822021286 | 0.5035659026599575 | -0.18582523583695032 | -0.07198147901048646:0.39840152601369283 | 0.543140648722904 | 0.5009528912203365
0.39840152601369283 | 0.543140648722904 | 0.5009528912203365 | -0.18582523583695032 | -0.07198147901048646:0.39737276223535645 | 0.5488192553985805 | 0.49826667472889596
0.39737276223535645 | 0.5488192553985805 | 0.49826667472889596 | -0.18582523583695032 | -0.07198147901048646:0.39634291807485766 | 0.5544708866231325 | 0.495507637028723
0.39634291807485766 | 0.5544708866231325 | 0.495507637028723 | -0.18582523583695032 | -0.07198147901048646:0.3953124229279936 | 0.560094733075374 | 0.49267617151069487
0.3953124229279936 | 0.560094733075374 | 0.49267617151069487 | -0.18582523583695032 | -0.07198147901048646:0.3942817025476799 | 0.5656899917844243 | 0.4897726810046379
0.3942817025476799 | 0.5656899917844243 | 0.4897726810046379 | -0.18582523583695032 | -0.07198147901048646:0.3932511790308766 | 0.5712558661940186 | 0.48679757767041565
0.3932511790308766 | 0.5712558661940186 | 0.48679757767041565 | -0.18582523583695032 | -0.07198147901048646:0.3922212708058481 | 0.5767915662257366 | 0.4837512828892301
0.3922212708058481 | 0.5767915662257366 | 0.4837512828892301 | -0.18582523583695032 | -0.07198147901048646:0.39119239261973604 | 0.5822963083410926 | 0.4806342271546953
0.39119239261973604 | 0.5822963083410926 | 0.4806342271546953 | -0.18582523583695032 | -0.07198147901048646:0.3901649555264157 | 0.5877693156025572 | 0.47744684996411024
0.3901649555264157 | 0.5877693156025572 | 0.47744684996411024 | -0.18582523583695032 | -0.07198147901048646:0.3891393668747227 | 0.5932098177334453 | 0.4741895997097316
0.3891393668747227 | 0.5932098177334453 | 0.4741895997097316 | 0.7399154475541148 | 0.5109491213044208:0.40236796346675874 | 0.5762536075981615 | 0.48653893045550944
0.40236796346675874 | 0.5762536075981615 | 0.48653893045550944 | 0.7399154475541148 | 0.5109491213044208:0.41590636111675394 | 0.5588111066622901 | 0.49792045399195217
0.41590636111675394 | 0.5588111066622901 | 0.49792045399195217 | 0.7399154475541148 | 0.5109491213044208:0.42972934300006216 | 0.5409185336697107 | 0.508307266534743
0.42972934300006216 | 0.5409185336697107 | 0.508307266534743 | 0.7399154475541148 | 0.5109491213044208:0.4438109973211155 | 0.5226131494892314 | 0.5176744987235082
0.4438109973211155 | 0.5226131494892314 | 0.5176744987235082 | 0.7399154475541148 | 0.5109491213044208:0.45812477165156906 | 0.5039331795120816 | 0.5259993734984647
0.45812477165156906 | 0.5039331795120816 | 0.5259993734984647 | 0.7399154475541148 | 0.5109491213044208:0.47264352873320803 | 0.4849177338458759 | 0.5332612595307893
0.47264352873320803 | 0.4849177338458759 | 0.5332612595307893 | 0.7399154475541148 | 0.5109491213044208:0.4873396036252231 | 0.46560672547693827 | 0.5394417200875381
0.4873396036252231 | 0.46560672547693827 | 0.5394417200875381 | 0.7399154475541148 | 0.5109491213044208:0.5021848620726743 | 0.4460407865773206 | 0.5445245572218482
0.5021848620726743 | 0.4460407865773206 | 0.5445245572218482 | 0.7399154475541148 | 0.5109491213044208:0.5171507599704128 | 0.4262611831370293 | 0.548495851189216
