0.0 | 0.0 | 0.0 | 0.19492446200083524 | 0.5750708751982452:2.8748216412703513E-4 | -9.746068803662133E-5 | 0.009995391709162593
2.8748216412703513E-4 | -9.746068803662133E-5 | 0.009995391709162593 | 0.19492446200083524 | 0.5750708751982452:0.0011436245588862899 | -3.8779495075513815E-4 | 0.019863326457179347
0.0011436245588862899 | -3.8779495075513815E-4 | 0.019863326457179347 | 0.19492446200083524 | 0.5750708751982452:0.0025582835242325182 | -8.676958781796973E-4 | 0.02957789191731943
0.0025582835242325182 | -8.676958781796973E-4 | 0.02957789191731943 | -0.8944556299155695 | 0.273013511619812:0.003929542262136682 | 6.043551396848201E-4 | 0.039202906529941364
0.003929542262136682 | 6.043551396848201E-4 | 0.039202906529941364 | -0.8944556299155695 | 0.273013511619812:0.005551496159624391 | 0.002930883160103037 | 0.04860623440563969
0.005551496159624391 | 0.002930883160103037 | 0.04860623440563969 | -0.8944556299155695 | 0.273013511619812:0.007417394678785079 | 0.006090839660356284 | 0.05772743578698297
0.007417394678785079 | 0.006090839660356284 | 0.05772743578698297 | -0.8944556299155695 | 0.273013511619812:0.009519457558289632 | 0.010059764353487655 | 0.06650787941249164
0.009519457558289632 | 0.010059764353487655 | 0.06650787941249164 | -0.8944556299155695 | 0.273013511619812:0.011848913881185294 | 0.014809908879897749 | 0.07489093455045692
0.011848913881185294 | 0.014809908879897749 | 0.07489093455045692 | 0.18322079879875774 | 0.6033797504208525:0.015791461650420953 | 0.015810108749718554 | 0.0835460153632187
0.015791461650420953 | 0.015810108749718554 | 0.0835460153632187 | 0.18322079879875774 | 0.6033797504208525:0.020242598345240934 | 0.016633194508387628 | 0.09195847776198385
0.020242598345240934 | 0.016633194508387628 | 0.09195847776198385 | 0.18322079879875774 | 0.6033797504208525:0.025188257367380784 | 0.017283543959658476 | 0.10010450449706165
0.025188257367380784 | 0.017283543959658476 | 0.10010450449706165 | 0.18322079879875774 | 0.6033797504208525:0.030613521231699636 | 0.017765794600592355 | 0.10796104035700216
0.030613521231699636 | 0.017765794600592355 | 0.10796104035700216 | 0.18322079879875774 | 0.6033797504208525:0.03650265502061492 | 0.01808483361902591 | 0.11550582139718091
0.03650265502061492 | 0.01808483361902591 | 0.11550582139718091 | -0.7790608416910989 | 0.3319219944693328:0.04115267269425246 | 0.024186293982889295 | 0.12226668548369624
0.04115267269425246 | 0.024186293982889295 | 0.12226668548369624 | -0.7790608416910989 | 0.3319219944693328:0.04601549496088761 | 0.03084418247335652 | 0.12851021257767115
0.04601549496088761 | 0.03084418247335652 | 0.12851021257767115 | -0.7790608416910989 | 0.3319219944693328:0.05107766997997154 | 0.038027151916599555 | 0.13420060027671754
0.05107766997997154 | 0.038027151916599555 | 0.13420060027671754 | -0.7790608416910989 | 0.3319219944693328:0.05632504495968377 | 0.045702173808778945 | 0.13930413175451895
0.05632504495968377 | 0.045702173808778945 | 0.13930413175451895 | -0.7790608416910989 | 0.3319219944693328:0.061742813443545375 | 0.053834647657141965 | 0.1437892584621865
0.061742813443545375 | 0.053834647657141965 | 0.1437892584621865 | -0.7790608416910989 | 0.3319219944693328:0.06731556387997956 | 0.06238851345822105 | 0.1476266764077805
0.06731556387997956 | 0.06238851345822105 | 0.1476266764077805 | -0.7790608416910989 | 0.3319219944693328:0.07302732934480544 | 0.0713263670103419 | 0.15078939589072604
0.07302732934480544 | 0.0713263670103419 | 0.15078939589072604 | -0.7790608416910989 | 0.3319219944693328:0.0788616382853069 | 0.08060957775417671 | 0.15325280458405155
0.0788616382853069 | 0.08060957775417671 | 0.15325280458405155 | -0.7790608416910989 | 0.3319219944693328:0.08480156615347434 | 0.09019840883230706 | 0.1549947238736351
0.08480156615347434 | 0.09019840883230706 | 0.1549947238736351 | -0.7790608416910989 | 0.3319219944693328:0.09082978779526729 | 0.10005213905669463 | 0.15599545837994144
0.09082978779526729 | 0.10005213905669463 | 0.15599545837994144 | -0.7790608416910989 | 0.3319219944693328:0.09692863046230404 | 0.11012918647158765 | 0.1562378386040293
0.09692863046230404 | 0.11012918647158765 | 0.1562378386040293 | -0.7790608416910989 | 0.3319219944693328:0.10308012731222715 | 0.12038723319872086 | 0.1557072566558637
0.10308012731222715 | 0.12038723319872086 | 0.1557072566558637 | -0.7790608416910989 | 0.3319219944693328:0.10926607126413912 | 0.1307833512516789 | 0.15439169503917372
0.10926607126413912 | 0.1307833512516789 | 0.15439169503917372 | -0.7790608416910989 | 0.3319219944693328:0.11546806907593066 | 0.14127412900699615 | 0.15228174848317533
0.11546806907593066 | 0.14127412900699615 | 0.15228174848317533 | -0.7790608416910989 | 0.3319219944693328:0.12166759551104245 | 0.15181579802093675 | 0.14937063882745338
0.12166759551104245 | 0.15181579802093675 | 0.14937063882745338 | -0.7790608416910989 | 0.3319219944693328:0.12784604746320505 | 0.1623643598829384 | 0.14565422298207098
0.12784604746320505 | 0.1623643598829384 | 0.14565422298207098 | -0.7790608416910989 | 0.3319219944693328:0.1339847979089681 | 0.17287571279939495 | 0.1411309940005907
0.1339847979089681 | 0.17287571279939495 | 0.1411309940005907 | -0.7790608416910989 | 0.3319219944693328:0.14006524955938948 | 0.18330577760478917 | 0.13580207531904565
0.14006524955938948 | 0.18330577760478917 | 0.13580207531904565 | -0.7790608416910989 | 0.3319219944693328:0.14606888808405993 | 0.19361062290114806 | 0.1296712082290088
0.14606888808405993 | 0.19361062290114806 | 0.1296712082290088 | -0.7790608416910989 | 0.3319219944693328:0.15197733478271913 | 0.2037465890313741 | 0.12274473266774066
0.15197733478271913 | 0.2037465890313741 | 0.12274473266774066 | -0.7790608416910989 | 0.3319219944693328:0.1577723985820385 | 0.21367041059718295 | 0.11503156142288473
0.1577723985820385 | 0.21367041059718295 | 0.11503156142288473 | -0.7790608416910989 | 0.3319219944693328:0.16343612723772294 | 0.22333933723813493 | 0.1065431478633605
0.16343612723772294 | 0.22333933723813493 | 0.1065431478633605 | -0.7790608416910989 | 0.3319219944693328:0.16895085762489126 | 0.23271125239457802 | 0.09729344732188538
0.16895085762489126 | 0.23271125239457802 | 0.09729344732188538 | -0.7790608416910989 | 0.3319219944693328:0.17429926500272996 | 0.2417447897841909 | 0.08729887226795618
0.17429926500272996 | 0.2417447897841909 | 0.08729887226795618 | -0.7790608416910989 | 0.3319219944693328:0.1794644111426824 | 0.2503994473292104 | 0.07657824142310687
0.1794644111426824 | 0.2503994473292104 | 0.07657824142310687 | -0.7790608416910989 | 0.3319219944693328:0.18442979121290382 | 0.2586356982793401 | 0.06515272298278152
0.18442979121290382 | 0.2586356982793401 | 0.06515272298278152 | -0.7790608416910989 | 0.3319219944693328:0.1891793793153811 | 0.2664150992837264 | 0.05304577212124606
0.1891793793153811 | 0.2664150992837264 | 0.05304577212124606 | -0.7790608416910989 | 0.3319219944693328:0.193697672576004 | 0.27370039517424205 | 0.04028306296753925
0.193697672576004 | 0.27370039517424205 | 0.04028306296753925 | -0.7790608416910989 | 0.3319219944693328:0.1979697336919024 | 0.2804556202316193 | 0.02689241525153907
0.1979697336919024 | 0.2804556202316193 | 0.02689241525153907 | -0.7790608416910989 | 0.3319219944693328:0.2019812318446137 | 0.2866461957156945 | 0.012903715829785334
0.2019812318446137 | 0.2866461957156945 | 0.012903715829785334 | -0.7790608416910989 | 0.3319219944693328:0.2057184818920197 | 0.2922390234511183 | -0.0016511646893055953
0.2057184818920197 | 0.2922390234511183 | -0.0016511646893055953 | -0.7790608416910989 | 0.3319219944693328:0.20916848175654312 | 0.2972025752703864 | -0.01673845999172574
0.20916848175654312 | 0.2972025752703864 | -0.01673845999172574 | -0.7790608416910989 | 0.3319219944693328:0.21231894793176576 | 0.30150697812685845 | -0.03232260053768954
0.21231894793176576 | 0.30150697812685845 | -0.03232260053768954 | -0.7790608416910989 | 0.3319219944693328:0.2151583490344695 | 0.305124094701565 | -0.04836631022870019
0.2151583490344695 | 0.305124094701565 | -0.04836631022870019 | -0.7790608416910989 | 0.3319219944693328:0.21767593733401203 | 0.30802759933906554 | -0.06483070700790883
0.21767593733401203 | 0.30802759933906554 | -0.06483070700790883 | -0.7790608416910989 | 0.3319219944693328:0.21986177819600083 | 0.3101930491592899 | -0.08167540713270949
0.21986177819600083 | 0.3101930491592899 | -0.08167540713270949 | -0.7790608416910989 | 0.3319219944693328:0.22170677738238265 | 0.3115979502042583 | -0.09885863285206664
0.22170677738238265 | 0.3115979502042583 | -0.09885863285206664 | -0.7790608416910989 | 0.3319219944693328:0.22320270615526994 | 0.3122218184907162 | -0.11633732321522716
0.22320270615526994 | 0.3122218184907162 | -0.11633732321522716 | -0.7790608416910989 | 0.3319219944693328:0.22434222413714444 | 0.31204623585208147 | -0.13406724773325474
0.22434222413714444 | 0.31204623585208147 | -0.13406724773325474 | -0.7790608416910989 | 0.3319219944693328:0.22511889988542855 | 0.31105490046556206 | -0.15200312261030202
0.22511889988542855 | 0.31105490046556206 | -0.15200312261030202 | 0.9924469609967193 | -0.787039494594207:0.23358424564860858 | 0.3227351210698224 | -0.12923627383788272
0.23358424564860858 | 0.3227351210698224 | -0.12923627383788272 | 0.9924469609967193 | -0.787039494594207:0.2411521336947242 | 0.33330988552751606 | -0.10523192002084159
0.2411521336947242 | 0.33330988552751606 | -0.10523192002084159 | 0.9924469609967193 | -0.787039494594207:0.24776199242745545 | 0.3427005162432275 | -0.08008418185953081
0.24776199242745545 | 0.3427005162432275 | -0.08008418185953081 | 0.9924469609967193 | -0.787039494594207:0.2533574043668052 | 0.350833386080736 | -0.053894747220936345
0.2533574043668052 | 0.350833386080736 | -0.053894747220936345 | 0.9924469609967193 | -0.787039494594207:0.2578864444274771 | 0.35764035664084837 | -0.026772400635292293
0.2578864444274771 | 0.35764035664084837 | -0.026772400635292293 | 0.9035458245277401 | 0.8880108976748864:0.26041212141769865 | 0.3630150931403442 | -0.02230786351437919
0.26041212141769865 | 0.3630150931403442 | -0.02230786351437919 | 0.9035458245277401 | 0.8880108976748864:0.2631051419436776 | 0.368145284480633 | -0.01765900133869991
0.2631051419436776 | 0.368145284480633 | -0.01765900133869991 | 0.9035458245277401 | 0.8880108976748864:0.26597613719056135 | 0.3730204561953432 | -0.012845360894695457
0.26597613719056135 | 0.3730204561953432 | -0.012845360894695457 | 0.9035458245277401 | 0.8880108976748864:0.2690347697769564 | 0.37763108572040593 | -0.00788762963009182
0.2690347697769564 | 0.37763108572040593 | -0.00788762963009182 | 0.9035458245277401 | 0.8880108976748864:0.2722896765952001 | 0.38196866281832165 | -0.0028075389048511923
0.2722896765952001 | 0.38196866281832165 | -0.0028075389048511923 | -0.0323854508187813 | 0.6807357306620907:0.27509395835299877 | 0.3862865533578841 | -0.01283376097053246
0.27509395835299877 | 0.3862865533578841 | -0.01283376097053246 | -0.0323854508187813 | 0.6807357306620907:0.27751755837605785 | 0.39054473783338395 | -0.023065705170806527
0.27751755837605785 | 0.39054473783338395 | -0.023065705170806527 | -0.0323854508187813 | 0.6807357306620907:0.27955042350153647 | 0.39474314297678426 | -0.03348770958158864
0.27955042350153647 | 0.39474314297678426 | -0.03348770958158864 | -0.0323854508187813 | 0.6807357306620907:0.2811831579256143 | 0.39888172227656504 | -0.044083695526301536
0.2811831579256143 | 0.39888172227656504 | -0.044083695526301536 | -0.0323854508187813 | 0.6807357306620907:0.28240703856678095 | 0.4029604567726146 | -0.05483719511168639
0.28240703856678095 | 0.4029604567726146 | -0.05483719511168639 | 0.1894826784485597 | -0.3454877350123:0.2861345130942503 | 0.40757614726775415 | -0.046601730169010924
0.2861345130942503 | 0.40757614726775415 | -0.046601730169010924 | 0.1894826784485597 | -0.3454877350123:0.2896964943104905 | 0.41207669477355857 | -0.0381669836799694
0.2896964943104905 | 0.41207669477355857 | -0.0381669836799694 | 0.1894826784485597 | -0.3454877350123:0.2930882257748273 | 0.4164597171172417 | -0.02953861043644679
0.2930882257748273 | 0.4164597171172417 | -0.02953861043644679 | 0.1894826784485597 | -0.3454877350123:0.2963050921813828 | 0.42072290645504573 | -0.020722379773720156
0.2963050921813828 | 0.42072290645504573 | -0.020722379773720156 | 0.1894826784485597 | -0.3454877350123:0.29934262105778053 | 0.42486403024905073 | -0.011724171376944259
0.29934262105778053 | 0.42486403024905073 | -0.011724171376944259 | 0.4366685019633483 | 0.8690647680458916:0.30171494872977433 | 0.4289442005653843 | -0.015589548963584665
0.30171494872977433 | 0.4289442005653843 | -0.015589548963584665 | 0.4366685019633483 | 0.8690647680458916:0.30388839610618135 | 0.4330706886876463 | -0.019496804332550077
0.30388839610618135 | 0.4330706886876463 | -0.019496804332550077 | 0.4366685019633483 | 0.8690647680458916:0.3058603057256146 | 0.43724547755805254 | -0.02343527404758161
0.3058603057256146 | 0.43724547755805254 | -0.02343527404758161 | 0.4366685019633483 | 0.8690647680458916:0.30762854180348853 | 0.44147028494905527 | -0.02739409001386095
0.30762854180348853 | 0.44147028494905527 | -0.02739409001386095 | 0.4366685019633483 | 0.8690647680458916:0.30919150027226117 | 0.445746558119005 | -0.03136221183816357
0.30919150027226117 | 0.445746558119005 | -0.03136221183816357 | -0.4143717827933968 | 0.90683999503404:0.30961391776698655 | 0.44874049254166337 | -0.0550213912195292
0.30961391776698655 | 0.44874049254166337 | -0.0550213912195292 | -0.4143717827933968 | 0.90683999503404:0.30890846197893573 | 0.45119604315267026 | -0.0789195292120497
0.30890846197893573 | 0.45119604315267026 | -0.0789195292120497 | -0.4143717827933968 | 0.90683999503404:0.3070581909799479 | 0.4531050207408036 | -0.10298863190798979
0.3070581909799479 | 0.4531050207408036 | -0.10298863190798979 | -0.4143717827933968 | 0.90683999503404:0.3040496017284955 | 0.454460792160166 | -0.12715949572109375
0.3040496017284955 | 0.454460792160166 | -0.12715949572109375 | -0.4143717827933968 | 0.90683999503404:0.2998726920983579 | 0.45525831088629687 | -0.1513619188778783
0.2998726920983579 | 0.45525831088629687 | -0.1513619188778783 | -0.739989137462365 | 0.16701246383369472:0.30074921287206813 | 0.4527964744937094 | -0.17190637144579846
0.30074921287206813 | 0.4527964744937094 | -0.17190637144579846 | -0.739989137462365 | 0.16701246383369472:0.3014201663742515 | 0.4494915887130233 | -0.19248350923604995
0.3014201663742515 | 0.4494915887130233 | -0.19248350923604995 | -0.739989137462365 | 0.16701246383369472:0.30188483920529485 | 0.4453391217795115 | -0.21305560992349992
0.30188483920529485 | 0.4453391217795115 | -0.21305560992349992 | -0.739989137462365 | 0.16701246383369472:0.3021428821137313 | 0.44033615776638513 | -0.23358470746469862
0.3021428821137313 | 0.44033615776638513 | -0.23358470746469862 | -0.739989137462365 | 0.16701246383369472:0.3021943117742296 | 0.4344814057354469 | -0.2540326644808948
0.3021943117742296 | 0.4344814057354469 | -0.2540326644808948 | -0.739989137462365 | 0.16701246383369472:0.3020395118780925 | 0.42777520584656514 | -0.27436124488921676
0.3020395118780925 | 0.42777520584656514 | -0.27436124488921676 | -0.739989137462365 | 0.16701246383369472:0.30167923353651815 | 0.4202195324246354 | -0.29453218665042646
0.30167923353651815 | 0.4202195324246354 | -0.29453218665042646 | -0.739989137462365 | 0.16701246383369472:0.3011145949980474 | 0.4118179939879596 | -0.3145072745020555
0.3011145949980474 | 0.4118179939879596 | -0.3145072745020555 | -0.739989137462365 | 0.16701246383369472:0.30034708068282967 | 0.4025758302472653 | -0.33424841254636656
0.30034708068282967 | 0.4025758302472653 | -0.33424841254636656 | -0.739989137462365 | 0.16701246383369472:0.2993785395374964 | 0.39249990608979246 | -0.3537176965634259
0.2993785395374964 | 0.39249990608979246 | -0.3537176965634259 | -0.739989137462365 | 0.16701246383369472:0.29821118271561886 | 0.38159870256797035 | -0.3728774859206268
0.29821118271561886 | 0.38159870256797035 | -0.3728774859206268 | -0.739989137462365 | 0.16701246383369472:0.2968475805898301 | 0.369882304917418 | -0.39169047495127307
0.2968475805898301 | 0.369882304917418 | -0.39169047495127307 | -0.739989137462365 | 0.16701246383369472:0.29529065910283947 | 0.35736238763388783 | -0.41011976367629877
0.29529065910283947 | 0.35736238763388783 | -0.41011976367629877 | -0.739989137462365 | 0.16701246383369472:0.29354369546566517 | 0.3440521966438581 | -0.4281289277448779
0.29354369546566517 | 0.3440521966438581 | -0.4281289277448779 | -0.739989137462365 | 0.16701246383369472:0.29161031321257624 | 0.3299665286082103 | -0.44568208747155036
0.29161031321257624 | 0.3299665286082103 | -0.44568208747155036 | 0.5142879703939787 | -0.3014569159113576:0.2999418317953513 | 0.34335114052518634 | -0.4351845832476715
0.2999418317953513 | 0.34335114052518634 | -0.4351845832476715 | 0.5142879703939787 | -0.3014569159113576:0.30812875971776066 | 0.3565060478651141 | -0.42411684425626683
0.30812875971776066 | 0.3565060478651141 | -0.42411684425626683 | 0.5142879703939787 | -0.3014569159113576:0.3161608245152294 | 0.3694135256868094 | -0.4124868769897878
0.3161608245152294 | 0.3694135256868094 | -0.4124868769897878 | 0.5142879703939787 | -0.3014569159113576:0.3240278967159753 | 0.3820560847506158 | -0.4003034049077332
0.3240278967159753 | 0.3820560847506158 | -0.4003034049077332 | 0.5142879703939787 | -0.3014569159113576:0.33172000202313967 | 0.3944164924274176 | -0.38757585793087035
0.33172000202313967 | 0.3944164924274176 | -0.38757585793087035 | 0.9632325955932746 | 0.4087796803033994:0.3259120796228565 | 0.4148908123939741 | -0.3769052283629044
0.3259120796228565 | 0.4148908123939741 | -0.3769052283629044 | 0.9632325955932746 | 0.4087796803033994:0.3202856132773597 | 0.43490073896397874 | -0.36504939466912845
0.3202856132773597 | 0.43490073896397874 | -0.36504939466912845 | 0.9632325955932746 | 0.4087796803033994:0.31486689550375857 | 0.45438437969656675 | -0.3520324755190938
0.31486689550375857 | 0.45438437969656675 | -0.3520324755190938 | 0.9632325955932746 | 0.4087796803033994:0.30968170040692655 | 0.47328096507826345 | -0.33788242189936835
0.30968170040692655 | 0.47328096507826345 | -0.33788242189936835 | 0.9632325955932746 | 0.4087796803033994:0.3047551990904225 | 0.4915310495751477 | -0.32263094932086833
0.3047551990904225 | 0.4915310495751477 | -0.32263094932086833 | 0.5902342587622562 | 0.5259363672725137:0.2980641517483029 | 0.5033913657197893 | -0.3175044298983609
0.2980641517483029 | 0.5033913657197893 | -0.3175044298983609 | 0.5902342587622562 | 0.5259363672725137:0.29146375639616906 | 0.5151156665087449 | -0.31180355633958
0.29146375639616906 | 0.5151156665087449 | -0.31180355633958 | 0.5902342587622562 | 0.5259363672725137:0.2849709303222845 | 0.5266853145097237 | -0.30553369571632416
0.2849709303222845 | 0.5266853145097237 | -0.30553369571632416 | 0.5902342587622562 | 0.5259363672725137:0.2786024462803063 | 0.5380818138660075 | -0.29870132345673994
0.2786024462803063 | 0.5380818138660075 | -0.29870132345673994 | 0.5902342587622562 | 0.5259363672725137:0.27237490025598277 | 0.5492868466456926 | -0.29131401439781346
0.27237490025598277 | 0.5492868466456926 | -0.29131401439781346 | 0.6692325365707963 | 0.10496065177598113:0.27222168742870423 | 0.5613692187071884 | -0.27549749590848105
0.27222168742870423 | 0.5613692187071884 | -0.27549749590848105 | 0.6692325365707963 | 0.10496065177598113:0.2721344409277684 | 0.5729307498644332 | -0.2591904147102646
0.2721344409277684 | 0.5729307498644332 | -0.2591904147102646 | 0.6692325365707963 | 0.10496065177598113:0.2721163267756168 | 0.5839520269185243 | -0.24241122447539354
0.2721163267756168 | 0.5839520269185243 | -0.24241122447539354 | 0.6692325365707963 | 0.10496065177598113:0.2721704012322661 | 0.5944143129608221 | -0.22517914275149487
0.2721704012322661 | 0.5944143129608221 | -0.22517914275149487 | 0.6692325365707963 | 0.10496065177598113:0.27229960644989504 | 0.6042995756325951 | -0.2075141245360541
0.27229960644989504 | 0.6042995756325951 | -0.2075141245360541 | 0.8729172121809905 | 0.13900474334770552:0.27222740974553616 | 0.6154733389475737 | -0.1836419826788518
0.27222740974553616 | 0.6154733389475737 | -0.1836419826788518 | 0.8729172121809905 | 0.13900474334770552:0.2723076937614266 | 0.6256001154538069 | -0.1591881011262597
0.2723076937614266 | 0.6256001154538069 | -0.1591881011262597 | 0.8729172121809905 | 0.13900474334770552:0.2725451497587379 | 0.6346504073521899 | -0.13420073093100982
0.2725451497587379 | 0.6346504073521899 | -0.13420073093100982 | 0.8729172121809905 | 0.13900474334770552:0.2729441071399883 | 0.6425969468688635 | -0.10872961284399452
0.2729441071399883 | 0.6425969468688635 | -0.10872961284399452 | 0.8729172121809905 | 0.13900474334770552:0.27350852250431856 | 0.6494147674541253 | -0.08282586936794445
0.27350852250431856 | 0.6494147674541253 | -0.08282586936794445 | 0.8729172121809905 | 0.13900474334770552:0.2742419695354563 | 0.6550812698241515 | -0.05654189343879601
0.2742419695354563 | 0.6550812698241515 | -0.05654189343879601 | 0.8729172121809905 | 0.13900474334770552:0.2751476297455113 | 0.6595762826945233 | -0.02993123398890951
0.2751476297455113 | 0.6595762826945233 | -0.02993123398890951 | 0.8729172121809905 | 0.13900474334770552:0.2762282840957475 | 0.6628821180670457 | -0.003048478652935671
0.2762282840957475 | 0.6628821180670457 | -0.003048478652935671 | 0.8729172121809905 | 0.13900474334770552:0.27748630551348796 | 0.6649836209436302 | 0.02405086611680396
0.27748630551348796 | 0.6649836209436302 | 0.02405086611680396 | 0.8729172121809905 | 0.13900474334770552:0.2789236523223231 | 0.6658682133538107 | 0.05131049725310888
0.2789236523223231 | 0.6658682133538107 | 0.05131049725310888 | 0.6856221004567302 | -0.5144131176910884:0.2779826527949538 | 0.666251738204501 | 0.08156150910193638
0.2779826527949538 | 0.666251738204501 | 0.08156150910193638 | 0.6856221004567302 | -0.5144131176910884:0.2762430749145821 | 0.6655608719608068 | 0.11188315018988781
0.2762430749145821 | 0.6655608719608068 | 0.11188315018988781 | 0.6856221004567302 | -0.5144131176910884:0.273701778786414 | 0.6637905058740898 | 0.14221501051836327
0.273701778786414 | 0.6637905058740898 | 0.14221501051836327 | 0.6856221004567302 | -0.5144131176910884:0.2703572880654299 | 0.6609377414796924 | 0.17249633528682828
0.2703572880654299 | 0.6609377414796924 | 0.17249633528682828 | 0.6856221004567302 | -0.5144131176910884:0.2662097987894896 | 0.6570019045710822 | 0.20266615261974508
0.2662097987894896 | 0.6570019045710822 | 0.20266615261974508 | 0.6856221004567302 | -0.5144131176910884:0.26126118465939996 | 0.6519845544496903 | 0.23266340196519586
0.26126118465939996 | 0.6519845544496903 | 0.23266340196519586 | 0.6856221004567302 | -0.5144131176910884:0.25551499875478 | 0.6458894884308393 | 0.2624270628925025
0.25551499875478 | 0.6458894884308393 | 0.2624270628925025 | 0.6856221004567302 | -0.5144131176910884:0.2489764716821803 | 0.6387227415962329 | 0.2918962840155981
0.2489764716821803 | 0.6387227415962329 | 0.2918962840155981 | 0.6856221004567302 | -0.5144131176910884:0.24165250615929423 | 0.6304925817936748 | 0.32101051176913575
0.24165250615929423 | 0.6304925817936748 | 0.32101051176913575 | 0.6856221004567302 | -0.5144131176910884:0.23355166804661565 | 0.6212094998942703 | 0.34970961876488005
0.23355166804661565 | 0.6212094998942703 | 0.34970961876488005 | 0.18595332907130824 | 0.2690841399952044:0.23910664205837406 | 0.6199891939092836 | 0.3534691880649028
0.23910664205837406 | 0.6199891939092836 | 0.3534691880649028 | 0.18595332907130824 | 0.2690841399952044:0.24471941265672825 | 0.6187025183775887 | 0.35713865574001247
0.24471941265672825 | 0.6187025183775887 | 0.35713865574001247 | 0.18595332907130824 | 0.2690841399952044:0.250388623950176 | 0.6173506622996427 | 0.36071628039897696
0.250388623950176 | 0.6173506622996427 | 0.36071628039897696 | 0.18595332907130824 | 0.2690841399952044:0.2561128934689023 | 0.6159348306190964 | 0.36420035875584755
0.2561128934689023 | 0.6159348306190964 | 0.36420035875584755 | 0.18595332907130824 | 0.2690841399952044:0.26189081283056126 | 0.6144562437908547 | 0.3675892260875333
0.26189081283056126 | 0.6144562437908547 | 0.3675892260875333 | 0.18595332907130824 | 0.2690841399952044:0.2677209484099947 | 0.6129161373460619 | 0.37088125667609795
0.2677209484099947 | 0.6129161373460619 | 0.37088125667609795 | 0.18595332907130824 | 0.2690841399952044:0.27360184201273086 | 0.6113157614541862 | 0.37407486423574454
0.27360184201273086 | 0.6113157614541862 | 0.37407486423574454 | 0.18595332907130824 | 0.2690841399952044:0.2795320115519573 | 0.609656380482285 | 0.37716850232448706
0.2795320115519573 | 0.609656380482285 | 0.37716850232448706 | 0.18595332907130824 | 0.2690841399952044:0.2855099517288693 | 0.6079392725517607 | 0.3801606647404885
0.2855099517288693 | 0.6079392725517607 | 0.3801606647404885 | 0.18595332907130824 | 0.2690841399952044:0.29153413471606626 | 0.6061657290925027 | 0.38304988590306044
0.29153413471606626 | 0.6061657290925027 | 0.38304988590306044 | -0.751160886188939 | 0.9673026695827338:0.30949959941194294 | 0.6219316251276794 | 0.34651165426132513
0.30949959941194294 | 0.6219316251276794 | 0.34651165426132513 | -0.751160886188939 | 0.9673026695827338:0.3256851263488585 | 0.6363325464624197 | 0.3084597354296763
0.3256851263488585 | 0.6363325464624197 | 0.3084597354296763 | -0.751160886188939 | 0.9673026695827338:0.34001587428856084 | 0.6493078783151134 | 0.2690333175204054
0.34001587428856084 | 0.6493078783151134 | 0.2690333175204054 | -0.751160886188939 | 0.9673026695827338:0.35242395969426354 | 0.6608022924775199 | 0.22837770625866582
0.35242395969426354 | 0.6608022924775199 | 0.22837770625866582 | -0.751160886188939 | 0.9673026695827338:0.36284875740413014 | 0.6707659912059043 | 0.18664377074168526
0.36284875740413014 | 0.6707659912059043 | 0.18664377074168526 | -0.751160886188939 | 0.9673026695827338:0.37123717305809123 | 0.679154929635331 | 0.14398736489049657
0.37123717305809123 | 0.679154929635331 | 0.14398736489049657 | -0.751160886188939 | 0.9673026695827338:0.3775438861045899 | 0.6859310157629253 | 0.10056872688122542
0.3775438861045899 | 0.6859310157629253 | 0.10056872688122542 | -0.751160886188939 | 0.9673026695827338:0.38173156233170147 | 0.6910622871358285 | 0.05655185893587866
0.38173156233170147 | 0.6910622871358285 | 0.05655185893587866 | -0.751160886188939 | 0.9673026695827338:0.38377103498928733 | 0.6945230634728574 | 0.01210388993583944
0.38377103498928733 | 0.6945230634728574 | 0.01210388993583944 | -0.751160886188939 | 0.9673026695827338:0.38364145369493485 | 0.6962940745453992 | -0.03260557660539165
0.38364145369493485 | 0.6962940745453992 | -0.03260557660539165 | -0.751160886188939 | 0.9673026695827338:0.3813304004457905 | 0.6963625627422871 | -0.07740512661059507
0.3813304004457905 | 0.6963625627422871 | -0.07740512661059507 | -0.751160886188939 | 0.9673026695827338:0.37683397219078074 | 0.694722359845386 | -0.12212220889617953
0.37683397219078074 | 0.694722359845386 | -0.12212220889617953 | -0.751160886188939 | 0.9673026695827338:0.37015682955205165 | 0.6913739376458992 | -0.166583815324425
0.37015682955205165 | 0.6913739376458992 | -0.166583815324425 | -0.751160886188939 | 0.9673026695827338:0.3613122114209588 | 0.6863244321370274 | -0.21061716492557592
0.3613122114209588 | 0.6863244321370274 | -0.21061716492557592 | -0.751160886188939 | 0.9673026695827338:0.35032191529123935 | 0.6795876411246979 | -0.25405038924475276
0.35032191529123935 | 0.6795876411246979 | -0.25405038924475276 | -0.751160886188939 | 0.9673026695827338:0.3372162433302037 | 0.6711839952053325 | -0.2967132161597492
0.3372162433302037 | 0.6711839952053325 | -0.2967132161597492 | -0.751160886188939 | 0.9673026695827338:0.3220339143269513 | 0.6611405021668872 | -0.33843764941797216
0.3220339143269513 | 0.6611405021668872 | -0.33843764941797216 | -0.751160886188939 | 0.9673026695827338:0.3048219417943656 | 0.6494906649766676 | -0.37905864115411925
0.3048219417943656 | 0.6494906649766676 | -0.37905864115411925 | -0.751160886188939 | 0.9673026695827338:0.28563547863826955 | 0.6362743736258949 | -0.4184147546745054
0.28563547863826955 | 0.6362743736258949 | -0.4184147546745054 | -0.751160886188939 | 0.9673026695827338:0.2645376289423069 | 0.6215377712067038 | -0.4563488148293082
0.2645376289423069 | 0.6215377712067038 | -0.4563488148293082 | -0.6047209228141379 | -0.7083069368595638:0.2818255033541348 | 0.6088347052809837 | -0.46632042447041133
0.2818255033541348 | 0.6088347052809837 | -0.46632042447041133 | -0.6047209228141379 | -0.7083069368595638:0.29947349778212384 | 0.5957900273786692 | -0.47529247237782624
0.29947349778212384 | 0.5957900273786692 | -0.47529247237782624 | -0.6047209228141379 | -0.7083069368595638:0.3174455107342311 | 0.5824343778027696 | -0.48324040648708966
0.3174455107342311 | 0.5824343778027696 | -0.48324040648708966 | -0.6047209228141379 | -0.7083069368595638:0.3357045391009166 | 0.5687991990352685 | -0.49014194637183106
0.3357045391009166 | 0.5687991990352685 | -0.49014194637183106 | -0.6047209228141379 | -0.7083069368595638:0.3542127624281406 | 0.5549166646948578 | -0.49597714178785424
0.3542127624281406 | 0.5549166646948578 | -0.49597714178785424 | -0.6105969097784907 | -0.18423672548693681:0.35968572703441737 | 0.5406686823128837 | -0.510486392761309
0.35968572703441737 | 0.5406686823128837 | -0.510486392761309 | -0.6105969097784907 | -0.18423672548693681:0.3652905814876064 | 0.5259395856633091 | -0.5245193241213668
0.3652905814876064 | 0.5259395856633091 | -0.5245193241213668 | -0.6105969097784907 | -0.18423672548693681:0.37102291054920755 | 0.5107441130683696 | -0.5380587270180133
0.37102291054920755 | 0.5107441130683696 | -0.5380587270180133 | -0.6105969097784907 | -0.18423672548693681:0.3768781296037247 | 0.4950975684120209 | -0.5510879063906966
0.3768781296037247 | 0.4950975684120209 | -0.5510879063906966 | -0.6105969097784907 | -0.18423672548693681:0.3828514898540831 | 0.4790158042618202 | -0.563590700941484
0.3828514898540831 | 0.4790158042618202 | -0.563590700941484 | -0.6105969097784907 | -0.18423672548693681:0.38893808370554694 | 0.46251520435590976 | -0.5755515024893239
0.38893808370554694 | 0.46251520435590976 | -0.5755515024893239 | -0.6105969097784907 | -0.18423672548693681:0.39513285033180523 | 0.4456126654763892 | -0.5869552746840281
0.39513285033180523 | 0.4456126654763892 | -0.5869552746840281 | -0.6105969097784907 | -0.18423672548693681:0.40143058141660504 | 0.4283255787303091 | -0.5977875710593619
0.40143058141660504 | 0.4283255787303091 | -0.5977875710593619 | -0.6105969097784907 | -0.18423672548693681:0.4078259270640743 | 0.4106718102605953 | -0.6080345524053801
0.4078259270640743 | 0.4106718102605953 | -0.6080345524053801 | -0.6105969097784907 | -0.18423672548693681:0.414313401870956 | 0.39266968140972835 | -0.6176830034410017
0.414313401870956 | 0.39266968140972835 | -0.6176830034410017 | -0.6105969097784907 | -0.18423672548693681:0.4208873911533857 | 0.37433794835943957 | -0.6267203487686288
0.4208873911533857 | 0.37433794835943957 | -0.6267203487686288 | -0.6105969097784907 | -0.18423672548693681:0.4275421573211773 | 0.3556957812701569 | -0.6351346680934569
0.4275421573211773 | 0.3556957812701569 | -0.6351346680934569 | -0.6105969097784907 | -0.18423672548693681:0.4342718463920434 | 0.33676274294491293 | -0.6429147106909987
0.4342718463920434 | 0.33676274294491293 | -0.6429147106909987 | -0.6105969097784907 | -0.18423672548693681:0.4410704946381827 | 0.31755876704221464 | -0.6500499091072136
0.4410704946381827 | 0.31755876704221464 | -0.6500499091072136 | -0.6105969097784907 | -0.18423672548693681:0.44793203535760995 | 0.29810413586342577 | -0.6565303920765402
0.44793203535760995 | 0.29810413586342577 | -0.6565303920765402 | -0.7634671865744789 | 0.9884468663051631:0.41515055575261073 | 0.27331690473953074 | -0.6899692925817078
0.41515055575261073 | 0.27331690473953074 | -0.6899692925817078 | -0.7634671865744789 | 0.9884468663051631:0.3807359672350259 | 0.24722001995326082 | -0.7208185211364935
0.3807359672350259 | 0.24722001995326082 | -0.7208185211364935 | -0.7634671865744789 | 0.9884468663051631:0.3448195015462403 | 0.21991231719482585 | -0.748946723925858
0.3448195015462403 | 0.21991231719482585 | -0.748946723925858 | -0.7634671865744789 | 0.9884468663051631:0.30753882557527135 | 0.1914978024933589 | -0.7742330343940864
0.30753882557527135 | 0.1914978024933589 | -0.7742330343940864 | -0.7634671865744789 | 0.9884468663051631:0.269037503215273 | 0.1620852464805722 | -0.7965675912231696
0.269037503215273 | 0.1620852464805722 | -0.7965675912231696 | -0.7634671865744789 | 0.9884468663051631:0.22946443196155997 | 0.13178775831545408 | -0.8158520127678948
0.22946443196155997 | 0.13178775831545408 | -0.8158520127678948 | -0.7634671865744789 | 0.9884468663051631:0.18897325650756613 | 0.10072234097417265 | -0.8319998259281434
0.18897325650756613 | 0.10072234097417265 | -0.8319998259281434 | -0.7634671865744789 | 0.9884468663051631:0.1477217616923312 | 0.0690094296876822 | -0.8449368476231989
0.1477217616923312 | 0.0690094296876822 | -0.8449368476231989 | -0.7634671865744789 | 0.9884468663051631:0.10587124724079189 | 0.036772415381491896 | -0.8546015172246371
0.10587124724079189 | 0.036772415381491896 | -0.8546015172246371 | -0.7634671865744789 | 0.9884468663051631:0.0635858868159005 | 0.004137155035081719 | -0.860945178503254
0.0635858868159005 | 0.004137155035081719 | -0.860945178503254 | 0.38903620796700045 | 0.0583090573125189:0.06117299629118378 | 0.020915324861434215 | -0.8622467315761853
0.06117299629118378 | 0.020915324861434215 | -0.8622467315761853 | 0.38903620796700045 | 0.0583090573125189:0.05875237412582379 | 0.03774154907675609 | -0.8632004040586381
