0.0 | 0.0 | 0.0 | 0.6045572137840105 | -0.3399409823500654:-1.6988466385315287E-4 | -3.022325758141875E-4 | 0.009993987926303707
-1.6988466385315287E-4 | -3.022325758141875E-4 | 0.009993987926303707 | -0.920289340056837 | 0.7971961536982437:4.549850093329828E-4 | 3.140082563648505E-4 | 0.019892319810826918
4.549850093329828E-4 | 3.140082563648505E-4 | 0.019892319810826918 | -0.920289340056837 | 0.7971961536982437:0.0018595260105875948 | 0.001833831383223239 | 0.02958595319528939
0.0018595260105875948 | 0.001833831383223239 | 0.02958595319528939 | -0.920289340056837 | 0.7971961536982437:0.004023075365917628 | 0.004235841779361205 | 0.03896853778294056
0.004023075365917628 | 0.004235841779361205 | 0.03896853778294056 | -0.920289340056837 | 0.7971961536982437:0.006919577655656739 | 0.007492342703705801 | 0.0479370363568927
0.006919577655656739 | 0.007492342703705801 | 0.0479370363568927 | -0.920289340056837 | 0.7971961536982437:0.0 | 0.0 | 0.0
0.0 | 0.0 | 0.0 | -0.920289340056837 | 0.7971961536982437:0.010517800033970773 | 0.011569570217390579 | 0.05639232076763251
0.010517800033970773 | 0.011569570217390579 | 0.05639232076763251 | -0.920289340056837 | 0.7971961536982437:0.01478157335571207 | 0.016427958478754 | 0.06423974022634549
0.01478157335571207 | 0.016427958478754 | 0.06423974022634549 | -0.920289340056837 | 0.7971961536982437:0.019670057906863818 | 0.022022434139255753 | 0.07138965930411922
0.019670057906863818 | 0.022022434139255753 | 0.07138965930411922 | -0.920289340056837 | 0.7971961536982437:0.025138032132018526 | 0.02830273804144079 | 0.07775796321080569
0.025138032132018526 | 0.02830273804144079 | 0.07775796321080569 | -0.920289340056837 | 0.7971961536982437:0.03113620265806545 | 0.03521377230703471 | 0.08326652811043639
0.03113620265806545 | 0.03521377230703471 | 0.08326652811043639 | -0.920289340056837 | 0.7971961536982437:0.03761153382785144 | 0.04269597080024512 | 0.08784365442167175
0.03761153382785144 | 0.04269597080024512 | 0.08784365442167175 | -0.920289340056837 | 0.7971961536982437:0.044507594881320084 | 0.0506856908587201 | 0.0914244612508871
0.044507594881320084 | 0.0506856908587201 | 0.0914244612508871 | -0.920289340056837 | 0.7971961536982437:0.05176492285477022 | 0.05911562410269422 | 0.09395124031117419
0.05176492285477022 | 0.05911562410269422 | 0.09395124031117419 | -0.920289340056837 | 0.7971961536982437:0.059321399211611864 | 0.06791522406188022 | 0.0953737678917913
0.059321399211611864 | 0.06791522406188022 | 0.0953737678917913 | -0.920289340056837 | 0.7971961536982437:0.06711263817049562 | 0.07701114829986111 | 0.09564957365841387
0.06711263817049562 | 0.07701114829986111 | 0.09564957365841387 | -0.920289340056837 | 0.7971961536982437:0.0750723846590628 | 0.08632771266724681 | 0.09474416528391283
0.0750723846590628 | 0.08632771266724681 | 0.09474416528391283 | -0.920289340056837 | 0.7971961536982437:0.0831329197938856 | 0.09578735527780247 | 0.09263120813130987
0.0831329197938856 | 0.09578735527780247 | 0.09263120813130987 | -0.920289340056837 | 0.7971961536982437:0.09122547176945883 | 0.10531110777616698 | 0.08929265943399134
0.09122547176945883 | 0.10531110777616698 | 0.08929265943399134 | -0.920289340056837 | 0.7971961536982437:0.09928063003135634 | 0.11481907145168746 | 0.08471885664220813
0.09928063003135634 | 0.11481907145168746 | 0.08471885664220813 | -0.920289340056837 | 0.7971961536982437:0.10722876061081832 | 0.12423089575023244 | 0.07890855982833234
0.10722876061081832 | 0.12423089575023244 | 0.07890855982833234 | -0.920289340056837 | 0.7971961536982437:0.1150004205099775 | 0.13346625674453144 | 0.07186894826528323
0.1150004205099775 | 0.13346625674453144 | 0.07186894826528323 | -0.920289340056837 | 0.7971961536982437:0.12252676904853244 | 0.14244533314347302 | 0.0636155715120057
0.12252676904853244 | 0.14244533314347302 | 0.0636155715120057 | -0.920289340056837 | 0.7971961536982437:0.1297399741137406 | 0.15108927745168377 | 0.05417225555591698
0.1297399741137406 | 0.15108927745168377 | 0.05417225555591698 | -0.920289340056837 | 0.7971961536982437:0.0 | 0.0 | 0.0
0.0 | 0.0 | 0.0 | -0.920289340056837 | 0.7971961536982437:0.1365736112959146 | 0.15932067993237675 | 0.043570964773894216
0.1365736112959146 | 0.15932067993237675 | 0.043570964773894216 | -0.33608850458592743 | -0.016188156728552672:0.0 | 0.0 | 0.0
0.0 | 0.0 | 0.0 | -0.33608850458592743 | -0.016188156728552672:0.14154588114092226 | 0.1658968553466773 | 0.04250112066012779
0.14154588114092226 | 0.1658968553466773 | 0.04250112066012779 | -0.33608850458592743 | -0.016188156728552672:0.14646792373388018 | 0.17241964215189853 | 0.04121612680112796
0.14646792373388018 | 0.17241964215189853 | 0.04121612680112796 | -0.33608850458592743 | -0.016188156728552672:0.15134051103385926 | 0.17888397191557115 | 0.03971850621085693
0.15134051103385926 | 0.17888397191557115 | 0.03971850621085693 | -0.33608850458592743 | -0.016188156728552672:0.15616440557268296 | 0.1852848613450193 | 0.03801087552769111
0.15616440557268296 | 0.1852848613450193 | 0.03801087552769111 | -0.33608850458592743 | -0.016188156728552672:0.16094036044748972 | 0.19161741355863393 | 0.036095942774818424
0.16094036044748972 | 0.19161741355863393 | 0.036095942774818424 | -0.33608850458592743 | -0.016188156728552672:0.16566911931507766 | 0.19787681930916134 | 0.03397650511245698
0.16566911931507766 | 0.19787681930916134 | 0.03397650511245698 | -0.33608850458592743 | -0.016188156728552672:0.1703514163880353 | 0.20405835815919926 | 0.03165544658273678
0.1703514163880353 | 0.20405835815919926 | 0.03165544658273678 | -0.33608850458592743 | -0.016188156728552672:0.1749879764326434 | 0.21015739960908975 | 0.029135735848082822
0.1749879764326434 | 0.21015739960908975 | 0.029135735848082822 | -0.33608850458592743 | -0.016188156728552672:0.17957951476855438 | 0.21616940417742692 | 0.026420423923935177
0.17957951476855438 | 0.21616940417742692 | 0.026420423923935177 | -0.5735537031033375 | -0.08744902909485308:0.18405332885729875 | 0.22235166571731702 | 0.02153005182917478
0.18405332885729875 | 0.22235166571731702 | 0.02153005182917478 | -0.5735537031033375 | -0.08744902909485308:0.18850194142701815 | 0.22834893487503027 | 0.016341714131411056
0.18850194142701815 | 0.22834893487503027 | 0.016341714131411056 | -0.5735537031033375 | -0.08744902909485308:0.19292771591037772 | 0.2341491433877021 | 0.010863206682455218
0.19292771591037772 | 0.2341491433877021 | 0.010863206682455218 | -0.5735537031033375 | -0.08744902909485308:0.19733295811873042 | 0.2397405592569024 | 0.005102759532885415
0.19733295811873042 | 0.2397405592569024 | 0.005102759532885415 | -0.5735537031033375 | -0.08744902909485308:0.2017199142698729 | 0.24511180024130352 | -9.309771437018277E-4
0.2017199142698729 | 0.24511180024130352 | -9.309771437018277E-4 | -0.5735537031033375 | -0.08744902909485308:0.20609076909765678 | 0.2502518468143755 | -0.007228947508391759
0.20609076909765678 | 0.2502518468143755 | -0.007228947508391759 | -0.5735537031033375 | -0.08744902909485308:0.21044764404482352 | 0.2551500545779124 | -0.013781704877174006
0.21044764404482352 | 0.2551500545779124 | -0.013781704877174006 | -0.5735537031033375 | -0.08744902909485308:0.21479259554032648 | 0.25979616612282097 | -0.020579426884072438
0.21479259554032648 | 0.25979616612282097 | -0.020579426884072438 | -0.5735537031033375 | -0.08744902909485308:0.2191276133623088 | 0.2641803223292669 | -0.02761193096741854
0.2191276133623088 | 0.2641803223292669 | -0.02761193096741854 | -0.5735537031033375 | -0.08744902909485308:0.22345461908780795 | 0.2682930730989108 | -0.03486869015935379
0.22345461908780795 | 0.2682930730989108 | -0.03486869015935379 | -0.5735537031033375 | -0.08744902909485308:0.22777546463015863 | 0.27212538751262816 | -0.04233884915853525
0.22777546463015863 | 0.27212538751262816 | -0.04233884915853525 | -0.5735537031033375 | -0.08744902909485308:0.23209193086495805 | 0.2756686634077461 | -0.050011240665918555
0.23209193086495805 | 0.2756686634077461 | -0.050011240665918555 | -0.5735537031033375 | -0.08744902909485308:0.23640572634537094 | 0.2789147363694786 | -0.057874401963415645
0.23640572634537094 | 0.2789147363694786 | -0.057874401963415645 | -0.5735537031033375 | -0.08744902909485308:0.2407184861074363 | 0.2818558881319104 | -0.06591659171516318
0.2407184861074363 | 0.2818558881319104 | -0.06591659171516318 | -0.5735537031033375 | -0.08744902909485308:0.24503177056596837 | 0.2844848543844867 | -0.07412580697110949
0.24503177056596837 | 0.2844848543844867 | -0.07412580697110949 | 0.9957606606461409 | 0.9749255210302512:0.24572361186714176 | 0.2924637854313348 | -0.0729015923741052
0.24572361186714176 | 0.2924637854313348 | -0.0729015923741052 | 0.9957606606461409 | 0.9749255210302512:0.2464053587172712 | 0.3003767988760515 | -0.07126278755806537
0.2464053587172712 | 0.3003767988760515 | -0.07126278755806537 | 0.9957606606461409 | 0.9749255210302512:0.24710067052854612 | 0.3082005956676541 | -0.06920936500226182
0.24710067052854612 | 0.3082005956676541 | -0.06920936500226182 | 0.9957606606461409 | 0.9749255210302512:0.24783326022296404 | 0.31591174699598223 | -0.06674396596117971
0.24783326022296404 | 0.31591174699598223 | -0.06674396596117971 | 0.9957606606461409 | 0.9749255210302512:0.24862674483382108 | 0.3234868466599856 | -0.06387191294979688
0.24862674483382108 | 0.3234868466599856 | -0.06387191294979688 | 0.9957606606461409 | 0.9749255210302512:0.24950449582997258 | 0.33090266413871205 | -0.060601205344592346
0.24950449582997258 | 0.33090266413871205 | -0.060601205344592346 | 0.9957606606461409 | 0.9749255210302512:0.2504894900860437 | 0.33813629742224016 | -0.05694249809386975
0.2504894900860437 | 0.33813629742224016 | -0.05694249809386975 | 0.9957606606461409 | 0.9749255210302512:0.2516041624172738 | 0.34516532466186334 | -0.052909063632614606
0.2516041624172738 | 0.34516532466186334 | -0.052909063632614606 | 0.9957606606461409 | 0.9749255210302512:0.25287026058785145 | 0.351967953706394 | -0.04851673719794203
0.25287026058785145 | 0.351967953706394 | -0.04851673719794203 | 0.9957606606461409 | 0.9749255210302512:0.25430870368636604 | 0.35852316860445654 | -0.04378384584063033
0.25430870368636604 | 0.35852316860445654 | -0.04378384584063033 | -0.5529404963365838 | -0.43411478781567303:0.2586417633739604 | 0.3616898297555462 | -0.048754250007029265
0.2586417633739604 | 0.3616898297555462 | -0.048754250007029265 | -0.5529404963365838 | -0.43411478781567303:0.26306625714624055 | 0.3646543814306398 | -0.05376274718906782
0.26306625714624055 | 0.3646543814306398 | -0.05376274718906782 | -0.5529404963365838 | -0.43411478781567303:0.26758403212991766 | 0.36741520170984643 | -0.05879987153998045
0.26758403212991766 | 0.36741520170984643 | -0.05879987153998045 | -0.5529404963365838 | -0.43411478781567303:0.27219667617397114 | 0.36997098890283553 | -0.06385605533224947
0.27219667617397114 | 0.36997098890283553 | -0.06385605533224947 | -0.5529404963365838 | -0.43411478781567303:0.27690551597416935 | 0.3723207642657762 | -0.06892164645352994
0.27690551597416935 | 0.3723207642657762 | -0.06892164645352994 | 0.9406249070514137 | 0.47557585516243317:0.27872574106103265 | 0.37939515671351387 | -0.05856593703161994
0.27872574106103265 | 0.37939515671351387 | -0.05856593703161994 | 0.9406249070514137 | 0.47557585516243317:0.2807565331858548 | 0.3859582634311316 | -0.047803788281550075
0.2807565331858548 | 0.3859582634311316 | -0.047803788281550075 | 0.9406249070514137 | 0.47557585516243317:0.28301042980641 | 0.3919856008476046 | -0.03666606399701777
0.28301042980641 | 0.3919856008476046 | -0.03666606399701777 | 0.9406249070514137 | 0.47557585516243317:0.2854991320517648 | 0.3974542881538543 | -0.02518537878209559
0.2854991320517648 | 0.3974542881538543 | -0.02518537878209559 | 0.9406249070514137 | 0.47557585516243317:0.288233457942745 | 0.4023431425087658 | -0.013395988978412321
0.288233457942745 | 0.4023431425087658 | -0.013395988978412321 | 0.35044188796916664 | -0.354844819935771:0.2912405577132908 | 0.40662069658358924 | -0.0012423014063783766
0.2912405577132908 | 0.40662069658358924 | -0.0012423014063783766 | 0.35044188796916664 | -0.354844819935771:0.293999365203522 | 0.4106431945599116 | 0.011158846538681377
0.293999365203522 | 0.4106431945599116 | 0.011158846538681377 | 0.35044188796916664 | -0.354844819935771:0.2965037765542853 | 0.41440462787614685 | 0.023795975701901728
0.2965037765542853 | 0.41440462787614685 | 0.023795975701901728 | 0.35044188796916664 | -0.354844819935771:0.298747957909935 | 0.417899251269084 | 0.03665736113617757
0.298747957909935 | 0.417899251269084 | 0.03665736113617757 | 0.35044188796916664 | -0.354844819935771:0.3007263496186017 | 0.4211215870394245 | 0.049731044128920376
0.3007263496186017 | 0.4211215870394245 | 0.049731044128920376 | 0.35044188796916664 | -0.354844819935771:0.3024336701727446 | 0.42406642906173886 | 0.06300484434742748
0.3024336701727446 | 0.42406642906173886 | 0.06300484434742748 | 0.35044188796916664 | -0.354844819935771:0.30386491988897824 | 0.42672884653775434 | 0.07646637209247331
0.30386491988897824 | 0.42672884653775434 | 0.07646637209247331 | 0.35044188796916664 | -0.354844819935771:0.3050153843262695 | 0.42910418749202606 | 0.09010304064974539
0.3050153843262695 | 0.42910418749202606 | 0.09010304064974539 | 0.35044188796916664 | -0.354844819935771:0.3058806374419092 | 0.43118808200923553 | 0.10390207872875856
0.3058806374419092 | 0.43118808200923553 | 0.10390207872875856 | 0.35044188796916664 | -0.354844819935771:0.30645654448474957 | 0.4329764452126419 | 0.11785054297891451
0.30645654448474957 | 0.4329764452126419 | 0.11785054297891451 | 0.48698553490639096 | 0.8018823891597451:0.3139715605057507 | 0.433591909858297 | 0.11694475666873161
0.3139715605057507 | 0.433591909858297 | 0.11694475666873161 | 0.48698553490639096 | 0.8018823891597451:0.32145874649110695 | 0.43416856510882695 | 0.11572610209274448
0.32145874649110695 | 0.43416856510882695 | 0.11572610209274448 | 0.48698553490639096 | 0.8018823891597451:0.3289042457883813 | 0.4347153299309241 | 0.11419338770745435
0.3289042457883813 | 0.4347153299309241 | 0.11419338770745435 | 0.48698553490639096 | 0.8018823891597451:0.3362941214428705 | 0.4352411775238423 | 0.1123462974235212
0.3362941214428705 | 0.4352411775238423 | 0.1123462974235212 | 0.48698553490639096 | 0.8018823891597451:0.34361439602480104 | 0.4357551112494171 | 0.11018539580305653
0.34361439602480104 | 0.4357551112494171 | 0.11018539580305653 | 0.48698553490639096 | 0.8018823891597451:0.350851091621017 | 0.43626614043182954 | 0.10771213080158426
0.350851091621017 | 0.43626614043182954 | 0.10771213080158426 | 0.48698553490639096 | 0.8018823891597451:0.3579902698817712 | 0.43678325609343105 | 0.10492883404984688
0.3579902698817712 | 0.43678325609343105 | 0.10492883404984688 | 0.48698553490639096 | 0.8018823891597451:0.36501807201335623 | 0.43731540669300273 | 0.1018387186772014
0.36501807201335623 | 0.43731540669300273 | 0.1018387186772014 | 0.48698553490639096 | 0.8018823891597451:0.37192075860784257 | 0.43787147393261705 | 0.0984458746848762
0.37192075860784257 | 0.43787147393261705 | 0.0984458746848762 | 0.48698553490639096 | 0.8018823891597451:0.37868474920181683 | 0.4384602486988882 | 0.09475526188385475
0.37868474920181683 | 0.4384602486988882 | 0.09475526188385475 | 0.48698553490639096 | 0.8018823891597451:0.38529666145715424 | 0.43909040720389214 | 0.090772700418563
0.38529666145715424 | 0.43909040720389214 | 0.090772700418563 | 0.48698553490639096 | 0.8018823891597451:0.3917433498580003 | 0.439770487390291 | 0.08650485890388371
0.3917433498580003 | 0.439770487390291 | 0.08650485890388371 | 0.48698553490639096 | 0.8018823891597451:0.3980119438198493 | 0.44050886566434144 | 0.08195924020925727
0.3980119438198493 | 0.44050886566434144 | 0.08195924020925727 | 0.48698553490639096 | 0.8018823891597451:0.40408988510824173 | 0.44131373401950214 | 0.07714416492976728
0.40408988510824173 | 0.44131373401950214 | 0.07714416492976728 | 0.48698553490639096 | 0.8018823891597451:0.40996496446684105 | 0.4421930776120817 | 0.07206875259011403
0.40996496446684105 | 0.4421930776120817 | 0.07206875259011403 | 0.48698553490639096 | 0.8018823891597451:0.41562535735684847 | 0.44315465284903865 | 0.06674290063322896
0.41562535735684847 | 0.44315465284903865 | 0.06674290063322896 | 0.48698553490639096 | 0.8018823891597451:0.4210596587123838 | 0.4442059660466633 | 0.061177261251023296
0.4210596587123838 | 0.4442059660466633 | 0.061177261251023296 | 0.48698553490639096 | 0.8018823891597451:0.42625691661915255 | 0.4453542527170882 | 0.0553832161202652
0.42625691661915255 | 0.4453542527170882 | 0.0553832161202652 | 0.48698553490639096 | 0.8018823891597451:0.43120666482685976 | 0.44660645753789296 | 0.04937284911197626
0.43120666482685976 | 0.44660645753789296 | 0.04937284911197626 | 0.48698553490639096 | 0.8018823891597451:0.4358989540090086 | 0.44796921505813003 | 0.043158917047873224
0.4358989540090086 | 0.44796921505813003 | 0.043158917047873224 | 0.48698553490639096 | 0.8018823891597451:0.44032438168717647 | 0.4494488311920861 | 0.03675481858235807
0.44032438168717647 | 0.4494488311920861 | 0.03675481858235807 | 0.48698553490639096 | 0.8018823891597451:0.4444741207406224 | 0.4510512655498431 | 0.03017456129328755
0.4444741207406224 | 0.4510512655498431 | 0.03017456129328755 | 0.48698553490639096 | 0.8018823891597451:0.4483399464257758 | 0.45278211465154783 | 0.0234327270692698
0.4483399464257758 | 0.45278211465154783 | 0.0234327270692698 | 0.48698553490639096 | 0.8018823891597451:0.4519142618343217 | 0.45464659606978586 | 0.01654443588550425
0.4519142618343217 | 0.45464659606978586 | 0.01654443588550425 | 0.48698553490639096 | 0.8018823891597451:0.45519012172272255 | 0.45664953354203774 | 0.009525308064203486
0.45519012172272255 | 0.45664953354203774 | 0.009525308064203486 | 0.48698553490639096 | 0.8018823891597451:0.45816125465041324 | 0.4587953430925147 | 0.0023914251194026015
0.45816125465041324 | 0.4587953430925147 | 0.0023914251194026015 | 0.48698553490639096 | 0.8018823891597451:0.4608220833683774 | 0.46108802020006223 | -0.00484071071054526
0.4608220833683774 | 0.46108802020006223 | -0.00484071071054526 | 0.48698553490639096 | 0.8018823891597451:0.4631677434044832 | 0.4635311280460108 | -0.012154218136261274
0.4631677434044832 | 0.4635311280460108 | -0.012154218136261274 | 0.48698553490639096 | 0.8018823891597451:0.46519409979671167 | 0.46612778687292433 | -0.01953187958695013
0.46519409979671167 | 0.46612778687292433 | -0.01953187958695013 | 0.48698553490639096 | 0.8018823891597451:0.4668977619302517 | 0.46888066448241617 | -0.026956184964210372
0.4668977619302517 | 0.46888066448241617 | -0.026956184964210372 | 0.05475388336218279 | -0.5147172577532402:0.46978760230256356 | 0.47134442861495884 | -0.013718854915800271
0.46978760230256356 | 0.47134442861495884 | -0.013718854915800271 | 0.05475388336218279 | -0.5147172577532402:0.4723126637863295 | 0.4737482063628349 | -3.3692192432654977E-4
0.4723126637863295 | 0.4737482063628349 | -3.3692192432654977E-4 | 0.05475388336218279 | -0.5147172577532402:0.4744678591478717 | 0.47609165542636234 | 0.013178662149565312
0.4744678591478717 | 0.47609165542636234 | 0.013178662149565312 | 0.05475388336218279 | -0.5147172577532402:0.47624843453603916 | 0.47837446662165206 | 0.0268167933938801
0.47624843453603916 | 0.47837446662165206 | 0.0268167933938801 | 0.05475388336218279 | -0.5147172577532402:0.4776499733752928 | 0.4805963643301183 | 0.04056622609086258
0.4776499733752928 | 0.4805963643301183 | 0.04056622609086258 | 0.05475388336218279 | -0.5147172577532402:0.4786683999540067 | 0.48275710691546436 | 0.054415583047269234
0.4786683999540067 | 0.48275710691546436 | 0.054415583047269234 | 0.05475388336218279 | -0.5147172577532402:0.47929998270667085 | 0.48485648710805407 | 0.06835336600048025
0.47929998270667085 | 0.48485648710805407 | 0.06835336600048025 | 0.05475388336218279 | -0.5147172577532402:0.47954133718888414 | 0.4868943323564139 | 0.08236796609158992
0.47954133718888414 | 0.4868943323564139 | 0.08236796609158992 | 0.05475388336218279 | -0.5147172577532402:0.47938942874432655 | 0.4888705051458828 | 0.09644767439663493
0.47938942874432655 | 0.4888705051458828 | 0.09644767439663493 | 0.05475388336218279 | -0.5147172577532402:0.47884157486306833 | 0.49078490328428614 | 0.1105806925071171
0.47884157486306833 | 0.49078490328428614 | 0.1105806925071171 | 0.05475388336218279 | -0.5147172577532402:0.477895447230928 | 0.4926374601546115 | 0.12475514315099634
0.477895447230928 | 0.4926374601546115 | 0.12475514315099634 | 0.05475388336218279 | -0.5147172577532402:0.4765490734696698 | 0.4944281449346093 | 0.1389590808453538
0.4765490734696698 | 0.4944281449346093 | 0.1389590808453538 | 0.05475388336218279 | -0.5147172577532402:0.4748008385682425 | 0.49615696278338106 | 0.1531805025719537
0.4748008385682425 | 0.49615696278338106 | 0.1531805025719537 | 0.05475388336218279 | -0.5147172577532402:0.47264948600534495 | 0.49782395499497056 | 0.16740735846696486
0.47264948600534495 | 0.49782395499497056 | 0.16740735846696486 | 0.05475388336218279 | -0.5147172577532402:0.4700941185639351 | 0.4994291991189428 | 0.18162756251614232
0.4700941185639351 | 0.4994291991189428 | 0.18162756251614232 | 0.4538289274053813 | 0.8402034521834059:0.47973739784521996 | 0.4972069540541142 | 0.17370776491474427
0.47973739784521996 | 0.4972069540541142 | 0.17370776491474427 | 0.4538289274053813 | 0.8402034521834059:0.4890476071104217 | 0.4951282768020846 | 0.1652979041196918
0.4890476071104217 | 0.4951282768020846 | 0.1652979041196918 | 0.4538289274053813 | 0.8402034521834059:0.49800263940424827 | 0.49320560798189206 | 0.15641502488970538
0.49800263940424827 | 0.49320560798189206 | 0.15641502488970538 | 0.4538289274053813 | 0.8402034521834059:0.5065811259521666 | 0.4914510013365643 | 0.14707748347766625
0.5065811259521666 | 0.4914510013365643 | 0.14707748347766625 | 0.4538289274053813 | 0.8402034521834059:0.5147624953119276 | 0.4898760913385374 | 0.13730490545970042
0.5147624953119276 | 0.4898760913385374 | 0.13730490545970042 | 0.4538289274053813 | 0.8402034521834059:0.5225270305757377 | 0.4884920618085786 | 0.12711814013006784
0.5225270305757377 | 0.4884920618085786 | 0.12711814013006784 | 0.4538289274053813 | 0.8402034521834059:0.529855924471633 | 0.4873096156314318 | 0.11653921157860125
0.529855924471633 | 0.4873096156314318 | 0.11653921157860125 | 0.4538289274053813 | 0.8402034521834059:0.5367313322183236 | 0.48633894564818547 | 0.1055912665760177
0.5367313322183236 | 0.48633894564818547 | 0.1055912665760177 | 0.4538289274053813 | 0.8402034521834059:0.543136421993573 | 0.4855897068025925 | 0.09429851940060718
0.543136421993573 | 0.4855897068025925 | 0.09429851940060718 | 0.4538289274053813 | 0.8402034521834059:0.5490554228824607 | 0.48507098961506756 | 0.08268619374769504
0.5490554228824607 | 0.48507098961506756 | 0.08268619374769504 | 0.4538289274053813 | 0.8402034521834059:0.5544736701785382 | 0.48479129505460605 | 0.07078046187072662
0.5544736701785382 | 0.48479129505460605 | 0.07078046187072662 | 0.4538289274053813 | 0.8402034521834059:0.5593776479178558 | 0.4847585108753165 | 0.05860838110990674
0.5593776479178558 | 0.4847585108753165 | 0.05860838110990674 | 0.4538289274053813 | 0.8402034521834059:0.5637550285328032 | 0.48497988948034987 | 0.04619782797103156
0.5637550285328032 | 0.48497988948034987 | 0.04619782797103156 | 0.4538289274053813 | 0.8402034521834059:0.56759470952057 | 0.4854620273720798 | 0.03357742992335311
0.56759470952057 | 0.4854620273720798 | 0.03357742992335311 | 0.4538289274053813 | 0.8402034521834059:0.5708868470284187 | 0.4862108462432744 | 0.02077649509114643
0.5708868470284187 | 0.4862108462432744 | 0.02077649509114643 | 0.4538289274053813 | 0.8402034521834059:0.5736228862662784 | 0.4872315757596368 | 0.007824940019003357
0.5736228862662784 | 0.4872315757596368 | 0.007824940019003357 | 0.4538289274053813 | 0.8402034521834059:0.5757955886650521 | 0.48852873807989994 | -0.005246784304270946
0.5757955886650521 | 0.48852873807989994 | -0.005246784304270946 | 0.4538289274053813 | 0.8402034521834059:0.5773990557076871 | 0.4901061341550843 | -0.018407767973845246
0.5773990557076871 | 0.4901061341550843 | -0.018407767973845246 | 0.4538289274053813 | 0.8402034521834059:0.5784287493684914 | 0.4919668318438113 | -0.031626719055942054
0.5784287493684914 | 0.4919668318438113 | -0.031626719055942054 | 0.4538289274053813 | 0.8402034521834059:0.5788815091049244 | 0.49411315587622795 | -0.04487204163716729
0.5788815091049244 | 0.49411315587622795 | -0.04487204163716729 | -0.27103485211602396 | -0.7636643513521479:0.5822367761691893 | 0.49499750024232014 | -0.029519746278847236
0.5822367761691893 | 0.49499750024232014 | -0.029519746278847236 | -0.27103485211602396 | -0.7636643513521479:0.5849889109964295 | 0.49607305934885915 | -0.014015206296638105
0.5849889109964295 | 0.49607305934885915 | -0.014015206296638105 | -0.27103485211602396 | -0.7636643513521479:0.5871309529953379 | 0.49734270157703264 | 0.0016149655069614965
0.5871309529953379 | 0.49734270157703264 | 0.0016149655069614965 | -0.27103485211602396 | -0.7636643513521479:0.5886570155226281 | 0.49880891436928465 | 0.017343808250982917
0.5886570155226281 | 0.49880891436928465 | 0.017343808250982917 | -0.27103485211602396 | -0.7636643513521479:0.5895623000962331 | 0.5004737988726404 | 0.0331440623411563
0.5895623000962331 | 0.5004737988726404 | 0.0331440623411563 | -0.27103485211602396 | -0.7636643513521479:0.5898431085799274 | 0.502339065297555 | 0.04898821945916332
0.5898431085799274 | 0.502339065297555 | 0.04898821945916332 | -0.27103485211602396 | -0.7636643513521479:0.5894968533167599 | 0.5044060290008545 | 0.0648485730822328
0.5894968533167599 | 0.5044060290008545 | 0.0648485730822328 | -0.27103485211602396 | -0.7636643513521479:0.5885220651927554 | 0.5066756072999397 | 0.08069726943845712
0.5885220651927554 | 0.5066756072999397 | 0.08069726943845712 | -0.27103485211602396 | -0.7636643513521479:0.5869183996162803 | 0.5091483170242626 | 0.0965063588025572
0.5869183996162803 | 0.5091483170242626 | 0.0965063588025572 | -0.27103485211602396 | -0.7636643513521479:0.584686640402083 | 0.5118242728084326 | 0.11224784703631396
0.584686640402083 | 0.5118242728084326 | 0.11224784703631396 | -0.27103485211602396 | -0.7636643513521479:0.5818287015531496 | 0.5147031861301485 | 0.12789374727756897
0.5818287015531496 | 0.5147031861301485 | 0.12789374727756897 | -0.27103485211602396 | -0.7636643513521479:0.5783476269373011 | 0.5177843650946983 | 0.14341613168154854
0.5783476269373011 | 0.5177843650946983 | 0.14341613168154854 | -0.27103485211602396 | -0.7636643513521479:0.5742475878593254 | 0.5210667149663379 | 0.15878718311830298
0.5742475878593254 | 0.5210667149663379 | 0.15878718311830298 | -0.27103485211602396 | -0.7636643513521479:0.5695338785333917 | 0.524548739445585 | 0.17397924673023724
0.5695338785333917 | 0.524548739445585 | 0.17397924673023724 | -0.27103485211602396 | -0.7636643513521479:0.5642129094643096 | 0.5282285426900017 | 0.18896488125411715
0.5642129094643096 | 0.5282285426900017 | 0.18896488125411715 | -0.27103485211602396 | -0.7636643513521479:0.5582921987500171 | 0.5321038320747249 | 0.20371691001246894
0.5582921987500171 | 0.5321038320747249 | 0.20371691001246894 | -0.27103485211602396 | -0.7636643513521479:0.5517803613214625 | 0.5361719216876466 | 0.21820847148001388
0.5517803613214625 | 0.5361719216876466 | 0.21820847148001388 | -0.27103485211602396 | -0.7636643513521479:0.5446870961399952 | 0.5404297365527455 | 0.23241306933168548
0.5446870961399952 | 0.5404297365527455 | 0.23241306933168548 | -0.27103485211602396 | -0.7636643513521479:0.537023171375786 | 0.5448738175738868 | 0.24630462187982616
0.537023171375786 | 0.5448738175738868 | 0.24630462187982616 | -0.27103485211602396 | -0.7636643513521479:0.5288004075947725 | 0.5495003271898256 | 0.2598575108093897
0.5288004075947725 | 0.5495003271898256 | 0.2598575108093897 | -0.27103485211602396 | -0.7636643513521479:0.5200316589850473 | 0.5543050557302394 | 0.2730466291213638
0.5200316589850473 | 0.5543050557302394 | 0.2730466291213638 | -0.27103485211602396 | -0.7636643513521479:0.5107307926572844 | 0.5592834284609793 | 0.28584742819618647
0.5107307926572844 | 0.5592834284609793 | 0.28584742819618647 | -0.27103485211602396 | -0.7636643513521479:0.5009126660571184 | 0.5644305133056804 | 0.2982359638906118
0.5009126660571184 | 0.5644305133056804 | 0.2982359638906118 | -0.27103485211602396 | -0.7636643513521479:0.4905931025310295 | 0.5697410292296325 | 0.3101889415833643
0.4905931025310295 | 0.5697410292296325 | 0.3101889415833643 | -0.27103485211602396 | -0.7636643513521479:0.4797888650903772 | 0.5752093552705659 | 0.32168376008689314
0.4797888650903772 | 0.5752093552705659 | 0.32168376008689314 | 0.9611452420345963 | -0.045497698813900866:0.48007969278112483 | 0.5603594288655174 | 0.3508288044536254
0.48007969278112483 | 0.5603594288655174 | 0.3508288044536254 | 0.9611452420345963 | -0.045497698813900866:0.48029313378541616 | 0.5440746929117779 | 0.37928129543691647
0.48029313378541616 | 0.5440746929117779 | 0.37928129543691647 | 0.9611452420345963 | -0.045497698813900866:0.4804309310398267 | 0.5263880888297479 | 0.40696983626800254
0.4804309310398267 | 0.5263880888297479 | 0.40696983626800254 | 0.9611452420345963 | -0.045497698813900866:0.4804949931642284 | 0.5073361191645631 | 0.43382463936993076
0.4804949931642284 | 0.5073361191645631 | 0.43382463936993076 | 0.9611452420345963 | -0.045497698813900866:0.48048739046144817 | 0.48695876713043873 | 0.4597777046806879
0.48048739046144817 | 0.48695876713043873 | 0.4597777046806879 | 0.7812239130165677 | 0.5546298595639263:0.49462128250851123 | 0.46963163776084826 | 0.465927800377246
0.49462128250851123 | 0.46963163776084826 | 0.465927800377246 | 0.7812239130165677 | 0.5546298595639263:0.5089187163652085 | 0.4520284837262807 | 0.4710012400209731
0.5089187163652085 | 0.4520284837262807 | 0.4710012400209731 | 0.7812239130165677 | 0.5546298595639263:0.5233492310028254 | 0.4341921388671892 | 0.4749815910762507
0.5233492310028254 | 0.4341921388671892 | 0.4749815910762507 | 0.7812239130165677 | 0.5546298595639263:0.5378819069271472 | 0.416166130994597 | 0.4778550125347465
0.5378819069271472 | 0.416166130994597 | 0.4778550125347465 | 0.7812239130165677 | 0.5546298595639263:0.5524854411717683 | 0.39799457708041075 | 0.47961029608591943
0.5524854411717683 | 0.39799457708041075 | 0.47961029608591943 | 0.7812239130165677 | 0.5546298595639263:0.5671282233820278 | 0.37972207678521386 | 0.48023890084011
0.5671282233820278 | 0.37972207678521386 | 0.48023890084011 | 0.7812239130165677 | 0.5546298595639263:0.5817784128013841 | 0.361393604586965 | 0.47973498151132254
0.5817784128013841 | 0.361393604586965 | 0.47973498151132254 | 0.7812239130165677 | 0.5546298595639263:0.5964040159696395 | 0.3430544007773051 | 0.47809540998297706
0.5964040159696395 | 0.3430544007773051 | 0.47809540998297706 | 0.7812239130165677 | 0.5546298595639263:0.6109729649407569 | 0.32474986159547825 | 0.47531979019647785
0.6109729649407569 | 0.32474986159547825 | 0.47531979019647785 | 0.7812239130165677 | 0.5546298595639263:0.6254531958265517 | 0.30652542877147937 | 0.4714104663189147
0.6254531958265517 | 0.30652542877147937 | 0.4714104663189147 | 0.7812239130165677 | 0.5546298595639263:0.6398127274718775 | 0.2884264787521573 | 0.4663725241629848
0.6398127274718775 | 0.2884264787521573 | 0.4663725241629848 | 0.7812239130165677 | 0.5546298595639263:0.6540197400663743 | 0.27049821188423095 | 0.4602137858488824
0.6540197400663743 | 0.27049821188423095 | 0.4602137858488824 | 0.7812239130165677 | 0.5546298595639263:0.6680426534981763 | 0.2527855418288567 | 0.45294479771473206
0.6680426534981763 | 0.2527855418288567 | 0.45294479771473206 | 0.7812239130165677 | 0.5546298595639263:0.6818502052552731 | 0.2353329854815911 | 0.4445788114988254
0.6818502052552731 | 0.2353329854815911 | 0.4445788114988254 | 0.7812239130165677 | 0.5546298595639263:0.6954115276818555 | 0.21818455367022693 | 0.4351317588335455
0.6954115276818555 | 0.21818455367022693 | 0.4351317588335455 | -0.7680551313395778 | 0.5959823993507927:0.7090686564097695 | 0.23514781918213146 | 0.4062473171541434
0.7090686564097695 | 0.23514781918213146 | 0.4062473171541434 | -0.7680551313395778 | 0.5959823993507927:0.7218480014093984 | 0.251012570370591 | 0.3762779661403215
0.7218480014093984 | 0.251012570370591 | 0.3762779661403215 | -0.7680551313395778 | 0.5959823993507927:0.7337170007743765 | 0.2657353942770442 | 0.34529288174382344
0.7337170007743765 | 0.2657353942770442 | 0.34529288174382344 | -0.7680551313395778 | 0.5959823993507927:0.7446452268512758 | 0.2792755776263789 | 0.31336395295590336
0.7446452268512758 | 0.2792755776263789 | 0.31336395295590336 | -0.7680551313395778 | 0.5959823993507927:0.7546044675274146 | 0.2915952148983081 | 0.28056560887989335
0.7546044675274146 | 0.2915952148983081 | 0.28056560887989335 | -0.7680551313395778 | 0.5959823993507927:0.7635688020816929 | 0.30265930952037934 | 0.24697463910866801
0.7635688020816929 | 0.30265930952037934 | 0.24697463910866801 | -0.7680551313395778 | 0.5959823993507927:0.7715146714012349 | 0.3124358679197172 | 0.21267000785432444
0.7715146714012349 | 0.3124358679197172 | 0.21267000785432444 | -0.7680551313395778 | 0.5959823993507927:0.7784209423806345 | 0.32089598618875925 | 0.17773266229349716
0.7784209423806345 | 0.32089598618875925 | 0.17773266229349716 | -0.7680551313395778 | 0.5959823993507927:0.784268966335631 | 0.3280139291387485 | 0.14224533560633645
0.784268966335631 | 0.3280139291387485 | 0.14224533560633645 | -0.7680551313395778 | 0.5959823993507927:0.7890426312777947 | 0.3337672015340303 | 0.10629234520090591
0.7890426312777947 | 0.3337672015340303 | 0.10629234520090591 | -0.5467365447454751 | -0.6497182421927514:0.7867152881017603 | 0.3370807400697231 | 0.12290094606688129
0.7867152881017603 | 0.3370807400697231 | 0.12290094606688129 | -0.5467365447454751 | -0.6497182421927514:0.7838340011276586 | 0.3408467420657786 | 0.13935193094640752
