0.0 | 0.0 | 0.0 | -0.4060408717634121 | -0.6255536981069625:-3.126614072588558E-4 | 2.0300648957960465E-4 | 0.009993049144760546
-3.126614072588558E-4 | 2.0300648957960465E-4 | 0.009993049144760546 | -0.4060408717634121 | -0.6255536981069625:-0.0012433991307778665 | 8.07601773291422E-4 | 0.019844690422814802
-0.0012433991307778665 | 8.07601773291422E-4 | 0.019844690422814802 | -0.4060408717634121 | -0.6255536981069625:-0.002780170537778893 | 0.00180638114466114 | 0.02951536955454022
-0.002780170537778893 | 0.00180638114466114 | 0.02951536955454022 | -0.4060408717634121 | -0.6255536981069625:-0.004909406871234277 | 0.003190939173708829 | 0.03896652485509157
-0.004909406871234277 | 0.003190939173708829 | 0.03896652485509157 | -0.4060408717634121 | -0.6255536981069625:-0.007616062502157869 | 0.004951900904663353 | 0.04816066318270659
-0.007616062502157869 | 0.004951900904663353 | 0.04816066318270659 | -0.4060408717634121 | -0.6255536981069625:-0.01088366659570194 | 0.007078954651403957 | 0.05706143282994433
-0.01088366659570194 | 0.007078954651403957 | 0.05706143282994433 | 0.5394963423698678 | 0.8993820176542433:-0.009635179826288594 | 0.006428204338059573 | 0.066939961560353
-0.009635179826288594 | 0.006428204338059573 | 0.066939961560353 | 0.5394963423698678 | 0.8993820176542433:-0.0075163531382590465 | 0.0052543105452543815 | 0.07670905354148527
-0.0075163531382590465 | 0.0052543105452543815 | 0.07670905354148527 | 0.5394963423698678 | 0.8993820176542433:-0.004539628212730434 | 0.0035636700433416824 | 0.08628996763424002
-0.004539628212730434 | 0.0035636700433416824 | 0.08628996763424002 | 0.5394963423698678 | 0.8993820176542433:-7.220368552976336E-4 | 0.001365452778032572 | 0.09560544849072383
-7.220368552976336E-4 | 0.001365452778032572 | 0.09560544849072383 | 0.5394963423698678 | 0.8993820176542433:0.003914915085530872 | -0.0013284632116683515 | 0.10458006333418146
0.003914915085530872 | -0.0013284632116683515 | 0.10458006333418146 | 0.5394963423698678 | 0.8993820176542433:0.009345380823937627 | -0.0045035672288966655 | 0.11314052816931153
0.009345380823937627 | -0.0045035672288966655 | 0.11314052816931153 | 0.5394963423698678 | 0.8993820176542433:0.015539322097738388 | -0.008142801321778248 | 0.12121602230149331
0.015539322097738388 | -0.008142801321778248 | 0.12121602230149331 | 0.5394963423698678 | 0.8993820176542433:0.02246267426454557 | -0.012226655236191708 | 0.12873849009638239
0.02246267426454557 | -0.012226655236191708 | 0.12873849009638239 | 0.5394963423698678 | 0.8993820176542433:0.030077526264604016 | -0.01673327047113382 | 0.13564292896736396
0.030077526264604016 | -0.01673327047113382 | 0.13564292896736396 | 0.5394963423698678 | 0.8993820176542433:0.0383423146364266 | -0.02163855296140027 | 0.14186766263726325
0.0383423146364266 | -0.02163855296140027 | 0.14186766263726325 | 0.12673402592352923 | -0.07984631895430594:0.03994155485145652 | -0.023828932063794328 | 0.15001231515174274
0.03994155485145652 | -0.023828932063794328 | 0.15001231515174274 | 0.12673402592352923 | -0.07984631895430594:0.04145454127281527 | -0.026108951562261673 | 0.1580681460812976
0.04145454127281527 | -0.026108951562261673 | 0.1580681460812976 | 0.12673402592352923 | -0.07984631895430594:0.04288249116580259 | -0.028477156570408058 | 0.1660346073693466
0.04288249116580259 | -0.028477156570408058 | 0.1660346073693466 | 0.12673402592352923 | -0.07984631895430594:0.04422661388093185 | -0.03093209994824475 | 0.17391117040787685
0.04422661388093185 | -0.03093209994824475 | 0.17391117040787685 | 0.12673402592352923 | -0.07984631895430594:0.045488110856305664 | -0.03347234234673757 | 0.18169732579257758
0.045488110856305664 | -0.03347234234673757 | 0.18169732579257758 | 0.12673402592352923 | -0.07984631895430594:0.04666817562081671 | -0.036096452250567124 | 0.1893925830801555
0.04666817562081671 | -0.036096452250567124 | 0.1893925830801555 | 0.12673402592352923 | -0.07984631895430594:0.04776799379815683 | -0.03880300601912534 | 0.19699647054782599
0.04776799379815683 | -0.03880300601912534 | 0.19699647054782599 | 0.12673402592352923 | -0.07984631895430594:0.04878874311161763 | -0.041590587925784295 | 0.2045085349549658
0.04878874311161763 | -0.041590587925784295 | 0.2045085349549658 | 0.12673402592352923 | -0.07984631895430594:0.04973159338966654 | -0.04445779019546747 | 0.2119283413069235
0.04973159338966654 | -0.04445779019546747 | 0.2119283413069235 | 0.12673402592352923 | -0.07984631895430594:0.050597706572281465 | -0.047403213040550396 | 0.2192554726209739
0.050597706572281465 | -0.047403213040550396 | 0.2192554726209739 | 0.12673402592352923 | -0.07984631895430594:0.051388236718027835 | -0.0504254646951261 | 0.2264895296944096
0.051388236718027835 | -0.0504254646951261 | 0.2264895296944096 | 0.12673402592352923 | -0.07984631895430594:0.05210433001186354 | -0.05352316144766078 | 0.23363013087475792
0.05210433001186354 | -0.05352316144766078 | 0.23363013087475792 | 0.12673402592352923 | -0.07984631895430594:0.05274712477365395 | -0.05669492767207207 | 0.2406769118321126
0.05274712477365395 | -0.05669492767207207 | 0.2406769118321126 | 0.12673402592352923 | -0.07984631895430594:0.05331775146738349 | -0.059939395857255384 | 0.24762952533357208
0.05331775146738349 | -0.059939395857255384 | 0.24762952533357208 | 0.12673402592352923 | -0.07984631895430594:0.053817332711047494 | -0.06325520663509243 | 0.25448764101977606
0.053817332711047494 | -0.06325520663509243 | 0.25448764101977606 | -0.13567388004385883 | 0.2721474523360701:0.058847871209432134 | -0.06321052433372532 | 0.2611075894673087
0.058847871209432134 | -0.06321052433372532 | 0.2611075894673087 | -0.13567388004385883 | 0.2721474523360701:0.06404601110738928 | -0.06305737383847498 | 0.2675778920110563
0.06404601110738928 | -0.06305737383847498 | 0.2675778920110563 | -0.13567388004385883 | 0.2721474523360701:0.0694078184203295 | -0.06279794797554494 | 0.27389488260038153
0.0694078184203295 | -0.06279794797554494 | 0.27389488260038153 | -0.13567388004385883 | 0.2721474523360701:0.07492931986371021 | -0.062434457091086415 | 0.2800550038716887
0.07492931986371021 | -0.062434457091086415 | 0.2800550038716887 | -0.13567388004385883 | 0.2721474523360701:0.08060650477234632 | -0.0619691281189636 | 0.28605480720235565
0.08060650477234632 | -0.0619691281189636 | 0.28605480720235565 | -0.1269000519268595 | -0.3131761494302674:0.07785742177147648 | -0.06153275189335372 | 0.2942682663609526
0.07785742177147648 | -0.06153275189335372 | 0.2942682663609526 | -0.1269000519268595 | -0.3131761494302674:0.07486001400908293 | -0.06098899246921263 | 0.30240354867158814
0.07486001400908293 | -0.06098899246921263 | 0.30240354867158814 | -0.1269000519268595 | -0.3131761494302674:0.07161725118588458 | -0.06033909784150149 | 0.31045420310828487
0.07161725118588458 | -0.06033909784150149 | 0.31045420310828487 | -0.1269000519268595 | -0.3131761494302674:0.06813221553598758 | -0.05958436128705191 | 0.31841388430880624
0.06813221553598758 | -0.05958436128705191 | 0.31841388430880624 | -0.1269000519268595 | -0.3131761494302674:0.0644080992520053 | -0.05872612033326208 | 0.3262763543122471
0.0644080992520053 | -0.05872612033326208 | 0.3262763543122471 | -0.8796723545046126 | -0.6400290401175108:0.054919346829178206 | -0.045192336314690884 | 0.3369155538972377
0.054919346829178206 | -0.045192336314690884 | 0.3369155538972377 | -0.8796723545046126 | -0.6400290401175108:0.04489703884629992 | -0.030912244194269523 | 0.3466376414639232
0.04489703884629992 | -0.030912244194269523 | 0.3466376414639232 | -0.8796723545046126 | -0.6400290401175108:0.034374599241714154 | -0.0159302168469182 | 0.3553745658915872
0.034374599241714154 | -0.0159302168469182 | 0.3553745658915872 | -0.8796723545046126 | -0.6400290401175108:0.023388132049963817 | -2.9439042328816E-4 | 0.36306185308301764
0.023388132049963817 | -2.9439042328816E-4 | 0.36306185308301764 | -0.8796723545046126 | -0.6400290401175108:0.011976278662428452 | 0.015943525378596668 | 0.3696389005008296
0.011976278662428452 | 0.015943525378596668 | 0.3696389005008296 | 0.9285160509192991 | -0.14599460063964464:0.009433035543551682 | -0.0012491701981014458 | 0.376354335309264
0.009433035543551682 | -0.0012491701981014458 | 0.376354335309264 | 0.9285160509192991 | -0.14599460063964464:0.006799690011276116 | -0.019024047363148 | 0.38217624999160904
0.006799690011276116 | -0.019024047363148 | 0.38217624999160904 | 0.9285160509192991 | -0.14599460063964464:0.004084028411333485 | -0.03733261179707936 | 0.38706510847257114
0.004084028411333485 | -0.03733261179707936 | 0.38706510847257114 | 0.9285160509192991 | -0.14599460063964464:0.0012941885961346156 | -0.05612406716018503 | 0.3909841699601575
0.0012941885961346156 | -0.05612406716018503 | 0.3909841699601575 | 0.9285160509192991 | -0.14599460063964464:-0.001561365429117778 | -0.07534547346023768 | 0.3938996147708451
-0.001561365429117778 | -0.07534547346023768 | 0.3938996147708451 | 0.9285160509192991 | -0.14599460063964464:-0.00447386981364728 | -0.09494191169606703 | 0.3957806610326102
-0.00447386981364728 | -0.09494191169606703 | 0.3957806610326102 | 0.9285160509192991 | -0.14599460063964464:-0.007434288041414661 | -0.11485665427358249 | 0.3965996719652516
-0.007434288041414661 | -0.11485665427358249 | 0.3965996719652516 | 0.9285160509192991 | -0.14599460063964464:-0.010433338902324563 | -0.13503134067769595 | 0.39633225346521606
-0.010433338902324563 | -0.13503134067769595 | 0.39633225346521606 | 0.9285160509192991 | -0.14599460063964464:-0.013461525170384903 | -0.15540615787188194 | 0.394957341750656
-0.013461525170384903 | -0.15540615787188194 | 0.394957341750656 | 0.9285160509192991 | -0.14599460063964464:-0.016509162903387553 | -0.1759200248869046 | 0.3924572808512128
-0.016509162903387553 | -0.1759200248869046 | 0.3924572808512128 | 0.7588365850154088 | -0.783292236287894:-0.032008747440370744 | -0.1932039040156739 | 0.389649040130692
-0.032008747440370744 | -0.1932039040156739 | 0.389649040130692 | 0.7588365850154088 | -0.783292236287894:-0.04754982783197592 | -0.210532909404205 | 0.3854136897988525
-0.04754982783197592 | -0.210532909404205 | 0.3854136897988525 | 0.7588365850154088 | -0.783292236287894:-0.06306763643953905 | -0.22784475953825112 | 0.3797384763076064
-0.06306763643953905 | -0.22784475953825112 | 0.3797384763076064 | 0.7588365850154088 | -0.783292236287894:-0.0784967087747277 | -0.24507638755254213 | 0.3726163409011214
-0.0784967087747277 | -0.24507638755254213 | 0.3726163409011214 | 0.7588365850154088 | -0.783292236287894:-0.09377114236702311 | -0.262164190787173 | 0.36404598544634403
-0.09377114236702311 | -0.262164190787173 | 0.36404598544634403 | -0.26844311415073263 | 0.6445293209916672:-0.0828479970716347 | -0.26029494616376425 | 0.37473978883395453
-0.0828479970716347 | -0.26029494616376425 | 0.37473978883395453 | -0.26844311415073263 | 0.6445293209916672:-0.07143570362138774 | -0.2581935001423261 | 0.38507488409737967
-0.07143570362138774 | -0.2581935001423261 | 0.38507488409737967 | -0.26844311415073263 | 0.6445293209916672:-0.059547007756547865 | -0.25586525444392816 | 0.39502635112568285
-0.059547007756547865 | -0.25586525444392816 | 0.39502635112568285 | -0.26844311415073263 | 0.6445293209916672:-0.04719563988428943 | -0.2533160222799937 | 0.40456986867973477
-0.04719563988428943 | -0.2533160222799937 | 0.40456986867973477 | -0.26844311415073263 | 0.6445293209916672:-0.034396289849320194 | -0.25055201815934147 | 0.41368175732195667
-0.034396289849320194 | -0.25055201815934147 | 0.41368175732195667 | -0.26844311415073263 | 0.6445293209916672:-0.021164580202065686 | -0.24757984706095648 | 0.42233902111069455
-0.021164580202065686 | -0.24757984706095648 | 0.42233902111069455 | -0.26844311415073263 | 0.6445293209916672:-0.0075170380150144656 | -0.24440649299318107 | 0.4305193880006186
-0.0075170380150144656 | -0.24440649299318107 | 0.4305193880006186 | -0.26844311415073263 | 0.6445293209916672:0.006528934700351097 | -0.24103930696077835 | 0.43820134889295304
0.006528934700351097 | -0.24103930696077835 | 0.43820134889295304 | -0.26844311415073263 | 0.6445293209916672:0.020955091921881164 | -0.23748599436207396 | 0.44536419528170157
0.020955091921881164 | -0.23748599436207396 | 0.44536419528170157 | -0.26844311415073263 | 0.6445293209916672:0.0357423758345381 | -0.23375460183906327 | 0.45198805544448817
0.0357423758345381 | -0.23375460183906327 | 0.45198805544448817 | -0.7284130109202154 | -0.4871125825103102:0.024759947941640936 | -0.21922687138611252 | 0.46536051888000785
0.024759947941640936 | -0.21922687138611252 | 0.46536051888000785 | -0.7284130109202154 | -0.4871125825103102:0.013357304176749407 | -0.20404005294301886 | 0.4779562159819939
0.013357304176749407 | -0.20404005294301886 | 0.4779562159819939 | -0.7284130109202154 | -0.4871125825103102:0.001554579468212136 | -0.18822363852187518 | 0.48973208666253143
0.001554579468212136 | -0.18822363852187518 | 0.48973208666253143 | -0.7284130109202154 | -0.4871125825103102:-0.010626850655903075 | -0.1718090056303243 | 0.5006468213192008
-0.010626850655903075 | -0.1718090056303243 | 0.5006468213192008 | -0.7284130109202154 | -0.4871125825103102:-0.023164420818785114 | -0.1548293434526684 | 0.5106609739811425
-0.023164420818785114 | -0.1548293434526684 | 0.5106609739811425 | -0.7284130109202154 | -0.4871125825103102:-0.03603442953330882 | -0.13731957447810395 | 0.5197370707830942
-0.03603442953330882 | -0.13731957447810395 | 0.5197370707830942 | -0.7284130109202154 | -0.4871125825103102:-0.04921209579020658 | -0.1193162717774463 | 0.5278397135153803
-0.04921209579020658 | -0.1193162717774463 | 0.5278397135153803 | -0.7284130109202154 | -0.4871125825103102:-0.06267161835214219 | -0.10085757213907698 | 0.5349356780105659
-0.06267161835214219 | -0.10085757213907698 | 0.5349356780105659 | -0.7284130109202154 | -0.4871125825103102:-0.07638623760408025 | -0.08198308528374731 | 0.5409940071404868
-0.07638623760408025 | -0.08198308528374731 | 0.5409940071404868 | -0.7284130109202154 | -0.4871125825103102:-0.09032829980496071 | -0.06273379938611434 | 0.5459860982109426
-0.09032829980496071 | -0.06273379938611434 | 0.5459860982109426 | -0.7284130109202154 | -0.4871125825103102:-0.10446932358066552 | -0.0431519831387277 | 0.5498857845552472
-0.10446932358066552 | -0.0431519831387277 | 0.5498857845552472 | -0.7284130109202154 | -0.4871125825103102:-0.1187800684936452 | -0.023281084601268986 | 0.55266941114213
-0.1187800684936452 | -0.023281084601268986 | 0.55266941114213 | -0.7284130109202154 | -0.4871125825103102:-0.1332306055203436 | -0.003165627084506184 | 0.5543159040282042
-0.1332306055203436 | -0.003165627084506184 | 0.5543159040282042 | -0.7284130109202154 | -0.4871125825103102:-0.14779038926373247 | 0.017148897675626884 | 0.5548068335001375
-0.14779038926373247 | 0.017148897675626884 | 0.5548068335001375 | -0.7284130109202154 | -0.4871125825103102:-0.16242833172485477 | 0.037616138793000076 | 0.5541264707669313
-0.16242833172485477 | 0.037616138793000076 | 0.5541264707669313 | 0.23437364081599865 | 0.4973277711587698:-0.1496723048051109 | 0.031346662034149375 | 0.5624621378932702
-0.1496723048051109 | 0.031346662034149375 | 0.5624621378932702 | 0.23437364081599865 | 0.4973277711587698:-0.1366035177238389 | 0.024930485869852248 | 0.5703911275971763
-0.1366035177238389 | 0.024930485869852248 | 0.5703911275971763 | 0.23437364081599865 | 0.4973277711587698:-0.12323369996448785 | 0.01837303371591581 | 0.5779009197041702
-0.12323369996448785 | 0.01837303371591581 | 0.5779009197041702 | 0.23437364081599865 | 0.4973277711587698:-0.10957494989330868 | 0.011679905689574 | 0.584979430843859
-0.10957494989330868 | 0.011679905689574 | 0.584979430843859 | 0.23437364081599865 | 0.4973277711587698:-0.09563972118508285 | 0.004856872280926794 | 0.5916150266272027
-0.09563972118508285 | 0.004856872280926794 | 0.5916150266272027 | -0.4131352659908891 | -0.5543049029677176:-0.1127401115632859 | 0.01718998248930248 | 0.5924456439290076
-0.1127401115632859 | 0.01718998248930248 | 0.5924456439290076 | -0.4131352659908891 | -0.5543049029677176:-0.12994997279406773 | 0.02961691026785651 | 0.5924826902747817
-0.12994997279406773 | 0.02961691026785651 | 0.5924826902747817 | -0.4131352659908891 | -0.5543049029677176:-0.14724436833414067 | 0.04211911456997086 | 0.5917179860257917
-0.14724436833414067 | 0.04211911456997086 | 0.5917179860257917 | -0.4131352659908891 | -0.5543049029677176:-0.16459808502312612 | 0.05467783578612284 | 0.5901445911309189
-0.16459808502312612 | 0.05467783578612284 | 0.5901445911309189 | -0.4131352659908891 | -0.5543049029677176:-0.18198567282926437 | 0.0672741252305924 | 0.5877568178813632
-0.18198567282926437 | 0.0672741252305924 | 0.5877568178813632 | -0.10233323397910143 | -0.5961143681962378:-0.20063790877862941 | 0.07071325395572892 | 0.5853018530732754
-0.20063790877862941 | 0.07071325395572892 | 0.5853018530732754 | -0.10233323397910143 | -0.5961143681962378:-0.21930095163452457 | 0.074153584951409 | 0.5821987172072198
-0.21930095163452457 | 0.074153584951409 | 0.5821987172072198 | -0.10233323397910143 | -0.5961143681962378:-0.23795227207546432 | 0.07759127929698018 | 0.5784453640996077
-0.23795227207546432 | 0.07759127929698018 | 0.5784453640996077 | -0.10233323397910143 | -0.5961143681962378:-0.25656926453676254 | 0.08102248268008694 | 0.5740405578937171
-0.25656926453676254 | 0.08102248268008694 | 0.5740405578937171 | -0.10233323397910143 | -0.5961143681962378:-0.27512927515771324 | 0.08444333019233685 | 0.5689838745909412
-0.27512927515771324 | 0.08444333019233685 | 0.5689838745909412 | -0.10233323397910143 | -0.5961143681962378:-0.2936096297086368 | 0.08784995112395144 | 0.5632757026144048
-0.2936096297086368 | 0.08784995112395144 | 0.5632757026144048 | -0.10233323397910143 | -0.5961143681962378:-0.3119876614662762 | 0.09123847375200356 | 0.5569172424086375
-0.3119876614662762 | 0.09123847375200356 | 0.5569172424086375 | -0.10233323397910143 | -0.5961143681962378:-0.3302407390062698 | 0.09460503011684818 | 0.5499105050801489
-0.3302407390062698 | 0.09460503011684818 | 0.5499105050801489 | -0.10233323397910143 | -0.5961143681962378:-0.3483462938816926 | 0.09794576078141226 | 0.5422583100847831
-0.3483462938816926 | 0.09794576078141226 | 0.5422583100847831 | -0.10233323397910143 | -0.5961143681962378:-0.3662818481569552 | 0.10125681956805721 | 0.5339642819685579
-0.3662818481569552 | 0.10125681956805721 | 0.5339642819685579 | -0.36582845853069457 | 0.4413616442941106:-0.35631665268428403 | 0.11158998970813006 | 0.5428151395435918
-0.35631665268428403 | 0.11158998970813006 | 0.5428151395435918 | -0.36582845853069457 | 0.4413616442941106:-0.3460819122598435 | 0.12212879556811362 | 0.5512541163822959
-0.3460819122598435 | 0.12212879556811362 | 0.5512541163822959 | -0.36582845853069457 | 0.4413616442941106:-0.3355876958904531 | 0.132865217855465 | 0.5592690773634033
-0.3355876958904531 | 0.132865217855465 | 0.5592690773634033 | -0.36582845853069457 | 0.4413616442941106:-0.32484438261948956 | 0.14379097424137033 | 0.5668483145680199
-0.32484438261948956 | 0.14379097424137033 | 0.5668483145680199 | -0.36582845853069457 | 0.4413616442941106:-0.3138626502454054 | 0.15489752861648842 | 0.5739805600161603
-0.3138626502454054 | 0.15489752861648842 | 0.5739805600161603 | -0.36582845853069457 | 0.4413616442941106:-0.3026534637559024 | 0.16617610058671684 | 0.5806549979048299
-0.3026534637559024 | 0.16617610058671684 | 0.5806549979048299 | -0.36582845853069457 | 0.4413616442941106:-0.2912280634906619 | 0.1776176751983849 | 0.5868612763376007
-0.2912280634906619 | 0.1776176751983849 | 0.5868612763376007 | -0.36582845853069457 | 0.4413616442941106:-0.27959795304572577 | 0.18921301288210124 | 0.5925895185362364
-0.27959795304572577 | 0.18921301288210124 | 0.5925895185362364 | -0.36582845853069457 | 0.4413616442941106:-0.26777488693279583 | 0.2009526596043525 | 0.5978303335253585
-0.26777488693279583 | 0.2009526596043525 | 0.5978303335253585 | -0.36582845853069457 | 0.4413616442941106:-0.2557708580068754 | 0.2128269572157997 | 0.6025748262817316
-0.2557708580068754 | 0.2128269572157997 | 0.6025748262817316 | -0.976166320096501 | 0.34340142522459405:-0.2466899217952463 | 0.24306807592420476 | 0.5984753478975406
-0.2466899217952463 | 0.24306807592420476 | 0.5984753478975406 | -0.976166320096501 | 0.34340142522459405:-0.23764978783898982 | 0.2731912170961346 | 0.5926856687200086
-0.23764978783898982 | 0.2731912170961346 | 0.5926856687200086 | -0.976166320096501 | 0.34340142522459405:-0.22868110000405117 | 0.30310962022592136 | 0.5852085816200017
-0.22868110000405117 | 0.30310962022592136 | 0.5852085816200017 | -0.976166320096501 | 0.34340142522459405:-0.21981445607470462 | 0.3327365278425418 | 0.5760519455895761
-0.21981445607470462 | 0.3327365278425418 | 0.5760519455895761 | -0.976166320096501 | 0.34340142522459405:-0.2110803146006326 | 0.3619854503618942 | 0.5652286872639536
-0.2110803146006326 | 0.3619854503618942 | 0.5652286872639536 | -0.7754584579466326 | -0.23838363766184245:-0.2185466524633295 | 0.3852394248305213 | 0.55052647230643
-0.2185466524633295 | 0.3852394248305213 | 0.55052647230643 | -0.7754584579466326 | -0.23838363766184245:-0.22584387122606842 | 0.4079772752718007 | 0.5347482261756156
-0.22584387122606842 | 0.4079772752718007 | 0.5347482261756156 | -0.7754584579466326 | -0.23838363766184245:-0.23295804637190365 | 0.4301531604617721 | 0.5179149745065175
-0.23295804637190365 | 0.4301531604617721 | 0.5179149745065175 | -0.7754584579466326 | -0.23838363766184245:-0.23987551955280573 | 0.451722065039486 | 0.5000498782036971
-0.23987551955280573 | 0.451722065039486 | 0.5000498782036971 | -0.7754584579466326 | -0.23838363766184245:-0.24658292616890876 | 0.4726398899600328 | 0.48117819521480953
-0.24658292616890876 | 0.4726398899600328 | 0.48117819521480953 | -0.7754584579466326 | -0.23838363766184245:-0.25306722240410195 | 0.4928635412592093 | 0.46132723816603516
-0.25306722240410195 | 0.4928635412592093 | 0.46132723816603516 | -0.7754584579466326 | -0.23838363766184245:-0.2593157116660567 | 0.5123510169593255 | 0.44052632794426216
-0.2593157116660567 | 0.5123510169593255 | 0.44052632794426216 | -0.7754584579466326 | -0.23838363766184245:-0.26531607038002925 | 0.5310614919495582 | 0.4188067433182425
-0.26531607038002925 | 0.5310614919495582 | 0.4188067433182425 | -0.7754584579466326 | -0.23838363766184245:-0.27105637308712893 | 0.5489554006784539 | 0.39620166669855905
-0.27105637308712893 | 0.5489554006784539 | 0.39620166669855905 | -0.7754584579466326 | -0.23838363766184245:-0.2765251167991316 | 0.5659945175006748 | 0.37274612614294966
-0.2765251167991316 | 0.5659945175006748 | 0.37274612614294966 | -0.7754584579466326 | -0.23838363766184245:-0.2817112445634731 | 0.5821420345248423 | 0.34847693372091726
-0.2817112445634731 | 0.5821420345248423 | 0.34847693372091726 | -0.7754584579466326 | -0.23838363766184245:-0.28660416819358403 | 0.5973626368143794 | 0.3234326203577709
-0.28660416819358403 | 0.5973626368143794 | 0.3234326203577709 | -0.7754584579466326 | -0.23838363766184245:-0.2911937901214632 | 0.6116225747985413 | 0.29765336728502945
-0.2911937901214632 | 0.6116225747985413 | 0.29765336728502945 | -0.7754584579466326 | -0.23838363766184245:-0.29547052433104426 | 0.6248897337563775 | 0.27118093423010947
-0.29547052433104426 | 0.6248897337563775 | 0.27118093423010947 | -0.7754584579466326 | -0.23838363766184245:-0.29942531633283487 | 0.6371337002421495 | 0.24405858448406548
-0.29942531633283487 | 0.6371337002421495 | 0.24405858448406548 | 0.8730037426667572 | -0.5528779021270986:-0.30786850950851097 | 0.6280182446933189 | 0.26414890361600385
-0.30786850950851097 | 0.6280182446933189 | 0.26414890361600385 | 0.8730037426667572 | -0.5528779021270986:-0.3168685414710737 | 0.6179724655143346 | 0.2836349787227448
-0.3168685414710737 | 0.6179724655143346 | 0.2836349787227448 | 0.8730037426667572 | -0.5528779021270986:-0.32640861218787265 | 0.6070219847879894 | 0.3024579005838888
-0.32640861218787265 | 0.6070219847879894 | 0.3024579005838888 | 0.8730037426667572 | -0.5528779021270986:-0.3364702152656882 | 0.5951951503537369 | 0.3205603591151984
-0.3364702152656882 | 0.5951951503537369 | 0.3205603591151984 | 0.8730037426667572 | -0.5528779021270986:-0.34703318579734344 | 0.5825229641203133 | 0.3378868189470836
-0.34703318579734344 | 0.5825229641203133 | 0.3378868189470836 | -0.6962104310707968 | -0.42318057296818257:-0.35480275498498415 | 0.5958301946103228 | 0.31098684109519326
-0.35480275498498415 | 0.5958301946103228 | 0.31098684109519326 | -0.6962104310707968 | -0.42318057296818257:-0.36199980732590653 | 0.6082071831125306 | 0.283381852666281
-0.36199980732590653 | 0.6082071831125306 | 0.283381852666281 | -0.6962104310707968 | -0.42318057296818257:-0.3686080673404746 | 0.6196263652965186 | 0.25511735399880564
-0.3686080673404746 | 0.6196263652965186 | 0.25511735399880564 | -0.6962104310707968 | -0.42318057296818257:-0.3746122795796847 | 0.6300618301228944 | 0.22624027585369788
-0.3746122795796847 | 0.6300618301228944 | 0.22624027585369788 | -0.6962104310707968 | -0.42318057296818257:-0.37999824048665154 | 0.6394893737381437 | 0.19679889479819934
-0.37999824048665154 | 0.6394893737381437 | 0.19679889479819934 | -0.6962104310707968 | -0.42318057296818257:-0.38475282829661595 | 0.6478865501888116 | 0.16684274591695214
-0.38475282829661595 | 0.6478865501888116 | 0.16684274591695214 | -0.6962104310707968 | -0.42318057296818257:-0.38886403091914445 | 0.655232718859418 | 0.1364225330165496
-0.38886403091914445 | 0.655232718859418 | 0.1364225330165496 | -0.6962104310707968 | -0.42318057296818257:-0.3923209717500207 | 0.6615090885447898 | 0.1055900364939788
-0.3923209717500207 | 0.6615090885447898 | 0.1055900364939788 | -0.6962104310707968 | -0.42318057296818257:-0.39511393336431055 | 0.6666987580739239 | 0.07439801904379806
-0.39511393336431055 | 0.6666987580739239 | 0.07439801904379806 | -0.6962104310707968 | -0.42318057296818257:-0.3972343790461501 | 0.6707867534090983 | 0.042900129382445584
-0.3972343790461501 | 0.6707867534090983 | 0.042900129382445584 | -0.6962104310707968 | -0.42318057296818257:-0.3986749721147973 | 0.673760061150622 | 0.011150804171791151
-0.3986749721147973 | 0.673760061150622 | 0.011150804171791151 | -0.6962104310707968 | -0.42318057296818257:-0.3994295930108436 | 0.6756076583844504 | -0.020794831673121905
-0.3994295930108436 | 0.6756076583844504 | -0.020794831673121905 | -0.6962104310707968 | -0.42318057296818257:-0.39949335411056097 | 0.6763205388167943 | -0.05288106610409926
-0.39949335411056097 | 0.6763205388167943 | -0.05288106610409926 | -0.6962104310707968 | -0.42318057296818257:-0.3988626122407197 | 0.6758917351468696 | -0.08505170229743442
-0.3988626122407197 | 0.6758917351468696 | -0.08505170229743442 | -0.6962104310707968 | -0.42318057296818257:-0.3975349788704854 | 0.6743163376359966 | -0.11725016205672745
-0.3975349788704854 | 0.6743163376359966 | -0.11725016205672745 | -0.4842004393110335 | 0.7240445821243147:-0.40316707091072956 | 0.673048610729964 | -0.11937703996910187
-0.40316707091072956 | 0.673048610729964 | -0.11937703996910187 | -0.4842004393110335 | 0.7240445821243147:-0.4088728096612364 | 0.6717040570258526 | -0.12126834772810469
-0.4088728096612364 | 0.6717040570258526 | -0.12126834772810469 | -0.4842004393110335 | 0.7240445821243147:-0.41464355214153414 | 0.6702886430957982 | -0.12291910479255819
-0.41464355214153414 | 0.6702886430957982 | -0.12291910479255819 | -0.4842004393110335 | 0.7240445821243147:-0.42047046194694815 | 0.6688084681357189 | -0.12432480585941619
-0.42047046194694815 | 0.6688084681357189 | -0.12432480585941619 | -0.4842004393110335 | 0.7240445821243147:-0.42634452743412155 | 0.6672697519601307 | -0.12548143167061454
-0.42634452743412155 | 0.6672697519601307 | -0.12548143167061454 | 0.8302493542185454 | 0.8061522371221728:-0.4309977332037036 | 0.673564111861289 | -0.08062054091354298
-0.4309977332037036 | 0.673564111861289 | -0.08062054091354298 | 0.8302493542185454 | 0.8061522371221728:-0.43382413367387684 | 0.6779814350917093 | -0.0352732376068019
-0.43382413367387684 | 0.6779814350917093 | -0.0352732376068019 | 0.8302493542185454 | 0.8061522371221728:-0.4348043500922465 | 0.6804986187300024 | 0.01040624220379982
-0.4348043500922465 | 0.6804986187300024 | 0.01040624220379982 | 0.8302493542185454 | 0.8061522371221728:-0.4339254018187759 | 0.6810991109137206 | 0.0562618422621739
-0.4339254018187759 | 0.6810991109137206 | 0.0562618422621739 | 0.8302493542185454 | 0.8061522371221728:-0.43118077532282584 | 0.6797729932637964 | 0.1021362332667124
-0.43118077532282584 | 0.6797729932637964 | 0.1021362332667124 | 0.8302493542185454 | 0.8061522371221728:-0.42657047022366257 | 0.6765170397926923 | 0.1478713661347939
-0.42657047022366257 | 0.6765170397926923 | 0.1478713661347939 | 0.8302493542185454 | 0.8061522371221728:-0.42010102216348244 | 0.6713347520377475 | 0.19330902938750683
-0.42010102216348244 | 0.6713347520377475 | 0.19330902938750683 | 0.8302493542185454 | 0.8061522371221728:-0.41178550238521083 | 0.6642363702468828 | 0.23829140865812093
-0.41178550238521083 | 0.6642363702468828 | 0.23829140865812093 | 0.8302493542185454 | 0.8061522371221728:-0.4016434939712177 | 0.6552388605297068 | 0.28266164631780555
-0.4016434939712177 | 0.6552388605297068 | 0.28266164631780555 | 0.8302493542185454 | 0.8061522371221728:-0.3897010447831555 | 0.644365877973808 | 0.3262643992095775
-0.3897010447831555 | 0.644365877973808 | 0.3262643992095775 | -0.02694767916834384 | -0.21883475232350058:-0.39409724938390767 | 0.6462137648852355 | 0.3218141110799664
-0.39409724938390767 | 0.6462137648852355 | 0.3218141110799664 | -0.02694767916834384 | -0.21883475232350058:-0.39844340713595017 | 0.6480424998149878 | 0.3172952579893433
-0.39844340713595017 | 0.6480424998149878 | 0.3172952579893433 | -0.02694767916834384 | -0.21883475232350058:-0.40273858437713983 | 0.6498520976129534 | 0.3127086301057673
-0.40273858437713983 | 0.6498520976129534 | 0.3127086301057673 | -0.02694767916834384 | -0.21883475232350058:-0.4069818603264963 | 0.6516425734050024 | 0.3080550274857998
-0.4069818603264963 | 0.6516425734050024 | 0.3080550274857998 | -0.02694767916834384 | -0.21883475232350058:-0.41117232714679375 | 0.6534139426138701 | 0.30333525989098575
-0.41117232714679375 | 0.6534139426138701 | 0.30333525989098575 | 0.6539930353065 | 0.6544844421044409:-0.4011569347270978 | 0.6444696639959275 | 0.3385093400491641
-0.4011569347270978 | 0.6444696639959275 | 0.3385093400491641 | 0.6539930353065 | 0.6544844421044409:-0.38997369795307435 | 0.6343437909790453 | 0.3730875928718902
-0.38997369795307435 | 0.6343437909790453 | 0.3730875928718902 | 0.6539930353065 | 0.6544844421044409:-0.37764237226638997 | 0.6230548196674022 | 0.40699092077451127
-0.37764237226638997 | 0.6230548196674022 | 0.40699092077451127 | 0.6539930353065 | 0.6544844421044409:-0.3641853824182242 | 0.6106239336322616 | 0.44014148910558504
-0.3641853824182242 | 0.6106239336322616 | 0.44014148910558504 | 0.6539930353065 | 0.6544844421044409:-0.3496277779021426 | 0.5970749623569631 | 0.47246290801481905
-0.3496277779021426 | 0.5970749623569631 | 0.47246290801481905 | 0.6539930353065 | 0.6544844421044409:-0.3339971822347252 | 0.5824343334847697 | 0.503880411292819
-0.3339971822347252 | 0.5824343334847697 | 0.503880411292819 | 0.6539930353065 | 0.6544844421044409:-0.31732373619664855 | 0.5667310189751973 | 0.534321031764371
-0.31732373619664855 | 0.5667310189751973 | 0.534321031764371 | 0.6539930353065 | 0.6544844421044409:-0.2996400351609374 | 0.5499964752889923 | 0.5637137728253236
-0.2996400351609374 | 0.5499964752889923 | 0.5637137728253236 | 0.6539930353065 | 0.6544844421044409:-0.2809810606488128 | 0.5322645777352548 | 0.5919897757220127
-0.2809810606488128 | 0.5322645777352548 | 0.5919897757220127 | 0.6539930353065 | 0.6544844421044409:-0.26138410626694863 | 0.5135715491282014 | 0.6190824821819092
-0.26138410626694863 | 0.5135715491282014 | 0.6190824821819092 | 0.6539930353065 | 0.6544844421044409:-0.24088869819298608 | 0.49395588291397274 | 0.6449277920152028
-0.24088869819298608 | 0.49395588291397274 | 0.6449277920152028 | 0.6539930353065 | 0.6544844421044409:-0.21953651038869992 | 0.4734582609407454 | 0.6694642153184702
-0.21953651038869992 | 0.4734582609407454 | 0.6694642153184702 | 0.6539930353065 | 0.6544844421044409:-0.19737127473251803 | 0.45212146605788917 | 0.6926330189241128
-0.19737127473251803 | 0.45212146605788917 | 0.6926330189241128 | 0.6539930353065 | 0.6544844421044409:-0.17443868627473336 | 0.42999028974172404 | 0.7143783667525696
-0.17443868627473336 | 0.42999028974172404 | 0.7143783667525696 | 0.6539930353065 | 0.6544844421044409:-0.15078630383007408 | 0.40711143495702373 | 0.7346474537384466
-0.15078630383007408 | 0.40711143495702373 | 0.7346474537384466 | -0.3080190222578454 | -0.0363561420521159:-0.15237137837318215 | 0.4190960444032825 | 0.7292666163765205
-0.15237137837318215 | 0.4190960444032825 | 0.7292666163765205 | -0.3080190222578454 | -0.0363561420521159:-0.15394595145918544 | 0.4310081676400017 | 0.7236748828769635
-0.15394595145918544 | 0.4310081676400017 | 0.7236748828769635 | -0.3080190222578454 | -0.0363561420521159:-0.15550960196019759 | 0.4428440786263579 | 0.7178734785729546
-0.15550960196019759 | 0.4428440786263579 | 0.7178734785729546 | -0.3080190222578454 | -0.0363561420521159:-0.15706191160876415 | 0.45460007654325807 | 0.7118636936377101
-0.15706191160876415 | 0.45460007654325807 | 0.7118636936377101 | -0.3080190222578454 | -0.0363561420521159:-0.15860246512184517 | 0.46627248683341804 | 0.7056468825228279
-0.15860246512184517 | 0.46627248683341804 | 0.7056468825228279 | -0.3080190222578454 | -0.0363561420521159:-0.16013085032343355 | 0.4778576622297521 | 0.699224463381384
-0.16013085032343355 | 0.4778576622297521 | 0.699224463381384 | -0.3080190222578454 | -0.0363561420521159:-0.16164665826572389 | 0.4893519837718898 | 0.6925979174759362
-0.16164665826572389 | 0.4893519837718898 | 0.6925979174759362 | -0.3080190222578454 | -0.0363561420521159:-0.163149483348775 | 0.5007518618106914 | 0.6857687885718207
-0.163149483348775 | 0.5007518618106914 | 0.6857687885718207 | -0.3080190222578454 | -0.0363561420521159:-0.16463892343880104 | 0.512053737000528 | 0.6787386823158386
