0.0 | 0.0 | 0.0 | 0.5038578680588937 | 0.2311204138417544:1.1552096569308246E-4 | -2.51902285753669E-4 | 0.009996159269685405
1.1552096569308246E-4 | -2.51902285753669E-4 | 0.009996159269685405 | 0.9664004672785367 | 0.2621029709262177:4.899302422763101E-4 | -0.0014615256130838805 | 0.019840209455547674
4.899302422763101E-4 | -0.0014615256130838805 | 0.019840209455547674 | 0.9664004672785367 | 0.2621029709262177:0.0011173860070035806 | -0.0036090836005595595 | 0.02945972445688392
0.0011173860070035806 | -0.0036090836005595595 | 0.02945972445688392 | 0.9664004672785367 | 0.2621029709262177:0.001990853390996629 | -0.006670342657764561 | 0.038784242412656
0.001990853390996629 | -0.006670342657764561 | 0.038784242412656 | 0.9664004672785367 | 0.2621029709262177:0.0031021472213482544 | -0.010616773124802803 | 0.04774553403029477
0.0031021472213482544 | -0.010616773124802803 | 0.04774553403029477 | 0.9664004672785367 | 0.2621029709262177:0.00444197852494207 | -0.015415714556588078 | 0.05627785963967563
0.00444197852494207 | -0.015415714556588078 | 0.05627785963967563 | 0.9664004672785367 | 0.2621029709262177:0.006000004592862651 | -0.021030554428407733 | 0.0643182142189731
0.006000004592862651 | -0.021030554428407733 | 0.0643182142189731 | 0.9664004672785367 | 0.2621029709262177:0.007764882394980008 | -0.027420919503861496 | 0.07180655968635674
0.007764882394980008 | -0.027420919503861496 | 0.07180655968635674 | 0.9664004672785367 | 0.2621029709262177:0.00972432512575623 | -0.034542879073608646 | 0.07868604380041261
0.00972432512575623 | -0.034542879073608646 | 0.07868604380041261 | 0.9664004672785367 | 0.2621029709262177:0.011865161654557234 | -0.04234915924350169 | 0.08490320506259846
0.011865161654557234 | -0.04234915924350169 | 0.08490320506259846 | 0.9664004672785367 | 0.2621029709262177:0.014173398646773444 | -0.05078936742370366 | 0.09040816306679811
0.014173398646773444 | -0.05078936742370366 | 0.09040816306679811 | -0.6425904350340297 | -0.572236145553775:0.012522715242833993 | -0.051953014218959925 | 0.10026197330729048
0.012522715242833993 | -0.051953014218959925 | 0.10026197330729048 | -0.6425904350340297 | -0.572236145553775:0.010352235574028909 | -0.05250520695985328 | 0.11016866282179394
0.010352235574028909 | -0.05250520695985328 | 0.11016866282179394 | -0.6425904350340297 | -0.572236145553775:0.007661928950080638 | -0.052445370886921916 | 0.12007680701523193
0.007661928950080638 | -0.052445370886921916 | 0.12007680701523193 | -0.6425904350340297 | -0.572236145553775:0.004453705097345467 | -0.05177511155104719 | 0.12993523940981477
0.004453705097345467 | -0.05177511155104719 | 0.12993523940981477 | -0.6425904350340297 | -0.572236145553775:7.313921079311891E-4 | -0.05049819253548682 | 0.13969320450306721
7.313921079311891E-4 | -0.05049819253548682 | 0.13969320450306721 | -0.1864173451659088 | -0.2997810021751923:-0.0014479417114716953 | -0.05201379896158964 | 0.14818673586668307
-0.0014479417114716953 | -0.05201379896158964 | 0.14818673586668307 | -0.1864173451659088 | -0.2997810021751923:-0.0038733421537533036 | -0.05334772274353017 | 0.1566036808253175
-0.0038733421537533036 | -0.05334772274353017 | 0.1566036808253175 | -0.1864173451659088 | -0.2997810021751923:-0.006541551289152306 | -0.0545022379463711 | 0.16493653781009932
-0.006541551289152306 | -0.0545022379463711 | 0.16493653781009932 | -0.1864173451659088 | -0.2997810021751923:-0.009449188817049106 | -0.05547969254050211 | 0.1731779429417324
-0.009449188817049106 | -0.05547969254050211 | 0.1731779429417324 | -0.1864173451659088 | -0.2997810021751923:-0.012592755248340373 | -0.05628250646045152 | 0.18132067205206193
-0.012592755248340373 | -0.05628250646045152 | 0.18132067205206193 | -0.1864173451659088 | -0.2997810021751923:-0.015968635099204154 | -0.056913169655943285 | 0.18935764262212595
-0.015968635099204154 | -0.056913169655943285 | 0.18935764262212595 | -0.1864173451659088 | -0.2997810021751923:-0.019573100094929633 | -0.05737424013602843 | 0.19728191563701092
-0.019573100094929633 | -0.05737424013602843 | 0.19728191563701092 | -0.1864173451659088 | -0.2997810021751923:-0.02340231238249947 | -0.05766834200710713 | 0.20508669735785778
-0.02340231238249947 | -0.05766834200710713 | 0.20508669735785778 | -0.1864173451659088 | -0.2997810021751923:-0.0274523277506266 | -0.05779816350565947 | 0.21276534101137923
-0.0274523277506266 | -0.05779816350565947 | 0.21276534101137923 | -0.1864173451659088 | -0.2997810021751923:-0.03171909885596211 | -0.05776645502648292 | 0.2203113483972814
-0.03171909885596211 | -0.05776645502648292 | 0.2203113483972814 | -0.1864173451659088 | -0.2997810021751923:-0.03619847845420483 | -0.05757602714723076 | 0.22771837141399942
-0.03619847845420483 | -0.05757602714723076 | 0.22771837141399942 | -0.1864173451659088 | -0.2997810021751923:-0.04088622263485854 | -0.05722974865003838 | 0.23498021350318066
-0.04088622263485854 | -0.05722974865003838 | 0.23498021350318066 | -0.1864173451659088 | -0.2997810021751923:-0.04577799405839694 | -0.05673054454101267 | 0.2420908310133636
-0.04577799405839694 | -0.05673054454101267 | 0.2420908310133636 | -0.1864173451659088 | -0.2997810021751923:-0.05086936519461199 | -0.05608139406834667 | 0.24904433448333796
-0.05086936519461199 | -0.05608139406834667 | 0.24904433448333796 | -0.1864173451659088 | -0.2997810021751923:-0.05615582156093646 | -0.055285328739823836 | 0.25583498984567354
-0.05615582156093646 | -0.055285328739823836 | 0.25583498984567354 | -0.1864173451659088 | -0.2997810021751923:-0.06163276495954656 | -0.05434543034045136 | 0.26245721955093515
-0.06163276495954656 | -0.05434543034045136 | 0.26245721955093515 | -0.1864173451659088 | -0.2997810021751923:-0.06729551671206596 | -0.0532648289509674 | 0.2689056036131152
-0.06729551671206596 | -0.0532648289509674 | 0.2689056036131152 | -0.1864173451659088 | -0.2997810021751923:-0.07313932089070857 | -0.052046700967945725 | 0.27517488057685213
-0.07313932089070857 | -0.052046700967945725 | 0.27517488057685213 | -0.1864173451659088 | -0.2997810021751923:-0.07915934754471321 | -0.05069426712621761 | 0.28125994840698443
-0.07915934754471321 | -0.05069426712621761 | 0.28125994840698443 | -0.1864173451659088 | -0.2997810021751923:-0.0853506959209378 | -0.0492107905243202 | 0.28715586530105686
-0.0853506959209378 | -0.0492107905243202 | 0.28715586530105686 | -0.1864173451659088 | -0.2997810021751923:-0.09170839767749983 | -0.047599574653672594 | 0.29285785042536716
-0.09170839767749983 | -0.047599574653672594 | 0.29285785042536716 | -0.1864173451659088 | -0.2997810021751923:-0.09822742008936092 | -0.045863961432160316 | 0.29836128457518907
-0.09822742008936092 | -0.045863961432160316 | 0.29836128457518907 | -0.1864173451659088 | -0.2997810021751923:-0.1049026692447762 | -0.044007329242818916 | 0.3036617107598252
-0.1049026692447762 | -0.044007329242818916 | 0.3036617107598252 | -0.1864173451659088 | -0.2997810021751923:-0.11172899323153862 | -0.04203309097827379 | 0.3087548347131248
-0.11172899323153862 | -0.04203309097827379 | 0.3087548347131248 | -0.1864173451659088 | -0.2997810021751923:-0.11870118531196994 | -0.039944692091602896 | 0.31363652533017294
-0.11870118531196994 | -0.039944692091602896 | 0.31363652533017294 | -0.1864173451659088 | -0.2997810021751923:-0.1258139870856234 | -0.037745608654268015 | 0.3183028150308189
-0.1258139870856234 | -0.037745608654268015 | 0.3183028150308189 | -0.1864173451659088 | -0.2997810021751923:-0.1330620916386831 | -0.03543934542175009 | 0.3227499000507672
-0.1330620916386831 | -0.03543934542175009 | 0.3227499000507672 | -0.1864173451659088 | -0.2997810021751923:-0.14044014667905547 | -0.03302943390752322 | 0.32697414066094943
-0.14044014667905547 | -0.03302943390752322 | 0.32697414066094943 | -0.1864173451659088 | -0.2997810021751923:-0.14794275765617448 | -0.030519430465975717 | 0.33097206131590795
-0.14794275765617448 | -0.030519430465975717 | 0.33097206131590795 | -0.1864173451659088 | -0.2997810021751923:-0.15556449086454882 | -0.02791291438489374 | 0.33474035073196085
-0.15556449086454882 | -0.02791291438489374 | 0.33474035073196085 | -0.42433531823205795 | -0.5628863586420463:-0.167743489386325 | -0.021159037635326783 | 0.33637411491771196
-0.167743489386325 | -0.021159037635326783 | 0.33637411491771196 | -0.42433531823205795 | -0.5628863586420463:-0.1800873825253051 | -0.014250209816598414 | 0.33739043020711357
-0.1800873825253051 | -0.014250209816598414 | 0.33739043020711357 | -0.42433531823205795 | -0.5628863586420463:-0.19257360674573976 | -0.007203550853100982 | 0.33777702146324806
-0.19257360674573976 | -0.007203550853100982 | 0.33777702146324806 | -0.42433531823205795 | -0.5628863586420463:-0.2051791951791473 | -3.649588273324511E-5 | 0.3375228933447989
-0.2051791951791473 | -3.649588273324511E-5 | 0.3375228933447989 | -0.42433531823205795 | -0.5628863586420463:-0.21788082245086304 | 0.007233238322923885 | 0.3366183480160725
-0.21788082245086304 | 0.007233238322923885 | 0.3366183480160725 | 0.1861445672283013 | 0.9481440752378281:-0.20469346903125718 | 0.004161219404188898 | 0.35179480062110535
-0.20469346903125718 | 0.004161219404188898 | 0.35179480062110535 | 0.1861445672283013 | 0.9481440752378281:-0.19052675829036758 | 8.997715569765141E-4 | 0.366384175776
-0.19052675829036758 | 8.997715569765141E-4 | 0.366384175776 | 0.1861445672283013 | 0.9481440752378281:-0.17540883932920837 | -0.0025459230084168283 | 0.3803246376766811
-0.17540883932920837 | -0.0025459230084168283 | 0.3803246376766811 | 0.1861445672283013 | 0.9481440752378281:-0.15937144034119743 | -0.006169971674540697 | 0.3935559221003597
-0.15937144034119743 | -0.006169971674540697 | 0.3935559221003597 | 0.1861445672283013 | 0.9481440752378281:-0.14244977665617364 | -0.009965788512077633 | 0.40601954275508234
-0.14244977665617364 | -0.009965788512077633 | 0.40601954275508234 | -0.1277372614304475 | -0.012413203942210682:-0.14459033705296997 | -0.007469980111119323 | 0.41135935232156484
-0.14459033705296997 | -0.007469980111119323 | 0.41135935232156484 | -0.1277372614304475 | -0.012413203942210682:-0.14671861712297352 | -0.004905167770146601 | 0.41662740076966287
-0.14671861712297352 | -0.004905167770146601 | 0.41662740076966287 | -0.1277372614304475 | -0.012413203942210682:-0.14883469434932994 | -0.0022725052889560615 | 0.42182359000083025
-0.14883469434932994 | -0.0022725052889560615 | 0.42182359000083025 | -0.1277372614304475 | -0.012413203942210682:-0.15093864514355992 | 4.268619931520057E-4 | 0.4269478302109935
-0.15093864514355992 | 4.268619931520057E-4 | 0.4269478302109935 | -0.1277372614304475 | -0.012413203942210682:-0.15303054486138734 | 0.003191797165501331 | 0.432000039770589
-0.15303054486138734 | 0.003191797165501331 | 0.432000039770589 | -0.1277372614304475 | -0.012413203942210682:-0.15511046781834903 | 0.006021171713828988 | 0.43698014510600025
-0.15511046781834903 | 0.006021171713828988 | 0.43698014510600025 | -0.1277372614304475 | -0.012413203942210682:-0.15717848730517847 | 0.00891386548775186 | 0.4418880805823573
-0.15717848730517847 | 0.00891386548775186 | 0.4418880805823573 | -0.1277372614304475 | -0.012413203942210682:-0.15923467560298388 | 0.011868766667917363 | 0.44672378838772353
-0.15923467560298388 | 0.011868766667917363 | 0.44672378838772353 | -0.1277372614304475 | -0.012413203942210682:-0.16127910399820244 | 0.014884771732856183 | 0.4514872184186167
-0.16127910399820244 | 0.014884771732856183 | 0.4514872184186167 | -0.1277372614304475 | -0.012413203942210682:-0.16331184279735478 | 0.017960785425542358 | 0.4561783281668781
-0.16331184279735478 | 0.017960785425542358 | 0.4561783281668781 | -0.1277372614304475 | -0.012413203942210682:-0.16533296134158437 | 0.021095720719677136 | 0.46079708260788266
-0.16533296134158437 | 0.021095720719677136 | 0.46079708260788266 | -0.1277372614304475 | -0.012413203942210682:-0.16734252802099636 | 0.02428849878570416 | 0.4653434540900392
-0.16734252802099636 | 0.02428849878570416 | 0.4653434540900392 | -0.1277372614304475 | -0.012413203942210682:-0.16934061028879643 | 0.027538048956570638 | 0.46981742222563483
-0.16934061028879643 | 0.027538048956570638 | 0.46981742222563483 | -0.1277372614304475 | -0.012413203942210682:-0.1713272746752308 | 0.03084330869324159 | 0.47421897378292144
-0.1713272746752308 | 0.03084330869324159 | 0.47421897378292144 | -0.1277372614304475 | -0.012413203942210682:-0.1733025868013245 | 0.0342032235499774 | 0.4785481025795484
-0.1733025868013245 | 0.0342032235499774 | 0.4785481025795484 | -0.1277372614304475 | -0.012413203942210682:-0.17526661139243682 | 0.03761674713939245 | 0.48280480937719616
-0.17526661139243682 | 0.03761674713939245 | 0.48280480937719616 | -0.1277372614304475 | -0.012413203942210682:-0.1772194122916213 | 0.0410828410972921 | 0.4869891017775174
-0.1772194122916213 | 0.0410828410972921 | 0.4869891017775174 | -0.1277372614304475 | -0.012413203942210682:-0.1791610524727938 | 0.04460047504731346 | 0.49110099411930364
-0.1791610524727938 | 0.04460047504731346 | 0.49110099411930364 | -0.1277372614304475 | -0.012413203942210682:-0.18109159405372566 | 0.04816862656536447 | 0.4951405073768953
-0.18109159405372566 | 0.04816862656536447 | 0.4951405073768953 | -0.1277372614304475 | -0.012413203942210682:-0.18301109830884332 | 0.05178628114388317 | 0.49910766905979287
-0.18301109830884332 | 0.05178628114388317 | 0.49910766905979287 | -0.5644963779494758 | 0.3901700546883833:-0.17478378891078705 | 0.06642538782844687 | 0.5052920575060114
-0.17478378891078705 | 0.06642538782844687 | 0.5052920575060114 | -0.5644963779494758 | 0.3901700546883833:-0.16634608016208574 | 0.08134929564119409 | 0.5108661663883467
-0.16634608016208574 | 0.08134929564119409 | 0.5108661663883467 | -0.5644963779494758 | 0.3901700546883833:-0.15771178423615506 | 0.09653853696863157 | 0.5158134015380895
-0.15771178423615506 | 0.09653853696863157 | 0.5158134015380895 | -0.5644963779494758 | 0.3901700546883833:-0.14889509781729604 | 0.11197307132702106 | 0.5201181408809354
-0.14889509781729604 | 0.11197307132702106 | 0.5201181408809354 | -0.5644963779494758 | 0.3901700546883833:-0.1399105791667079 | 0.12763231820355125 | 0.5237657605818704
-0.1399105791667079 | 0.12763231820355125 | 0.5237657605818704 | 0.3860733034350552 | -0.5520953342230124:-0.15560724197225007 | 0.11843325367547708 | 0.5262226334392857
-0.15560724197225007 | 0.11843325367547708 | 0.5262226334392857 | 0.3860733034350552 | -0.5520953342230124:-0.17146203330982424 | 0.10909959864588537 | 0.5280078032494622
-0.17146203330982424 | 0.10909959864588537 | 0.5280078032494622 | 0.3860733034350552 | -0.5520953342230124:-0.18745356036262706 | 0.09964638716586705 | 0.5291108552401163
-0.18745356036262706 | 0.09964638716586705 | 0.5291108552401163 | 0.3860733034350552 | -0.5520953342230124:-0.20356008366326606 | 0.09008890397612501 | 0.5295224150761229
-0.20356008366326606 | 0.09008890397612501 | 0.5295224150761229 | 0.3860733034350552 | -0.5520953342230124:-0.21975955108823975 | 0.08044266090057106 | 0.5292341641107079
-0.21975955108823975 | 0.08044266090057106 | 0.5292341641107079 | 0.9656645072811458 | -0.8842060206111133:-0.2448490250326909 | 0.055204754926784005 | 0.5260698229169201
-0.2448490250326909 | 0.055204754926784005 | 0.5260698229169201 | 0.9656645072811458 | -0.8842060206111133:-0.2698680816807464 | 0.029962836032054074 | 0.5204820223299578
-0.2698680816807464 | 0.029962836032054074 | 0.5204820223299578 | 0.9656645072811458 | -0.8842060206111133:-0.2947032209470475 | 0.004840944378959211 | 0.5124647919523291
-0.2947032209470475 | 0.004840944378959211 | 0.5124647919523291 | 0.9656645072811458 | -0.8842060206111133:-0.31924052647331 | -0.020036142407475754 | 0.5020239671628381
-0.31924052647331 | -0.020036142407475754 | 0.5020239671628381 | 0.9656645072811458 | -0.8842060206111133:-0.3433662305959704 | -0.04454352455064936 | 0.48917725960508207
-0.3433662305959704 | -0.04454352455064936 | 0.48917725960508207 | 0.9656645072811458 | -0.8842060206111133:-0.36696728183526695 | -0.06855679961812822 | 0.4739542684186908
-0.36696728183526695 | -0.06855679961812822 | 0.4739542684186908 | 0.9656645072811458 | -0.8842060206111133:-0.38993191206605005 | -0.09195268310713356 | 0.45639643195379165
-0.38993191206605005 | -0.09195268310713356 | 0.45639643195379165 | 0.9656645072811458 | -0.8842060206111133:-0.4121502005281865 | -0.11460962701478317 | 0.43655692000563207
-0.4121502005281865 | -0.11460962701478317 | 0.43655692000563207 | 0.9656645072811458 | -0.8842060206111133:-0.4335146318459753 | -0.13640843329360153 | 0.4145004669025667
-0.4335146318459753 | -0.13640843329360153 | 0.4145004669025667 | 0.9656645072811458 | -0.8842060206111133:-0.4539206452515234 | -0.15723285911359453 | 0.39030314607506256
-0.4539206452515234 | -0.15723285911359453 | 0.39030314607506256 | 0.9656645072811458 | -0.8842060206111133:-0.473267172246457 | -0.17697021088814013 | 0.3640520870248274
-0.473267172246457 | -0.17697021088814013 | 0.3640520870248274 | 0.9656645072811458 | -0.8842060206111133:-0.49145715998922057 | -0.19551192407186946 | 0.3358451359000654
-0.49145715998922057 | -0.19551192407186946 | 0.3358451359000654 | 0.9656645072811458 | -0.8842060206111133:-0.5083980777615942 | -0.2127541258043415 | 0.30579046116367437
-0.5083980777615942 | -0.2127541258043415 | 0.30579046116367437 | 0.9656645072811458 | -0.8842060206111133:-0.5240024039473123 | -0.22859817755330125 | 0.2740061061149035
-0.5240024039473123 | -0.22859817755330125 | 0.2740061061149035 | 0.9656645072811458 | -0.8842060206111133:-0.5381880910475427 | -0.24295119500526008 | 0.24061949028999408
-0.5381880910475427 | -0.24295119500526008 | 0.24061949028999408 | -0.11864080326636306 | 0.6054942719404044:-0.5336299478795752 | -0.2428921504125814 | 0.259704115716076
-0.5336299478795752 | -0.2428921504125814 | 0.259704115716076 | -0.11864080326636306 | 0.6054942719404044:-0.528420474298418 | -0.24269752829007185 | 0.2787243925384928
-0.528420474298418 | -0.24269752829007185 | 0.2787243925384928 | -0.11864080326636306 | 0.6054942719404044:-0.5225602477409055 | -0.24236744904059604 | 0.29765656073205804
-0.5225602477409055 | -0.24236744904059604 | 0.29765656073205804 | -0.11864080326636306 | 0.6054942719404044:-0.5160506803295739 | -0.24190219586025918 | 0.31647687173241223
-0.5160506803295739 | -0.24190219586025918 | 0.31647687173241223 | -0.11864080326636306 | 0.6054942719404044:-0.5088940174405039 | -0.2413022145545991 | 0.33516161844821113
-0.5088940174405039 | -0.2413022145545991 | 0.33516161844821113 | 0.40624641051051946 | 0.20929722551077545:-0.5080683296612243 | -0.24936421279373988 | 0.3372628355955243
-0.5080683296612243 | -0.24936421279373988 | 0.3372628355955243 | 0.40624641051051946 | 0.20929722551077545:-0.5071776994783832 | -0.25748938807451793 | 0.33917433527552987
-0.5071776994783832 | -0.25748938807451793 | 0.33917433527552987 | 0.40624641051051946 | 0.20929722551077545:-0.5062247569732286 | -0.26567331025078555 | 0.3408934676574802
-0.5062247569732286 | -0.26567331025078555 | 0.3408934676574802 | 0.40624641051051946 | 0.20929722551077545:-0.5052121600608288 | -0.27391148721048086 | 0.34241772650103286
-0.5052121600608288 | -0.27391148721048086 | 0.34241772650103286 | 0.40624641051051946 | 0.20929722551077545:-0.5041425926960699 | -0.28219936840805193 | 0.3437447506025606
-0.5041425926960699 | -0.28219936840805193 | 0.3437447506025606 | 0.27197440630940983 | 0.5562227307838601:-0.49690711129208154 | -0.2882459498256731 | 0.3554876049568634
-0.49690711129208154 | -0.2882459498256731 | 0.3554876049568634 | 0.27197440630940983 | 0.5562227307838601:-0.4892782282792645 | -0.29446075991715404 | 0.36697092169940504
-0.4892782282792645 | -0.29446075991715404 | 0.36697092169940504 | 0.27197440630940983 | 0.5562227307838601:-0.4812633150378325 | -0.3008405588604166 | 0.3781791861190129
-0.4812633150378325 | -0.3008405588604166 | 0.3781791861190129 | 0.27197440630940983 | 0.5562227307838601:-0.4728702374207394 | -0.3073818605995511 | 0.3890971594511896
-0.4728702374207394 | -0.3073818605995511 | 0.3890971594511896 | 0.27197440630940983 | 0.5562227307838601:-0.4641073465493868 | -0.3140809372412736 | 0.3997098979663889
-0.4641073465493868 | -0.3140809372412736 | 0.3997098979663889 | 0.27197440630940983 | 0.5562227307838601:-0.4549834690385772 | -0.3209338237328625 | 0.41000277166836696
-0.4549834690385772 | -0.3209338237328625 | 0.41000277166836696 | 0.27197440630940983 | 0.5562227307838601:-0.44550789666408264 | -0.32793632281514373 | 0.4199614825825009
-0.44550789666408264 | -0.32793632281514373 | 0.4199614825825009 | 0.27197440630940983 | 0.5562227307838601:-0.4356903754868391 | -0.3350840102438246 | 0.42957208261397994
-0.4356903754868391 | -0.3350840102438246 | 0.42957208261397994 | 0.27197440630940983 | 0.5562227307838601:-0.42554109444834154 | -0.34237224027219604 | 0.4388209909568701
-0.42554109444834154 | -0.34237224027219604 | 0.4388209909568701 | 0.27197440630940983 | 0.5562227307838601:-0.4150706734522025 | -0.34979615138798614 | 0.4476950110352149
-0.4150706734522025 | -0.34979615138798614 | 0.4476950110352149 | 0.27197440630940983 | 0.5562227307838601:-0.4042901509475172 | -0.357350672296878 | 0.4561813469582461
-0.4042901509475172 | -0.357350672296878 | 0.4561813469582461 | 0.27197440630940983 | 0.5562227307838601:-0.39321097103002245 | -0.36503052814495973 | 0.46426761947220285
-0.39321097103002245 | -0.36503052814495973 | 0.46426761947220285 | 0.27197440630940983 | 0.5562227307838601:-0.38184497007758367 | -0.3728302469721765 | 0.4719418813920484
-0.38184497007758367 | -0.3728302469721765 | 0.4719418813920484 | 0.27197440630940983 | 0.5562227307838601:-0.3702043629369136 | -0.38074416638858466 | 0.47919263249691824
-0.3702043629369136 | -0.38074416638858466 | 0.47919263249691824 | 0.27197440630940983 | 0.5562227307838601:-0.3583017286789669 | -0.38876644046505504 | 0.4860088338738606
-0.3583017286789669 | -0.38876644046505504 | 0.4860088338738606 | 0.27197440630940983 | 0.5562227307838601:-0.34614999594067797 | -0.39689104682979526 | 0.49237992169503997
-0.34614999594067797 | -0.39689104682979526 | 0.49237992169503997 | 0.27197440630940983 | 0.5562227307838601:-0.3337624278713136 | -0.40511179396195907 | 0.4982958204144907
-0.3337624278713136 | -0.40511179396195907 | 0.4982958204144907 | 0.27197440630940983 | 0.5562227307838601:-0.3211526067018582 | -0.41342232867334694 | 0.5037469553707865
-0.3211526067018582 | -0.41342232867334694 | 0.5037469553707865 | 0.27197440630940983 | 0.5562227307838601:-0.308334417956317 | -0.4218161437690995 | 0.5087242647832042
-0.308334417956317 | -0.4218161437690995 | 0.5087242647832042 | 0.27197440630940983 | 0.5562227307838601:-0.29532203432413695 | -0.43028658587806135 | 0.5132192111293463
-0.29532203432413695 | -0.43028658587806135 | 0.5132192111293463 | 0.27197440630940983 | 0.5562227307838601:-0.2821298992131389 | -0.4388268634434169 | 0.517223791892981
-0.2821298992131389 | -0.4388268634434169 | 0.517223791892981 | 0.27197440630940983 | 0.5562227307838601:-0.2687727100027715 | -0.4474300548639931 | 0.5207305496717325
-0.2687727100027715 | -0.4474300548639931 | 0.5207305496717325 | 0.27197440630940983 | 0.5562227307838601:-0.25526540101758144 | -0.4560891167765355 | 0.5237325816348957
-0.25526540101758144 | -0.4560891167765355 | 0.5237325816348957 | 0.27197440630940983 | 0.5562227307838601:-0.2416231262412083 | -0.4647968924691508 | 0.5262235483223279
-0.2416231262412083 | -0.4647968924691508 | 0.5262235483223279 | 0.27197440630940983 | 0.5562227307838601:-0.22786124179124556 | -0.4735461204159712 | 0.5281976817764047
-0.22786124179124556 | -0.4735461204159712 | 0.5281976817764047 | 0.5967366740409983 | -0.21452984972718414:-0.23415804953463493 | -0.490766040968154 | 0.5131113709193968
-0.23415804953463493 | -0.490766040968154 | 0.5131113709193968 | 0.5967366740409983 | -0.21452984972718414:-0.2402972468785265 | -0.5075624350370695 | 0.49737515975846947
-0.2402972468785265 | -0.5075624350370695 | 0.49737515975846947 | 0.5967366740409983 | -0.21452984972718414:-0.24627108955906607 | -0.523913493740487 | 0.4810033838508829
-0.24627108955906607 | -0.523913493740487 | 0.4810033838508829 | 0.5967366740409983 | -0.21452984972718414:-0.2520720011725537 | -0.5397978634849032 | 0.46401119534296953
-0.2520720011725537 | -0.5397978634849032 | 0.46401119534296953 | 0.5967366740409983 | -0.21452984972718414:-0.2576925826586596 | -0.5551946725991996 | 0.44641454563054594
-0.2576925826586596 | -0.5551946725991996 | 0.44641454563054594 | 0.5222410899962144 | -0.39623966917162834:-0.26704739680718603 | -0.5684741226907271 | 0.42794192453905566
-0.26704739680718603 | -0.5684741226907271 | 0.42794192453905566 | 0.5222410899962144 | -0.39623966917162834:-0.2760448257932495 | -0.5812832804366188 | 0.4088693123136835
-0.2760448257932495 | -0.5812832804366188 | 0.4088693123136835 | 0.5222410899962144 | -0.39623966917162834:-0.28467158942145687 | -0.5936044553620157 | 0.3892164448491755
-0.28467158942145687 | -0.5936044553620157 | 0.3892164448491755 | 0.5222410899962144 | -0.39623966917162834:-0.2929148297865751 | -0.6054205023784895 | 0.36900386176697
-0.2929148297865751 | -0.6054205023784895 | 0.36900386176697 | 0.5222410899962144 | -0.39623966917162834:-0.30076212836615923 | -0.616714844645827 | 0.348252881430831
-0.30076212836615923 | -0.616714844645827 | 0.348252881430831 | 0.5176956200550829 | -0.23279324447537264:-0.3055206890576798 | -0.627395791266359 | 0.3296359390629249
-0.3055206890576798 | -0.627395791266359 | 0.3296359390629249 | 0.5176956200550829 | -0.23279324447537264:-0.31006068839178624 | -0.6375971856320817 | 0.3106259105569009
-0.31006068839178624 | -0.6375971856320817 | 0.3106259105569009 | 0.5176956200550829 | -0.23279324447537264:-0.31437690187037504 | -0.6473071918013638 | 0.2912384554306868
-0.31437690187037504 | -0.6473071918013638 | 0.2912384554306868 | 0.5176956200550829 | -0.23279324447537264:-0.31846430611351195 | -0.6565144159286014 | 0.2714896443754995
-0.31846430611351195 | -0.6565144159286014 | 0.2714896443754995 | 0.5176956200550829 | -0.23279324447537264:-0.32231808391610883 | -0.6652079177090577 | 0.25139594377028374
-0.32231808391610883 | -0.6652079177090577 | 0.25139594377028374 | 0.5176956200550829 | -0.23279324447537264:-0.3259336290984791 | -0.6733772213698579 | 0.23097419983410106
-0.3259336290984791 | -0.6733772213698579 | 0.23097419983410106 | 0.5176956200550829 | -0.23279324447537264:-0.3293065511466722 | -0.681012326198065 | 0.2102416224324415
-0.3293065511466722 | -0.681012326198065 | 0.2102416224324415 | 0.5176956200550829 | -0.23279324447537264:-0.332432679638913 | -0.6881037165972792 | 0.18921576855365885
-0.332432679638913 | -0.6881037165972792 | 0.18921576855365885 | 0.5176956200550829 | -0.23279324447537264:-0.33530806845454464 | -0.6946423716646102 | 0.1679145254719714
-0.33530806845454464 | -0.6946423716646102 | 0.1679145254719714 | 0.5176956200550829 | -0.23279324447537264:-0.33792899976208446 | -0.700619774280355 | 0.14635609361363322
-0.33792899976208446 | -0.700619774280355 | 0.14635609361363322 | 0.5176956200550829 | -0.23279324447537264:-0.3402919877833739 | -0.706027919703228 | 0.12455896914325848
-0.3402919877833739 | -0.706027919703228 | 0.12455896914325848 | 0.5176956200550829 | -0.23279324447537264:-0.34239378233074547 | -0.7108593236643515 | 0.10254192628711678
-0.34239378233074547 | -0.7108593236643515 | 0.10254192628711678 | 0.5176956200550829 | -0.23279324447537264:-0.3442313721146917 | -0.715107029953856 | 0.08032399941094326
-0.3442313721146917 | -0.715107029953856 | 0.08032399941094326 | 0.5176956200550829 | -0.23279324447537264:-0.34580198781933547 | -0.7187646174942834 | 0.05792446486929492
-0.34580198781933547 | -0.7187646174942834 | 0.05792446486929492 | 0.5176956200550829 | -0.23279324447537264:-0.3471031049436206 | -0.7218262068955319 | 0.03536282264430923
-0.3471031049436206 | -0.7218262068955319 | 0.03536282264430923 | 0.05762425288197548 | 0.21741492535787432:-0.3475782655737092 | -0.7237104866147313 | 0.037145811285377306
-0.3475782655737092 | -0.7237104866147313 | 0.037145811285377306 | 0.05762425288197548 | 0.21741492535787432:-0.348024519469881 | -0.725582295846575 | 0.038931637262543006
-0.348024519469881 | -0.725582295846575 | 0.038931637262543006 | 0.05762425288197548 | 0.21741492535787432:-0.3484418980935615 | -0.7274418280546158 | 0.04071993711811217
-0.3484418980935615 | -0.7274418280546158 | 0.04071993711811217 | 0.05762425288197548 | 0.21741492535787432:-0.34883043716812523 | -0.7292892735588907 | 0.042510348185061275
-0.34883043716812523 | -0.7292892735588907 | 0.042510348185061275 | 0.05762425288197548 | 0.21741492535787432:-0.349190176656208 | -0.7311248195620124 | 0.04430250864174923
-0.349190176656208 | -0.7311248195620124 | 0.04430250864174923 | 0.05762425288197548 | 0.21741492535787432:-0.3495211607366002 | -0.7329486501750822 | 0.046096057566131776
-0.3495211607366002 | -0.7329486501750822 | 0.046096057566131776 | 0.05762425288197548 | 0.21741492535787432:-0.34982343778067104 | -0.734760946443636 | 0.04789063498940038
-0.34982343778067104 | -0.734760946443636 | 0.04789063498940038 | 0.05762425288197548 | 0.21741492535787432:-0.3500970603283804 | -0.7365618863734582 | 0.04968588194909529
-0.3500970603283804 | -0.7365618863734582 | 0.04968588194909529 | 0.05762425288197548 | 0.21741492535787432:-0.35034208506384346 | -0.7383516449562748 | 0.0514814405416999
-0.35034208506384346 | -0.7383516449562748 | 0.0514814405416999 | 0.05762425288197548 | 0.21741492535787432:-0.35055857279048297 | -0.7401303941954467 | 0.05327695397468801
-0.35055857279048297 | -0.7401303941954467 | 0.05327695397468801 | 0.05762425288197548 | 0.21741492535787432:-0.35074658840579076 | -0.7418983031315136 | 0.055072066618023996
-0.35074658840579076 | -0.7418983031315136 | 0.055072066618023996 | 0.05762425288197548 | 0.21741492535787432:-0.3509062008756416 | -0.7436555378676957 | 0.056866424055158404
-0.3509062008756416 | -0.7436555378676957 | 0.056866424055158404 | 0.05762425288197548 | 0.21741492535787432:-0.35103748320820927 | -0.7454022615953093 | 0.05865967313346232
-0.35103748320820927 | -0.7454022615953093 | 0.05865967313346232 | 0.05762425288197548 | 0.21741492535787432:-0.3511405124275271 | -0.747138634619084 | 0.06045146201412166
-0.3511405124275271 | -0.747138634619084 | 0.06045146201412166 | 0.05762425288197548 | 0.21741492535787432:-0.35121536954660826 | -0.7488648143824221 | 0.06224144022154121
-0.35121536954660826 | -0.7488648143824221 | 0.06224144022154121 | 0.05762425288197548 | 0.21741492535787432:-0.351262139540232 | -0.7505809554925662 | 0.0640292586921376
-0.351262139540232 | -0.7505809554925662 | 0.0640292586921376 | 0.05762425288197548 | 0.21741492535787432:-0.3512809113172892 | -0.7522872097456883 | 0.06581456982267753
-0.3512809113172892 | -0.7522872097456883 | 0.06581456982267753 | 0.05762425288197548 | 0.21741492535787432:-0.3512717776928369 | -0.753983726151894 | 0.067597027518012
-0.3512717776928369 | -0.753983726151894 | 0.067597027518012 | 0.05762425288197548 | 0.21741492535787432:-0.3512348353596977 | -0.7556706509601838 | 0.06937628723834166
-0.3512348353596977 | -0.7556706509601838 | 0.06937628723834166 | 0.05762425288197548 | 0.21741492535787432:-0.35117018485979656 | -0.7573481276832794 | 0.07115200604586391
-0.35117018485979656 | -0.7573481276832794 | 0.07115200604586391 | 0.7002201221573212 | 0.3802411915278554:-0.35093682456565745 | -0.7608444429019343 | 0.051365536269130985
-0.35093682456565745 | -0.7608444429019343 | 0.051365536269130985 | 0.7002201221573212 | 0.3802411915278554:-0.3510739624348389 | -0.7636338613716305 | 0.03142873009145575
-0.3510739624348389 | -0.7636338613716305 | 0.03142873009145575 | 0.7002201221573212 | 0.3802411915278554:-0.351584726780132 | -0.7657103231191442 | 0.011374187365959187
-0.351584726780132 | -0.7657103231191442 | 0.011374187365959187 | 0.7002201221573212 | 0.3802411915278554:-0.3524715997754342 | -0.7670689502287971 | -0.008765196007523457
-0.3524715997754342 | -0.7670689502287971 | -0.008765196007523457 | 0.7002201221573212 | 0.3802411915278554:-0.3537364120374562 | -0.7677060578310204 | -0.02895628422016472
-0.3537364120374562 | -0.7677060578310204 | -0.02895628422016472 | 0.7002201221573212 | 0.3802411915278554:-0.3553803383325871 | -0.7676191630269358 | -0.049165758170488516
-0.3553803383325871 | -0.7676191630269358 | -0.049165758170488516 | 0.7002201221573212 | 0.3802411915278554:-0.3574038944165707 | -0.7668069917330698 | -0.06936017246091808
-0.3574038944165707 | -0.7668069917330698 | -0.06936017246091808 | 0.7002201221573212 | 0.3802411915278554:-0.35980693501262095 | -0.7652694834341673 | -0.08950601267527958
-0.35980693501262095 | -0.7652694834341673 | -0.08950601267527958 | 0.7002201221573212 | 0.3802411915278554:-0.36258865293158493 | -0.7630077938355484 | -0.10956975283786363
-0.36258865293158493 | -0.7630077938355484 | -0.10956975283786363 | 0.7002201221573212 | 0.3802411915278554:-0.36574757933595947 | -0.7600242954101972 | -0.1295179129541566
-0.36574757933595947 | -0.7600242954101972 | -0.1295179129541566 | 0.7002201221573212 | 0.3802411915278554:-0.36928158514735543 | -0.7563225758393344 | -0.1493171165335312
-0.36928158514735543 | -0.7563225758393344 | -0.1493171165335312 | 0.7002201221573212 | 0.3802411915278554:-0.3731878835952216 | -0.7519074343489933 | -0.16893414799410067
-0.3731878835952216 | -0.7519074343489933 | -0.16893414799410067 | 0.7002201221573212 | 0.3802411915278554:-0.3774630339025222 | -0.7467848759485136 | -0.18833600985033883
-0.3774630339025222 | -0.7467848759485136 | -0.18833600985033883 | 0.7002201221573212 | 0.3802411915278554:-0.38210294610222917 | -0.7409621035808129 | -0.20748997958443738
-0.38210294610222917 | -0.7409621035808129 | -0.20748997958443738 | 0.7002201221573212 | 0.3802411915278554:-0.38710288697647854 | -0.7344475081975617 | -0.22636366610303327
-0.38710288697647854 | -0.7344475081975617 | -0.22636366610303327 | 0.7002201221573212 | 0.3802411915278554:-0.3924574871082598 | -0.7272506567762136 | -0.2449250656817341
-0.3924574871082598 | -0.7272506567762136 | -0.2449250656817341 | 0.7002201221573212 | 0.3802411915278554:-0.39816074903373533 | -0.7193822782992001 | -0.2631426173007725
-0.39816074903373533 | -0.7193822782992001 | -0.2631426173007725 | 0.7002201221573212 | 0.3802411915278554:-0.40420605648130703 | -0.7108542477191477 | -0.28098525727622103
-0.40420605648130703 | -0.7108542477191477 | -0.28098525727622103 | 0.7002201221573212 | 0.3802411915278554:-0.4105861846816481 | -0.7016795679375321 | -0.29842247309259307
