0.0 | 0.0 | 0.0 | 0.948935327650305 | -0.10628457224597665:-5.308223065208639E-5 | -4.7428966393936456E-4 | 0.00998860508737178
-5.308223065208639E-5 | -4.7428966393936456E-4 | 0.00998860508737178 | 0.948935327650305 | -0.10628457224597665:-2.1090752647438853E-4 | -0.0018855351881690297 | 0.01980934817376516
-2.1090752647438853E-4 | -0.0018855351881690297 | 0.01980934817376516 | 0.948935327650305 | -0.10628457224597665:-4.710097166302158E-4 | -0.004213288549362204 | 0.02939686633719068
-4.710097166302158E-4 | -0.004213288549362204 | 0.02939686633719068 | 0.948935327650305 | -0.10628457224597665:-8.304890618689888E-4 | -0.007433186340012998 | 0.03868762666115434
-8.304890618689888E-4 | -0.007433186340012998 | 0.03868762666115434 | 0.948935327650305 | -0.10628457224597665:-0.0012860281501550193 | -0.011517086564396983 | 0.04762014340034777
-0.0012860281501550193 | -0.011517086564396983 | 0.04762014340034777 | 0.948935327650305 | -0.10628457224597665:-0.0018339090112283228 | -0.016433216540971074 | 0.05613518581055357
-0.0018339090112283228 | -0.016433216540971074 | 0.05613518581055357 | 0.948935327650305 | -0.10628457224597665:-0.002470031383253527 | -0.022146331327125512 | 0.06417597610253567
-0.002470031383253527 | -0.022146331327125512 | 0.06417597610253567 | 0.948935327650305 | -0.10628457224597665:-0.0031899320620778267 | -0.028617882057832444 | 0.071688377014679
-0.0031899320620778267 | -0.028617882057832444 | 0.071688377014679 | 0.948935327650305 | -0.10628457224597665:-0.003988805261208012 | -0.035806193567355704 | 0.07862106853516448
-0.003988805261208012 | -0.035806193567355704 | 0.07862106853516448 | 0.948935327650305 | -0.10628457224597665:-0.004861523908433814 | -0.04366665064281472 | 0.08492571334141386
-0.004861523908433814 | -0.04366665064281472 | 0.08492571334141386 | -0.5441436789735763 | 0.0039801297736778984:-0.005302589634156325 | -0.04525026016310285 | 0.09422514271656113
-0.005302589634156325 | -0.04525026016310285 | 0.09422514271656113 | -0.5441436789735763 | 0.0039801297736778984:-0.005735590370411148 | -0.046320491698535804 | 0.1035852905912279
-0.005735590370411148 | -0.046320491698535804 | 0.1035852905912279 | -0.5441436789735763 | 0.0039801297736778984:-0.006160576140513196 | -0.04687801142139669 | 0.11298495100681183
-0.006160576140513196 | -0.04687801142139669 | 0.11298495100681183 | -0.5441436789735763 | 0.0039801297736778984:-0.006577601999248894 | -0.046924234422230704 | 0.12240307611127721
-0.006577601999248894 | -0.046924234422230704 | 0.12240307611127721 | -0.5441436789735763 | 0.0039801297736778984:-0.006986727962259229 | -0.04646131478725524 | 0.13181879974542465
-0.006986727962259229 | -0.04646131478725524 | 0.13181879974542465 | -0.08207908091658589 | -0.5069284629089197:-0.010964934254089502 | -0.04874211121216687 | 0.13988842189218764
-0.010964934254089502 | -0.04874211121216687 | 0.13988842189218764 | -0.08207908091658589 | -0.5069284629089197:-0.01534357008691619 | -0.05092861839088214 | 0.14777581395554007
-0.01534357008691619 | -0.05092861839088214 | 0.14777581395554007 | -0.08207908091658589 | -0.5069284629089197:-0.020113629624999324 | -0.053022554978483516 | 0.15546622049905445
-0.020113629624999324 | -0.053022554978483516 | 0.15546622049905445 | -0.08207908091658589 | -0.5069284629089197:-0.02526567269839025 | -0.055025707853408434 | 0.16294528099194205
-0.02526567269839025 | -0.055025707853408434 | 0.16294528099194205 | -0.08207908091658589 | -0.5069284629089197:-0.03078983949598585 | -0.05693992979058504 | 0.17019904099163874
-0.03078983949598585 | -0.05693992979058504 | 0.17019904099163874 | -0.08207908091658589 | -0.5069284629089197:-0.03667586549076246 | -0.05876713709565329 | 0.17721396282378832
-0.03667586549076246 | -0.05876713709565329 | 0.17721396282378832 | -0.08207908091658589 | -0.5069284629089197:-0.042913096581916166 | -0.060509307202740725 | 0.18397693575614849
-0.042913096581916166 | -0.060509307202740725 | 0.18397693575614849 | -0.08207908091658589 | -0.5069284629089197:-0.04949050443863812 | -0.06216847623826527 | 0.19047528566337135
-0.04949050443863812 | -0.06216847623826527 | 0.19047528566337135 | -0.08207908091658589 | -0.5069284629089197:-0.056396702030267976 | -0.06374673655322582 | 0.19669678418005
-0.056396702030267976 | -0.06374673655322582 | 0.19669678418005 | -0.08207908091658589 | -0.5069284629089197:-0.06361995932759235 | -0.06524623422645415 | 0.20262965733985094
-0.06361995932759235 | -0.06524623422645415 | 0.20262965733985094 | -0.08207908091658589 | -0.5069284629089197:-0.07114821916009173 | -0.06666916654127841 | 0.2082625936989837
-0.07114821916009173 | -0.06666916654127841 | 0.2082625936989837 | -0.08207908091658589 | -0.5069284629089197:-0.07896911321398403 | -0.06801777943806098 | 0.21358475194267657
-0.07896911321398403 | -0.06801777943806098 | 0.21358475194267657 | -0.08207908091658589 | -0.5069284629089197:-0.08706997815597162 | -0.06929436494504504 | 0.21858576797375395
-0.08706997815597162 | -0.06929436494504504 | 0.21858576797375395 | -0.08207908091658589 | -0.5069284629089197:-0.09543787186766362 | -0.07050125858995537 | 0.22325576148282256
-0.09543787186766362 | -0.07050125858995537 | 0.22325576148282256 | -0.08207908091658589 | -0.5069284629089197:-0.10405958977572582 | -0.07164083679476674 | 0.22758534199999358
-0.10405958977572582 | -0.07164083679476674 | 0.22758534199999358 | -0.08207908091658589 | -0.5069284629089197:-0.1129216812628937 | -0.0727155142560556 | 0.2315656144284577
-0.1129216812628937 | -0.0727155142560556 | 0.2315656144284577 | -0.08207908091658589 | -0.5069284629089197:-0.12201046614508648 | -0.07372774131332838 | 0.23518818406065556
-0.12201046614508648 | -0.07372774131332838 | 0.23518818406065556 | -0.08207908091658589 | -0.5069284629089197:-0.13131205119996148 | -0.07468000130769958 | 0.23844516107816993
-0.13131205119996148 | -0.07468000130769958 | 0.23844516107816993 | -0.08207908091658589 | -0.5069284629089197:-0.14081234673237253 | -0.07557480793329141 | 0.24132916453684938
-0.14081234673237253 | -0.07557480793329141 | 0.24132916453684938 | -0.08207908091658589 | -0.5069284629089197:-0.15049708316231092 | -0.07641470258367988 | 0.24383332583909212
-0.15049708316231092 | -0.07641470258367988 | 0.24383332583909212 | -0.08207908091658589 | -0.5069284629089197:-0.1603518276210547 | -0.07720225169571915 | 0.24595129169555996
-0.1603518276210547 | -0.07720225169571915 | 0.24595129169555996 | -0.08207908091658589 | -0.5069284629089197:-0.17036200054138795 | -0.07794004409303579 | 0.24767722657899593
-0.17036200054138795 | -0.07794004409303579 | 0.24767722657899593 | -0.08207908091658589 | -0.5069284629089197:-0.18051289222790556 | -0.07863068833146336 | 0.2490058146731844
-0.18051289222790556 | -0.07863068833146336 | 0.2490058146731844 | -0.08207908091658589 | -0.5069284629089197:-0.19078967939358416 | -0.07927681004867138 | 0.24993226132044022
-0.19078967939358416 | -0.07927681004867138 | 0.24993226132044022 | -0.08207908091658589 | -0.5069284629089197:-0.20117744164896667 | -0.07988104932020068 | 0.2504522939713878
-0.20117744164896667 | -0.07988104932020068 | 0.2504522939713878 | 0.4266416470364802 | 0.23208096947135703:-0.2022851182779215 | -0.0869270409007381 | 0.25608170634676863
-0.2022851182779215 | -0.0869270409007381 | 0.25608170634676863 | 0.4266416470364802 | 0.23208096947135703:-0.20323098197523848 | -0.09418101977396232 | 0.26152949328005715
-0.20323098197523848 | -0.09418101977396232 | 0.26152949328005715 | 0.4266416470364802 | 0.23208096947135703:-0.2040187009212575 | -0.10163725096280096 | 0.2667868143463821
-0.2040187009212575 | -0.10163725096280096 | 0.2667868143463821 | 0.4266416470364802 | 0.23208096947135703:-0.20465205829077826 | -0.109289776282393 | 0.27184507867891305
-0.20465205829077826 | -0.109289776282393 | 0.27184507867891305 | 0.4266416470364802 | 0.23208096947135703:-0.20513494820161027 | -0.11713242181456573 | 0.276695951066797
-0.20513494820161027 | -0.11713242181456573 | 0.276695951066797 | 0.4266416470364802 | 0.23208096947135703:-0.20547137160515305 | -0.12515880549081837 | 0.2813313577871641
-0.20547137160515305 | -0.12515880549081837 | 0.2813313577871641 | 0.4266416470364802 | 0.23208096947135703:-0.20566543212266186 | -0.1333623447770993 | 0.28574349216942885
-0.20566543212266186 | -0.1333623447770993 | 0.28574349216942885 | 0.4266416470364802 | 0.23208096947135703:-0.2057213318308735 | -0.1417362644536584 | 0.2899248198903095
-0.2057213318308735 | -0.1417362644536584 | 0.2899248198903095 | 0.4266416470364802 | 0.23208096947135703:-0.2056433670006479 | -0.1502736044832691 | 0.2938680839982162
-0.2056433670006479 | -0.1502736044832691 | 0.2938680839982162 | 0.4266416470364802 | 0.23208096947135703:-0.20543592379229647 | -0.1589672279611083 | 0.2975663096658021
-0.20543592379229647 | -0.1589672279611083 | 0.2975663096658021 | -0.22048770427436026 | -0.7937887785553448:-0.22047615133086307 | -0.15806163136645157 | 0.29536938252580747
-0.22047615133086307 | -0.15806163136645157 | 0.29536938252580747 | -0.22048770427436026 | -0.7937887785553448:-0.23555717666344833 | -0.15710768971979316 | 0.2924146099432754
-0.23555717666344833 | -0.15710768971979316 | 0.2924146099432754 | -0.22048770427436026 | -0.7937887785553448:-0.25064132704068154 | -0.1561161604371506 | 0.28869584185124175
-0.25064132704068154 | -0.1561161604371506 | 0.28869584185124175 | -0.22048770427436026 | -0.7937887785553448:-0.2656906201875744 | -0.15509789459454737 | 0.28420891980964313
-0.2656906201875744 | -0.15509789459454737 | 0.28420891980964313 | -0.22048770427436026 | -0.7937887785553448:-0.28066685935255364 | -0.15406381062765284 | 0.27895168879793175
-0.28066685935255364 | -0.15406381062765284 | 0.27895168879793175 | 0.20237990312312726 | -0.7328300160766779:-0.2945776558252522 | -0.15900414437565047 | 0.2705269148698033
-0.2945776558252522 | -0.15900414437565047 | 0.2705269148698033 | 0.20237990312312726 | -0.7328300160766779:-0.30825704518218444 | -0.1638738407455378 | 0.2613458270744413
-0.30825704518218444 | -0.1638738407455378 | 0.2613458270744413 | 0.20237990312312726 | -0.7328300160766779:-0.32166919998629684 | -0.16866306892815874 | 0.2514169829453188
-0.32166919998629684 | -0.16866306892815874 | 0.2514169829453188 | 0.20237990312312726 | -0.7328300160766779:-0.3347786805230788 | -0.17336209531065272 | 0.24075068137029554
-0.3347786805230788 | -0.17336209531065272 | 0.24075068137029554 | 0.20237990312312726 | -0.7328300160766779:-0.34755050996474424 | -0.1779613043528281 | 0.22935894076119112
-0.34755050996474424 | -0.1779613043528281 | 0.22935894076119112 | -0.3784007254883086 | 0.12474132222617418:-0.35027421801401015 | -0.1756876696764218 | 0.23768547391427042
-0.35027421801401015 | -0.1756876696764218 | 0.23768547391427042 | -0.3784007254883086 | 0.12474132222617418:-0.3528865570043287 | -0.17318241966340508 | 0.24602049987278285
-0.3528865570043287 | -0.17318241966340508 | 0.24602049987278285 | -0.3784007254883086 | 0.12474132222617418:-0.35538788662758947 | -0.17044551575344347 | 0.2543568081026262
-0.35538788662758947 | -0.17044551575344347 | 0.2543568081026262 | -0.3784007254883086 | 0.12474132222617418:-0.3577786208536722 | -0.16747709492713803 | 0.26268721663395844
-0.3577786208536722 | -0.16747709492713803 | 0.26268721663395844 | -0.3784007254883086 | 0.12474132222617418:-0.3600592274744816 | -0.16427746825623935 | 0.27100457624398544
-0.3600592274744816 | -0.16427746825623935 | 0.27100457624398544 | -0.3784007254883086 | 0.12474132222617418:-0.3622302276214757 | -0.1608471193740133 | 0.2793017745852602
-0.3622302276214757 | -0.1608471193740133 | 0.2793017745852602 | -0.3784007254883086 | 0.12474132222617418:-0.364292195257196 | -0.15718670286725533 | 0.2875717402579916
-0.364292195257196 | -0.15718670286725533 | 0.2875717402579916 | -0.3784007254883086 | 0.12474132222617418:-0.3662457566413089 | -0.15329704259146126 | 0.2958074468249876
-0.3662457566413089 | -0.15329704259146126 | 0.2958074468249876 | -0.3784007254883086 | 0.12474132222617418:-0.3680915897716517 | -0.14917912991069393 | 0.3040019167678434
-0.3680915897716517 | -0.14917912991069393 | 0.3040019167678434 | -0.3784007254883086 | 0.12474132222617418:-0.3698304238008294 | -0.14483412186368216 | 0.31214822538305675
-0.3698304238008294 | -0.14483412186368216 | 0.31214822538305675 | -0.3784007254883086 | 0.12474132222617418:-0.37146303842886574 | -0.14026333925773038 | 0.3202395046167652
-0.37146303842886574 | -0.14026333925773038 | 0.3202395046167652 | -0.3784007254883086 | 0.12474132222617418:-0.37299026327243645 | -0.13546826469199935 | 0.3282689468368627
-0.37299026327243645 | -0.13546826469199935 | 0.3282689468368627 | -0.3784007254883086 | 0.12474132222617418:-0.37441297721122346 | -0.13045054051176663 | 0.3362298085412725
-0.37441297721122346 | -0.13045054051176663 | 0.3362298085412725 | -0.3784007254883086 | 0.12474132222617418:-0.37573210771192933 | -0.12521196669527068 | 0.3441154140012159
-0.37573210771192933 | -0.12521196669527068 | 0.3441154140012159 | -0.3784007254883086 | 0.12474132222617418:-0.3769486301304852 | -0.11975449867474808 | 0.3519191588383226
-0.3769486301304852 | -0.11975449867474808 | 0.3519191588383226 | -0.5597604750498475 | 0.8619493259102944:-0.3645095540855099 | -0.11083588361596952 | 0.3743414727447032
-0.3645095540855099 | -0.11083588361596952 | 0.3743414727447032 | -0.5597604750498475 | 0.8619493259102944:-0.35095025942178815 | -0.10119176981839217 | 0.3960756361171818
-0.35095025942178815 | -0.10119176981839217 | 0.3960756361171818 | -0.5597604750498475 | 0.8619493259102944:-0.3362989471885225 | -0.09083924269496713 | 0.4170422237057423
-0.3362989471885225 | -0.09083924269496713 | 0.4170422237057423 | -0.5597604750498475 | 0.8619493259102944:-0.3205877343124328 | -0.0797979556746995 | 0.437163530148446
-0.3205877343124328 | -0.0797979556746995 | 0.437163530148446 | -0.5597604750498475 | 0.8619493259102944:-0.30385256976595265 | -0.0680900795609265 | 0.45636384195276136
-0.30385256976595265 | -0.0680900795609265 | 0.45636384195276136 | -0.5597604750498475 | 0.8619493259102944:-0.2861331377570888 | -0.055740243379057475 | 0.4745697035378562
-0.2861331377570888 | -0.055740243379057475 | 0.4745697035378562 | -0.5597604750498475 | 0.8619493259102944:-0.26747274825900824 | -0.04277546690816081 | 0.4917101764695424
-0.26747274825900824 | -0.04277546690816081 | 0.4917101764695424 | -0.5597604750498475 | 0.8619493259102944:-0.24791821523716706 | -0.029225085116925342 | 0.5077170910431157
-0.24791821523716706 | -0.029225085116925342 | 0.5077170910431157 | -0.5597604750498475 | 0.8619493259102944:-0.22751972297037604 | -0.015120664749918689 | 0.5225252893954178
-0.22751972297037604 | -0.015120664749918689 | 0.5225252893954178 | -0.5597604750498475 | 0.8619493259102944:-0.20633068089924578 | -4.959133345856515E-4 | 0.5360728593561532
-0.20633068089924578 | -4.959133345856515E-4 | 0.5360728593561532 | -0.5597604750498475 | 0.8619493259102944:-0.18440756747123466 | 0.014613419096999536 | 0.5483013582792466
-0.18440756747123466 | 0.014613419096999536 | 0.5483013582792466 | -0.5597604750498475 | 0.8619493259102944:-0.1618097634854987 | 0.030169645254995103 | 0.5591560261284698
-0.1618097634854987 | 0.030169645254995103 | 0.5591560261284698 | -0.5597604750498475 | 0.8619493259102944:-0.1385993754732553 | 0.04613325246906541 | 0.5685859871267169
-0.1385993754732553 | 0.04613325246906541 | 0.5685859871267169 | -0.5597604750498475 | 0.8619493259102944:-0.11484104967992437 | 0.06246302083753186 | 0.576544439315871
-0.11484104967992437 | 0.06246302083753186 | 0.576544439315871 | -0.5597604750498475 | 0.8619493259102944:-0.09060177724423468 | 0.07911614727048288 | 0.5829888314133491
-0.09060177724423468 | 0.07911614727048288 | 0.5829888314133491 | -0.5597604750498475 | 0.8619493259102944:-0.06595069119615005 | 0.09604837503105124 | 0.5878810263926404
-0.06595069119615005 | 0.09604837503105124 | 0.5878810263926404 | -0.5597604750498475 | 0.8619493259102944:-0.04095885592053605 | 0.11321412836220723 | 0.5911874512577278
-0.04095885592053605 | 0.11321412836220723 | 0.5911874512577278 | -0.5597604750498475 | 0.8619493259102944:-0.015699049756126016 | 0.13056665177110105 | 0.5928792325257106
-0.015699049756126016 | 0.13056665177110105 | 0.5928792325257106 | -0.5597604750498475 | 0.8619493259102944:0.0097544585799767 | 0.14805815352885965 | 0.5929323169773539
0.0097544585799767 | 0.14805815352885965 | 0.5929323169773539 | -0.5597604750498475 | 0.8619493259102944:0.03532613903350068 | 0.16563995293117717 | 0.5913275772823035
0.03532613903350068 | 0.16563995293117717 | 0.5913275772823035 | 0.14888019926159735 | -0.6299020515944658:0.016753646915717013 | 0.16224246124838793 | 0.5970756812078157
0.016753646915717013 | 0.16224246124838793 | 0.5970756812078157 | 0.14888019926159735 | -0.6299020515944658:-0.002106914415765715 | 0.15876479607236416 | 0.6021822767026848
-0.002106914415765715 | 0.15876479607236416 | 0.6021822767026848 | 0.14888019926159735 | -0.6299020515944658:-0.021233061360636185 | 0.1552123199006914 | 0.6066344044999354
-0.021233061360636185 | 0.1552123199006914 | 0.6066344044999354 | 0.14888019926159735 | -0.6299020515944658:-0.040601823962362005 | 0.15159051241719368 | 0.610419968622562
-0.040601823962362005 | 0.15159051241719368 | 0.610419968622562 | 0.14888019926159735 | -0.6299020515944658:-0.0601897777027709 | 0.1479049630528495 | 0.6135277539573352
-0.0601897777027709 | 0.1479049630528495 | 0.6135277539573352 | 0.14888019926159735 | -0.6299020515944658:-0.07997307584404112 | 0.14416136341265062 | 0.615947442600703
-0.07997307584404112 | 0.14416136341265062 | 0.615947442600703 | 0.14888019926159735 | -0.6299020515944658:-0.09992748227394799 | 0.1403654995788175 | 0.6176696289605417
-0.09992748227394799 | 0.1403654995788175 | 0.6176696289605417 | 0.14888019926159735 | -0.6299020515944658:-0.12002840480983323 | 0.13652324430079776 | 0.6186858335991055
-0.12002840480983323 | 0.13652324430079776 | 0.6186858335991055 | 0.14888019926159735 | -0.6299020515944658:-0.14025092891642998 | 0.132640549082649 | 0.6189885158041761
-0.14025092891642998 | 0.132640549082649 | 0.6189885158041761 | 0.14888019926159735 | -0.6299020515944658:-0.1605698517923848 | 0.12872343617840443 | 0.6185710848770469
-0.1605698517923848 | 0.12872343617840443 | 0.6185710848770469 | -0.45984383696223463 | -0.9159566981247544:-0.18958476486903209 | 0.14367355217266997 | 0.610695273890471
-0.18958476486903209 | 0.14367355217266997 | 0.610695273890471 | -0.45984383696223463 | -0.9159566981247544:-0.2183281079959727 | 0.15850464420691335 | 0.6010584609875025
-0.2183281079959727 | 0.15850464420691335 | 0.6010584609875025 | -0.45984383696223463 | -0.9159566981247544:-0.2467136162114265 | 0.17317331301038674 | 0.5896716279130843
-0.2467136162114265 | 0.17317331301038674 | 0.5896716279130843 | -0.45984383696223463 | -0.9159566981247544:-0.27465543907991474 | 0.18763630562134104 | 0.5765511037543405
-0.27465543907991474 | 0.18763630562134104 | 0.5765511037543405 | -0.45984383696223463 | -0.9159566981247544:-0.3020684062829737 | 0.20185064895271765 | 0.5617185437248438
-0.3020684062829737 | 0.20185064895271765 | 0.5617185437248438 | -0.45984383696223463 | -0.9159566981247544:-0.32886829194092826 | 0.21577378291060434 | 0.5452008914440043
-0.32886829194092826 | 0.21577378291060434 | 0.5452008914440043 | -0.45984383696223463 | -0.9159566981247544:-0.3549720768515492 | 0.22936369265561218 | 0.5270303248092958
-0.3549720768515492 | 0.22936369265561218 | 0.5270303248092958 | -0.45984383696223463 | -0.9159566981247544:-0.3802982078381625 | 0.24257903960019078 | 0.5072441856085987
-0.3802982078381625 | 0.24257903960019078 | 0.5072441856085987 | -0.45984383696223463 | -0.9159566981247544:-0.4047668534089972 | 0.2553792907389303 | 0.4858848930697022
-0.4047668534089972 | 0.2553792907389303 | 0.4858848930697022 | -0.45984383696223463 | -0.9159566981247544:-0.4283001549411338 | 0.26772484591416745 | 0.4629998415924277
-0.4283001549411338 | 0.26772484591416745 | 0.4629998415924277 | -0.45984383696223463 | -0.9159566981247544:-0.4508224726164052 | 0.27957716262565135 | 0.4386412829568016
-0.4508224726164052 | 0.27957716262565135 | 0.4386412829568016 | -0.45984383696223463 | -0.9159566981247544:-0.4722606253526891 | 0.2908988780006192 | 0.4128661933476607
-0.4722606253526891 | 0.2908988780006192 | 0.4128661933476607 | -0.45984383696223463 | -0.9159566981247544:-0.4925441239926407 | 0.30165392754938924 | 0.38573612558174375
-0.4925441239926407 | 0.30165392754938924 | 0.38573612558174375 | -0.45984383696223463 | -0.9159566981247544:-0.5116053970324224 | 0.31180766034138685 | 0.35731704696807753
-0.5116053970324224 | 0.31180766034138685 | 0.35731704696807753 | -0.45984383696223463 | -0.9159566981247544:-0.5293800081957905 | 0.3213269502474767 | 0.32767916327552626
-0.5293800081957905 | 0.3213269502474767 | 0.32767916327552626 | -0.45984383696223463 | -0.9159566981247544:-0.5458068651836605 | 0.330180302906395 | 0.29689672932311595
-0.5458068651836605 | 0.330180302906395 | 0.29689672932311595 | -0.45984383696223463 | -0.9159566981247544:-0.5608284189559782 | 0.3383379580860648 | 0.2650478467490842
-0.5608284189559782 | 0.3383379580860648 | 0.2650478467490842 | -0.45984383696223463 | -0.9159566981247544:-0.5743908529313941 | 0.34577198712447066 | 0.23221424955262648
-0.5743908529313941 | 0.34577198712447066 | 0.23221424955262648 | -0.45984383696223463 | -0.9159566981247544:-0.5864442615205441 | 0.35245638514961874 | 0.19848107803928627
-0.5864442615205441 | 0.35245638514961874 | 0.19848107803928627 | -0.45984383696223463 | -0.9159566981247544:-0.5969428174409259 | 0.3583671577938159 | 0.1639366418354058
-0.5969428174409259 | 0.3583671577938159 | 0.1639366418354058 | 0.2263892531738494 | -0.9776147962183181:-0.6068435001466739 | 0.3579074956100581 | 0.1391662729453671
-0.6068435001466739 | 0.3579074956100581 | 0.1391662729453671 | 0.2263892531738494 | -0.9776147962183181:-0.6155224291300883 | 0.35770778216949217 | 0.1138314185318734
-0.6155224291300883 | 0.35770778216949217 | 0.1138314185318734 | 0.2263892531738494 | -0.9776147962183181:-0.6229484492311101 | 0.3577757919568455 | 0.08799636809771982
-0.6229484492311101 | 0.3577757919568455 | 0.08799636809771982 | 0.2263892531738494 | -0.9776147962183181:-0.6290936921950419 | 0.3581185465705616 | 0.06172719599190657
-0.6290936921950419 | 0.3581185465705616 | 0.06172719599190657 | 0.2263892531738494 | -0.9776147962183181:-0.6339336707162317 | 0.35874229195239266 | 0.035091581852285
-0.6339336707162317 | 0.35874229195239266 | 0.035091581852285 | 0.2263892531738494 | -0.9776147962183181:-0.6374473630610176 | 0.35965247776907905 | 0.008158625943721631
-0.6374473630610176 | 0.35965247776907905 | 0.008158625943721631 | 0.2263892531738494 | -0.9776147962183181:-0.6396172880158275 | 0.3608537390079196 | -0.019001340085324614
-0.6396172880158275 | 0.3608537390079196 | -0.019001340085324614 | 0.2263892531738494 | -0.9776147962183181:-0.6404295699338398 | 0.3623498798417215 | -0.04631694649159357
-0.6404295699338398 | 0.3623498798417215 | -0.04631694649159357 | 0.2263892531738494 | -0.9776147962183181:-0.6398739936819666 | 0.3641438598121347 | -0.07371598222388087
-0.6398739936819666 | 0.3641438598121347 | -0.07371598222388087 | 0.2263892531738494 | -0.9776147962183181:-0.6379440493186017 | 0.36623778237378524 | -0.101125594650469
-0.6379440493186017 | 0.36623778237378524 | -0.101125594650469 | 0.2263892531738494 | -0.9776147962183181:-0.6346369663618425 | 0.3686328858348915 | -0.12847249166150476
-0.6346369663618425 | 0.3686328858348915 | -0.12847249166150476 | 0.2263892531738494 | -0.9776147962183181:-0.6299537375373561 | 0.37132953672325897 | -0.1556831455739882
-0.6299537375373561 | 0.37132953672325897 | -0.1556831455739882 | 0.2263892531738494 | -0.9776147962183181:-0.6238991319250502 | 0.37432722559965415 | -0.18268399826191484
-0.6238991319250502 | 0.37432722559965415 | -0.18268399826191484 | 0.2263892531738494 | -0.9776147962183181:-0.6164816974535583 | 0.3776245653336354 | -0.20940166693065265
-0.6164816974535583 | 0.3776245653336354 | -0.20940166693065265 | 0.2263892531738494 | -0.9776147962183181:-0.6077137527218497 | 0.38121929184994663 | -0.23576314995300152
-0.6077137527218497 | 0.38121929184994663 | -0.23576314995300152 | 0.8717171304739675 | 0.5824198300455541:-0.6158210616615847 | 0.3923982339250074 | -0.20179341965705078
-0.6158210616615847 | 0.3923982339250074 | -0.20179341965705078 | 0.8717171304739675 | 0.5824198300455541:-0.6229190479212505 | 0.40210068764138374 | -0.16702792528165133
-0.6229190479212505 | 0.40210068764138374 | -0.16702792528165133 | 0.8717171304739675 | 0.5824198300455541:-0.6289834429555725 | 0.41028807257072675 | -0.13156229896215166
-0.6289834429555725 | 0.41028807257072675 | -0.13156229896215166 | 0.8717171304739675 | 0.5824198300455541:-0.6339928859638206 | 0.4169261063363736 | -0.09549474641497824
-0.6339928859638206 | 0.4169261063363736 | -0.09549474641497824 | 0.8717171304739675 | 0.5824198300455541:-0.6379290004115461 | 0.4219849253497179 | -0.058925761934659704
-0.6379290004115461 | 0.4219849253497179 | -0.058925761934659704 | 0.5076359616284936 | 0.23587012371457639:-0.6403910660415448 | 0.42462954976272815 | -0.04079405463088648
-0.6403910660415448 | 0.42462954976272815 | -0.04079405463088648 | 0.5076359616284936 | 0.23587012371457639:-0.6426199527791354 | 0.4268029978544856 | -0.022517104065066462
-0.6426199527791354 | 0.4268029978544856 | -0.022517104065066462 | 0.5076359616284936 | 0.23587012371457639:-0.6446136384637242 | 0.42850042816528333 | -0.004110728642551464
-0.6446136384637242 | 0.42850042816528333 | -0.004110728642551464 | 0.5076359616284936 | 0.23587012371457639:-0.6463703064110575 | 0.4297174422312118 | 0.014409085376215103
-0.6463703064110575 | 0.4297174422312118 | 0.014409085376215103 | 0.5076359616284936 | 0.23587012371457639:-0.647888347377382 | 0.4304500889758369 | 0.033026199098209474
-0.647888347377382 | 0.4304500889758369 | 0.033026199098209474 | -0.7291328484689599 | -0.9011415801895939:-0.6498539187049062 | 0.4325948166763638 | -0.011918492981749296
-0.6498539187049062 | 0.4325948166763638 | -0.011918492981749296 | -0.7291328484689599 | -0.9011415801895939:-0.6497671431426681 | 0.43308565275587974 | -0.057080389761530625
-0.6497671431426681 | 0.43308565275587974 | -0.057080389761530625 | -0.7291328484689599 | -0.9011415801895939:-0.6476177110112431 | 0.43191138417227215 | -0.1023034186710845
-0.6476177110112431 | 0.43191138417227215 | -0.1023034186710845 | -0.7291328484689599 | -0.9011415801895939:-0.643402568157839 | 0.4290666506995784 | -0.14743053585195298
-0.643402568157839 | 0.4290666506995784 | -0.14743053585195298 | -0.7291328484689599 | -0.9011415801895939:-0.6371259563016167 | 0.4245519877836781 | -0.19230428654273624
-0.6371259563016167 | 0.4245519877836781 | -0.19230428654273624 | -0.7291328484689599 | -0.9011415801895939:-0.6287994270358865 | 0.41837384814345313 | -0.23676736869696668
-0.6287994270358865 | 0.41837384814345313 | -0.23676736869696668 | -0.7291328484689599 | -0.9011415801895939:-0.6184418293804015 | 0.41054460199356946 | -0.28066319778449866
-0.6184418293804015 | 0.41054460199356946 | -0.28066319778449866 | -0.7291328484689599 | -0.9011415801895939:-0.6060792708731952 | 0.40108251584296184 | -0.3238364707207353
-0.6060792708731952 | 0.40108251584296184 | -0.3238364707207353 | -0.7291328484689599 | -0.9011415801895939:-0.5917450522882888 | 0.39001170990135137 | -0.36613372686890244
-0.5917450522882888 | 0.39001170990135137 | -0.36613372686890244 | -0.7291328484689599 | -0.9011415801895939:-0.5754795761616904 | 0.3773620942040612 | -0.40740390406890725
-0.5754795761616904 | 0.3773620942040612 | -0.40740390406890725 | -0.7291328484689599 | -0.9011415801895939:-0.5573302294038243 | 0.36316928364321477 | -0.4474988876621069
-0.5573302294038243 | 0.36316928364321477 | -0.4474988876621069 | -0.7291328484689599 | -0.9011415801895939:-0.5373512403712297 | 0.3474744921703028 | -0.4862740505043419
-0.5373512403712297 | 0.3474744921703028 | -0.4862740505043419 | -0.7291328484689599 | -0.9011415801895939:-0.5156035108636701 | 0.3303244065112736 | -0.5235887819904121
-0.5156035108636701 | 0.3303244065112736 | -0.5235887819904121 | -0.7291328484689599 | -0.9011415801895939:-0.49215442360447526 | 0.31177103981004883 | -0.5593070041503978
-0.49215442360447526 | 0.31177103981004883 | -0.5593070041503978 | -0.7291328484689599 | -0.9011415801895939:-0.4670776258515872 | 0.29187156568985095 | -0.5932976729234483
-0.4670776258515872 | 0.29187156568985095 | -0.5932976729234483 | -0.7291328484689599 | -0.9011415801895939:-0.4404527898741648 | 0.2706881332932394 | -0.6254352627658761
-0.4404527898741648 | 0.2706881332932394 | -0.6254352627658761 | -0.7291328484689599 | -0.9011415801895939:-0.41236535111425354 | 0.2482876639314089 | -0.6556002328089718
-0.41236535111425354 | 0.2482876639314089 | -0.6556002328089718 | -0.7291328484689599 | -0.9011415801895939:-0.38290622493490645 | 0.22474163004058845 | -0.6836794728466913
-0.38290622493490645 | 0.22474163004058845 | -0.6836794728466913 | -0.7291328484689599 | -0.9011415801895939:-0.35217150293446053 | 0.2001258172082867 | -0.7095667275043738
-0.35217150293446053 | 0.2001258172082867 | -0.7095667275043738 | -0.7291328484689599 | -0.9011415801895939:-0.3202621298818613 | 0.1745200700941023 | -0.7331629970167945
-0.3202621298818613 | 0.1745200700941023 | -0.7331629970167945 | -0.7291328484689599 | -0.9011415801895939:-0.28728356239918185 | 0.14800802312906214 | -0.7543769131265172
-0.28728356239918185 | 0.14800802312906214 | -0.7543769131265172 | -0.7291328484689599 | -0.9011415801895939:-0.25334541058428783 | 0.12067681693332766 | -0.773125088701704
-0.25334541058428783 | 0.12067681693332766 | -0.773125088701704 | -0.7291328484689599 | -0.9011415801895939:-0.21856106383010854 | 0.09261680144470397 | -0.7893324397658397
-0.21856106383010854 | 0.09261680144470397 | -0.7893324397658397 | -0.7291328484689599 | -0.9011415801895939:-0.18304730215463394 | 0.06392122679943846 | -0.8029324787297192
-0.18304730215463394 | 0.06392122679943846 | -0.8029324787297192 | -0.7291328484689599 | -0.9011415801895939:-0.14692389441007236 | 0.034685923052016676 | -0.8138675777185078
-0.14692389441007236 | 0.034685923052016676 | -0.8138675777185078 | 0.11198847433425008 | -0.6811863018737749:-0.11937922429638093 | 0.03932420632524014 | -0.8198944752283204
-0.11937922429638093 | 0.03932420632524014 | -0.8198944752283204 | 0.11198847433425008 | -0.6811863018737749:-0.09158618057531243 | 0.044004784225080584 | -0.8249437301320093
-0.09158618057531243 | 0.044004784225080584 | -0.8249437301320093 | 0.11198847433425008 | -0.6811863018737749:-0.06357918368684778 | 0.048722039417206986 | -0.829005266859351
-0.06357918368684778 | 0.048722039417206986 | -0.829005266859351 | 0.11198847433425008 | -0.6811863018737749:-0.035393031959401355 | 0.05347028878122373 | -0.8320702739198325
-0.035393031959401355 | 0.05347028878122373 | -0.8320702739198325 | 0.11198847433425008 | -0.6811863018737749:-0.007062855902958631 | 0.05824379088679166 | -0.8341312177429607
-0.007062855902958631 | 0.05824379088679166 | -0.8341312177429607 | 0.9150248817176243 | -0.12032980335684051:-0.002069540338304421 | 0.0965207852751746 | -0.8322492104032513
-0.002069540338304421 | 0.0965207852751746 | -0.8322492104032513 | 0.9150248817176243 | -0.12032980335684051:0.002911512101157143 | 0.13474324445547836 | -0.8285620801232056
0.002911512101157143 | 0.13474324445547836 | -0.8285620801232056 | 0.9150248817176243 | -0.12032980335684051:0.007869193468060587 | 0.1728266774259275 | -0.8230713102594969
0.007869193468060587 | 0.1728266774259275 | -0.8230713102594969 | 0.9150248817176243 | -0.12032980335684051:0.012792413581891537 | 0.21068663529317178 | -0.8157824385448116
0.012792413581891537 | 0.21068663529317178 | -0.8157824385448116 | 0.9150248817176243 | -0.12032980335684051:0.017670125305450313 | 0.2482389035745527 | -0.8067050546130332
0.017670125305450313 | 0.2482389035745527 | -0.8067050546130332 | 0.38283141766073925 | 0.27650899754076974:0.006595610866661161 | 0.26412055748604146 | -0.8034533812599101
0.006595610866661161 | 0.26412055748604146 | -0.8034533812599101 | 0.38283141766073925 | 0.27650899754076974:-0.00444894217505265 | 0.27996015221687287 | -0.7997212990662881
-0.00444894217505265 | 0.27996015221687287 | -0.7997212990662881 | 0.38283141766073925 | 0.27650899754076974:-0.01545636500183889 | 0.29574780551988766 | -0.7955096958238599
-0.01545636500183889 | 0.29574780551988766 | -0.7955096958238599 | 0.38283141766073925 | 0.27650899754076974:-0.02641950365730139 | 0.31147365220756384 | -0.7908197726857829
-0.02641950365730139 | 0.31147365220756384 | -0.7908197726857829 | 0.38283141766073925 | 0.27650899754076974:-0.03733122372680242 | 0.3271278506451658 | -0.7856530433294449
-0.03733122372680242 | 0.3271278506451658 | -0.7856530433294449 | 0.9296668392540957 | 0.5514619888967318:-0.058636506506630326 | 0.3639129081035257 | -0.7696182603084534
-0.058636506506630326 | 0.3639129081035257 | -0.7696182603084534 | 0.9296668392540957 | 0.5514619888967318:-0.0794795423585768 | 0.39996762029784705 | -0.751263758078899
-0.0794795423585768 | 0.39996762029784705 | -0.751263758078899 | 0.9296668392540957 | 0.5514619888967318:-0.09979584537877884 | 0.43518221596349704 | -0.7306366818086119
-0.09979584537877884 | 0.43518221596349704 | -0.7306366818086119 | 0.9296668392540957 | 0.5514619888967318:-0.11952233514043087 | 0.46944912993056676 | -0.7077911918953887
-0.11952233514043087 | 0.46944912993056676 | -0.7077911918953887 | 0.9296668392540957 | 0.5514619888967318:-0.13859753292046406 | 0.5026633373995644 | -0.6827883164594652
-0.13859753292046406 | 0.5026633373995644 | -0.6827883164594652 | 0.8692769008086052 | 0.8870927454308466:-0.16801417699201693 | 0.5327280611526284 | -0.6545795184123886
-0.16801417699201693 | 0.5327280611526284 | -0.6545795184123886 | 0.8692769008086052 | 0.8870927454308466:-0.19613668424460684 | 0.5615752762883623 | -0.6237533927147378
-0.19613668424460684 | 0.5615752762883623 | -0.6237533927147378 | 0.8692769008086052 | 0.8870927454308466:-0.22284946314714205 | 0.5890893289410997 | -0.5904225273011754
-0.22284946314714205 | 0.5890893289410997 | -0.5904225273011754 | 0.8692769008086052 | 0.8870927454308466:-0.24804217001701545 | 0.615159484547867 | -0.5547097465045745
-0.24804217001701545 | 0.615159484547867 | -0.5547097465045745 | 0.8692769008086052 | 0.8870927454308466:-0.2716101623244498 | 0.6396803821103774 | -0.516747648300738
