0.0 | 0.0 | 0.0 | -0.676033599321594 | 0.19023758061686347:9.506302282571938E-5 | 3.379524362877584E-4 | 0.00999383565866972
9.506302282571938E-5 | 3.379524362877584E-4 | 0.00999383565866972 | 0.12058277967757314 | -0.7739251140177636:-5.804978348487544E-4 | 5.52607945271899E-4 | 0.01988385392026803
-5.804978348487544E-4 | 5.52607945271899E-4 | 0.01988385392026803 | 0.12058277967757314 | -0.7739251140177636:-0.0020140216283137512 | 6.458342287950503E-4 | 0.029625597310933685
-0.0020140216283137512 | 6.458342287950503E-4 | 0.029625597310933685 | 0.12058277967757314 | -0.7739251140177636:-0.004190688607724129 | 6.198380283858329E-4 | 0.039175609219663184
-0.004190688607724129 | 6.198380283858329E-4 | 0.039175609219663184 | 0.12058277967757314 | -0.7739251140177636:-0.0070935833063849995 | 4.7715559340988367E-4 | 0.04849153129382022
-0.0070935833063849995 | 4.7715559340988367E-4 | 0.04849153129382022 | 0.12058277967757314 | -0.7739251140177636:-0.010703761585773127 | 2.2064252193498834E-4 | 0.05753219723704045
-0.010703761585773127 | 2.2064252193498834E-4 | 0.05753219723704045 | 0.4769829264213401 | -0.8576115689841768:-0.015276866518570596 | -0.001336621113731895 | 0.06618117367023962
-0.015276866518570596 | -0.001336621113731895 | 0.06618117367023962 | 0.4769829264213401 | -0.8576115689841768:-0.020580672933481002 | -0.003314320054964681 | 0.07438974003996646
-0.020580672933481002 | -0.003314320054964681 | 0.07438974003996646 | 0.4769829264213401 | -0.8576115689841768:-0.02658264464120226 | -0.005694978005573947 | 0.08209870103845379
-0.02658264464120226 | -0.005694978005573947 | 0.08209870103845379 | 0.4769829264213401 | -0.8576115689841768:-0.033247120352547066 | -0.008459348444985748 | 0.08925164419645987
-0.033247120352547066 | -0.008459348444985748 | 0.08925164419645987 | 0.4769829264213401 | -0.8576115689841768:-0.040535483132044 | -0.011586506490909754 | 0.09579513816578056
-0.040535483132044 | -0.011586506490909754 | 0.09579513816578056 | 0.4769829264213401 | -0.8576115689841768:-0.04840633865895913 | -0.015053945809088809 | 0.10167891850414024
-0.04840633865895913 | -0.015053945809088809 | 0.10167891850414024 | 0.4769829264213401 | -0.8576115689841768:-0.05681570162137578 | -0.018837680200865625 | 0.10685606047922624
-0.05681570162137578 | -0.018837680200865625 | 0.10685606047922624 | 0.4769829264213401 | -0.8576115689841768:-0.06571718955067657 | -0.02291234948859322 | 0.1112831384538967
-0.06571718955067657 | -0.02291234948859322 | 0.1112831384538967 | 0.4769829264213401 | -0.8576115689841768:-0.07506222338772922 | -0.027251329309441186 | 0.11492037146068756
-0.07506222338772922 | -0.027251329309441186 | 0.11492037146068756 | 0.4769829264213401 | -0.8576115689841768:-0.08480023405830128 | -0.031826844419930334 | 0.11773175462053231
-0.08480023405830128 | -0.031826844419930334 | 0.11773175462053231 | 0.4769829264213401 | -0.8576115689841768:-0.09487887432374165 | -0.036610085106578705 | 0.1196851761079345
-0.09487887432374165 | -0.036610085106578705 | 0.1196851761079345 | 0.4769829264213401 | -0.8576115689841768:-0.10524423516377279 | -0.041571326292356714 | 0.1207525194125798
-0.10524423516377279 | -0.041571326292356714 | 0.1207525194125798 | 0.4769829264213401 | -0.8576115689841768:-0.11584106594134302 | -0.04668004892424227 | 0.12090975069537424
-0.11584106594134302 | -0.04668004892424227 | 0.12090975069537424 | 0.4769829264213401 | -0.8576115689841768:-0.1266129975948853 | -0.05190506322403965 | 0.12013699108503118
-0.1266129975948853 | -0.05190506322403965 | 0.12013699108503118 | 0.4769829264213401 | -0.8576115689841768:-0.13750276810101747 | -0.05721463338275279 | 0.1184185738094401
-0.13750276810101747 | -0.05721463338275279 | 0.1184185738094401 | 0.007590978518047464 | 0.7666972737807629:-0.13851833688485726 | -0.05969633077941272 | 0.12883881963428045
-0.13851833688485726 | -0.05969633077941272 | 0.12883881963428045 | 0.007590978518047464 | 0.7666972737807629:-0.13887367349544566 | -0.062159591381261814 | 0.13944659165829898
-0.13887367349544566 | -0.062159591381261814 | 0.13944659165829898 | 0.007590978518047464 | 0.7666972737807629:-0.1385589016377049 | -0.06460476935175374 | 0.15020490631737005
-0.1385589016377049 | -0.06460476935175374 | 0.15020490631737005 | 0.007590978518047464 | 0.7666972737807629:-0.13756604194050004 | -0.06703219764775903 | 0.16107643192776377
-0.13756604194050004 | -0.06703219764775903 | 0.16107643192776377 | 0.007590978518047464 | 0.7666972737807629:-0.13588901871116454 | -0.06944218796039459 | 0.17202357953542036
-0.13588901871116454 | -0.06944218796039459 | 0.17202357953542036 | 0.6778763150293636 | 0.17646080686464183:-0.1388877719708972 | -0.07775096472292597 | 0.17648217956926038
-0.1388877719708972 | -0.07775096472292597 | 0.17648217956926038 | 0.6778763150293636 | 0.17646080686464183:-0.14175522940651297 | -0.08637127378343257 | 0.1805770917664482
-0.14175522940651297 | -0.08637127378343257 | 0.1805770917664482 | 0.6778763150293636 | 0.17646080686464183:-0.14449661636337474 | -0.09528531427999454 | 0.18429158045545568
-0.14449661636337474 | -0.09528531427999454 | 0.18429158045545568 | 0.6778763150293636 | 0.17646080686464183:-0.14711732516640552 | -0.10447460851667101 | 0.18760981964004753
-0.14711732516640552 | -0.10447460851667101 | 0.18760981964004753 | 0.6778763150293636 | 0.17646080686464183:-0.14962290442068005 | -0.11392004283697466 | 0.1905169184380533
-0.14962290442068005 | -0.11392004283697466 | 0.1905169184380533 | 0.6778763150293636 | 0.17646080686464183:-0.15201904811411948 | -0.12360190928713166 | 0.19299894466267897
-0.15201904811411948 | -0.12360190928713166 | 0.19299894466267897 | 0.6778763150293636 | 0.17646080686464183:-0.15431158454192095 | -0.1334999479940806 | 0.1950429465245871
-0.15431158454192095 | -0.1334999479940806 | 0.1950429465245871 | 0.6778763150293636 | 0.17646080686464183:-0.15650646507244703 | -0.14359339018279327 | 0.19663697243607192
-0.15650646507244703 | -0.14359339018279327 | 0.19663697243607192 | 0.6778763150293636 | 0.17646080686464183:-0.1586097527743453 | -0.15386100175721307 | 0.1977700889017262
-0.1586097527743453 | -0.15386100175721307 | 0.1977700889017262 | 0.6778763150293636 | 0.17646080686464183:-0.1606276109247049 | -0.16428112736896772 | 0.19843239648308053
-0.1606276109247049 | -0.16428112736896772 | 0.19843239648308053 | 0.6778763150293636 | 0.17646080686464183:-0.16256629141805323 | -0.17483173489795556 | 0.1986150438277603
-0.16256629141805323 | -0.17483173489795556 | 0.1986150438277603 | 0.6778763150293636 | 0.17646080686464183:-0.16443212309596156 | -0.1854904602689711 | 0.19831023975674889
-0.16443212309596156 | -0.1854904602689711 | 0.19831023975674889 | 0.6778763150293636 | 0.17646080686464183:-0.16623150001697473 | -0.19623465252871775 | 0.19751126340638958
-0.16623150001697473 | -0.19623465252871775 | 0.19751126340638958 | 0.6778763150293636 | 0.17646080686464183:-0.16797086968648856 | -0.20704141910783092 | 0.19621247242474205
-0.16797086968648856 | -0.20704141910783092 | 0.19621247242474205 | 0.6778763150293636 | 0.17646080686464183:-0.16965672126608622 | -0.2178876711929285 | 0.19440930922491262
-0.16965672126608622 | -0.2178876711929285 | 0.19440930922491262 | 0.6778763150293636 | 0.17646080686464183:-0.1712955737817028 | -0.22875016913420465 | 0.19209830530089622
-0.1712955737817028 | -0.22875016913420465 | 0.19209830530089622 | 0.6778763150293636 | 0.17646080686464183:-0.17289396434981885 | -0.23960556781466913 | 0.18927708361441287
-0.17289396434981885 | -0.23960556781466913 | 0.18927708361441287 | 0.6778763150293636 | 0.17646080686464183:-0.17445843644068404 | -0.25043046190785745 | 0.1859443590640515
-0.17445843644068404 | -0.25043046190785745 | 0.1859443590640515 | 0.6778763150293636 | 0.17646080686464183:-0.17599552819736086 | -0.2612014309516111 | 0.1820999370509071
-0.17599552819736086 | -0.2612014309516111 | 0.1820999370509071 | 0.6778763150293636 | 0.17646080686464183:-0.1775117608291179 | -0.27189508416645225 | 0.1777447101576426
-0.1775117608291179 | -0.27189508416645225 | 0.1777447101576426 | 0.6778763150293636 | 0.17646080686464183:-0.17901362709744717 | -0.2824881049480439 | 0.17288065296066613
-0.17901362709744717 | -0.2824881049480439 | 0.17288065296066613 | 0.6778763150293636 | 0.17646080686464183:-0.18050757991267208 | -0.2929572949643431 | 0.16751081499777598
-0.18050757991267208 | -0.2929572949643431 | 0.16751081499777598 | 0.6778763150293636 | 0.17646080686464183:-0.18200002105880486 | -0.3032796177892081 | 0.16163931191627157
-0.18200002105880486 | -0.3032796177892081 | 0.16163931191627157 | 0.6778763150293636 | 0.17646080686464183:-0.18349729006395865 | -0.31343224200550246 | 0.15527131482905698
-0.18349729006395865 | -0.31343224200550246 | 0.15527131482905698 | 0.6778763150293636 | 0.17646080686464183:-0.18500565323327045 | -0.32339258371208146 | 0.14841303790882066
-0.18500565323327045 | -0.32339258371208146 | 0.14841303790882066 | 0.4293734632406183 | 0.5973284151484823:-0.18339830437683524 | -0.331380358267805 | 0.1490920315141837
-0.18339830437683524 | -0.331380358267805 | 0.1490920315141837 | 0.4293734632406183 | 0.5973284151484823:-0.18168659285270206 | -0.33937761826136814 | 0.14950395872138955
-0.18168659285270206 | -0.33937761826136814 | 0.14950395872138955 | 0.4293734632406183 | 0.5973284151484823:-0.17988087690861043 | -0.34737765827452627 | 0.14964359430653484
-0.17988087690861043 | -0.34737765827452627 | 0.14964359430653484 | 0.4293734632406183 | 0.5973284151484823:-0.17799169855526475 | -0.35537362785780413 | 0.14950628159295487
-0.17799169855526475 | -0.35537362785780413 | 0.14950628159295487 | 0.4293734632406183 | 0.5973284151484823:-0.17602976270768433 | -0.3633585464971585 | 0.14908794128854375
-0.17602976270768433 | -0.3633585464971585 | 0.14908794128854375 | 0.4428351258203258 | 0.6456606987157549:-0.17365488710128574 | -0.37142156813575866 | 0.14855531570355396
-0.17365488710128574 | -0.37142156813575866 | 0.14855531570355396 | 0.4428351258203258 | 0.6456606987157549:-0.17122179112631475 | -0.3794636604083621 | 0.14771334748897758
-0.17122179112631475 | -0.3794636604083621 | 0.14771334748897758 | 0.4428351258203258 | 0.6456606987157549:-0.16874308067344668 | -0.3874768545872911 | 0.1465589693178444
-0.16874308067344668 | -0.3874768545872911 | 0.1465589693178444 | 0.4428351258203258 | 0.6456606987157549:-0.16623148045133274 | -0.39545308612380126 | 0.1450898277376087
-0.16623148045133274 | -0.39545308612380126 | 0.1450898277376087 | 0.4428351258203258 | 0.6456606987157549:-0.16369980636224923 | -0.40338421359483156 | 0.1433042888784275
-0.16369980636224923 | -0.40338421359483156 | 0.1433042888784275 | 0.4428351258203258 | 0.6456606987157549:-0.1611609377609886 | -0.4112620377461109 | 0.14120144263218393
-0.1611609377609886 | -0.4112620377461109 | 0.14120144263218393 | 0.4428351258203258 | 0.6456606987157549:-0.15862778965287472 | -0.4190783205933357 | 0.13878110530165877
-0.15862778965287472 | -0.4190783205933357 | 0.13878110530165877 | 0.4428351258203258 | 0.6456606987157549:-0.1561132848865281 | -0.42682480454320526 | 0.13604382072213816
-0.1561132848865281 | -0.42682480454320526 | 0.13604382072213816 | 0.4428351258203258 | 0.6456606987157549:-0.15363032639670315 | -0.4344932314963632 | 0.13299085986063908
-0.15363032639670315 | -0.4344932314963632 | 0.13299085986063908 | 0.4428351258203258 | 0.6456606987157549:-0.15119176955205482 | -0.44207536189452235 | 0.1296242189008101
-0.15119176955205482 | -0.44207536189452235 | 0.1296242189008101 | 0.32764135030596253 | 0.5259212370636115:-0.149493733701906 | -0.4488581703481831 | 0.12763986592809218
-0.149493733701906 | -0.4488581703481831 | 0.12763986592809218 | 0.32764135030596253 | 0.5259212370636115:-0.14780220886305173 | -0.4555815096823448 | 0.12545109889087946
-0.14780220886305173 | -0.4555815096823448 | 0.12545109889087946 | 0.32764135030596253 | 0.5259212370636115:-0.14612433062013253 | -0.4622414981419585 | 0.1230588235615464
-0.14612433062013253 | -0.4622414981419585 | 0.1230588235615464 | 0.32764135030596253 | 0.5259212370636115:-0.14446719664861796 | -0.46883426934297034 | 0.12046425534842164
-0.14446719664861796 | -0.46883426934297034 | 0.12046425534842164 | 0.32764135030596253 | 0.5259212370636115:-0.14283785716471087 | -0.47535597829739906 | 0.11766891702247406
-0.14283785716471087 | -0.47535597829739906 | 0.11766891702247406 | 0.4086616047791929 | -0.9676166025127215:-0.14931080927827267 | -0.4822481962912146 | 0.10186681549269316
-0.14931080927827267 | -0.4822481962912146 | 0.10186681549269316 | 0.4086616047791929 | -0.9676166025127215:-0.15503136402147177 | -0.4887888916218177 | 0.08546110678221375
-0.15503136402147177 | -0.4887888916218177 | 0.08546110678221375 | 0.4086616047791929 | -0.9676166025127215:-0.15996308091408373 | -0.49496260991159247 | 0.06849743832111166
-0.15996308091408373 | -0.49496260991159247 | 0.06849743832111166 | 0.4086616047791929 | -0.9676166025127215:-0.16407194233460665 | -0.5007548906393708 | 0.051023928767413906
-0.16407194233460665 | -0.5007548906393708 | 0.051023928767413906 | 0.4086616047791929 | -0.9676166025127215:-0.16732648922289783 | -0.5061523260650098 | 0.03309101322927255
-0.16732648922289783 | -0.5061523260650098 | 0.03309101322927255 | 0.4086616047791929 | -0.9676166025127215:-0.16969794818395734 | -0.5111426166096287 | 0.014751279959630992
-0.16969794818395734 | -0.5111426166096287 | 0.014751279959630992 | 0.4086616047791929 | -0.9676166025127215:-0.17116034955782666 | -0.5157146225020917 | -0.0039407009150824734
-0.17116034955782666 | -0.5157146225020917 | -0.0039407009150824734 | 0.4086616047791929 | -0.9676166025127215:-0.171690636051693 | -0.5198584115152265 | -0.022928556045267
-0.171690636051693 | -0.5198584115152265 | -0.022928556045267 | 0.4086616047791929 | -0.9676166025127215:-0.1712687615628301 | -0.5235653026286329 | -0.04215429427699924
-0.1712687615628301 | -0.5235653026286329 | -0.04215429427699924 | 0.4086616047791929 | -0.9676166025127215:-0.1698777798544029 | -0.5268279054690019 | -0.06155849820751946
-0.1698777798544029 | -0.5268279054690019 | -0.06155849820751946 | -0.535030517973835 | -0.11286978781565837:-0.17095652625779856 | -0.5324884387775555 | -0.04878768258746646
-0.17095652625779856 | -0.5324884387775555 | -0.04878768258746646 | -0.535030517973835 | -0.11286978781565837:-0.17209312003045873 | -0.5377720317289985 | -0.035768582750849376
-0.17209312003045873 | -0.5377720317289985 | -0.035768582750849376 | -0.535030517973835 | -0.11286978781565837:-0.17328965136253593 | -0.5426696699977995 | -0.022513615788881225
-0.17328965136253593 | -0.5426696699977995 | -0.022513615788881225 | -0.535030517973835 | -0.11286978781565837:-0.17454812044199208 | -0.5471727513121998 | -0.009035497787495572
-0.17454812044199208 | -0.5471727513121998 | -0.009035497787495572 | -0.535030517973835 | -0.11286978781565837:-0.17587043574551053 | -0.5512730938535135 | 0.004652770474431023
-0.17587043574551053 | -0.5512730938535135 | 0.004652770474431023 | -0.535030517973835 | -0.11286978781565837:-0.1772584124271699 | -0.5549629441937967 | 0.018537918043245227
-0.1772584124271699 | -0.5549629441937967 | 0.018537918043245227 | -0.535030517973835 | -0.11286978781565837:-0.17871377080582818 | -0.558234984767271 | 0.032606418510141566
-0.17871377080582818 | -0.558234984767271 | 0.032606418510141566 | -0.535030517973835 | -0.11286978781565837:-0.18023813495200258 | -0.5610823408715291 | 0.046844504917180174
-0.18023813495200258 | -0.5610823408715291 | 0.046844504917180174 | -0.535030517973835 | -0.11286978781565837:-0.18183303137498008 | -0.563498587194843 | 0.06123818483466792
-0.18183303137498008 | -0.563498587194843 | 0.06123818483466792 | -0.535030517973835 | -0.11286978781565837:-0.1834998878107772 | -0.565477753866432 | 0.07577325559472925
-0.1834998878107772 | -0.565477753866432 | 0.07577325559472925 | -0.8895994810785643 | -0.9915908145588994:-0.1895308069195245 | -0.5653035280449572 | 0.09223699730640433
-0.1895308069195245 | -0.5653035280449572 | 0.09223699730640433 | -0.8895994810785643 | -0.9915908145588994:-0.19639315197694174 | -0.5643292235640551 | 0.10845345714355048
-0.19639315197694174 | -0.5643292235640551 | 0.10845345714355048 | -0.8895994810785643 | -0.9915908145588994:-0.204076173695654 | -0.5625631569940985 | 0.12434109749906064
-0.204076173695654 | -0.5625631569940985 | 0.12434109749906064 | -0.8895994810785643 | -0.9915908145588994:-0.21256479964306152 | -0.5600175358365362 | 0.13981916631454183
-0.21256479964306152 | -0.5600175358365362 | 0.13981916631454183 | -0.8895994810785643 | -0.9915908145588994:-0.22183967661095672 | -0.5567084298281131 | 0.15480811363151403
-0.22183967661095672 | -0.5567084298281131 | 0.15480811363151403 | -0.6336299734275086 | -0.7123877079351617:-0.22923983269523873 | -0.5549206973103189 | 0.16536720575002484
-0.22923983269523873 | -0.5549206973103189 | 0.16536720575002484 | -0.6336299734275086 | -0.7123877079351617:-0.23703365768822948 | -0.5527320192987624 | 0.17563988109634998
-0.23703365768822948 | -0.5527320192987624 | 0.17563988109634998 | -0.6336299734275086 | -0.7123877079351617:-0.24521152929993661 | -0.5501509435710155 | 0.1855962683985215
-0.24521152929993661 | -0.5501509435710155 | 0.1855962683985215 | -0.6336299734275086 | -0.7123877079351617:-0.2537626405911677 | -0.5471870767299407 | 0.19520711465376017
-0.2537626405911677 | -0.5471870767299407 | 0.19520711465376017 | -0.6336299734275086 | -0.7123877079351617:-0.26267502449536195 | -0.5438510637675833 | 0.20444386895313116
-0.26267502449536195 | -0.5438510637675833 | 0.20444386895313116 | -0.3531415426142044 | 0.8555407824720707:-0.25472205978055484 | -0.5432263715061971 | 0.2263305708189609
-0.25472205978055484 | -0.5432263715061971 | 0.2263305708189609 | -0.3531415426142044 | 0.8555407824720707:-0.24576889294823623 | -0.5421618136586304 | 0.24794312646494454
-0.24576889294823623 | -0.5421618136586304 | 0.24794312646494454 | -0.3531415426142044 | 0.8555407824720707:-0.23582506942694614 | -0.5406610876716336 | 0.2692261984425457
-0.23582506942694614 | -0.5406610876716336 | 0.2692261984425457 | -0.3531415426142044 | 0.8555407824720707:-0.22490274328519 | -0.5387289688938353 | 0.29012487226976624
-0.22490274328519 | -0.5387289688938353 | 0.29012487226976624 | -0.3531415426142044 | 0.8555407824720707:-0.21301665774301526 | -0.5363713038272735 | 0.31058480028992896
-0.21301665774301526 | -0.5363713038272735 | 0.31058480028992896 | 0.4569112575896217 | -0.5572651064263672:-0.2224064736542939 | -0.5461830919516899 | 0.29373721085976534
-0.2224064736542939 | -0.5461830919516899 | 0.29373721085976534 | 0.4569112575896217 | -0.5572651064263672:-0.2313456401207894 | -0.5556129002625525 | 0.2763018881363486
-0.2313456401207894 | -0.5556129002625525 | 0.2763018881363486 | 0.4569112575896217 | -0.5572651064263672:-0.2398147897384959 | -0.5646447907159882 | 0.2583007851008787
-0.2398147897384959 | -0.5646447907159882 | 0.2583007851008787 | 0.4569112575896217 | -0.5572651064263672:-0.24779522943399712 | -0.5732633643578993 | 0.239756894115974
-0.24779522943399712 | -0.5732633643578993 | 0.239756894115974 | 0.4569112575896217 | -0.5572651064263672:-0.2552689724575181 | -0.5814537879783259 | 0.22069421155339697
-0.2552689724575181 | -0.5814537879783259 | 0.22069421155339697 | 0.7996358127990633 | 0.030765907171647733:-0.25620810940480254 | -0.5926857268235182 | 0.19863251500297174
-0.25620810940480254 | -0.5926857268235182 | 0.19863251500297174 | 0.7996358127990633 | 0.030765907171647733:-0.25716812431221925 | -0.6030339623823835 | 0.17601868430122636
-0.25716812431221925 | -0.6030339623823835 | 0.17601868430122636 | 0.7996358127990633 | 0.030765907171647733:-0.25815013522885266 | -0.6124722158756342 | 0.15288953375561043
-0.25815013522885266 | -0.6124722158756342 | 0.15288953375561043 | 0.7996358127990633 | 0.030765907171647733:-0.2591551969149819 | -0.6209757943517857 | 0.12928308434633884
-0.2591551969149819 | -0.6209757943517857 | 0.12928308434633884 | 0.7996358127990633 | 0.030765907171647733:-0.26018429886142513 | -0.6285216439270513 | 0.10523849358952653
-0.26018429886142513 | -0.6285216439270513 | 0.10523849358952653 | 0.7996358127990633 | 0.030765907171647733:-0.2612383634312536 | -0.6350883998865342 | 0.08079598313805292
-0.2612383634312536 | -0.6350883998865342 | 0.08079598313805292 | 0.7996358127990633 | 0.030765907171647733:-0.26231824412730376 | -0.6406564335544473 | 0.055996764261257326
-0.26231824412730376 | -0.6406564335544473 | 0.055996764261257326 | 0.7996358127990633 | 0.030765907171647733:-0.26342472398864913 | -0.6452078958476406 | 0.030882961348131843
-0.26342472398864913 | -0.6452078958476406 | 0.030882961348131843 | 0.7996358127990633 | 0.030765907171647733:-0.2645585141190132 | -0.6487267574328328 | 0.005497533582012437
-0.2645585141190132 | -0.6487267574328328 | 0.005497533582012437 | 0.7996358127990633 | 0.030765907171647733:-0.265720252349805 | -0.6511988454148181 | -0.020115805062197012
-0.265720252349805 | -0.6511988454148181 | -0.020115805062197012 | -0.883743287268359 | -0.9445820623136436:-0.2669530152913069 | -0.6541959281975949 | -0.003902001204552974
-0.2669530152913069 | -0.6541959281975949 | -0.003902001204552974 | -0.883743287268359 | -0.9445820623136436:-0.2689478528165985 | -0.6564444992405285 | 0.012419685532918834
-0.2689478528165985 | -0.6564444992405285 | 0.012419685532918834 | -0.883743287268359 | -0.9445820623136436:-0.27171062805809854 | -0.6579378839318366 | 0.028778275318781965
-0.27171062805809854 | -0.6579378839318366 | 0.028778275318781965 | -0.883743287268359 | -0.9445820623136436:-0.27524371342070353 | -0.6586726549701467 | 0.04510212226444388
-0.27524371342070353 | -0.6586726549701467 | 0.04510212226444388 | -0.883743287268359 | -0.9445820623136436:-0.2795459600580088 | -0.65864866809126 | 0.061319237164955354
-0.2795459600580088 | -0.65864866809126 | 0.061319237164955354 | -0.6352127115708381 | -0.22392292781839473:-0.28154951321774035 | -0.6589454508671153 | 0.07937930725442222
-0.28154951321774035 | -0.6589454508671153 | 0.07937930725442222 | -0.6352127115708381 | -0.22392292781839473:-0.2837484125011578 | -0.6586317769244374 | 0.09748163589423697
-0.2837484125011578 | -0.6586317769244374 | 0.09748163589423697 | -0.6352127115708381 | -0.22392292781839473:-0.28614368198307005 | -0.6577049392609595 | 0.11560285383732527
-0.28614368198307005 | -0.6577049392609595 | 0.11560285383732527 | -0.6352127115708381 | -0.22392292781839473:-0.2887360551065079 | -0.6561630476782057 | 0.13371946516152988
-0.2887360551065079 | -0.6561630476782057 | 0.13371946516152988 | -0.6352127115708381 | -0.22392292781839473:-0.2915259734114706 | -0.6540050329583167 | 0.1518078795973814
-0.2915259734114706 | -0.6540050329583167 | 0.1518078795973814 | -0.6352127115708381 | -0.22392292781839473:-0.29451358566280206 | -0.6512306499098983 | 0.1698444449716412
-0.29451358566280206 | -0.6512306499098983 | 0.1698444449716412 | -0.6352127115708381 | -0.22392292781839473:-0.29769874737749547 | -0.6478404792811858 | 0.18780547972264827
-0.29769874737749547 | -0.6478404792811858 | 0.18780547972264827 | -0.6352127115708381 | -0.22392292781839473:-0.3010810207512762 | -0.6438359285404474 | 0.2056673054436402
-0.3010810207512762 | -0.6438359285404474 | 0.2056673054436402 | -0.6352127115708381 | -0.22392292781839473:-0.3046596749837036 | -0.6392192315249758 | 0.2234062794102627
-0.3046596749837036 | -0.6392192315249758 | 0.2234062794102627 | -0.6352127115708381 | -0.22392292781839473:-0.3084336870005906 | -0.633993446961405 | 0.24099882704870623
-0.3084336870005906 | -0.633993446961405 | 0.24099882704870623 | -0.6352127115708381 | -0.22392292781839473:-0.31240174257195363 | -0.628162455861748 | 0.25842147430110174
-0.31240174257195363 | -0.628162455861748 | 0.25842147430110174 | -0.6352127115708381 | -0.22392292781839473:-0.31656223782328397 | -0.6217309578007715 | 0.2756508798450916
-0.31656223782328397 | -0.6217309578007715 | 0.2756508798450916 | -0.6352127115708381 | -0.22392292781839473:-0.320913281137301 | -0.6147044660820455 | 0.2926638671248263
-0.320913281137301 | -0.6147044660820455 | 0.2926638671248263 | -0.6352127115708381 | -0.22392292781839473:-0.3254526954430048 | -0.6070893018010537 | 0.3094374561510058
-0.3254526954430048 | -0.6070893018010537 | 0.3094374561510058 | -0.6352127115708381 | -0.22392292781839473:-0.3301780208881908 | -0.5988925868155945 | 0.325948895028084
-0.3301780208881908 | -0.5988925868155945 | 0.325948895028084 | -0.6352127115708381 | -0.22392292781839473:-0.3350865178912201 | -0.5901222356347304 | 0.34217569116709967
-0.3350865178912201 | -0.5901222356347304 | 0.34217569116709967 | -0.6352127115708381 | -0.22392292781839473:-0.34017517056731705 | -0.5807869462390585 | 0.3580956421433399
-0.34017517056731705 | -0.5807869462390585 | 0.3580956421433399 | -0.6352127115708381 | -0.22392292781839473:-0.34544069052417825 | -0.5708961898465219 | 0.3736868661584296
-0.34544069052417825 | -0.5708961898465219 | 0.3736868661584296 | -0.6352127115708381 | -0.22392292781839473:-0.3508795210212341 | -0.5604601996390741 | 0.3889278320672034
-0.3508795210212341 | -0.5604601996390741 | 0.3889278320672034 | -0.6352127115708381 | -0.22392292781839473:-0.35648784148645873 | -0.5494899584670279 | 0.4037973889303572
-0.35648784148645873 | -0.5494899584670279 | 0.4037973889303572 | -0.6352127115708381 | -0.22392292781839473:-0.3622615723841527 | -0.5379971855490524 | 0.41827479505460374
-0.3622615723841527 | -0.5379971855490524 | 0.41827479505460374 | -0.6352127115708381 | -0.22392292781839473:-0.3681963804267099 | -0.5259943221871026 | 0.4323397464828389
-0.3681963804267099 | -0.5259943221871026 | 0.4323397464828389 | -0.6352127115708381 | -0.22392292781839473:-0.3742876841229297 | -0.5134945165167153 | 0.4459724048976561
-0.3742876841229297 | -0.5134945165167153 | 0.4459724048976561 | -0.6352127115708381 | -0.22392292781839473:-0.3805306596550757 | -0.5005116073144293 | 0.45915342490236455
-0.3805306596550757 | -0.5005116073144293 | 0.45915342490236455 | -0.6352127115708381 | -0.22392292781839473:-0.38692024707642503 | -0.48706010688500356 | 0.47186398064464896
-0.38692024707642503 | -0.48706010688500356 | 0.47186398064464896 | -0.7359454018282343 | -0.4364114393099001:-0.39862384895720737 | -0.47068899504905914 | 0.48225469495729456
-0.39862384895720737 | -0.47068899504905914 | 0.48225469495729456 | -0.7359454018282343 | -0.4364114393099001:-0.4105568551180454 | -0.45388345665350727 | 0.4917875652725314
-0.4105568551180454 | -0.45388345665350727 | 0.4917875652725314 | -0.7359454018282343 | -0.4364114393099001:-0.4227001129410013 | -0.4366756864213954 | 0.5004395845297616
-0.4227001129410013 | -0.4366756864213954 | 0.5004395845297616 | -0.7359454018282343 | -0.4364114393099001:-0.4350339386741773 | -0.4190988023227291 | 0.508189412758977
-0.4350339386741773 | -0.4190988023227291 | 0.508189412758977 | -0.7359454018282343 | -0.4364114393099001:-0.44753815629033866 | -0.4011867809630232 | 0.5150174255066311
-0.44753815629033866 | -0.4011867809630232 | 0.5150174255066311 | 0.38164822621242744 | -0.8571932261409525:-0.4700969051447501 | -0.4120233843865009 | 0.4889116767229815
-0.4700969051447501 | -0.4120233843865009 | 0.4889116767229815 | 0.38164822621242744 | -0.8571932261409525:-0.49154786588337984 | -0.42237312884053324 | 0.4615744386823408
-0.49154786588337984 | -0.42237312884053324 | 0.4615744386823408 | 0.38164822621242744 | -0.8571932261409525:-0.5118355576686326 | -0.4322108251509462 | 0.43306282598156187
-0.5118355576686326 | -0.4322108251509462 | 0.43306282598156187 | 0.38164822621242744 | -0.8571932261409525:-0.5309070226958994 | -0.4415123780263741 | 0.403436967906476
-0.5309070226958994 | -0.4415123780263741 | 0.403436967906476 | 0.38164822621242744 | -0.8571932261409525:-0.548711961413467 | -0.4502548475475123 | 0.37275987352425943
-0.548711961413467 | -0.4502548475475123 | 0.37275987352425943 | 0.38164822621242744 | -0.8571932261409525:-0.5652028615722529 | -0.4584165079787539 | 0.3410972895150408
-0.5652028615722529 | -0.4584165079787539 | 0.3410972895150408 | 0.38164822621242744 | -0.8571932261409525:-0.5803351207859819 | -0.46597690375688217 | 0.30851755108200507
-0.5803351207859819 | -0.46597690375688217 | 0.30851755108200507 | 0.38164822621242744 | -0.8571932261409525:-0.5940671622978613 | -0.47291690251799423 | 0.2750914262959441
-0.5940671622978613 | -0.47291690251799423 | 0.2750914262959441 | 0.38164822621242744 | -0.8571932261409525:-0.6063605436666677 | -0.47921874503146 | 0.24089195424613052
-0.6063605436666677 | -0.47921874503146 | 0.24089195424613052 | 0.38164822621242744 | -0.8571932261409525:-0.6171800581021856 | -0.4848660919167429 | 0.20599427738433107
-0.6171800581021856 | -0.4848660919167429 | 0.20599427738433107 | -0.48195475179199 | 0.9204593549529303:-0.6079240477305348 | -0.4808766351425078 | 0.2463526457828742
-0.6079240477305348 | -0.4808766351425078 | 0.2463526457828742 | -0.48195475179199 | 0.9204593549529303:-0.5967832435729079 | -0.4758907926898104 | 0.2862189940985651
-0.5967832435729079 | -0.4758907926898104 | 0.2862189940985651 | -0.48195475179199 | 0.9204593549529303:-0.5837800382600662 | -0.4699189568656976 | 0.3254797872080424
-0.5837800382600662 | -0.4699189568656976 | 0.3254797872080424 | -0.48195475179199 | 0.9204593549529303:-0.5689422093400154 | -0.4629743542181757 | 0.3640227694311591
-0.5689422093400154 | -0.4629743542181757 | 0.3640227694311591 | -0.48195475179199 | 0.9204593549529303:-0.5523028563008339 | -0.4550730165145609 | 0.40173729196565944
-0.5523028563008339 | -0.4550730165145609 | 0.40173729196565944 | -0.48195475179199 | 0.9204593549529303:-0.5339003219766596 | -0.446233743496677 | 0.43851463641190236
-0.5339003219766596 | -0.446233743496677 | 0.43851463641190236 | -0.48195475179199 | 0.9204593549529303:-0.513778098544023 | -0.4364780575099587 | 0.4742483334371421
-0.513778098544023 | -0.4364780575099587 | 0.4742483334371421 | -0.48195475179199 | 0.9204593549529303:-0.4919847183611239 | -0.42583015012743886 | 0.5088344756423737
-0.4919847183611239 | -0.42583015012743886 | 0.5088344756423737 | -0.48195475179199 | 0.9204593549529303:-0.46857362994676066 | -0.4143168209128447 | 0.5421720237112702
-0.46857362994676066 | -0.4143168209128447 | 0.5421720237112702 | -0.48195475179199 | 0.9204593549529303:-0.44360305943956746 | -0.4019674084901794 | 0.5741631049398563
-0.44360305943956746 | -0.4019674084901794 | 0.5741631049398563 | -0.48195475179199 | 0.9204593549529303:-0.41713585792025754 | -0.3888137141098156 | 0.604713303267296
-0.41713585792025754 | -0.3888137141098156 | 0.604713303267296 | -0.48195475179199 | 0.9204593549529303:-0.3892393350215073 | -0.3748899179227152 | 0.6337319399523125
-0.3892393350215073 | -0.3748899179227152 | 0.6337319399523125 | -0.48195475179199 | 0.9204593549529303:-0.35998507928983514 | -0.36023248819634546 | 0.6611323440667576
-0.35998507928983514 | -0.36023248819634546 | 0.6611323440667576 | -0.48195475179199 | 0.9204593549529303:-0.329448765802951 | -0.3448800837258972 | 0.686832112006897
-0.329448765802951 | -0.3448800837258972 | 0.686832112006897 | -0.48195475179199 | 0.9204593549529303:-0.29770995158327196 | -0.3288734497146635 | 0.7107533552542904
-0.29770995158327196 | -0.3288734497146635 | 0.7107533552542904 | -0.48195475179199 | 0.9204593549529303:-0.26485185938398814 | -0.3122553074168195 | 0.7328229356523082
-0.26485185938398814 | -0.3122553074168195 | 0.7328229356523082 | -0.48195475179199 | 0.9204593549529303:-0.2309611504582918 | -0.29507023785335207 | 0.7529726874995859
-0.2309611504582918 | -0.29507023785335207 | 0.7529726874995859 | -0.48195475179199 | 0.9204593549529303:-0.1961276869546822 | -0.2773645599301773 | 0.7711396258000676
-0.1961276869546822 | -0.2773645599301773 | 0.7711396258000676 | -0.48195475179199 | 0.9204593549529303:-0.16044428461143667 | -0.25918620330325837 | 0.7872661400487004
-0.16044428461143667 | -0.25918620330325837 | 0.7872661400487004 | -0.48195475179199 | 0.9204593549529303:-0.12400645645226405 | -0.24058457635105412 | 0.801300172973626
-0.12400645645226405 | -0.24058457635105412 | 0.801300172973626 | -0.48195475179199 | 0.9204593549529303:-0.08691214821118365 | -0.221610429629294 | 0.813195383698698
-0.08691214821118365 | -0.221610429629294 | 0.813195383698698 | -0.48195475179199 | 0.9204593549529303:-0.04926146623927963 | -0.20231571519606462 | 0.8229112948351869
-0.04926146623927963 | -0.20231571519606462 | 0.8229112948351869 | -0.48195475179199 | 0.9204593549529303:-0.011156398667985457 | -0.18275344220738532 | 0.8304134230574078
-0.011156398667985457 | -0.18275344220738532 | 0.8304134230574078 | -0.48195475179199 | 0.9204593549529303:0.027299469376359298 | -0.16297752919456343 | 0.8356733927647113
0.027299469376359298 | -0.16297752919456343 | 0.8356733927647113 | -0.48195475179199 | 0.9204593549529303:0.0660012456945509 | -0.14304265344435407 | 0.8386690324807731
0.0660012456945509 | -0.14304265344435407 | 0.8386690324807731 | -0.8565123814920603 | 0.7290676766455797:0.09688434830289339 | -0.10718987003262725 | 0.8425034622833252
0.09688434830289339 | -0.10718987003262725 | 0.8425034622833252 | -0.8565123814920603 | 0.7290676766455797:0.12788123155686293 | -0.0711425234826919 | 0.8436574332144957
0.12788123155686293 | -0.0711425234826919 | 0.8436574332144957 | -0.8565123814920603 | 0.7290676766455797:0.15889274043765056 | -0.03501687218151517 | 0.8421183771973659
0.15889274043765056 | -0.03501687218151517 | 0.8421183771973659 | -0.8565123814920603 | 0.7290676766455797:0.18981936791459475 | 0.0010702247467833104 | 0.83788248231739
0.18981936791459475 | 0.0010702247467833104 | 0.83788248231739 | -0.8565123814920603 | 0.7290676766455797:0.2205615820709781 | 0.03700169100767425 | 0.8309547280758736
0.2205615820709781 | 0.03700169100767425 | 0.8309547280758736 | -0.4127741351536709 | -0.7007065935228285:0.1916625064172095 | 0.054230179366143716 | 0.8385876555541145
0.1916625064172095 | 0.054230179366143716 | 0.8385876555541145 | -0.4127741351536709 | -0.7007065935228285:0.1624760341245306 | 0.07163934978139253 | 0.8448409455868102
0.1624760341245306 | 0.07163934978139253 | 0.8448409455868102 | -0.4127741351536709 | -0.7007065935228285:0.13305153874813413 | 0.0892003011175575 | 0.8496997156174686
0.13305153874813413 | 0.0892003011175575 | 0.8496997156174686 | -0.4127741351536709 | -0.7007065935228285:0.10343893290023942 | 0.10688378970067447 | 0.8531514790579777
