0.0 | 0.0 | 0.0 | 0.8692769008086052 | 0.8870927454308466:4.42982203321621E-4 | -4.34501616991545E-4 | 0.00998073018933846
4.42982203321621E-4 | -4.34501616991545E-4 | 0.00998073018933846 | 0.8692769008086052 | 0.8870927454308466:0.0017588376375496165 | -0.001726833668737049 | 0.01974676013034176
0.0017588376375496165 | -0.001726833668737049 | 0.01974676013034176 | 0.8692769008086052 | 0.8870927454308466:0.003923109944132301 | -0.003855462572224466 | 0.02918722353565728
0.003923109944132301 | -0.003855462572224466 | 0.02918722353565728 | 0.8692769008086052 | 0.8870927454308466:0.006905105441680669 | -0.00679266232755249 | 0.03819494318968447
0.006905105441680669 | -0.00679266232755249 | 0.03819494318968447 | -0.676033599321594 | 0.19023758061686347:0.009042376966357638 | -0.0068382788244194526 | 0.04768069389514243
0.009042376966357638 | -0.0068382788244194526 | 0.04768069389514243 | -0.676033599321594 | 0.19023758061686347:0.011340317003531247 | -0.006236462386041364 | 0.05707080393069819
0.011340317003531247 | -0.006236462386041364 | 0.05707080393069819 | -0.676033599321594 | 0.19023758061686347:0.013796319793292357 | -0.004996643863310446 | 0.06633107918059805
0.013796319793292357 | -0.004996643863310446 | 0.06633107918059805 | -0.676033599321594 | 0.19023758061686347:0.016407372327484786 | -0.0031297056007815183 | 0.0754280141273464
0.016407372327484786 | -0.0031297056007815183 | 0.0754280141273464 | -0.676033599321594 | 0.19023758061686347:0.01917006538335181 | -6.479433117965172E-4 | 0.08432885179740407
0.01917006538335181 | -6.479433117965172E-4 | 0.08432885179740407 | 0.12058277967757314 | -0.7739251140177636:0.0175723617745992 | -0.001278504996306884 | 0.09398066346998679
0.0175723617745992 | -0.001278504996306884 | 0.09398066346998679 | 0.12058277967757314 | -0.7739251140177636:0.015240730435659794 | -0.002019615795651575 | 0.10352643290212693
0.015240730435659794 | -0.002019615795651575 | 0.10352643290212693 | 0.12058277967757314 | -0.7739251140177636:0.012185013153330593 | -0.0028699125632005718 | 0.11292336530272706
0.012185013153330593 | -0.0028699125632005718 | 0.11292336530272706 | 0.12058277967757314 | -0.7739251140177636:0.008417173122012372 | -0.003827698923294598 | 0.12212943840371182
0.008417173122012372 | -0.003827698923294598 | 0.12212943840371182 | 0.12058277967757314 | -0.7739251140177636:0.003951244854982744 | -0.004890952782242941 | 0.1311035007566692
0.003951244854982744 | -0.004890952782242941 | 0.1311035007566692 | 0.4769829264213401 | -0.8576115689841768:-0.0017761205486967746 | -0.008546533610393592 | 0.13966913139540282
-0.0017761205486967746 | -0.008546533610393592 | 0.13966913139540282 | 0.4769829264213401 | -0.8576115689841768:-0.008227688973746428 | -0.012604581239062496 | 0.14777761479345086
-0.008227688973746428 | -0.012604581239062496 | 0.14777761479345086 | 0.4769829264213401 | -0.8576115689841768:-0.015373749750346541 | -0.017049334408805183 | 0.1553699086672482
-0.015373749750346541 | -0.017049334408805183 | 0.1553699086672482 | 0.4769829264213401 | -0.8576115689841768:-0.023181404451355678 | -0.021863229566670084 | 0.16238939876105296
-0.023181404451355678 | -0.021863229566670084 | 0.16238939876105296 | 0.4769829264213401 | -0.8576115689841768:-0.031614713800912714 | -0.027026980091080954 | 0.1687821067461137
-0.031614713800912714 | -0.027026980091080954 | 0.1687821067461137 | 0.4769829264213401 | -0.8576115689841768:-0.04063485416503949 | -0.032519660975263376 | 0.17449688722799261
-0.04063485416503949 | -0.032519660975263376 | 0.17449688722799261 | 0.4769829264213401 | -0.8576115689841768:-0.050200283028637216 | -0.03831879864455168 | 0.17948561331179125
-0.050200283028637216 | -0.03831879864455168 | 0.17948561331179125 | 0.4769829264213401 | -0.8576115689841768:-0.060266912840923996 | -0.04440046556999766 | 0.18370335021555384
-0.060266912840923996 | -0.04440046556999766 | 0.18370335021555384 | 0.4769829264213401 | -0.8576115689841768:-0.07078829259106151 | -0.05073937932892436 | 0.18710851646378712
-0.07078829259106151 | -0.05073937932892436 | 0.18710851646378712 | 0.4769829264213401 | -0.8576115689841768:-0.08171579645750471 | -0.05730900575242481 | 0.18966303223568515
-0.08171579645750471 | -0.05730900575242481 | 0.18966303223568515 | 0.4769829264213401 | -0.8576115689841768:-0.09299881885851197 | -0.06408166579033603 | 0.19133245448616565
-0.09299881885851197 | -0.06408166579033603 | 0.19133245448616565 | 0.4769829264213401 | -0.8576115689841768:-0.1045849752172977 | -0.07102864571593259 | 0.19208609850207026
-0.1045849752172977 | -0.07102864571593259 | 0.19208609850207026 | 0.4769829264213401 | -0.8576115689841768:-0.11642030774351919 | -0.07812031028549193 | 0.19189714560072346
-0.11642030774351919 | -0.07812031028549193 | 0.19189714560072346 | 0.4769829264213401 | -0.8576115689841768:-0.12844949552317209 | -0.08532621846198785 | 0.19074273672335185
-0.12844949552317209 | -0.08532621846198785 | 0.19074273672335185 | 0.4769829264213401 | -0.8576115689841768:-0.14061606820153583 | -0.09261524130750676 | 0.18860405172149575
-0.14061606820153583 | -0.09261524130750676 | 0.18860405172149575 | 0.007590978518047464 | 0.7666972737807629:-0.13722470710832246 | -0.09542595521565178 | 0.1995473939805188
-0.13722470710832246 | -0.09542595521565178 | 0.1995473939805188 | 0.007590978518047464 | 0.7666972737807629:-0.13315692672567614 | -0.09821558316538126 | 0.2104386323535854
-0.13315692672567614 | -0.09821558316538126 | 0.2104386323535854 | 0.007590978518047464 | 0.7666972737807629:-0.1284147043015924 | -0.1009843904593768 | 0.2212411178161462
-0.1284147043015924 | -0.1009843904593768 | 0.2212411178161462 | 0.007590978518047464 | 0.7666972737807629:-0.1230018344529733 | -0.10373262159208974 | 0.23191839980064
-0.1230018344529733 | -0.10373262159208974 | 0.23191839980064 | 0.007590978518047464 | 0.7666972737807629:-0.11692391214373887 | -0.10646050043006694 | 0.24243431040112373
-0.11692391214373887 | -0.10646050043006694 | 0.24243431040112373 | 0.6778763150293636 | 0.17646080686464183:-0.11763195666298265 | -0.11742844718388001 | 0.24559428365637803
-0.11763195666298265 | -0.11742844718388001 | 0.24559428365637803 | 0.6778763150293636 | 0.17646080686464183:-0.11823655745642347 | -0.12866485910649006 | 0.24825471735090332
-0.11823655745642347 | -0.12866485910649006 | 0.24825471735090332 | 0.6778763150293636 | 0.17646080686464183:-0.11874419863576047 | -0.14014644705859913 | 0.250400996273485
-0.11874419863576047 | -0.14014644705859913 | 0.250400996273485 | 0.6778763150293636 | 0.17646080686464183:-0.11916150698571326 | -0.15184934082586876 | 0.25201963830753904
-0.11916150698571326 | -0.15184934082586876 | 0.25201963830753904 | 0.6778763150293636 | 0.17646080686464183:-0.1194952391283195 | -0.16374913821639048 | 0.2530983152500301
-0.1194952391283195 | -0.16374913821639048 | 0.2530983152500301 | 0.6778763150293636 | 0.17646080686464183:-0.11975226854372512 | -0.1758209547448426 | 0.2536258714636457
-0.11975226854372512 | -0.1758209547448426 | 0.2536258714636457 | 0.6778763150293636 | 0.17646080686464183:-0.11993957246976894 | -0.18803947381788166 | 0.2535923403496394
-0.11993957246976894 | -0.18803947381788166 | 0.2535923403496394 | 0.6778763150293636 | 0.17646080686464183:-0.12006421870264772 | -0.20037899733530118 | 0.2529889586322467
-0.12006421870264772 | -0.20037899733530118 | 0.2529889586322467 | 0.6778763150293636 | 0.17646080686464183:-0.12013335232090938 | -0.21281349662161864 | 0.25180817844896186
-0.12013335232090938 | -0.21281349662161864 | 0.25180817844896186 | 0.6778763150293636 | 0.17646080686464183:-0.1201541823549408 | -0.22531666360296665 | 0.2500436772443875
-0.1201541823549408 | -0.22531666360296665 | 0.2500436772443875 | 0.6778763150293636 | 0.17646080686464183:-0.12013396842400548 | -0.2378619621445468 | 0.24769036546872059
-0.12013396842400548 | -0.2378619621445468 | 0.24769036546872059 | 0.6778763150293636 | 0.17646080686464183:-0.12008000736275593 | -0.25042267946437136 | 0.2447443920853063
-0.12008000736275593 | -0.25042267946437136 | 0.2447443920853063 | 0.6778763150293636 | 0.17646080686464183:-0.11999961985896723 | -0.26297197753960777 | 0.24120314789496167
-0.11999961985896723 | -0.26297197753960777 | 0.24120314789496167 | 0.6778763150293636 | 0.17646080686464183:-0.11990013712404357 | -0.2754829444225697 | 0.23706526668806038
-0.11990013712404357 | -0.2754829444225697 | 0.23706526668806038 | 0.6778763150293636 | 0.17646080686464183:-0.11978888761761208 | -0.28792864538421803 | 0.2323306242385712
-0.11978888761761208 | -0.28792864538421803 | 0.2323306242385712 | 0.6778763150293636 | 0.17646080686464183:-0.11967318384727976 | -0.3002821738039625 | 0.22700033515741502
-0.11967318384727976 | -0.3002821738039625 | 0.22700033515741502 | 0.6778763150293636 | 0.17646080686464183:-0.1195603092643105 | -0.3125167017256194 | 0.221076747625645
-0.1195603092643105 | -0.3125167017256194 | 0.221076747625645 | 0.6778763150293636 | 0.17646080686464183:-0.11945750527570365 | -0.32460553000052794 | 0.21456343603094474
-0.11945750527570365 | -0.32460553000052794 | 0.21456343603094474 | 0.6778763150293636 | 0.17646080686464183:-0.11937195839277637 | -0.33652213794008023 | 0.20746519153404996
-0.11937195839277637 | -0.33652213794008023 | 0.20746519153404996 | 0.6778763150293636 | 0.17646080686464183:-0.11931078753601909 | -0.3482402324012952 | 0.19978801059450468
-0.11931078753601909 | -0.3482402324012952 | 0.19978801059450468 | 0.6778763150293636 | 0.17646080686464183:-0.11928103151557368 | -0.35973379623051294 | 0.1915390814881448
-0.11928103151557368 | -0.35973379623051294 | 0.1915390814881448 | 0.6778763150293636 | 0.17646080686464183:-0.11928963670628523 | -0.3709771359918461 | 0.18272676885141337
-0.11928963670628523 | -0.3709771359918461 | 0.18272676885141337 | 0.6778763150293636 | 0.17646080686464183:-0.11934344493582483 | -0.3819449289086849 | 0.17336059629038836
-0.11934344493582483 | -0.3819449289086849 | 0.17336059629038836 | 0.6778763150293636 | 0.17646080686464183:-0.11944918160392426 | -0.3926122689482572 | 0.1634512270950257
-0.11944918160392426 | -0.3926122689482572 | 0.1634512270950257 | 0.6778763150293636 | 0.17646080686464183:-0.11961344405027763 | -0.402954711981133 | 0.15301044310166922
-0.11961344405027763 | -0.402954711981133 | 0.15301044310166922 | 0.4293734632406183 | 0.5973284151484823:-0.11667425023256595 | -0.4111646902370012 | 0.14965902366977346
-0.11667425023256595 | -0.4111646902370012 | 0.14965902366977346 | 0.4293734632406183 | 0.5973284151484823:-0.11377601688433359 | -0.4192883236181615 | 0.1459619445297875
-0.11377601688433359 | -0.4192883236181615 | 0.1459619445297875 | 0.4293734632406183 | 0.5973284151484823:-0.11093215033350035 | -0.4273165546644684 | 0.14192173577211342
-0.11093215033350035 | -0.4273165546644684 | 0.14192173577211342 | 0.4293734632406183 | 0.5973284151484823:-0.10815595857930127 | -0.4352403826972804 | 0.1375416574116919
-0.10815595857930127 | -0.4352403826972804 | 0.1375416574116919 | 0.4293734632406183 | 0.5973284151484823:-0.10546062564809588 | -0.4430508823822361 | 0.1328256929449978
-0.10546062564809588 | -0.4430508823822361 | 0.1328256929449978 | 0.4428351258203258 | 0.6456606987157549:-0.10255988817309714 | -0.45082301977034156 | 0.12772348411492196
-0.10255988817309714 | -0.45082301977034156 | 0.12772348411492196 | 0.4428351258203258 | 0.6456606987157549:-0.09977782770960619 | -0.45846036704704574 | 0.12227220389254079
-0.09977782770960619 | -0.45846036704704574 | 0.12227220389254079 | 0.4428351258203258 | 0.6456606987157549:-0.09712888515032159 | -0.4659535179411165 | 0.11647861463096909
-0.09712888515032159 | -0.4659535179411165 | 0.11647861463096909 | 0.4428351258203258 | 0.6456606987157549:-0.09462724281587853 | -0.4732932287518352 | 0.11035029522796336
-0.09462724281587853 | -0.4732932287518352 | 0.11035029522796336 | 0.4428351258203258 | 0.6456606987157549:-0.09228679392725869 | -0.4804704395115884 | 0.10389562590515844
-0.09228679392725869 | -0.4804704395115884 | 0.10389562590515844 | 0.4428351258203258 | 0.6456606987157549:-0.09012111273388079 | -0.48747629471614573 | 0.09712377136386685
-0.09012111273388079 | -0.48747629471614573 | 0.09712377136386685 | 0.4428351258203258 | 0.6456606987157549:-0.08814342535346853 | -0.49430216358375745 | 0.0900446623576272
-0.08814342535346853 | -0.49430216358375745 | 0.0900446623576272 | 0.4428351258203258 | 0.6456606987157549:-0.08636658137807185 | -0.5009396598052778 | 0.0826689757244079
-0.08636658137807185 | -0.5009396598052778 | 0.0826689757244079 | 0.4428351258203258 | 0.6456606987157549:-0.08480302629891945 | -0.5073806607487121 | 0.07500811292406517
-0.08480302629891945 | -0.5073806607487121 | 0.07500811292406517 | 0.4428351258203258 | 0.6456606987157549:-0.08346477480089831 | -0.5136173260828087 | 0.06707417712917874
-0.08346477480089831 | -0.5136173260828087 | 0.06707417712917874 | 0.32764135030596253 | 0.5259212370636115:0.0 | 0.0 | 0.0
0.0 | 0.0 | 0.0 | 0.32764135030596253 | 0.5259212370636115:-0.08263574993958489 | -0.5193098568217973 | 0.06137678312856387
-0.08263574993958489 | -0.5193098568217973 | 0.06137678312856387 | 0.32764135030596253 | 0.5259212370636115:-0.08193921720920283 | -0.5248699836855408 | 0.0555050560066892
-0.08193921720920283 | -0.5248699836855408 | 0.0555050560066892 | 0.32764135030596253 | 0.5259212370636115:-0.08138146267010615 | -0.5302942505064898 | 0.04946548095655601
-0.08138146267010615 | -0.5302942505064898 | 0.04946548095655601 | 0.32764135030596253 | 0.5259212370636115:-0.08096855977649042 | -0.5355793262388566 | 0.04326481110770608
-0.08096855977649042 | -0.5355793262388566 | 0.04326481110770608 | 0.4086616047791929 | -0.9676166025127215:-0.0831292493256468 | -0.5408584478597263 | 0.028597700932264658
-0.0831292493256468 | -0.5408584478597263 | 0.028597700932264658 | 0.4086616047791929 | -0.9676166025127215:0.0 | 0.0 | 0.0
0.0 | 0.0 | 0.0 | 0.4086616047791929 | -0.9676166025127215:-0.08457228088354096 | -0.5457956134150876 | 0.013611649895374
-0.08457228088354096 | -0.5457956134150876 | 0.013611649895374 | 0.4086616047791929 | -0.9676166025127215:-0.08527738316501754 | -0.550382230633808 | -0.0016489068381400074
-0.08527738316501754 | -0.550382230633808 | -0.0016489068381400074 | 0.4086616047791929 | -0.9676166025127215:-0.08522664553127157 | -0.5546106855542057 | -0.01713813393362429
-0.08522664553127157 | -0.5546106855542057 | -0.01713813393362429 | 0.4086616047791929 | -0.9676166025127215:0.0 | 0.0 | 0.0
0.0 | 0.0 | 0.0 | 0.4086616047791929 | -0.9676166025127215:-0.0844045945214269 | -0.5584743764110307 | -0.03280894542252888
-0.0844045945214269 | -0.5584743764110307 | -0.03280894542252888 | 0.4086616047791929 | -0.9676166025127215:-0.0827982622401997 | -0.5619677441316071 | -0.04861315898393137
-0.0827982622401997 | -0.5619677441316071 | -0.04861315898393137 | 0.4086616047791929 | -0.9676166025127215:-0.08039724636745937 | -0.5650862993368762 | -0.06450165445123623
-0.08039724636745937 | -0.5650862993368762 | -0.06450165445123623 | 0.4086616047791929 | -0.9676166025127215:-0.0771937615836551 | -0.5678266457549377 | -0.08042453601041188
-0.0771937615836551 | -0.5678266457549377 | -0.08042453601041188 | -0.535030517973835 | -0.11286978781565837:-0.07738390696146169 | -0.5739233045193011 | -0.06611989173351418
-0.07738390696146169 | -0.5739233045193011 | -0.06611989173351418 | -0.535030517973835 | -0.11286978781565837:-0.07764801653377607 | -0.5796048573548482 | -0.051546905637968266
-0.07764801653377607 | -0.5796048573548482 | -0.051546905637968266 | -0.535030517973835 | -0.11286978781565837:0.0 | 0.0 | 0.0
0.0 | 0.0 | 0.0 | -0.535030517973835 | -0.11286978781565837:-0.07798823618704187 | -0.5848616312217558 | -0.03671911642246073
-0.07798823618704187 | -0.5848616312217558 | -0.03671911642246073 | -0.535030517973835 | -0.11286978781565837:-0.0784066158597243 | -0.5896843968386456 | -0.021650382581158922
-0.0784066158597243 | -0.5896843968386456 | -0.021650382581158922 | -0.535030517973835 | -0.11286978781565837:-0.07890510769778736 | -0.5940643776987642 | -0.006354867142306375
-0.07890510769778736 | -0.5940643776987642 | -0.006354867142306375 | -0.535030517973835 | -0.11286978781565837:-0.07948556431409237 | -0.597993258596027 | 0.00915297782776392
-0.07948556431409237 | -0.597993258596027 | 0.00915297782776392 | -0.535030517973835 | -0.11286978781565837:-0.08014973715273133 | -0.6014631936558423 | 0.024858426939394107
-0.08014973715273133 | -0.6014631936558423 | 0.024858426939394107 | -0.535030517973835 | -0.11286978781565837:-0.0808992749591928 | -0.6044668138662637 | 0.04074649739719227
-0.0808992749591928 | -0.6044668138662637 | 0.04074649739719227 | -0.535030517973835 | -0.11286978781565837:-0.0817357223571813 | -0.6069972341054246 | 0.0568019651044569
-0.0817357223571813 | -0.6069972341054246 | 0.0568019651044569 | -0.8895994810785643 | -0.9915908145588994:-0.08632197478878645 | -0.6076498265662025 | 0.08008042800405768
-0.08632197478878645 | -0.6076498265662025 | 0.08008042800405768 | -0.8895994810785643 | -0.9915908145588994:-0.0920831826074755 | -0.607203281379288 | 0.10324270675542735
-0.0920831826074755 | -0.607203281379288 | 0.10324270675542735 | -0.8895994810785643 | -0.9915908145588994:-0.09901584510796901 | -0.6056586613156227 | 0.12617629039408484
-0.09901584510796901 | -0.6056586613156227 | 0.12617629039408484 | -0.8895994810785643 | -0.9915908145588994:-0.10711053722513242 | -0.6030223399436672 | 0.14876867950396644
-0.10711053722513242 | -0.6030223399436672 | 0.14876867950396644 | -0.8895994810785643 | -0.9915908145588994:-0.1163519113318241 | -0.5993060126557346 | 0.17090795252305924
-0.1163519113318241 | -0.5993060126557346 | 0.17090795252305924 | -0.6336299734275086 | -0.7123877079351617:-0.12374782808183227 | -0.5970187614721674 | 0.18661328222441043
-0.12374782808183227 | -0.5970187614721674 | 0.18661328222441043 | -0.6336299734275086 | -0.7123877079351617:-0.13172951529600496 | -0.594165604148504 | 0.2020354309832726
-0.13172951529600496 | -0.594165604148504 | 0.2020354309832726 | -0.6336299734275086 | -0.7123877079351617:-0.14028792652851862 | -0.5907543158965396 | 0.21713178213189188
-0.14028792652851862 | -0.5907543158965396 | 0.21713178213189188 | -0.6336299734275086 | -0.7123877079351617:-0.14941234286565575 | -0.5867941640502394 | 0.2318602636423428
-0.14941234286565575 | -0.5867941640502394 | 0.2318602636423428 | -0.6336299734275086 | -0.7123877079351617:-0.15909039448732187 | -0.5822958907911016 | 0.24617946567867222
-0.15909039448732187 | -0.5822958907911016 | 0.24617946567867222 | -0.3531415426142044 | 0.8555407824720707:-0.14876937336106622 | -0.5809440788626858 | 0.2643952363425939
-0.14876937336106622 | -0.5809440788626858 | 0.2643952363425939 | -0.3531415426142044 | 0.8555407824720707:-0.1376095909149928 | -0.579214979436685 | 0.2821980981248693
-0.1376095909149928 | -0.579214979436685 | 0.2821980981248693 | -0.3531415426142044 | 0.8555407824720707:-0.1256275238281681 | -0.5771152539731759 | 0.2995412198964491
-0.1256275238281681 | -0.5771152539731759 | 0.2995412198964491 | -0.3531415426142044 | 0.8555407824720707:-0.11284185691380877 | -0.5746524797462911 | 0.31637858886694126
-0.11284185691380877 | -0.5746524797462911 | 0.31637858886694126 | -0.3531415426142044 | 0.8555407824720707:-0.09927344516949432 | -0.5718351352812476 | 0.33266513202225134
-0.09927344516949432 | -0.5718351352812476 | 0.33266513202225134 | 0.4569112575896217 | -0.5572651064263672:-0.108671608585027 | -0.5821517246384857 | 0.3181926175369476
-0.108671608585027 | -0.5821517246384857 | 0.3181926175369476 | 0.4569112575896217 | -0.5572651064263672:-0.11769230438037503 | -0.5921410452612719 | 0.3031358542436653
-0.11769230438037503 | -0.5921410452612719 | 0.3031358542436653 | 0.4569112575896217 | -0.5572651064263672:-0.12631658507300791 | -0.6017875980048331 | 0.28751310995337676
-0.12631658507300791 | -0.6017875980048331 | 0.28751310995337676 | 0.4569112575896217 | -0.5572651064263672:-0.13452605929768247 | -0.6110763257569403 | 0.27134365763644297
-0.13452605929768247 | -0.6110763257569403 | 0.27134365763644297 | 0.4569112575896217 | -0.5572651064263672:-0.14230292270850242 | -0.6199926391299613 | 0.2546477464464587
-0.14230292270850242 | -0.6199926391299613 | 0.2546477464464587 | 0.7996358127990633 | 0.030765907171647733:-0.14260164902122874 | -0.6325687520860725 | 0.2309372433637833
-0.14260164902122874 | -0.6325687520860725 | 0.2309372433637833 | 0.7996358127990633 | 0.030765907171647733:-0.1429296391693562 | -0.6441976543025945 | 0.2066186088615325
-0.1429296391693562 | -0.6441976543025945 | 0.2066186088615325 | 0.7996358127990633 | 0.030765907171647733:-0.14328803984367333 | -0.6548507389879461 | 0.18173115294070996
-0.14328803984367333 | -0.6548507389879461 | 0.18173115294070996 | 0.7996358127990633 | 0.030765907171647733:-0.14367793114649174 | -0.6645010843342405 | 0.1563154899373167
-0.14367793114649174 | -0.6645010843342405 | 0.1563154899373167 | 0.7996358127990633 | 0.030765907171647733:-0.1441003244500756 | -0.6731235108678035 | 0.13041346436643408
-0.1441003244500756 | -0.6731235108678035 | 0.13041346436643408 | 0.7996358127990633 | 0.030765907171647733:-0.14455616038397423 | -0.6806946354951009 | 0.10406807433105314
-0.14455616038397423 | -0.6806946354951009 | 0.10406807433105314 | 0.7996358127990633 | 0.030765907171647733:-0.14504630695500786 | -0.6871929221445825 | 0.07732339264375554
-0.14504630695500786 | -0.6871929221445825 | 0.07732339264375554 | 0.7996358127990633 | 0.030765907171647733:-0.1455715578033363 | -0.6925987289116691 | 0.05022448581314265
-0.1455715578033363 | -0.6925987289116691 | 0.05022448581314265 | 0.7996358127990633 | 0.030765907171647733:-0.14613263059780657 | -0.6968943516208483 | 0.02281733105064987
-0.14613263059780657 | -0.6968943516208483 | 0.02281733105064987 | 0.7996358127990633 | 0.030765907171647733:-0.14673016557351382 | -0.7000640637256623 | -0.0048512685434403124
-0.14673016557351382 | -0.7000640637256623 | -0.0048512685434403124 | -0.883743287268359 | -0.9445820623136436:-0.1483859750689387 | -0.7023796276809477 | 0.019196917232882527
-0.1483859750689387 | -0.7023796276809477 | 0.019196917232882527 | -0.883743287268359 | -0.9445820623136436:-0.15118178166674312 | -0.7035967910012033 | 0.04331206086851935
-0.15118178166674312 | -0.7035967910012033 | 0.04331206086851935 | -0.883743287268359 | -0.9445820623136436:-0.1551214338593283 | -0.7037099627370083 | 0.06738900214635635
-0.1551214338593283 | -0.7037099627370083 | 0.06738900214635635 | -0.883743287268359 | -0.9445820623136436:-0.16020362173290792 | -0.7027183628080707 | 0.09132204464658855
-0.16020362173290792 | -0.7027183628080707 | 0.09132204464658855 | -0.883743287268359 | -0.9445820623136436:-0.1664218545222802 | -0.7006260535629565 | 0.11500543215895576
-0.1664218545222802 | -0.7006260535629565 | 0.11500543215895576 | -0.6352127115708381 | -0.22392292781839473:-0.16857101355878967 | -0.6992070899633234 | 0.13582660766196497
-0.16857101355878967 | -0.6992070899633234 | 0.13582660766196497 | -0.6352127115708381 | -0.22392292781839473:-0.17095273013089418 | -0.6970847086048977 | 0.15663594766137834
-0.17095273013089418 | -0.6970847086048977 | 0.15663594766137834 | -0.6352127115708381 | -0.22392292781839473:-0.1735673553650905 | -0.6942579190588916 | 0.1774064372418529
-0.1735673553650905 | -0.6942579190588916 | 0.1774064372418529 | -0.6352127115708381 | -0.22392292781839473:-0.17641490650898461 | -0.6907266727884362 | 0.19811100101878054
-0.17641490650898461 | -0.6907266727884362 | 0.19811100101878054 | -0.6352127115708381 | -0.22392292781839473:-0.17949506650613323 | -0.6864918649870759 | 0.21872254021709026
-0.17949506650613323 | -0.6864918649870759 | 0.21872254021709026 | -0.6352127115708381 | -0.22392292781839473:-0.18280718402533402 | -0.6815553351279178 | 0.23921396976981413
-0.18280718402533402 | -0.6815553351279178 | 0.23921396976981413 | -0.6352127115708381 | -0.22392292781839473:-0.1863502739433951 | -0.6759198662253354 | 0.25955825538663646
-0.1863502739433951 | -0.6759198662253354 | 0.25955825538663646 | -0.6352127115708381 | -0.22392292781839473:-0.19012301827987343 | -0.6695891828127927 | 0.27972845054297935
-0.19012301827987343 | -0.6695891828127927 | 0.27972845054297935 | -0.6352127115708381 | -0.22392292781839473:-0.19412376758165273 | -0.6625679476420103 | 0.29969773334032723
-0.19412376758165273 | -0.6625679476420103 | 0.29969773334032723 | -0.6352127115708381 | -0.22392292781839473:-0.19835054275467456 | -0.6548617571103961 | 0.3194394431888874
-0.19835054275467456 | -0.6548617571103961 | 0.3194394431888874 | -0.6352127115708381 | -0.22392292781839473:-0.20280103733954213 | -0.6464771354251084 | 0.33892711726401714
-0.20280103733954213 | -0.6464771354251084 | 0.33892711726401714 | -0.6352127115708381 | -0.22392292781839473:-0.20747262022715773 | -0.6374215275141282 | 0.35813452668838863
-0.20747262022715773 | -0.6374215275141282 | 0.35813452668838863 | -0.6352127115708381 | -0.22392292781839473:-0.21236233881002065 | -0.6277032906957487 | 0.3770357123922281
-0.21236233881002065 | -0.6277032906957487 | 0.3770357123922281 | -0.6352127115708381 | -0.22392292781839473:-0.2174669225641992 | -0.6173316851201065 | 0.39560502060468394
-0.2174669225641992 | -0.6173316851201065 | 0.39560502060468394 | -0.6352127115708381 | -0.22392292781839473:-0.2227827870565111 | -0.6063168629973177 | 0.41381713792988606
-0.2227827870565111 | -0.6063168629973177 | 0.41381713792988606 | -0.6352127115708381 | -0.22392292781839473:-0.22830603837089036 | -0.5946698566287836 | 0.4316471259619803
-0.22830603837089036 | -0.5946698566287836 | 0.4316471259619803 | -0.6352127115708381 | -0.22392292781839473:-0.23403247794735016 | -0.5824025652594784 | 0.4490704553941569
-0.23403247794735016 | -0.5824025652594784 | 0.4490704553941569 | -0.6352127115708381 | -0.22392292781839473:-0.23995760782652908 | -0.569527740770539 | 0.4660630395774952
-0.23995760782652908 | -0.569527740770539 | 0.4660630395774952 | -0.6352127115708381 | -0.22392292781839473:-0.24607663629220333 | -0.5560589722330249 | 0.48260126748622056
-0.24607663629220333 | -0.5560589722330249 | 0.48260126748622056 | -0.6352127115708381 | -0.22392292781839473:-0.2523844839037217 | -0.5420106693449398 | 0.4986620360469338
-0.2523844839037217 | -0.5420106693449398 | 0.4986620360469338 | -0.6352127115708381 | -0.22392292781839473:-0.25887578990985105 | -0.5273980447752393 | 0.5142227817902807
-0.25887578990985105 | -0.5273980447752393 | 0.5142227817902807 | -0.6352127115708381 | -0.22392292781839473:-0.2655449190349408 | -0.5122370954395947 | 0.5292615117845223
-0.2655449190349408 | -0.5122370954395947 | 0.5292615117845223 | -0.6352127115708381 | -0.22392292781839473:-0.272385968628047 | -0.49654458273423785 | 0.5437568338114822
-0.272385968628047 | -0.49654458273423785 | 0.5437568338114822 | -0.6352127115708381 | -0.22392292781839473:-0.2793927761650217 | -0.48033801175533597 | 0.5576879857464903
-0.2793927761650217 | -0.48033801175533597 | 0.5576879857464903 | -0.6352127115708381 | -0.22392292781839473:-0.2865589270932922 | -0.46363560953270166 | 0.5710348641049983
-0.2865589270932922 | -0.46363560953270166 | 0.5710348641049983 | -0.7359454018282343 | -0.4364114393099001:-0.30011226670520585 | -0.44349398795586126 | 0.5828635287533217
-0.30011226670520585 | -0.44349398795586126 | 0.5828635287533217 | -0.7359454018282343 | -0.4364114393099001:-0.3139303661628361 | -0.4228617625281288 | 0.5936536466126725
-0.3139303661628361 | -0.4228617625281288 | 0.5936536466126725 | -0.7359454018282343 | -0.4364114393099001:-0.3279899906840207 | -0.4017778887424015 | 0.6033791685124434
-0.3279899906840207 | -0.4017778887424015 | 0.6033791685124434 | -0.7359454018282343 | -0.4364114393099001:-0.3422673074048319 | -0.38028236534734106 | 0.6120160615592027
-0.3422673074048319 | -0.38028236534734106 | 0.6120160615592027 | -0.7359454018282343 | -0.4364114393099001:-0.35673793223326555 | -0.35841615635747814 | 0.619542363636068
-0.35673793223326555 | -0.35841615635747814 | 0.619542363636068 | 0.38164822621242744 | -0.8571932261409525:-0.38361601401977197 | -0.37109958074496774 | 0.5982374299611806
-0.38361601401977197 | -0.37109958074496774 | 0.5982374299611806 | 0.38164822621242744 | -0.8571932261409525:-0.40959854188821865 | -0.38339296432981484 | 0.5754877929346982
-0.40959854188821865 | -0.38339296432981484 | 0.5754877929346982 | 0.38164822621242744 | -0.8571932261409525:-0.43462101467608605 | -0.39526720860777687 | 0.5513391097859035
-0.43462101467608605 | -0.39526720860777687 | 0.5513391097859035 | 0.38164822621242744 | -0.8571932261409525:-0.45862093861978437 | -0.4066940750299324 | 0.5258405146281859
-0.45862093861978437 | -0.4066940750299324 | 0.5258405146281859 | 0.38164822621242744 | -0.8571932261409525:-0.4815379829634594 | -0.41764625530106514 | 0.499044511564108
-0.4815379829634594 | -0.41764625530106514 | 0.499044511564108 | 0.38164822621242744 | -0.8571932261409525:-0.5033141306561433 | -0.42809743957100466 | 0.4710068594397896
-0.5033141306561433 | -0.42809743957100466 | 0.4710068594397896 | 0.38164822621242744 | -0.8571932261409525:-0.5238938237677182 | -0.43802238235200264 | 0.44178644852008375
-0.5238938237677182 | -0.43802238235200264 | 0.44178644852008375 | 0.38164822621242744 | -0.8571932261409525:-0.543224103266926 | -0.44739696600049683 | 0.41144516937561093
-0.543224103266926 | -0.44739696600049683 | 0.41144516937561093 | 0.38164822621242744 | -0.8571932261409525:-0.5612547428182957 | -0.4561982616074829 | 0.38004777429151204
-0.5612547428182957 | -0.4561982616074829 | 0.38004777429151204 | 0.38164822621242744 | -0.8571932261409525:-0.577938376269401 | -0.46440458714828026 | 0.3476617315257613
-0.577938376269401 | -0.46440458714828026 | 0.3476617315257613 | -0.48195475179199 | 0.9204593549529303:-0.5620619497117758 | -0.45690109464825923 | 0.3858114845219731
-0.5620619497117758 | -0.45690109464825923 | 0.3858114845219731 | -0.48195475179199 | 0.9204593549529303:-0.5444024333302124 | -0.44844986121609054 | 0.4230696237603411
-0.5444024333302124 | -0.44844986121609054 | 0.4230696237603411 | -0.48195475179199 | 0.9204593549529303:-0.5250011725282775 | -0.4390712707555906 | 0.4593285306184356
-0.5250011725282775 | -0.4390712707555906 | 0.4593285306184356 | -0.48195475179199 | 0.9204593549529303:-0.5039046073318865 | -0.4287884033382312 | 0.49448301824534724
-0.5039046073318865 | -0.4287884033382312 | 0.49448301824534724 | -0.48195475179199 | 0.9204593549529303:-0.4811641545425971 | -0.4176269772381289 | 0.5284306409872883
-0.4811641545425971 | -0.4176269772381289 | 0.5284306409872883 | -0.48195475179199 | 0.9204593549529303:-0.4568360752094094 | -0.40561528319337015 | 0.5610719965689484
-0.4568360752094094 | -0.40561528319337015 | 0.5610719965689484 | -0.48195475179199 | 0.9204593549529303:-0.4309813277842487 | -0.3927841110743202 | 0.592311020140663
-0.4309813277842487 | -0.3927841110743202 | 0.592311020140663 | -0.48195475179199 | 0.9204593549529303:-0.4036654073683472 | -0.37916666916139263 | 0.6220552693250028
-0.4036654073683472 | -0.37916666916139263 | 0.6220552693250028 | -0.48195475179199 | 0.9204593549529303:-0.3749581714973971 | -0.3647984962568813 | 0.6502161994219264
-0.3749581714973971 | -0.3647984962568813 | 0.6502161994219264 | -0.48195475179199 | 0.9204593549529303:-0.34493365295280043 | -0.3497173668760496 | 0.6767094279597714
-0.34493365295280043 | -0.3497173668760496 | 0.6767094279597714 | -0.48195475179199 | 0.9204593549529303:-0.31366986012433173 | -0.33396318978306283 | 0.7014549878101164
-0.31366986012433173 | -0.33396318978306283 | 0.7014549878101164 | -0.48195475179199 | 0.9204593549529303:-0.2812485654860204 | -0.3175779001569907 | 0.7243775681170206
-0.2812485654860204 | -0.3175779001569907 | 0.7243775681170206 | -0.48195475179199 | 0.9204593549529303:-0.24775508278182556 | -0.3006053456914799 | 0.7454067423264163
-0.24775508278182556 | -0.3006053456914799 | 0.7454067423264163 | -0.48195475179199 | 0.9204593549529303:-0.21327803355084285 | -0.2830911669496601 | 0.7644771826381032
-0.21327803355084285 | -0.2830911669496601 | 0.7644771826381032 | -0.48195475179199 | 0.9204593549529303:-0.17790910365296853 | -0.26508267231263005 | 0.7815288602421617
-0.17790910365296853 | -0.26508267231263005 | 0.7815288602421617 | -0.48195475179199 | 0.9204593549529303:-0.14174279048537386 | -0.24662870787564373 | 0.7965072307420868
-0.14174279048537386 | -0.24662870787564373 | 0.7965072307420868 | -0.48195475179199 | 0.9204593549529303:-0.1048761416073809 | -0.22777952266127954 | 0.8093634042096198
-0.1048761416073809 | -0.22777952266127954 | 0.8093634042096198 | -0.48195475179199 | 0.9204593549529303:-0.06740848551667256 | -0.20858662953197893 | 0.8200542993604216
-0.06740848551667256 | -0.20858662953197893 | 0.8200542993604216 | -0.48195475179199 | 0.9204593549529303:-0.029441155342855296 | -0.18910266219766925 | 0.8285427813852664
-0.029441155342855296 | -0.18910266219766925 | 0.8285427813852664 | -0.48195475179199 | 0.9204593549529303:0.00892279375472782 | -0.1693812287254275 | 0.8347977830184732
0.00892279375472782 | -0.1693812287254275 | 0.8347977830184732 | -0.48195475179199 | 0.9204593549529303:0.0475788726794093 | -0.14947676196817383 | 0.8387944084732197
0.0475788726794093 | -0.14947676196817383 | 0.8387944084732197 | -0.48195475179199 | 0.9204593549529303:0.08642145115797106 | -0.12944436733906173 | 0.8405140199229422
0.08642145115797106 | -0.12944436733906173 | 0.8405140199229422 | -0.48195475179199 | 0.9204593549529303:0.12534405433409646 | -0.10933966836574882 | 0.8399443062577561
0.12534405433409646 | -0.10933966836574882 | 0.8399443062577561 | -0.48195475179199 | 0.9204593549529303:0.1642396623471285 | -0.08921865046546884 | 0.837079333896078
0.1642396623471285 | -0.08921865046546884 | 0.837079333896078 | -0.48195475179199 | 0.9204593549529303:0.2030010120398984 | -0.06913750338708269 | 0.8319195794829142
0.2030010120398984 | -0.06913750338708269 | 0.8319195794829142 | -0.8565123814920603 | 0.7290676766455797:0.2336483201129269 | -0.03351239738742606 | 0.8275189897908604
0.2336483201129269 | -0.03351239738742606 | 0.8275189897908604 | -0.8565123814920603 | 0.7290676766455797:0.2641042930838928 | 0.0019496655960864473 | 0.820457071361254
0.2641042930838928 | 0.0019496655960864473 | 0.820457071361254 | -0.8565123814920603 | 0.7290676766455797:0.29427086230818844 | 0.037133113389515415 | 0.8107482179618657
0.29427086230818844 | 0.037133113389515415 | 0.8107482179618657 | -0.8565123814920603 | 0.7290676766455797:0.3240506123592226 | 0.0719229560342427 | 0.7984154942309303
0.3240506123592226 | 0.0719229560342427 | 0.7984154942309303 | -0.8565123814920603 | 0.7290676766455797:0.35334710316748286 | 0.10620516541197844 | 0.7834905813614483
