0.0 | 0.0 | 0.0 | -0.9897705870676585 | -0.7054487115132535:-3.522194667961575E-4 | 4.946833131412864E-4 | 0.009981544463003181
-3.522194667961575E-4 | 4.946833131412864E-4 | 0.009981544463003181 | -0.6003733494660479 | -0.24427860664145418:-9.429968954249718E-4 | 0.0015801557399899302 | 0.019814738572401
-9.429968954249718E-4 | 0.0015801557399899302 | 0.019814738572401 | -0.6003733494660479 | -0.24427860664145418:-0.0017675051507250875 | 0.0032449709008529615 | 0.02947024754552935
-0.0017675051507250875 | 0.0032449709008529615 | 0.02947024754552935 | -0.6003733494660479 | -0.24427860664145418:-0.0028204880207005232 | 0.0054766168492036416 | 0.03891948025259593
-0.0028204880207005232 | 0.0054766168492036416 | 0.03891948025259593 | -0.6003733494660479 | -0.24427860664145418:-0.004096274484687912 | 0.008261550539163331 | 0.048134629185643846
-0.004096274484687912 | 0.008261550539163331 | 0.048134629185643846 | -0.6003733494660479 | -0.24427860664145418:-0.00558879344145468 | 0.01158523344848783 | 0.057088708760507756
-0.00558879344145468 | 0.01158523344848783 | 0.057088708760507756 | -0.945749671667026 | -0.2996425692875291:-0.007469445817553598 | 0.016566785245018978 | 0.06545888756175408
-0.007469445817553598 | 0.016566785245018978 | 0.06545888756175408 | -0.945749671667026 | -0.2996425692875291:-0.00959393996782159 | 0.02233745513279972 | 0.07333059834147981
-0.00959393996782159 | 0.02233745513279972 | 0.07333059834147981 | -0.945749671667026 | -0.2996425692875291:-0.011949386928365585 | 0.02885785842776145 | 0.08064553702347887
-0.011949386928365585 | 0.02885785842776145 | 0.08064553702347887 | -0.945749671667026 | -0.2996425692875291:-0.014521847828357512 | 0.03608522358897204 | 0.08734849829164687
-0.014521847828357512 | 0.03608522358897204 | 0.08734849829164687 | -0.945749671667026 | -0.2996425692875291:-0.017296399749256022 | 0.043973595486010986 | 0.09338757132166842
-0.017296399749256022 | 0.043973595486010986 | 0.09338757132166842 | 0.5396676949502315 | 0.8296846036935137:-0.014503680176449624 | 0.04498282990572611 | 0.10331788639907513
-0.014503680176449624 | 0.04498282990572611 | 0.10331788639907513 | 0.5396676949502315 | 0.8296846036935137:-0.010950055000938846 | 0.045469576889890395 | 0.11319767524180924
-0.010950055000938846 | 0.045469576889890395 | 0.11319767524180924 | 0.5396676949502315 | 0.8296846036935137:-0.0066408811026188175 | 0.04543668141451629 | 0.12295962079435974
-0.0066408811026188175 | 0.04543668141451629 | 0.12295962079435974 | 0.5396676949502315 | 0.8296846036935137:-0.001585167139638563 | 0.044889370881911916 | 0.13253714850059573
-0.001585167139638563 | 0.044889370881911916 | 0.13253714850059573 | 0.5396676949502315 | 0.8296846036935137:0.004204487923843606 | 0.043835218694896594 | 0.14186468782389516
0.004204487923843606 | 0.043835218694896594 | 0.14186468782389516 | 0.5396676949502315 | 0.8296846036935137:0.0107119686700312 | 0.042284099700355404 | 0.15087792795562005
0.0107119686700312 | 0.042284099700355404 | 0.15087792795562005 | 0.5396676949502315 | 0.8296846036935137:0.017917729099937163 | 0.04024813772552338 | 0.15951406691237957
0.017917729099937163 | 0.04024813772552338 | 0.15951406691237957 | 0.5396676949502315 | 0.8296846036935137:0.025798890131378704 | 0.037741645453199135 | 0.1677120532510643
0.025798890131378704 | 0.037741645453199135 | 0.1677120532510643 | 0.5396676949502315 | 0.8296846036935137:0.034329348295043804 | 0.03478105690392741 | 0.17541281966122702
0.034329348295043804 | 0.03478105690392741 | 0.17541281966122702 | 0.5396676949502315 | 0.8296846036935137:0.04347989516981877 | 0.03138485281401171 | 0.18255950772690865
0.04347989516981877 | 0.03138485281401171 | 0.18255950772690865 | 0.5396676949502315 | 0.8296846036935137:0.05321834706891939 | 0.027573479217960772 | 0.1890976831843667
0.05321834706891939 | 0.027573479217960772 | 0.1890976831843667 | 0.5396676949502315 | 0.8296846036935137:0.06350968446047897 | 0.023369259562600442 | 0.194975541038223
0.06350968446047897 | 0.023369259562600442 | 0.194975541038223 | 0.5396676949502315 | 0.8296846036935137:0.07431620058017832 | 0.018796300697544732 | 0.20014409993618232
0.07431620058017832 | 0.018796300697544732 | 0.20014409993618232 | 0.5396676949502315 | 0.8296846036935137:0.08559765866931585 | 0.013880393102976785 | 0.2045573852416025
0.08559765866931585 | 0.013880393102976785 | 0.2045573852416025 | 0.5396676949502315 | 0.8296846036935137:0.09731145724945955 | 0.008648905730714085 | 0.20817260028360351
0.09731145724945955 | 0.008648905730714085 | 0.20817260028360351 | 0.5175978629413691 | 0.47016565776005614:0.10560321448624738 | 0.0033682626967168616 | 0.21287931163098017
0.10560321448624738 | 0.0033682626967168616 | 0.21287931163098017 | 0.5175978629413691 | 0.47016565776005614:0.11412544133379221 | -0.002210239245855339 | 0.2171016502764025
0.11412544133379221 | -0.002210239245855339 | 0.2171016502764025 | 0.5175978629413691 | 0.47016565776005614:0.12286162688420754 | -0.008068286745569975 | 0.22082090768998386
0.12286162688420754 | -0.008068286745569975 | 0.22082090768998386 | 0.5175978629413691 | 0.47016565776005614:0.13179475308793154 | -0.014186996466739099 | 0.224019570136059
0.13179475308793154 | -0.014186996466739099 | 0.224019570136059 | 0.5175978629413691 | 0.47016565776005614:0.1409073317054692 | -0.02054695538446699 | 0.22668134549288332
0.1409073317054692 | -0.02054695538446699 | 0.22668134549288332 | -0.9506936193032631 | 0.23187576840672564:0.14746073145423333 | -0.010019367104616927 | 0.23192835223762653
0.14746073145423333 | -0.010019367104616927 | 0.23192835223762653 | -0.9506936193032631 | 0.23187576840672564:0.15410007457346997 | 0.0010391282423529713 | 0.23649130947288644
0.15410007457346997 | 0.0010391282423529713 | 0.23649130947288644 | -0.9506936193032631 | 0.23187576840672564:0.1608155001827163 | 0.012587385215872215 | 0.2403317849908646
0.1608155001827163 | 0.012587385215872215 | 0.2403317849908646 | -0.9506936193032631 | 0.23187576840672564:0.16759659720064746 | 0.024581955178253623 | 0.24341400470689223
0.16759659720064746 | 0.024581955178253623 | 0.24341400470689223 | -0.9506936193032631 | 0.23187576840672564:0.17443244423528803 | 0.03697724655829532 | 0.24570498531793383
0.17443244423528803 | 0.03697724655829532 | 0.24570498531793383 | 0.3308435733232631 | 0.3028553601189605:0.1822281934462282 | 0.03366276757103204 | 0.2492018737095174
0.1822281934462282 | 0.03366276757103204 | 0.2492018737095174 | 0.3308435733232631 | 0.3028553601189605:0.1901177830749461 | 0.03019173212040155 | 0.2524188444218405
0.1901177830749461 | 0.03019173212040155 | 0.2524188444218405 | 0.3308435733232631 | 0.3028553601189605:0.19809487811602633 | 0.02657153566219911 | 0.25535078300271064
0.19809487811602633 | 0.02657153566219911 | 0.25535078300271064 | 0.3308435733232631 | 0.3028553601189605:0.20615307248797654 | 0.02280964866500182 | 0.25799288218087835
0.20615307248797654 | 0.02280964866500182 | 0.25799288218087835 | 0.3308435733232631 | 0.3028553601189605:0.21428589498436557 | 0.018913610170228523 | 0.260340643010311
0.21428589498436557 | 0.018913610170228523 | 0.260340643010311 | 0.3308435733232631 | 0.3028553601189605:0.22248681521035785 | 0.014891021365758678 | 0.26238987578762085
0.22248681521035785 | 0.014891021365758678 | 0.26238987578762085 | 0.3308435733232631 | 0.3028553601189605:0.23074924950107345 | 0.010749539177030643 | 0.2641367007444
0.23074924950107345 | 0.010749539177030643 | 0.2641367007444 | 0.3308435733232631 | 0.3028553601189605:0.23906656681825522 | 0.006496869879487582 | 0.2655775485163492
0.23906656681825522 | 0.006496869879487582 | 0.2655775485163492 | 0.3308435733232631 | 0.3028553601189605:0.24743209462176496 | 0.0021407627361859083 | 0.2667091603911933
0.24743209462176496 | 0.0021407627361859083 | 0.2667091603911933 | 0.3308435733232631 | 0.3028553601189605:0.25583912471249093 | -0.0023109963356746366 | 0.2675285883374787
0.25583912471249093 | -0.0023109963356746366 | 0.2675285883374787 | 0.5589052178457787 | 0.8866305300733262:0.2719865452599448 | -0.009951765364193427 | 0.26011038013797805
0.2719865452599448 | -0.009951765364193427 | 0.26011038013797805 | 0.5589052178457787 | 0.8866305300733262:0.28792072678067715 | -0.017500917726011644 | 0.2515197988008264
0.28792072678067715 | -0.017500917726011644 | 0.2515197988008264 | 0.5589052178457787 | 0.8866305300733262:0.3035772421585454 | -0.02491748198696417 | 0.2417638900319492
0.3035772421585454 | -0.02491748198696417 | 0.2417638900319492 | 0.5589052178457787 | 0.8866305300733262:0.3188919529725611 | -0.03216060349218078 | 0.23085455358411622
0.3188919529725611 | -0.03216060349218078 | 0.23085455358411622 | 0.5589052178457787 | 0.8866305300733262:0.3338012636555945 | -0.039189704871184367 | 0.2188085194036269
0.3338012636555945 | -0.039189704871184367 | 0.2188085194036269 | -0.4392371753187536 | -0.2573324283989733:0.33589067286924745 | -0.03488858953645363 | 0.22723678389430013
0.33589067286924745 | -0.03488858953645363 | 0.22723678389430013 | -0.4392371753187536 | -0.2573324283989733:0.33778015276000595 | -0.030325473103586686 | 0.23563436412166183
0.33778015276000595 | -0.030325473103586686 | 0.23563436412166183 | -0.4392371753187536 | -0.2573324283989733:0.339470639177069 | -0.025501029628053173 | 0.2439896622549913
0.339470639177069 | -0.025501029628053173 | 0.2439896622549913 | -0.4392371753187536 | -0.2573324283989733:0.34096325416041307 | -0.020416259696348915 | 0.25229114930871077
0.34096325416041307 | -0.020416259696348915 | 0.25229114930871077 | -0.4392371753187536 | -0.2573324283989733:0.3422593040645685 | -0.015072487266676093 | 0.2605273763310496
0.3422593040645685 | -0.015072487266676093 | 0.2605273763310496 | -0.4392371753187536 | -0.2573324283989733:0.34336027752791587 | -0.009471356244972473 | 0.26868698543323966
0.34336027752791587 | -0.009471356244972473 | 0.26868698543323966 | -0.4392371753187536 | -0.2573324283989733:0.34426784329054083 | -0.003614826801413007 | 0.27675872065156604
0.34426784329054083 | -0.003614826801413007 | 0.27675872065156604 | -0.4392371753187536 | -0.2573324283989733:0.34498384786380853 | 0.0024948285673437876 | 0.2847314386347861
0.34498384786380853 | 0.0024948285673437876 | 0.2847314386347861 | -0.4392371753187536 | -0.2573324283989733:0.34551031305487534 | 0.008855029224747957 | 0.2925941191496513
0.34551031305487534 | 0.008855029224747957 | 0.2925941191496513 | -0.4392371753187536 | -0.2573324283989733:0.3458494333494393 | 0.015462890824230302 | 0.3003358753974261
0.3458494333494393 | 0.015462890824230302 | 0.3003358753974261 | -0.4392371753187536 | -0.2573324283989733:0.3460035731561195 | 0.022315229976664797 | 0.3079459641345874
0.3460035731561195 | 0.022315229976664797 | 0.3079459641345874 | -0.4392371753187536 | -0.2573324283989733:0.34597526391591416 | 0.029408569149599606 | 0.3154137955910059
0.34597526391591416 | 0.029408569149599606 | 0.3154137955910059 | -0.4392371753187536 | -0.2573324283989733:0.34576720108027104 | 0.03673914179231397 | 0.322728943179202
0.34576720108027104 | 0.03673914179231397 | 0.322728943179202 | -0.4392371753187536 | -0.2573324283989733:0.3453822409613654 | 0.04430289768063772 | 0.32988115298844534
0.3453822409613654 | 0.04430289768063772 | 0.32988115298844534 | -0.4392371753187536 | -0.2573324283989733:0.3448233974582475 | 0.052095508475359376 | 0.3368603530576788
0.3448233974582475 | 0.052095508475359376 | 0.3368603530576788 | -0.17305672036678343 | -0.5310854789787758:0.3393374560979243 | 0.05559274897746952 | 0.34910386137754656
0.3393374560979243 | 0.05559274897746952 | 0.34910386137754656 | -0.17305672036678343 | -0.5310854789787758:0.33339593416856417 | 0.059221370503142357 | 0.361217335516681
0.33339593416856417 | 0.059221370503142357 | 0.361217335516681 | -0.17305672036678343 | -0.5310854789787758:0.32700252844981215 | 0.06298042017873075 | 0.37318334598638714
0.32700252844981215 | 0.06298042017873075 | 0.37318334598638714 | -0.17305672036678343 | -0.5310854789787758:0.3201615080877094 | 0.06686875618928177 | 0.3849846204969989
0.3201615080877094 | 0.06686875618928177 | 0.3849846204969989 | -0.17305672036678343 | -0.5310854789787758:0.31287770786035374 | 0.07088504990583488 | 0.39660406351879907
0.31287770786035374 | 0.07088504990583488 | 0.39660406351879907 | 0.12882937098687908 | -0.5887338608963208:0.30394716608122785 | 0.06898508938595099 | 0.4099891051792586
0.30394716608122785 | 0.06898508938595099 | 0.4099891051792586 | 0.12882937098687908 | -0.5887338608963208:0.2944829974857548 | 0.06696750414559238 | 0.42314066544826545
0.2944829974857548 | 0.06696750414559238 | 0.42314066544826545 | 0.12882937098687908 | -0.5887338608963208:0.28449244490944814 | 0.06483381164883784 | 0.436037495152771
0.28449244490944814 | 0.06483381164883784 | 0.436037495152771 | 0.12882937098687908 | -0.5887338608963208:0.27398351447351565 | 0.06258569728786312 | 0.44865863232450565
0.27398351447351565 | 0.06258569728786312 | 0.44865863232450565 | 0.12882937098687908 | -0.5887338608963208:0.26296496369855404 | 0.06022501186969215 | 0.4609834293611179
0.26296496369855404 | 0.06022501186969215 | 0.4609834293611179 | -0.29120089769586044 | -0.2727322514687134:0.2589058354457041 | 0.06751412445556887 | 0.46764450147947656
0.2589058354457041 | 0.06751412445556887 | 0.46764450147947656 | -0.29120089769586044 | -0.2727322514687134:0.25468064715538574 | 0.07495183318325549 | 0.47412335622063395
0.25468064715538574 | 0.07495183318325549 | 0.47412335622063395 | -0.29120089769586044 | -0.2727322514687134:0.25029297847660814 | 0.08253465995045195 | 0.480414004839016
0.25029297847660814 | 0.08253465995045195 | 0.480414004839016 | -0.29120089769586044 | -0.2727322514687134:0.2457465004928796 | 0.09025902498548999 | 0.4865106013583258
0.2457465004928796 | 0.09025902498548999 | 0.4865106013583258 | -0.29120089769586044 | -0.2727322514687134:0.24104497306626627 | 0.0981212496940278 | 0.4924074452002607
0.24104497306626627 | 0.0981212496940278 | 0.4924074452002607 | -0.29120089769586044 | -0.2727322514687134:0.2361922421543845 | 0.10611755953505997 | 0.4980989837156393
0.2361922421543845 | 0.10611755953505997 | 0.4980989837156393 | -0.29120089769586044 | -0.2727322514687134:0.23119223710184222 | 0.11424408692462229 | 0.5035798146176624
0.23119223710184222 | 0.11424408692462229 | 0.5035798146176624 | -0.29120089769586044 | -0.2727322514687134:0.22604896790763718 | 0.12249687416558186 | 0.5088446883168913
0.22604896790763718 | 0.12249687416558186 | 0.5088446883168913 | -0.29120089769586044 | -0.2727322514687134:0.22076652247004702 | 0.13087187640190434 | 0.5138885101577841
0.22076652247004702 | 0.13087187640190434 | 0.5138885101577841 | -0.29120089769586044 | -0.2727322514687134:0.2153490638104838 | 0.13936496459579106 | 0.5187063425565483
0.2153490638104838 | 0.13936496459579106 | 0.5187063425565483 | 0.3019226731539699 | 0.260792099610726:0.2237382434250108 | 0.1324765285692604 | 0.5216696621590664
0.2237382434250108 | 0.1324765285692604 | 0.5216696621590664 | 0.3019226731539699 | 0.260792099610726:0.2321965388168401 | 0.12547810592794084 | 0.5243740086198265
0.2321965388168401 | 0.12547810592794084 | 0.5243740086198265 | 0.3019226731539699 | 0.260792099610726:0.24071962384850565 | 0.11837495917707552 | 0.5268159241175674
0.24071962384850565 | 0.11837495917707552 | 0.5268159241175674 | 0.3019226731539699 | 0.260792099610726:0.24930312602901594 | 0.11117240302937659 | 0.52899212896628
0.24930312602901594 | 0.11117240302937659 | 0.52899212896628 | 0.3019226731539699 | 0.260792099610726:0.2579426294146465 | 0.10387580108210548 | 0.5308995225916355
0.2579426294146465 | 0.10387580108210548 | 0.5308995225916355 | 0.3594009675077898 | 0.23726503302355506:0.2660103070411495 | 0.09494984380588312 | 0.5331235438178012
0.2660103070411495 | 0.09494984380588312 | 0.5331235438178012 | 0.3594009675077898 | 0.23726503302355506:0.27412581267336833 | 0.08591597161154985 | 0.5350452127871499
0.27412581267336833 | 0.08591597161154985 | 0.5350452127871499 | 0.3594009675077898 | 0.23726503302355506:0.28228474100385625 | 0.07678115379762707 | 0.5366610459336378
0.28228474100385625 | 0.07678115379762707 | 0.5366610459336378 | 0.3594009675077898 | 0.23726503302355506:0.2904826432073726 | 0.0675524243326926 | 0.5379677850230884
0.2904826432073726 | 0.0675524243326926 | 0.5379677850230884 | 0.3594009675077898 | 0.23726503302355506:0.2987150302236614 | 0.05823687692660329 | 0.5389623984017788
0.2987150302236614 | 0.05823687692660329 | 0.5389623984017788 | 0.4109886897916879 | 0.25448283494015334:0.30744341472165004 | 0.0474402585679119 | 0.539501772514587
0.30744341472165004 | 0.0474402585679119 | 0.539501772514587 | 0.4109886897916879 | 0.25448283494015334:0.31619781706919525 | 0.03656472221235729 | 0.5396563438308632
0.31619781706919525 | 0.03656472221235729 | 0.5396563438308632 | 0.4109886897916879 | 0.25448283494015334:0.32497242077136335 | 0.02561996009693024 | 0.5394230927943084
0.32497242077136335 | 0.02561996009693024 | 0.5394230927943084 | 0.4109886897916879 | 0.25448283494015334:0.33376136858860406 | 0.014615730394316184 | 0.5387993333091714
0.33376136858860406 | 0.014615730394316184 | 0.5387993333091714 | 0.4109886897916879 | 0.25448283494015334:0.3425587676030801 | 0.003561849077453605 | 0.5377827140925078
0.3425587676030801 | 0.003561849077453605 | 0.5377827140925078 | 0.6714874267448143 | 0.5639470942368521:0.3596116297986498 | -0.014574845416731819 | 0.5307266672407849
0.3596116297986498 | -0.014574845416731819 | 0.5307266672407849 | 0.6714874267448143 | 0.5639470942368521:0.3765041904306976 | -0.03256325990865827 | 0.5224957450392047
0.3765041904306976 | -0.03256325990865827 | 0.5224957450392047 | 0.6714874267448143 | 0.5639470942368521:0.3932002315885583 | -0.05035992915597687 | 0.5130965566386401
0.3932002315885583 | -0.05035992915597687 | 0.5130965566386401 | 0.6714874267448143 | 0.5639470942368521:0.40966370345415726 | -0.06792154424823815 | 0.5025384575048193
0.40966370345415726 | -0.06792154424823815 | 0.5025384575048193 | 0.6714874267448143 | 0.5639470942368521:0.42585880994024805 | -0.0852050547330343 | 0.49083353885072256
0.42585880994024805 | -0.0852050547330343 | 0.49083353885072256 | -0.6459055413819981 | -0.04704025755899566:0.42693043587413726 | -0.06967622613912816 | 0.49692834990192125
0.42693043587413726 | -0.06967622613912816 | 0.49692834990192125 | -0.6459055413819981 | -0.04704025755899566:0.4279604967238875 | -0.053871773265603995 | 0.5025105758268538
0.4279604967238875 | -0.053871773265603995 | 0.5025105758268538 | -0.6459055413819981 | -0.04704025755899566:0.4289505336822579 | -0.03780964050791091 | 0.507568753354775
0.4289505336822579 | -0.03780964050791091 | 0.507568753354775 | -0.6459055413819981 | -0.04704025755899566:0.4299021166399015 | -0.021508207320496187 | 0.5120920777045015
0.4299021166399015 | -0.021508207320496187 | 0.5120920777045015 | -0.6459055413819981 | -0.04704025755899566:0.43081684240588913 | -0.004986263726760143 | 0.5160704180056257
0.43081684240588913 | -0.004986263726760143 | 0.5160704180056257 | -0.6459055413819981 | -0.04704025755899566:0.4316963328922405 | 0.011737014677384305 | 0.5194943318029246
0.4316963328922405 | 0.011737014677384305 | 0.5194943318029246 | -0.6459055413819981 | -0.04704025755899566:0.43254223326491825 | 0.02864209219262248 | 0.5223550786285358
0.43254223326491825 | 0.02864209219262248 | 0.5223550786285358 | -0.6459055413819981 | -0.04704025755899566:0.43335621006374936 | 0.045709098923867764 | 0.524644632627691
0.43335621006374936 | 0.045709098923867764 | 0.524644632627691 | -0.6459055413819981 | -0.04704025755899566:0.43413994929388977 | 0.06291785709188025 | 0.5263556942249608
0.43413994929388977 | 0.06291785709188025 | 0.5263556942249608 | -0.6459055413819981 | -0.04704025755899566:0.43489515449129357 | 0.0802479077140017 | 0.527481700819358
0.43489515449129357 | 0.0802479077140017 | 0.527481700819358 | -0.6459055413819981 | -0.04704025755899566:0.4356235447648338 | 0.09767853761884471 | 0.5280168364977413
0.4356235447648338 | 0.09767853761884471 | 0.5280168364977413 | -0.6459055413819981 | -0.04704025755899566:0.4363268528176434 | 0.11518880675951815 | 0.5279560407572106
0.4363268528176434 | 0.11518880675951815 | 0.5279560407572106 | -0.6459055413819981 | -0.04704025755899566:0.43700682295025217 | 0.13275757578976544 | 0.5272950162286847
0.43700682295025217 | 0.13275757578976544 | 0.5272950162286847 | -0.6459055413819981 | -0.04704025755899566:0.4376652090481876 | 0.1503635338672238 | 0.5260302353947282
0.4376652090481876 | 0.1503635338672238 | 0.5260302353947282 | -0.6459055413819981 | -0.04704025755899566:0.4383037725566439 | 0.16798522664789406 | 0.5241589462962608
0.4383037725566439 | 0.16798522664789406 | 0.5241589462962608 | -0.6459055413819981 | -0.04704025755899566:0.43892428044480525 | 0.185601084435826 | 0.5216791772239802
0.43892428044480525 | 0.185601084435826 | 0.5216791772239802 | -0.6459055413819981 | -0.04704025755899566:0.43952850316253844 | 0.20318945045199754 | 0.5185897403914339
0.43952850316253844 | 0.20318945045199754 | 0.5185897403914339 | -0.6459055413819981 | -0.04704025755899566:0.4401182125919938 | 0.22072860918636295 | 0.5148902345881368
0.4401182125919938 | 0.22072860918636295 | 0.5148902345881368 | -0.6459055413819981 | -0.04704025755899566:0.44069517999678354 | 0.23819681479709764 | 0.5105810468122698
0.44069517999678354 | 0.23819681479709764 | 0.5105810468122698 | -0.6459055413819981 | -0.04704025755899566:0.44126117397136255 | 0.255572319521161 | 0.5056633528837295
0.44126117397136255 | 0.255572319521161 | 0.5056633528837295 | -0.6459055413819981 | -0.04704025755899566:0.44181795839317317 | 0.27283340206042794 | 0.5001391170396658
0.44181795839317317 | 0.27283340206042794 | 0.5001391170396658 | -0.6459055413819981 | -0.04704025755899566:0.4423672903801723 | 0.28995839590781447 | 0.4940110905156416
0.4423672903801723 | 0.28995839590781447 | 0.4940110905156416 | -0.6459055413819981 | -0.04704025755899566:0.44291091825630247 | 0.30692571757803666 | 0.48728280911703337
0.44291091825630247 | 0.30692571757803666 | 0.48728280911703337 | -0.6459055413819981 | -0.04704025755899566:0.4434505795274717 | 0.32371389470790835 | 0.4799585897863352
0.4434505795274717 | 0.32371389470790835 | 0.4799585897863352 | -0.6459055413819981 | -0.04704025755899566:0.44398799887053997 | 0.34030159399135584 | 0.4720435261732163
0.44398799887053997 | 0.34030159399135584 | 0.4720435261732163 | -0.6459055413819981 | -0.04704025755899566:0.4445248861378346 | 0.3566676489146916 | 0.46354348321550276
0.4445248861378346 | 0.3566676489146916 | 0.46354348321550276 | -0.6459055413819981 | -0.04704025755899566:0.4450629343797061 | 0.37279108725803667 | 0.454465090740257
0.4450629343797061 | 0.37279108725803667 | 0.454465090740257 | -0.6459055413819981 | -0.04704025755899566:0.4456038178874735 | 0.3886511583292096 | 0.4448157360953928
0.4456038178874735 | 0.3886511583292096 | 0.4448157360953928 | -0.6459055413819981 | -0.04704025755899566:0.4461491902592556 | 0.40422735989685066 | 0.4346035558233794
0.4461491902592556 | 0.40422735989685066 | 0.4346035558233794 | -0.6459055413819981 | -0.04704025755899566:0.44670068249104133 | 0.41949946479001543 | 0.4238374263896034
0.44670068249104133 | 0.41949946479001543 | 0.4238374263896034 | -0.5792043816656844 | -0.9866187312345454:0.42732215785758854 | 0.43307284442353655 | 0.4345207278405141
0.42732215785758854 | 0.43307284442353655 | 0.4345207278405141 | -0.5792043816656844 | -0.9866187312345454:0.4073734749172928 | 0.4469769711888283 | 0.4438500659272151
0.4073734749172928 | 0.4469769711888283 | 0.4438500659272151 | -0.5792043816656844 | -0.9866187312345454:0.38692297677928167 | 0.4611725521932062 | 0.4517848391611139
0.38692297677928167 | 0.4611725521932062 | 0.4517848391611139 | -0.5792043816656844 | -0.9866187312345454:0.36604111428685115 | 0.4756189876150785 | 0.4582890985756265
0.36604111428685115 | 0.4756189876150785 | 0.4582890985756265 | -0.5792043816656844 | -0.9866187312345454:0.344800205413307 | 0.4902745097939558 | 0.4633316971496626
0.344800205413307 | 0.4902745097939558 | 0.4633316971496626 | -0.5792043816656844 | -0.9866187312345454:0.3232741871195657 | 0.5050963269876441 | 0.4668864224781544
0.3232741871195657 | 0.5050963269876441 | 0.4668864224781544 | -0.5792043816656844 | -0.9866187312345454:0.30153836055342964 | 0.5200407712876078 | 0.4689321121735901
0.30153836055342964 | 0.5200407712876078 | 0.4689321121735901 | -0.5792043816656844 | -0.9866187312345454:0.2796691304953711 | 0.5350634501679075 | 0.469452751544587
0.2796691304953711 | 0.5350634501679075 | 0.469452751544587 | -0.5792043816656844 | -0.9866187312345454:0.25774373997754196 | 0.5501194011294785 | 0.46843755316091773
0.25774373997754196 | 0.5501194011294785 | 0.46843755316091773 | -0.5792043816656844 | -0.9866187312345454:0.23584000102089675 | 0.5651632488898013 | 0.46588101797941306
0.23584000102089675 | 0.5651632488898013 | 0.46588101797941306 | -0.5792043816656844 | -0.9866187312345454:0.21403602245028708 | 0.5801493645582578 | 0.46178297777118615
0.21403602245028708 | 0.5801493645582578 | 0.46178297777118615 | -0.5792043816656844 | -0.9866187312345454:0.19240993575913734 | 0.5950320262297666 | 0.45614861865767153
0.19240993575913734 | 0.5950320262297666 | 0.45614861865767153 | -0.5792043816656844 | -0.9866187312345454:0.17103962000297201 | 0.6097655804235487 | 0.448988485630764
0.17103962000297201 | 0.6097655804235487 | 0.448988485630764 | -0.5792043816656844 | -0.9866187312345454:0.15000242670589614 | 0.6243046037903017 | 0.4403184680003136
0.15000242670589614 | 0.6243046037903017 | 0.4403184680003136 | -0.5792043816656844 | -0.9866187312345454:0.1293749057649407 | 0.6386040645094457 | 0.43015976578087134
0.1293749057649407 | 0.6386040645094457 | 0.43015976578087134 | -0.5792043816656844 | -0.9866187312345454:0.10923253333473326 | 0.6526194827985954 | 0.41853883709767103
0.10923253333473326 | 0.6526194827985954 | 0.41853883709767103 | -0.5792043816656844 | -0.9866187312345454:0.08964944266884345 | 0.6663070899600427 | 0.4054873267600172
0.08964944266884345 | 0.6663070899600427 | 0.4054873267600172 | -0.5792043816656844 | -0.9866187312345454:0.07069815888463182 | 0.6796239853935724 | 0.39104197621780656
0.07069815888463182 | 0.6796239853935724 | 0.39104197621780656 | -0.5792043816656844 | -0.9866187312345454:0.05244933860543455 | 0.6925282910116835 | 0.37524451518351754
0.05244933860543455 | 0.6925282910116835 | 0.37524451518351754 | -0.5792043816656844 | -0.9866187312345454:0.03497151541760957 | 0.7049793025018509 | 0.35814153526797554
0.03497151541760957 | 0.7049793025018509 | 0.35814153526797554 | -0.5792043816656844 | -0.9866187312345454:0.018330852059953884 | 0.7169376368912843 | 0.33978434604252783
0.018330852059953884 | 0.7169376368912843 | 0.33978434604252783 | -0.5792043816656844 | -0.9866187312345454:0.002590900240335259 | 0.7283653758820279 | 0.3202288140035776
0.002590900240335259 | 0.7283653758820279 | 0.3202288140035776 | -0.5792043816656844 | -0.9866187312345454:-0.012187631052043457 | 0.7392262044389355 | 0.29953518497648446
-0.012187631052043457 | 0.7392262044389355 | 0.29953518497648446 | -0.5792043816656844 | -0.9866187312345454:-0.02594709789964611 | 0.7494855441292501 | 0.27776789055570816
-0.02594709789964611 | 0.7494855441292501 | 0.27776789055570816 | -0.5792043816656844 | -0.9866187312345454:-0.03863313366783672 | 0.7591106807307071 | 0.25499533923511564
-0.03863313366783672 | 0.7591106807307071 | 0.25499533923511564 | 0.5592496927862534 | 0.8700169953850383:-0.026654697737996003 | 0.7535435374736643 | 0.2782247196989829
-0.026654697737996003 | 0.7535435374736643 | 0.2782247196989829 | 0.5592496927862534 | 0.8700169953850383:-0.013652082772836138 | 0.7472907962480875 | 0.30079310673124127
-0.013652082772836138 | 0.7472907962480875 | 0.30079310673124127 | 0.5592496927862534 | 0.8700169953850383:3.4577345696362727E-4 | 0.740370317450072 | 0.32263471032884183
3.4577345696362727E-4 | 0.740370317450072 | 0.32263471032884183 | 0.5592496927862534 | 0.8700169953850383:0.015306975386266686 | 0.7328018857397467 | 0.3436855261522851
0.015306975386266686 | 0.7328018857397467 | 0.3436855261522851 | 0.5592496927862534 | 0.8700169953850383:0.031196751570547576 | 0.7246071600590014 | 0.36388352505630195
0.031196751570547576 | 0.7246071600590014 | 0.36388352505630195 | -0.30346778483626435 | -0.36891196740843446:0.024740690993894532 | 0.7317413038583318 | 0.3541838146444931
0.024740690993894532 | 0.7317413038583318 | 0.3541838146444931 | -0.30346778483626435 | -0.36891196740843446:0.018451506264447914 | 0.7387226311020889 | 0.34422669154687213
0.018451506264447914 | 0.7387226311020889 | 0.34422669154687213 | -0.30346778483626435 | -0.36891196740843446:0.01233462600500701 | 0.7455468086989505 | 0.3340177600274927
0.01233462600500701 | 0.7455468086989505 | 0.3340177600274927 | -0.30346778483626435 | -0.36891196740843446:0.006395363113185226 | 0.752209595611987 | 0.32356280765357326
0.006395363113185226 | 0.752209595611987 | 0.32356280765357326 | -0.30346778483626435 | -0.36891196740843446:6.389111845450657E-4 | 0.7587068458493071 | 0.3128678012316328
6.389111845450657E-4 | 0.7587068458493071 | 0.3128678012316328 | 0.6160229101762174 | 0.34526864096152976:0.006454576196311734 | 0.750347714983107 | 0.3367578344375204
0.006454576196311734 | 0.750347714983107 | 0.3367578344375204 | 0.6160229101762174 | 0.34526864096152976:0.012690398189668883 | 0.7412173133815187 | 0.36031702587632
0.012690398189668883 | 0.7412173133815187 | 0.36031702587632 | 0.6160229101762174 | 0.34526864096152976:0.01934075529663204 | 0.7313253338198393 | 0.3835127048202338
0.01934075529663204 | 0.7313253338198393 | 0.3835127048202338 | 0.6160229101762174 | 0.34526864096152976:0.026399429766037485 | 0.7206825368067271 | 0.4063126004910913
0.026399429766037485 | 0.7206825368067271 | 0.4063126004910913 | 0.6160229101762174 | 0.34526864096152976:0.033859615670998267 | 0.7093007375530576 | 0.42868488781380876
0.033859615670998267 | 0.7093007375530576 | 0.42868488781380876 | 0.6160229101762174 | 0.34526864096152976:0.04171392744466118 | 0.697192791453574 | 0.4505982325680975
0.04171392744466118 | 0.697192791453574 | 0.4505982325680975 | 0.6160229101762174 | 0.34526864096152976:0.0499544092316313 | 0.6843725781025825 | 0.472021835875573
0.0499544092316313 | 0.6843725781025825 | 0.472021835875573 | 0.6160229101762174 | 0.34526864096152976:0.05857254504162768 | 0.6708549838670308 | 0.4929254779606822
0.05857254504162768 | 0.6708549838670308 | 0.4929254779606822 | 0.6160229101762174 | 0.34526864096152976:0.06755926969056247 | 0.6566558830422338 | 0.5132795611249463
0.06755926969056247 | 0.6566558830422338 | 0.5132795611249463 | 0.6160229101762174 | 0.34526864096152976:0.07690498051341876 | 0.6417921176174062 | 0.5330551518750895
0.07690498051341876 | 0.6417921176174062 | 0.5330551518750895 | 0.6160229101762174 | 0.34526864096152976:0.08659954983205864 | 0.6262814756799742 | 0.5522240221469872
0.08659954983205864 | 0.6262814756799742 | 0.5522240221469872 | 0.6160229101762174 | 0.34526864096152976:0.09663233816021233 | 0.6101426684896794 | 0.5707586895687058
0.09663233816021233 | 0.6101426684896794 | 0.5707586895687058 | 0.6160229101762174 | 0.34526864096152976:0.10699220812693966 | 0.5933953062549691 | 0.5886324567072592
0.10699220812693966 | 0.5933953062549691 | 0.5886324567072592 | 0.6160229101762174 | 0.34526864096152976:0.11766753909866878 | 0.5760598726460984 | 0.60581944924526
0.11766753909866878 | 0.5760598726460984 | 0.60581944924526 | 0.6160229101762174 | 0.34526864096152976:0.12864624247935552 | 0.5581576980810965 | 0.6222946530351692
0.12864624247935552 | 0.5581576980810965 | 0.6222946530351692 | 0.28692436485730943 | -0.2106908513054857:0.12222241886755114 | 0.5501743721685344 | 0.6327096305819566
0.12222241886755114 | 0.5501743721685344 | 0.6327096305819566 | 0.28692436485730943 | -0.2106908513054857:0.11567605898822109 | 0.5420159861633422 | 0.642945611975847
0.11567605898822109 | 0.5420159861633422 | 0.642945611975847 | 0.28692436485730943 | -0.2106908513054857:0.10900917969775037 | 0.5336853245159574 | 0.6529982482378642
0.10900917969775037 | 0.5336853245159574 | 0.6529982482378642 | 0.28692436485730943 | -0.2106908513054857:0.10222384811060437 | 0.5251852399433261 | 0.6628632619542287
0.10222384811060437 | 0.5251852399433261 | 0.6628632619542287 | 0.28692436485730943 | -0.2106908513054857:0.09532218068036258 | 0.5165186521953657 | 0.6725364488148529
0.09532218068036258 | 0.5165186521953657 | 0.6725364488148529 | 0.7879564577490541 | -0.3836073675860565:0.08216673894067128 | 0.49046974654916653 | 0.6952527481966086
0.08216673894067128 | 0.49046974654916653 | 0.6952527481966086 | 0.7879564577490541 | -0.3836073675860565:0.06857335570558121 | 0.4634907366093657 | 0.7166915407723451
0.06857335570558121 | 0.4634907366093657 | 0.7166915407723451 | 0.7879564577490541 | -0.3836073675860565:0.05456716429896602 | 0.43563238621521094 | 0.7368061442302718
0.05456716429896602 | 0.43563238621521094 | 0.7368061442302718 | 0.7879564577490541 | -0.3836073675860565:0.040174205926525985 | 0.4069473738395004 | 0.7555524204806403
0.040174205926525985 | 0.4069473738395004 | 0.7555524204806403 | 0.7879564577490541 | -0.3836073675860565:0.025421378298666752 | 0.37749018893731545 | 0.7728888713885027
0.025421378298666752 | 0.37749018893731545 | 0.7728888713885027 | 0.8731468116082888 | 0.8067738465903445:0.05729698813946982 | 0.34395553778786336 | 0.7882362132908867
0.05729698813946982 | 0.34395553778786336 | 0.7882362132908867 | 0.8731468116082888 | 0.8067738465903445:0.08975682299265486 | 0.3097218257160037 | 0.8008139514539891
0.08975682299265486 | 0.3097218257160037 | 0.8008139514539891 | 0.8731468116082888 | 0.8067738465903445:0.12268714880966769 | 0.2749110328572044 | 0.8105681957327562
0.12268714880966769 | 0.2749110328572044 | 0.8105681957327562 | 0.8731468116082888 | 0.8067738465903445:0.1559721842487889 | 0.23964757485184407 | 0.8174551493307831
