0.0 | 0.0 | 0.0 | 0.27412951835772503 | -0.2600263932190725:-1.2999732176790257E-4 | -1.37060467550576E-4 | 0.0099982155970237
-1.2999732176790257E-4 | -1.37060467550576E-4 | 0.0099982155970237 | 0.27412951835772503 | -0.2600263932190725:-5.172727134141123E-4 | -5.454263711435203E-4 | 0.01988579741960625
-5.172727134141123E-4 | -5.454263711435203E-4 | 0.01988579741960625 | 0.27412951835772503 | -0.2600263932190725:-0.00115765519902501 | -0.0012207720052601623 | 0.02965331265055126
-0.00115765519902501 | -0.0012207720052601623 | 0.02965331265055126 | 0.27412951835772503 | -0.2600263932190725:-0.0020468488905041457 | -0.002158638458719553 | 0.03929154002510055
-0.0020468488905041457 | -0.002158638458719553 | 0.03929154002510055 | 0.27412951835772503 | -0.2600263932190725:-0.003180437047271243 | -0.0033544378778915807 | 0.04879147236470939
-0.003180437047271243 | -0.0033544378778915807 | 0.04879147236470939 | 0.27412951835772503 | -0.2600263932190725:-0.004553886143399054 | -0.004803457738687067 | 0.05814431897335187
-0.004553886143399054 | -0.004803457738687067 | 0.05814431897335187 | 0.27412951835772503 | -0.2600263932190725:-0.006162549940317143 | -0.006500865125346422 | 0.0673415078970872
-0.006162549940317143 | -0.006500865125346422 | 0.0673415078970872 | 0.27412951835772503 | -0.2600263932190725:-0.008001673563234436 | -0.00844171101407487 | 0.07637468804766223
-0.008001673563234436 | -0.00844171101407487 | 0.07637468804766223 | 0.27412951835772503 | -0.2600263932190725:-0.010066397579455377 | -0.01062093455959201 | 0.08523573119096833
-0.010066397579455377 | -0.01062093455959201 | 0.08523573119096833 | 0.576947090173201 | 0.21137032146786994:-0.01013713365435008 | -0.01445611214503506 | 0.09397365015016662
-0.01013713365435008 | -0.01445611214503506 | 0.09397365015016662 | 0.576947090173201 | 0.21137032146786994:-0.010013511226738783 | -0.018783713367267696 | 0.10247430276250424
-0.010013511226738783 | -0.018783713367267696 | 0.10247430276250424 | 0.576947090173201 | 0.21137032146786994:-0.009700597890528122 | -0.023590650057298435 | 0.1107148454607636
-0.009700597890528122 | -0.023590650057298435 | 0.1107148454607636 | 0.576947090173201 | 0.21137032146786994:-0.009203742388983707 | -0.028863052198447425 | 0.1186731441862322
-0.009203742388983707 | -0.028863052198447425 | 0.1186731441862322 | 0.576947090173201 | 0.21137032146786994:-0.008528563583724641 | -0.034586297697012824 | 0.12632780090102136
-0.008528563583724641 | -0.034586297697012824 | 0.12632780090102136 | 0.576947090173201 | 0.21137032146786994:-0.0076809391751766765 | -0.040745042849609225 | 0.13365817880801045
-0.0076809391751766765 | -0.040745042849609225 | 0.13365817880801045 | 0.576947090173201 | 0.21137032146786994:-0.006666994191312545 | -0.04732325346149624 | 0.14064442626131468
-0.006666994191312545 | -0.04732325346149624 | 0.14064442626131468 | 0.576947090173201 | 0.21137032146786994:-0.0054930892615891735 | -0.05430423656996175 | 0.14726749935188166
-0.0054930892615891735 | -0.05430423656996175 | 0.14726749935188166 | 0.576947090173201 | 0.21137032146786994:-0.004165808693053538 | -0.06167067272663562 | 0.15350918315454498
-0.004165808693053538 | -0.06167067272663562 | 0.15350918315454498 | 0.576947090173201 | 0.21137032146786994:-0.002691948365631372 | -0.06940464879246466 | 0.15935211162455665
-0.002691948365631372 | -0.06940464879246466 | 0.15935211162455665 | 0.2292071371919575 | 0.1419777532720472:-0.0016408336217014763 | -0.0746114556879689 | 0.1660973260482148
-0.0016408336217014763 | -0.0746114556879689 | 0.1660973260482148 | 0.2292071371919575 | 0.1419777532720472:-4.888573449637751E-4 | -0.07994664886921132 | 0.17266087711090217
-4.888573449637751E-4 | -0.07994664886921132 | 0.17266087711090217 | 0.2292071371919575 | 0.1419777532720472:7.613376181119097E-4 | -0.08540632793020864 | 0.1790407845188784
7.613376181119097E-4 | -0.08540632793020864 | 0.1790407845188784 | 0.2292071371919575 | 0.1419777532720472:0.0021071096694038477 | -0.09098659040646173 | 0.1852351596511026
0.0021071096694038477 | -0.09098659040646173 | 0.1852351596511026 | 0.2292071371919575 | 0.1419777532720472:0.0035458191557773966 | -0.09668353293860443 | 0.19124220494669775
0.0035458191557773966 | -0.09668353293860443 | 0.19124220494669775 | 0.2292071371919575 | 0.1419777532720472:0.0050748290564463505 | -0.10249325242079643 | 0.19706021327882972
0.0050748290564463505 | -0.10249325242079643 | 0.19706021327882972 | 0.2292071371919575 | 0.1419777532720472:0.0066915056610431095 | -0.10841184713384289 | 0.2026875673153281
0.0066915056610431095 | -0.10841184713384289 | 0.2026875673153281 | 0.2292071371919575 | 0.1419777532720472:0.00839321923838647 | -0.11443541786302003 | 0.20812273886635957
0.00839321923838647 | -0.11443541786302003 | 0.20812273886635957 | 0.2292071371919575 | 0.1419777532720472:0.01017734469593748 | -0.12056006900059879 | 0.21336428821947928
0.01017734469593748 | -0.12056006900059879 | 0.21336428821947928 | 0.2292071371919575 | 0.1419777532720472:0.012041262229936178 | -0.12678190963305047 | 0.21841086346237049
0.012041262229936178 | -0.12678190963305047 | 0.21841086346237049 | -0.612876708966307 | 0.6325537900166665:0.019624830737187772 | -0.12357770076247698 | 0.22825274041508736
0.019624830737187772 | -0.12357770076247698 | 0.22825274041508736 | -0.612876708966307 | 0.6325537900166665:0.027715087082901824 | -0.11983759514607151 | 0.23776524269956667
0.027715087082901824 | -0.11983759514607151 | 0.23776524269956667 | -0.612876708966307 | 0.6325537900166665:0.03629906276166942 | -0.11557385522197672 | 0.24690256710210434
0.03629906276166942 | -0.11557385522197672 | 0.24690256710210434 | -0.612876708966307 | 0.6325537900166665:0.04536195214406301 | -0.11080053616773311 | 0.25562000451818356
0.04536195214406301 | -0.11080053616773311 | 0.25562000451818356 | -0.612876708966307 | 0.6325537900166665:0.054887162636848744 | -0.10553343939058912 | 0.26387407373699023
0.054887162636848744 | -0.10553343939058912 | 0.26387407373699023 | -0.612876708966307 | 0.6325537900166665:0.06485636953811642 | -0.09979006140493496 | 0.27162265107351224
0.06485636953811642 | -0.09979006140493496 | 0.27162265107351224 | -0.612876708966307 | 0.6325537900166665:0.07524957541144317 | -0.09358953826256533 | 0.2788250955405793
0.07524957541144317 | -0.09358953826256533 | 0.2788250955405793 | -0.612876708966307 | 0.6325537900166665:0.08604517379347637 | -0.0869525857111002 | 0.28544236926664457
0.08604517379347637 | -0.0869525857111002 | 0.28544236926664457 | -0.612876708966307 | 0.6325537900166665:0.0972200170401138 | -0.0799014352650449 | 0.29143715287918504
0.0972200170401138 | -0.0799014352650449 | 0.29143715287918504 | -0.612876708966307 | 0.6325537900166665:0.10874948810778617 | -0.07245976638257767 | 0.29677395558812947
0.10874948810778617 | -0.07245976638257767 | 0.29677395558812947 | 0.09719142571686712 | 0.11631063463618019:0.1127735192149748 | -0.07544108060132393 | 0.3019444871926371
0.1127735192149748 | -0.07544108060132393 | 0.3019444871926371 | 0.09719142571686712 | 0.11631063463618019:0.11683985032933442 | -0.07846172109704685 | 0.3069945073441085
0.11683985032933442 | -0.07846172109704685 | 0.3069945073441085 | 0.09719142571686712 | 0.11631063463618019:0.12094717953487577 | -0.08152056248021644 | 0.31192426970512255
0.12094717953487577 | -0.08152056248021644 | 0.31192426970512255 | 0.09719142571686712 | 0.11631063463618019:0.1250942164193295 | -0.08461648931309673 | 0.3167340401231362
0.1250942164193295 | -0.08461648931309673 | 0.3167340401231362 | 0.09719142571686712 | 0.11631063463618019:0.12927968203949125 | -0.08774839607760354 | 0.32142409642406733
0.12927968203949125 | -0.08774839607760354 | 0.32142409642406733 | -0.3402343615510419 | 0.24635054805096535:0.13564261569252656 | -0.08374722803677592 | 0.3270297893997238
0.13564261569252656 | -0.08374722803677592 | 0.3270297893997238 | -0.3402343615510419 | 0.24635054805096535:0.14211986022570455 | -0.07953899795105235 | 0.33242448337920294
0.14211986022570455 | -0.07953899795105235 | 0.33242448337920294 | -0.3402343615510419 | 0.24635054805096535:0.1487075001475422 | -0.07512953051950877 | 0.3376014830174974
0.1487075001475422 | -0.07512953051950877 | 0.3376014830174974 | -0.3402343615510419 | 0.24635054805096535:0.1554015301388154 | -0.07052477163463333 | 0.3425543128269908
0.1554015301388154 | -0.07052477163463333 | 0.3425543128269908 | -0.3402343615510419 | 0.24635054805096535:0.16219785875024262 | -0.06573078334523519 | 0.3472767198160529
0.16219785875024262 | -0.06573078334523519 | 0.3472767198160529 | 0.9641571521062575 | 0.055311661742847074:0.16571160107175942 | -0.08368412592646379 | 0.348650024145007
0.16571160107175942 | -0.08368412592646379 | 0.348650024145007 | 0.9641571521062575 | 0.055311661742847074:0.16921566380550246 | -0.10192569360689685 | 0.3490179033447802
0.16921566380550246 | -0.10192569360689685 | 0.3490179033447802 | 0.9641571521062575 | 0.055311661742847074:0.17270695723389906 | -0.12039784048389635 | 0.3483575471908793
0.17270695723389906 | -0.12039784048389635 | 0.3483575471908793 | 0.9641571521062575 | 0.055311661742847074:0.17618231255889594 | -0.139041504435097 | 0.3466494948191521
0.17618231255889594 | -0.139041504435097 | 0.3466494948191521 | 0.9641571521062575 | 0.055311661742847074:0.17963849309828372 | -0.15779640003500361 | 0.3438777116884051
0.17963849309828372 | -0.15779640003500361 | 0.3438777116884051 | -0.5749453900369084 | -0.12454144097772657:0.17992880689098678 | -0.14989851916514674 | 0.35423106409523086
0.17992880689098678 | -0.14989851916514674 | 0.35423106409523086 | -0.5749453900369084 | -0.12454144097772657:0.18010117463898867 | -0.14154700418066923 | 0.3643777400037518
0.18010117463898867 | -0.14154700418066923 | 0.3643777400037518 | -0.5749453900369084 | -0.12454144097772657:0.18015740291830395 | -0.13274898680702663 | 0.3742989441473341
0.18015740291830395 | -0.13274898680702663 | 0.3742989441473341 | -0.5749453900369084 | -0.12454144097772657:0.18009944092938657 | -0.12351227106609564 | 0.3839761901816736
0.18009944092938657 | -0.12351227106609564 | 0.3839761901816736 | -0.5749453900369084 | -0.12454144097772657:0.17992937763620365 | -0.11384532030751782 | 0.39339132388890086
0.17992937763620365 | -0.11384532030751782 | 0.39339132388890086 | 0.3320127759565592 | -0.5283916385713048:0.17162049876686014 | -0.1218469918566063 | 0.40095738116328583
0.17162049876686014 | -0.1218469918566063 | 0.40095738116328583 | 0.3320127759565592 | -0.5283916385713048:0.16296920220277444 | -0.13003850302265452 | 0.40814653796954836
0.16296920220277444 | -0.13003850302265452 | 0.40814653796954836 | 0.3320127759565592 | -0.5283916385713048:0.15398776310921702 | -0.13841256454425999 | 0.41494203178443456
0.15398776310921702 | -0.13841256454425999 | 0.41494203178443456 | 0.3320127759565592 | -0.5283916385713048:0.14468899378872635 | -0.14696154204651535 | 0.4213276751721331
0.14468899378872635 | -0.14696154204651535 | 0.4213276751721331 | 0.3320127759565592 | -0.5283916385713048:0.1350862238868622 | -0.1556774683228781 | 0.42728787792383294
0.1350862238868622 | -0.1556774683228781 | 0.42728787792383294 | 0.3320127759565592 | -0.5283916385713048:0.12519328000532504 | -0.1645520559967526 | 0.4328076682778761
0.12519328000532504 | -0.1645520559967526 | 0.4328076682778761 | 0.3320127759565592 | -0.5283916385713048:0.11502446475206174 | -0.17357671054433688 | 0.43787271320009147
0.11502446475206174 | -0.17357671054433688 | 0.43787271320009147 | 0.3320127759565592 | -0.5283916385713048:0.10459453525844253 | -0.1827425436600203 | 0.442469337705262
0.10459453525844253 | -0.1827425436600203 | 0.442469337705262 | 0.3320127759565592 | -0.5283916385713048:0.0939186811939523 | -0.1920403869453109 | 0.44658454320190444
0.0939186811939523 | -0.1920403869453109 | 0.44658454320190444 | 0.3320127759565592 | -0.5283916385713048:0.08301250230924584 | -0.2014608059020997 | 0.45020602484383687
0.08301250230924584 | -0.2014608059020997 | 0.45020602484383687 | -0.714259413110252 | -0.7057878858915558:0.06750084786255162 | -0.18710893774975457 | 0.46435101032140835
0.06750084786255162 | -0.18710893774975457 | 0.46435101032140835 | -0.714259413110252 | -0.7057878858915558:0.051348402759018086 | -0.1720790761659856 | 0.4774558269156266
0.051348402759018086 | -0.1720790761659856 | 0.4774558269156266 | -0.714259413110252 | -0.7057878858915558:0.034593832077050024 | -0.15640941914180395 | 0.48946220393206374
0.034593832077050024 | -0.15640941914180395 | 0.48946220393206374 | -0.714259413110252 | -0.7057878858915558:0.01727822080975372 | -0.1401406659773432 | 0.5003148628621403
0.01727822080975372 | -0.1401406659773432 | 0.5003148628621403 | -0.714259413110252 | -0.7057878858915558:-5.550481827594211E-4 | -0.12331589734644233 | 0.5099617170981858
-5.550481827594211E-4 | -0.12331589734644233 | 0.5099617170981858 | 0.414843088538132 | -0.2869700502868704:-0.007904628396735447 | -0.13507914102132546 | 0.5118297046659315
-0.007904628396735447 | -0.13507914102132546 | 0.5118297046659315 | 0.414843088538132 | -0.2869700502868704:-0.015340936546003547 | -0.14696057216219138 | 0.5132743829852373
-0.015340936546003547 | -0.14696057216219138 | 0.5132743829852373 | 0.414843088538132 | -0.2869700502868704:-0.022856142488374864 | -0.15894904311436164 | 0.514290352657337
-0.022856142488374864 | -0.15894904311436164 | 0.514290352657337 | 0.414843088538132 | -0.2869700502868704:-0.030442334641894497 | -0.1710332828052632 | 0.5148726509354908
-0.030442334641894497 | -0.1710332828052632 | 0.5148726509354908 | 0.414843088538132 | -0.2869700502868704:-0.03809152767773316 | -0.18320190784544899 | 0.5150167547704179
-0.03809152767773316 | -0.18320190784544899 | 0.5150167547704179 | 0.414843088538132 | -0.2869700502868704:-0.04579567023036368 | -0.1954434336586104 | 0.5147185834587233
-0.04579567023036368 | -0.1954434336586104 | 0.5147185834587233 | 0.414843088538132 | -0.2869700502868704:-0.05354665261877578 | -0.20774628563154707 | 0.5139745008950349
-0.05354665261877578 | -0.20774628563154707 | 0.5139745008950349 | 0.414843088538132 | -0.2869700502868704:-0.0613363145725101 | -0.22009881027507916 | 0.5127813174290807
-0.0613363145725101 | -0.22009881027507916 | 0.5127813174290807 | 0.414843088538132 | -0.2869700502868704:-0.06915645295633865 | -0.2324892863869792 | 0.5111362913289632
-0.06915645295633865 | -0.2324892863869792 | 0.5111362913289632 | 0.414843088538132 | -0.2869700502868704:-0.07699882948747216 | -0.24490593620805434 | 0.5090371298524055
-0.07699882948747216 | -0.24490593620805434 | 0.5090371298524055 | -0.6007221032060346 | -0.6072106165579869:-0.09333038902454494 | -0.23123887187393777 | 0.5174598815054736
-0.09333038902454494 | -0.23123887187393777 | 0.5174598815054736 | -0.6007221032060346 | -0.6072106165579869:-0.11000811617685002 | -0.21719180514891256 | 0.5249571569191218
-0.11000811617685002 | -0.21719180514891256 | 0.5249571569191218 | -0.6007221032060346 | -0.6072106165579869:-0.1270017934738643 | -0.2027944429836559 | 0.5315007309112545
-0.1270017934738643 | -0.2027944429836559 | 0.5315007309112545 | -0.6007221032060346 | -0.6072106165579869:-0.1442801917668035 | -0.18807752107276343 | 0.5370643918122582
-0.1442801917668035 | -0.18807752107276343 | 0.5370643918122582 | -0.6007221032060346 | -0.6072106165579869:-0.16181114032476795 | -0.17307273557499592 | 0.5416240109496364
-0.16181114032476795 | -0.17307273557499592 | 0.5416240109496364 | -0.6007221032060346 | -0.6072106165579869:-0.17956159915084058 | -0.1578126725650506 | 0.5451576073391173
-0.17956159915084058 | -0.1578126725650506 | 0.5451576073391173 | -0.6007221032060346 | -0.6072106165579869:-0.19749773335064225 | -0.14233073538052032 | 0.547645407444648
-0.19749773335064225 | -0.14233073538052032 | 0.547645407444648 | -0.6007221032060346 | -0.6072106165579869:-0.2155849893819357 | -0.12666107003172478 | 0.5490698998810188
-0.2155849893819357 | -0.12666107003172478 | 0.5490698998810188 | -0.6007221032060346 | -0.6072106165579869:-0.23378817301031107 | -0.11083848884577385 | 0.5494158849442954
-0.23378817301031107 | -0.11083848884577385 | 0.5494158849442954 | -0.6007221032060346 | -0.6072106165579869:-0.25207152879284456 | -0.09489839251953747 | 0.5486705188671444
-0.25207152879284456 | -0.09489839251953747 | 0.5486705188671444 | -0.6007221032060346 | -0.6072106165579869:-0.27039882090884904 | -0.0788766907590972 | 0.5468233527078112
-0.27039882090884904 | -0.0788766907590972 | 0.5468233527078112 | -0.6007221032060346 | -0.6072106165579869:-0.2887334151544869 | -0.06280972168576149 | 0.5438663657937219
-0.2887334151544869 | -0.06280972168576149 | 0.5438663657937219 | -0.6007221032060346 | -0.6072106165579869:-0.3070383619160424 | -0.04673417019088255 | 0.5397939936527294
-0.3070383619160424 | -0.04673417019088255 | 0.5397939936527294 | -0.6007221032060346 | -0.6072106165579869:-0.32527647993509845 | -0.030686985423384883 | 0.5346031503773077
-0.32527647993509845 | -0.030686985423384883 | 0.5346031503773077 | -0.6007221032060346 | -0.6072106165579869:-0.34341044067770543 | -0.014705297595300593 | 0.5282932453792384
-0.34341044067770543 | -0.014705297595300593 | 0.5282932453792384 | -0.6007221032060346 | -0.6072106165579869:-0.3614028531188753 | 0.0011736657084959745 | 0.520866194504741
-0.3614028531188753 | 0.0011736657084959745 | 0.520866194504741 | -0.6007221032060346 | -0.6072106165579869:-0.3792163487533935 | 0.01691266352963794 | 0.5123264254923541
-0.3792163487533935 | 0.01691266352963794 | 0.5123264254923541 | -0.6007221032060346 | -0.6072106165579869:-0.39681366664398826 | 0.03247452565782716 | 0.5026808777681211
-0.39681366664398826 | 0.03247452565782716 | 0.5026808777681211 | -0.6007221032060346 | -0.6072106165579869:-0.4141577383183535 | 0.04782223668802388 | 0.491938996584949
-0.4141577383183535 | 0.04782223668802388 | 0.491938996584949 | -0.6007221032060346 | -0.6072106165579869:-0.43121177232737407 | 0.06291901982730508 | 0.48011272152545104
-0.43121177232737407 | 0.06291901982730508 | 0.48011272152545104 | -0.6007221032060346 | -0.6072106165579869:-0.4479393382781447 | 0.07772842026655091 | 0.46721646939932526
-0.4479393382781447 | 0.07772842026655091 | 0.46721646939932526 | -0.6007221032060346 | -0.6072106165579869:-0.4643044501570075 | 0.0922143879334385 | 0.4532671115787821
-0.4643044501570075 | 0.0922143879334385 | 0.4532671115787821 | -0.6007221032060346 | -0.6072106165579869:-0.48027164875985306 | 0.10634135944518341 | 0.43828394582708796
-0.48027164875985306 | 0.10634135944518341 | 0.43828394582708796 | -0.6007221032060346 | -0.6072106165579869:-0.49580608304931983 | 0.12007433908152088 | 0.42228866268727216
-0.49580608304931983 | 0.12007433908152088 | 0.42228866268727216 | -0.6007221032060346 | -0.6072106165579869:-0.5108735902612929 | 0.13337897860109216 | 0.4053053065093266
-0.5108735902612929 | 0.13337897860109216 | 0.4053053065093266 | -0.6007221032060346 | -0.6072106165579869:-0.5254407745862406 | 0.14622165572725088 | 0.387360231205939
-0.5254407745862406 | 0.14622165572725088 | 0.387360231205939 | -0.6007221032060346 | -0.6072106165579869:-0.5394750842543954 | 0.15856955113263815 | 0.36848205083740737
-0.5394750842543954 | 0.15856955113263815 | 0.36848205083740737 | -0.6007221032060346 | -0.6072106165579869:-0.552944886857639 | 0.17039072375546738 | 0.3487015851377677
-0.552944886857639 | 0.17039072375546738 | 0.3487015851377677 | -0.6007221032060346 | -0.6072106165579869:-0.5658195427450909 | 0.18165418428443303 | 0.3280518001043333
-0.5658195427450909 | 0.18165418428443303 | 0.3280518001043333 | -0.6007221032060346 | -0.6072106165579869:-0.5780694763339307 | 0.19232996665347635 | 0.30656774378329743
-0.5780694763339307 | 0.19232996665347635 | 0.30656774378329743 | 0.9353454398497838 | 0.9902941378117347:-0.5643783592201173 | 0.1786165021663031 | 0.3450502600417167
-0.5643783592201173 | 0.1786165021663031 | 0.3450502600417167 | 0.9353454398497838 | 0.9902941378117347:-0.5487235157444283 | 0.16303566455835217 | 0.38227260187314016
-0.5487235157444283 | 0.16303566455835217 | 0.38227260187314016 | 0.9353454398497838 | 0.9902941378117347:-0.5311682037046372 | 0.1456425299886437 | 0.4180422728883002
-0.5311682037046372 | 0.1456425299886437 | 0.4180422728883002 | 0.9353454398497838 | 0.9902941378117347:-0.5117856111151715 | 0.1265016893130717 | 0.45217250637436024
-0.5117856111151715 | 0.1265016893130717 | 0.45217250637436024 | 0.9353454398497838 | 0.9902941378117347:-0.49065855100430245 | 0.10568698283206146 | 0.4844832498244642
-0.49065855100430245 | 0.10568698283206146 | 0.4844832498244642 | 0.9353454398497838 | 0.9902941378117347:-0.4678791053193194 | 0.08328118628525516 | 0.5148021201337301
-0.4678791053193194 | 0.08328118628525516 | 0.5148021201337301 | 0.9353454398497838 | 0.9902941378117347:-0.44354821958643775 | 0.0593756495309421 | 0.5429653244326147
-0.44354821958643775 | 0.0593756495309421 | 0.5429653244326147 | 0.9353454398497838 | 0.9902941378117347:-0.41777525023003825 | 0.034069889595345515 | 0.5688185416941209
-0.41777525023003825 | 0.034069889595345515 | 0.5688185416941209 | 0.9353454398497838 | 0.9902941378117347:-0.3906774667040587 | 0.00747114001582716 | 0.5922177604421464
-0.3906774667040587 | 0.00747114001582716 | 0.5922177604421464 | 0.9353454398497838 | 0.9902941378117347:-0.36237951082584097 | -0.020306141368644504 | 0.6130300681035905
-0.36237951082584097 | -0.020306141368644504 | 0.6130300681035905 | -0.5142108613069492 | 0.23433216188304917:-0.35660214720766525 | -0.004558156760532839 | 0.6200460478300158
-0.35660214720766525 | -0.004558156760532839 | 0.6200460478300158 | -0.5142108613069492 | 0.23433216188304917:-0.3507044028921804 | 0.011428623048445274 | 0.626577903358303
-0.3507044028921804 | 0.011428623048445274 | 0.626577903358303 | -0.5142108613069492 | 0.23433216188304917:-0.3446925859815959 | 0.027640791826154754 | 0.6326162484700646
-0.3446925859815959 | 0.027640791826154754 | 0.6326162484700646 | -0.5142108613069492 | 0.23433216188304917:-0.338573127710994 | 0.04406466389824537 | 0.638152169232157
-0.338573127710994 | 0.04406466389824537 | 0.638152169232157 | -0.5142108613069492 | 0.23433216188304917:-0.3323525760536139 | 0.060686288094370155 | 0.6431772332026995
-0.3323525760536139 | 0.060686288094370155 | 0.6431772332026995 | -0.5142108613069492 | 0.23433216188304917:-0.3260375892222953 | 0.07749146192834999 | 0.6476834981395072
-0.3260375892222953 | 0.07749146192834999 | 0.6476834981395072 | -0.5142108613069492 | 0.23433216188304917:-0.3196349290737128 | 0.09446574599782309 | 0.6516635202044725
-0.3196349290737128 | 0.09446574599782309 | 0.6516635202044725 | -0.5142108613069492 | 0.23433216188304917:-0.31315145442207637 | 0.11159447858885407 | 0.6551103616579255
-0.31315145442207637 | 0.11159447858885407 | 0.6551103616579255 | -0.5142108613069492 | 0.23433216188304917:-0.3065941142689912 | 0.12886279047079974 | 0.6580175980374321
-0.3065941142689912 | 0.12886279047079974 | 0.6580175980374321 | -0.5142108613069492 | 0.23433216188304917:-0.29996994095627194 | 0.14625561986666114 | 0.6603793248162191
-0.29996994095627194 | 0.14625561986666114 | 0.6603793248162191 | -0.5142108613069492 | 0.23433216188304917:-0.29328604324850005 | 0.1637577275840627 | 0.6621901635366072
-0.29328604324850005 | 0.1637577275840627 | 0.6621901635366072 | -0.5142108613069492 | 0.23433216188304917:-0.2865495993521634 | 0.18135371229188557 | 0.6634452674145024
-0.2865495993521634 | 0.18135371229188557 | 0.6634452674145024 | -0.5142108613069492 | 0.23433216188304917:-0.2797678498782403 | 0.1990280259275714 | 0.6641403264115837
-0.2797678498782403 | 0.1990280259275714 | 0.6641403264115837 | -0.5142108613069492 | 0.23433216188304917:-0.2729480907551114 | 0.2167649892200254 | 0.6642715717720478
-0.2729480907551114 | 0.2167649892200254 | 0.6642715717720478 | -0.5142108613069492 | 0.23433216188304917:-0.26609766609868757 | 0.23454880731301841 | 0.6638357800215715
-0.26609766609868757 | 0.23454880731301841 | 0.6638357800215715 | -0.5142108613069492 | 0.23433216188304917:-0.2592239610466649 | 0.25236358547397675 | 0.6628302764264831
-0.2592239610466649 | 0.25236358547397675 | 0.6628302764264831 | -0.5142108613069492 | 0.23433216188304917:-0.25233439456380324 | 0.2701933448730305 | 0.6612529379116552
-0.25233439456380324 | 0.2701933448730305 | 0.6612529379116552 | -0.5142108613069492 | 0.23433216188304917:-0.24543641222513024 | 0.28802203841718477 | 0.6591021954361409
-0.24543641222513024 | 0.28802203841718477 | 0.6591021954361409 | -0.5142108613069492 | 0.23433216188304917:-0.23853747898396804 | 0.30583356662452754 | 0.6563770358261607
-0.23853747898396804 | 0.30583356662452754 | 0.6563770358261607 | -0.5142108613069492 | 0.23433216188304917:-0.2316450719316343 | 0.3236117935233658 | 0.6530770030653201
-0.2316450719316343 | 0.3236117935233658 | 0.6530770030653201 | -0.5142108613069492 | 0.23433216188304917:-0.2247666730556972 | 0.3413405625612791 | 0.6492021990427048
-0.2247666730556972 | 0.3413405625612791 | 0.6492021990427048 | -0.5142108613069492 | 0.23433216188304917:-0.21790976200356837 | 0.35900371250909746 | 0.6447532837597478
-0.21790976200356837 | 0.35900371250909746 | 0.6447532837597478 | -0.5142108613069492 | 0.23433216188304917:-0.21108180885827466 | 0.3765850933448949 | 0.6397314749974825
-0.21108180885827466 | 0.3765850933448949 | 0.6397314749974825 | -0.5142108613069492 | 0.23433216188304917:-0.20429026693308572 | 0.39406858210316376 | 0.6341385474459429
-0.20429026693308572 | 0.39406858210316376 | 0.6341385474459429 | -0.5142108613069492 | 0.23433216188304917:-0.19754256559177819 | 0.4114380986744406 | 0.6279768312984331
-0.19754256559177819 | 0.4114380986744406 | 0.6279768312984331 | -0.4493234544031157 | 0.7549999400304681:-0.17455767272015166 | 0.4266671992490263 | 0.6273930503066509
-0.17455767272015166 | 0.4266671992490263 | 0.6273930503066509 | -0.4493234544031157 | 0.7549999400304681:-0.15155241931515206 | 0.441906866490807 | 0.6255722397088377
-0.15155241931515206 | 0.441906866490807 | 0.6255722397088377 | -0.4493234544031157 | 0.7549999400304681:-0.12857534956845384 | 0.45712839831778673 | 0.6225116069286329
-0.12857534956845384 | 0.45712839831778673 | 0.6225116069286329 | -0.4493234544031157 | 0.7549999400304681:-0.1056751449203297 | 0.4723029802108143 | 0.6182109603483994
-0.1056751449203297 | 0.4723029802108143 | 0.6182109603483994 | -0.4493234544031157 | 0.7549999400304681:-0.08290052015717819 | 0.4874017469641121 | 0.6126727178275928
-0.08290052015717819 | 0.4874017469641121 | 0.6126727178275928 | -0.4493234544031157 | 0.7549999400304681:-0.06030011925230383 | 0.5023958446517311 | 0.6059019095875584
-0.06030011925230383 | 0.5023958446517311 | 0.6059019095875584 | -0.4493234544031157 | 0.7549999400304681:-0.03792241117542616 | 0.5172564926758505 | 0.5979061754539998
-0.03792241117542616 | 0.5172564926758505 | 0.5979061754539998 | -0.4493234544031157 | 0.7549999400304681:-0.015815585896287843 | 0.5319550457627494 | 0.5886957564602966
-0.015815585896287843 | 0.5319550457627494 | 0.5886957564602966 | -0.4493234544031157 | 0.7549999400304681:0.005972549192748033 | 0.5464630557724922 | 0.5782834808274373
0.005972549192748033 | 0.5464630557724922 | 0.5782834808274373 | -0.4493234544031157 | 0.7549999400304681:0.027394672211404014 | 0.5607523331888503 | 0.5666847443477252
0.027394672211404014 | 0.5607523331888503 | 0.5666847443477252 | -0.4493234544031157 | 0.7549999400304681:0.04840404886121874 | 0.5747950081567638 | 0.5539174852122102
0.04840404886121874 | 0.5747950081567638 | 0.5539174852122102 | -0.4493234544031157 | 0.7549999400304681:0.0689546334100406 | 0.5885635909356977 | 0.5400021533329635
0.0689546334100406 | 0.5885635909356977 | 0.5400021533329635 | -0.4493234544031157 | 0.7549999400304681:0.0890011683734997 | 0.6020310316385831 | 0.5249616742236896
0.0890011683734997 | 0.6020310316385831 | 0.5249616742236896 | -0.4493234544031157 | 0.7549999400304681:0.10849928267865039 | 0.6151707791276402 | 0.5088214075133664
0.10849928267865039 | 0.6151707791276402 | 0.5088214075133664 | -0.4493234544031157 | 0.7549999400304681:0.12740558809818125 | 0.6279568389402583 | 0.4916091001790903
0.12740558809818125 | 0.6279568389402583 | 0.4916091001790903 | 0.9966863162887785 | -0.5341648879382337:0.1136828010606763 | 0.6041240732304223 | 0.5267475420087493
0.1136828010606763 | 0.6041240732304223 | 0.5267475420087493 | 0.9966863162887785 | -0.5341648879382337:0.09902166084230402 | 0.5784926648157684 | 0.5603400226318911
0.09902166084230402 | 0.5784926648157684 | 0.5603400226318911 | 0.9966863162887785 | -0.5341648879382337:0.08346494717310904 | 0.5511396032838443 | 0.5922688176873692
0.08346494717310904 | 0.5511396032838443 | 0.5922688176873692 | 0.9966863162887785 | -0.5341648879382337:0.06705862432967535 | 0.5221479469396639 | 0.6224212892959571
0.06705862432967535 | 0.5221479469396639 | 0.6224212892959571 | 0.9966863162887785 | -0.5341648879382337:0.04985169623929053 | 0.4916065623633328 | 0.650690285156486
0.04985169623929053 | 0.4916065623633328 | 0.650690285156486 | -0.9209421256484707 | 0.4877848510028875:0.06528232600250305 | 0.5222040194529374 | 0.6273709005649408
0.06528232600250305 | 0.5222040194529374 | 0.6273709005649408 | -0.9209421256484707 | 0.4877848510028875:0.08013694388488801 | 0.5517466176928245 | 0.6022262758157808
0.08013694388488801 | 0.5517466176928245 | 0.6022262758157808 | -0.9209421256484707 | 0.4877848510028875:0.09437031452493372 | 0.5801475872792654 | 0.5753192285156246
0.09437031452493372 | 0.5801475872792654 | 0.5753192285156246 | -0.9209421256484707 | 0.4877848510028875:0.10793881568728025 | 0.6073230822521261 | 0.5467178402346917
0.10793881568728025 | 0.6073230822521261 | 0.5467178402346917 | -0.9209421256484707 | 0.4877848510028875:0.1208005691966676 | 0.6331924318965889 | 0.5164952760009811
0.1208005691966676 | 0.6331924318965889 | 0.5164952760009811 | -0.9209421256484707 | 0.4877848510028875:0.13291556708598762 | 0.6576783834586699 | 0.48472958855982995
0.13291556708598762 | 0.6576783834586699 | 0.48472958855982995 | -0.9209421256484707 | 0.4877848510028875:0.1442457925820193 | 0.6807073354509878 | 0.45150350795120175
0.1442457925820193 | 0.6807073354509878 | 0.45150350795120175 | -0.9209421256484707 | 0.4877848510028875:0.15475533556733367 | 0.7022095608524772 | 0.4169042169995407
0.15475533556733367 | 0.7022095608524772 | 0.4169042169995407 | -0.9209421256484707 | 0.4877848510028875:0.16441050217284925 | 0.7221194195349447 | 0.3810231133534927
0.16441050217284925 | 0.7221194195349447 | 0.3810231133534927 | -0.9209421256484707 | 0.4877848510028875:0.17317991817249734 | 0.740375559280535 | 0.3439555587520715
0.17317991817249734 | 0.740375559280535 | 0.3439555587520715 | -0.9209421256484707 | 0.4877848510028875:0.18103462586944907 | 0.7569211047872351 | 0.3058006162317213
0.18103462586944907 | 0.7569211047872351 | 0.3058006162317213 | -0.9209421256484707 | 0.4877848510028875:0.18794817418217313 | 0.771703834094275 | 0.2666607760244517
0.18794817418217313 | 0.771703834094275 | 0.2666607760244517 | -0.9209421256484707 | 0.4877848510028875:0.19389670165827866 | 0.7846763418957696 | 0.22664167093081744
0.19389670165827866 | 0.7846763418957696 | 0.22664167093081744 | -0.9209421256484707 | 0.4877848510028875:0.19885901216467872 | 0.795796189248902 | 0.18585178198235042
0.19885901216467872 | 0.795796189248902 | 0.18585178198235042 | -0.9209421256484707 | 0.4877848510028875:0.20281664302372526 | 0.805026039222339 | 0.14440213523734258
0.20281664302372526 | 0.805026039222339 | 0.14440213523734258 | -0.8919696070018293 | -0.75636135342699:0.19894516410591478 | 0.8121773531748069 | 0.11617486984394532
0.19894516410591478 | 0.8121773531748069 | 0.11617486984394532 | -0.8919696070018293 | -0.75636135342699:0.19614515160729695 | 0.8180560095819658 | 0.08747543378117939
0.19614515160729695 | 0.8180560095819658 | 0.08747543378117939 | -0.8919696070018293 | -0.75636135342699:0.19443369144947376 | 0.8226398543280737 | 0.05840244683622586
0.19443369144947376 | 0.8226398543280737 | 0.05840244683622586 | -0.8919696070018293 | -0.75636135342699:0.19382404533266673 | 0.8259112047777712 | 0.02905617166938157
0.19382404533266673 | 0.8259112047777712 | 0.02905617166938157 | -0.8919696070018293 | -0.75636135342699:0.19432559290326168 | 0.8278569258702149 | -4.618390602928457E-4
0.19432559290326168 | 0.8278569258702149 | -4.618390602928457E-4 | -0.8919696070018293 | -0.75636135342699:0.19594378773075682 | 0.8284684900484827 | -0.03004910101812186
0.19594378773075682 | 0.8284684900484827 | -0.03004910101812186 | -0.8919696070018293 | -0.75636135342699:0.19868012727666873 | 0.8277420207802919 | -0.05960256068124181
0.19868012727666873 | 0.8277420207802919 | -0.05960256068124181 | -0.8919696070018293 | -0.75636135342699:0.20253213698739891 | 0.8256783194853838 | -0.08901896068924486
0.20253213698739891 | 0.8256783194853838 | -0.08901896068924486 | -0.8919696070018293 | -0.75636135342699:0.20749336859220158 | 0.822282875744559 | -0.11819520674535511
0.20749336859220158 | 0.822282875744559 | -0.11819520674535511 | -0.8919696070018293 | -0.75636135342699:0.21355341263599037 | 0.8175658607259102 | -0.14702873474836053
0.21355341263599037 | 0.8175658607259102 | -0.14702873474836053 | -0.8919696070018293 | -0.75636135342699:0.22069792522540865 | 0.8115421038241522 | -0.17541787683336452
0.22069792522540865 | 0.8115421038241522 | -0.17541787683336452 | -0.8919696070018293 | -0.75636135342699:0.22890866891515493 | 0.80423105256979 | -0.20326222500187896
0.22890866891515493 | 0.80423105256979 | -0.20326222500187896 | -0.8919696070018293 | -0.75636135342699:0.23816356761047075 | 0.795656715925162 | -0.23046299102936985
0.23816356761047075 | 0.795656715925162 | -0.23046299102936985 | -0.8919696070018293 | -0.75636135342699:0.24843677531099218 | 0.7858475911445701 | -0.2569233613498483
0.24843677531099218 | 0.7858475911445701 | -0.2569233613498483 | -0.8919696070018293 | -0.75636135342699:0.2596987584710728 | 0.7748365744350139 | -0.2825488456347216
0.2596987584710728 | 0.7748365744350139 | -0.2825488456347216 | 0.7744681549362877 | -0.0791361116680036:0.26110321009518245 | 0.7864231759414118 | -0.25170400390011594
