0.0 | 0.0 | 0.0 | 0.8692769008086052 | 0.8870927454308466:4.42982203321621E-4 | -4.34501616991545E-4 | 0.00998073018933846
4.42982203321621E-4 | -4.34501616991545E-4 | 0.00998073018933846 | -0.676033599321594 | 0.19023758061686347:0.0010705835297115443 | -1.9293490107630262E-4 | 0.019870244765222624
0.0010705835297115443 | -1.9293490107630262E-4 | 0.019870244765222624 | -0.676033599321594 | 0.19023758061686347:0.0018798041574011016 | 7.144584064243675E-4 | 0.02963284135069244
0.0018798041574011016 | 7.144584064243675E-4 | 0.02963284135069244 | -0.676033599321594 | 0.19023758061686347:0.002867224617061797 | 0.002275934163747717 | 0.03923357713231998
0.002867224617061797 | 0.002275934163747717 | 0.03923357713231998 | -0.676033599321594 | 0.19023758061686347:0.004029017866394143 | 0.004478287686100257 | 0.04863833018553672
0.004029017866394143 | 0.004478287686100257 | 0.04863833018553672 | -0.676033599321594 | 0.19023758061686347:0.005360961951262386 | 0.007306897724910999 | 0.05781385860435273
0.005360961951262386 | 0.007306897724910999 | 0.05781385860435273 | 0.12058277967757314 | -0.7739251140177636:0.003620400875750874 | 0.008077649549163679 | 0.06735548403996566
0.003620400875750874 | 0.008077649549163679 | 0.06735548403996566 | 0.12058277967757314 | -0.7739251140177636:0.0011486852031999222 | 0.008723929191531976 | 0.0767525623077206
0.0011486852031999222 | 0.008723929191531976 | 0.0767525623077206 | 0.12058277967757314 | -0.7739251140177636:-0.0020412459061363887 | 0.009247725819107377 | 0.0859626626223916
-0.0020412459061363887 | 0.009247725819107377 | 0.0859626626223916 | 0.12058277967757314 | -0.7739251140177636:-0.005934377692679696 | 0.009651353821975572 | 0.09494431057428121
-0.005934377692679696 | 0.009651353821975572 | 0.09494431057428121 | 0.12058277967757314 | -0.7739251140177636:-0.010513678965316563 | 0.009937443890691955 | 0.10365708265789997
-0.010513678965316563 | 0.009937443890691955 | 0.10365708265789997 | 0.4769829264213401 | -0.8576115689841768:-0.016235883627367026 | 0.008101124309824903 | 0.11215687782171802
-0.016235883627367026 | 0.008101124309824903 | 0.11215687782171802 | 0.4769829264213401 | -0.8576115689841768:-0.02267688592638783 | 0.005847407326915466 | 0.12021924338247214
-0.02267688592638783 | 0.005847407326915466 | 0.12021924338247214 | 0.4769829264213401 | -0.8576115689841768:-0.029806827131682707 | 0.0031923174453368786 | 0.12778506889048613
-0.029806827131682707 | 0.0031923174453368786 | 0.12778506889048613 | 0.4769829264213401 | -0.8576115689841768:-0.037592673074979086 | 1.5367363688778557E-4 | 0.13479774264131605
-0.037592673074979086 | 1.5367363688778557E-4 | 0.13479774264131605 | 0.4769829264213401 | -0.8576115689841768:-0.04599836636042384 | -0.0032489928405391444 | 0.1412033572752318
-0.04599836636042384 | -0.0032489928405391444 | 0.1412033572752318 | 0.4769829264213401 | -0.8576115689841768:-0.054984987960213894 | -0.0069945259796453385 | 0.14695090407947076
-0.054984987960213894 | -0.0069945259796453385 | 0.14695090407947076 | 0.4769829264213401 | -0.8576115689841768:-0.06451092757951371 | -0.011060237578360943 | 0.15199245546059026
-0.06451092757951371 | -0.011060237578360943 | 0.15199245546059026 | 0.4769829264213401 | -0.8576115689841768:-0.07453206215305602 | -0.015422004463697125 | 0.1562833350960635
-0.07453206215305602 | -0.015422004463697125 | 0.1562833350960635 | 0.4769829264213401 | -0.8576115689841768:-0.0850019418166662 | -0.02005437002491961 | 0.15978227531712808
-0.0850019418166662 | -0.02005437002491961 | 0.15978227531712808 | 0.4769829264213401 | -0.8576115689841768:-0.09587198267993552 | -0.02493064968616765 | 0.16245156131866056
-0.09587198267993552 | -0.02493064968616765 | 0.16245156131866056 | 0.4769829264213401 | -0.8576115689841768:-0.10709166571141204 | -0.03002303993984401 | 0.16425716183640882
-0.10709166571141204 | -0.03002303993984401 | 0.16425716183640882 | 0.4769829264213401 | -0.8576115689841768:-0.11860874103501218 | -0.03530273055452482 | 0.1651688459770959
-0.11860874103501218 | -0.03530273055452482 | 0.1651688459770959 | 0.4769829264213401 | -0.8576115689841768:-0.1303694369258851 | -0.040740019564764474 | 0.16516028593260756
-0.1303694369258851 | -0.040740019564764474 | 0.16516028593260756 | 0.4769829264213401 | -0.8576115689841768:-0.14231867278570187 | -0.046304430645032424 | 0.16420914535554632
-0.14231867278570187 | -0.046304430645032424 | 0.16420914535554632 | 0.4769829264213401 | -0.8576115689841768:-0.15440027537129675 | -0.05196483246610195 | 0.16229715321972504
-0.15440027537129675 | -0.05196483246610195 | 0.16229715321972504 | 0.007590978518047464 | 0.7666972737807629:-0.15302572932467662 | -0.05376860718772303 | 0.17370391034644417
-0.15302572932467662 | -0.05376860718772303 | 0.17370391034644417 | 0.007590978518047464 | 0.7666972737807629:-0.15094833791138385 | -0.05556140412486221 | 0.18517601821877072
-0.15094833791138385 | -0.05556140412486221 | 0.18517601821877072 | 0.007590978518047464 | 0.7666972737807629:-0.14816415132603344 | -0.057343448910828876 | 0.19667501878357285
-0.14816415132603344 | -0.057343448910828876 | 0.19667501878357285 | 0.007590978518047464 | 0.7666972737807629:-0.14467115311004886 | -0.059114946261261014 | 0.20816237940737015
-0.14467115311004886 | -0.059114946261261014 | 0.20816237940737015 | 0.007590978518047464 | 0.7666972737807629:-0.1404692548469757 | -0.06087608002730138 | 0.21959958383757305
-0.1404692548469757 | -0.06087608002730138 | 0.21959958383757305 | 0.6778763150293636 | 0.17646080686464183:-0.14233560458097094 | -0.0701506832129235 | 0.22462251205786332
-0.14233560458097094 | -0.0701506832129235 | 0.22462251205786332 | 0.6778763150293636 | 0.17646080686464183:-0.1440706568557122 | -0.07977108831743318 | 0.22925154640496892
-0.1440706568557122 | -0.07977108831743318 | 0.22925154640496892 | 0.6778763150293636 | 0.17646080686464183:-0.14567975941069244 | -0.08971871666412357 | 0.23346818588550988
-0.14567975941069244 | -0.08971871666412357 | 0.23346818588550988 | 0.6778763150293636 | 0.17646080686464183:-0.14716844935540907 | -0.09997422967504499 | 0.23725486405187635
-0.14716844935540907 | -0.09997422967504499 | 0.23725486405187635 | 0.6778763150293636 | 0.17646080686464183:-0.1485424421789001 | -0.11051757076295687 | 0.24059497833329502
-0.1485424421789001 | -0.11051757076295687 | 0.24059497833329502 | 0.6778763150293636 | 0.17646080686464183:-0.1498076205200629 | -0.12132800817305367 | 0.2434729174557777
-0.1498076205200629 | -0.12132800817305367 | 0.2434729174557777 | 0.6778763150293636 | 0.17646080686464183:-0.15097002271911553 | -0.13238417869674102 | 0.24587408692255242
-0.15097002271911553 | -0.13238417869674102 | 0.24587408692255242 | 0.6778763150293636 | 0.17646080686464183:-0.1520358311707155 | -0.14366413217909546 | 0.24778493252981626
-0.1520358311707155 | -0.14366413217909546 | 0.24778493252981626 | 0.6778763150293636 | 0.17646080686464183:-0.1530113604993648 | -0.1551453767411517 | 0.24919296189585616
-0.1530113604993648 | -0.1551453767411517 | 0.24919296189585616 | 0.6778763150293636 | 0.17646080686464183:-0.15390304557781098 | -0.16680492463775298 | 0.25008676398484564
-0.15390304557781098 | -0.16680492463775298 | 0.25008676398484564 | 0.6778763150293636 | 0.17646080686464183:-0.15471742940922661 | -0.1786193386714472 | 0.250456026609827
-0.15471742940922661 | -0.1786193386714472 | 0.250456026609827 | 0.6778763150293636 | 0.17646080686464183:-0.15546115089395318 | -0.1905647790827496 | 0.2502915519026452
-0.15546115089395318 | -0.1905647790827496 | 0.2502915519026452 | 0.6778763150293636 | 0.17646080686464183:-0.1561409325016121 | -0.20261705083705994 | 0.2495852697417682
-0.1561409325016121 | -0.20261705083705994 | 0.2495852697417682 | 0.6778763150293636 | 0.17646080686464183:-0.15676356786933088 | -0.2147516512286085 | 0.24833024913217017
-0.15676356786933088 | -0.2147516512286085 | 0.24833024913217017 | 0.6778763150293636 | 0.17646080686464183:-0.15733590934677988 | -0.22694381772199268 | 0.24652070753457966
-0.15733590934677988 | -0.22694381772199268 | 0.24652070753457966 | 0.6778763150293636 | 0.17646080686464183:-0.15786485550861595 | -0.239168575952184 | 0.24415201814458776
-0.15786485550861595 | -0.239168575952184 | 0.24415201814458776 | 0.6778763150293636 | 0.17646080686464183:-0.1583573386548105 | -0.2514007878043003 | 0.24122071512520904
-0.1583573386548105 | -0.2514007878043003 | 0.24122071512520904 | 0.6778763150293636 | 0.17646080686464183:-0.15882031231917093 | -0.26361519949497403 | 0.23772449679956242
-0.15882031231917093 | -0.26361519949497403 | 0.23772449679956242 | 0.6778763150293636 | 0.17646080686464183:-0.1592607388062186 | -0.27578648957778906 | 0.23366222681343807
-0.1592607388062186 | -0.27578648957778906 | 0.23366222681343807 | 0.6778763150293636 | 0.17646080686464183:-0.15968557677632944 | -0.28788931679599994 | 0.2290339332804514
-0.15968557677632944 | -0.28788931679599994 | 0.2290339332804514 | 0.6778763150293636 | 0.17646080686464183:-0.16010176889886107 | -0.2998983677065965 | 0.2238408059255459
-0.16010176889886107 | -0.2998983677065965 | 0.2238408059255459 | 0.6778763150293636 | 0.17646080686464183:-0.1605162295926874 | -0.3117884040007608 | 0.2180851912454287
-0.1605162295926874 | -0.3117884040007608 | 0.2180851912454287 | 0.6778763150293636 | 0.17646080686464183:-0.16093583287329238 | -0.3235343094467602 | 0.21177058570743768
-0.16093583287329238 | -0.3235343094467602 | 0.21177058570743768 | 0.6778763150293636 | 0.17646080686464183:-0.16136740032527275 | -0.3351111363825394 | 0.20490162701116788
-0.16136740032527275 | -0.3351111363825394 | 0.20490162701116788 | 0.6778763150293636 | 0.17646080686464183:-0.16181768921873285 | -0.346494151686473 | 0.19748408343987833
-0.16181768921873285 | -0.346494151686473 | 0.19748408343987833 | 0.4293734632406183 | 0.5973284151484823:-0.15813723087127496 | -0.3552943442814023 | 0.19732518351285577
-0.15813723087127496 | -0.3552943442814023 | 0.19732518351285577 | 0.4293734632406183 | 0.5973284151484823:-0.15437400004255952 | -0.36409640731140147 | 0.19680263882175453
-0.15437400004255952 | -0.36409640731140147 | 0.19680263882175453 | 0.4293734632406183 | 0.5973284151484823:-0.15054180765219272 | -0.37289107745298367 | 0.1959119192604124
-0.15054180765219272 | -0.37289107745298367 | 0.1959119192604124 | 0.4293734632406183 | 0.5973284151484823:-0.1466546233163264 | -0.381668963048269 | 0.19464925028474944
-0.1466546233163264 | -0.381668963048269 | 0.19464925028474944 | 0.4293734632406183 | 0.5973284151484823:-0.1427265480683575 | -0.3904205636971749 | 0.19301162014340179
-0.1427265480683575 | -0.3904205636971749 | 0.19301162014340179 | 0.4428351258203258 | 0.6456606987157549:-0.13831848938214364 | -0.3992619096745038 | 0.19106303130277347
-0.13831848938214364 | -0.3992619096745038 | 0.19106303130277347 | 0.4428351258203258 | 0.6456606987157549:-0.13389693568096384 | -0.40805909526187634 | 0.18870345788974063
-0.13389693568096384 | -0.40805909526187634 | 0.18870345788974063 | 0.4428351258203258 | 0.6456606987157549:-0.12947840095098684 | -0.4168013862824882 | 0.18593181741771936
-0.12947840095098684 | -0.4168013862824882 | 0.18593181741771936 | 0.4428351258203258 | 0.6456606987157549:-0.12507944416015437 | -0.42547800158352445 | 0.18274796039479924
-0.12507944416015437 | -0.42547800158352445 | 0.18274796039479924 | 0.4428351258203258 | 0.6456606987157549:-0.1207166336361043 | -0.4340781375089211 | 0.17915267176475957
-0.1207166336361043 | -0.4340781375089211 | 0.17915267176475957 | 0.4428351258203258 | 0.6456606987157549:-0.11640651150444725 | -0.4425909923517253 | 0.1751476704015129
-0.11640651150444725 | -0.4425909923517253 | 0.1751476704015129 | 0.4428351258203258 | 0.6456606987157549:-0.1121655582575194 | -0.45100579073781866 | 0.17073560666687193
-0.1121655582575194 | -0.45100579073781866 | 0.17073560666687193 | 0.4428351258203258 | 0.6456606987157549:-0.1080101575230401 | -0.4593118078932843 | 0.16592005804515253
-0.1080101575230401 | -0.4593118078932843 | 0.16592005804515253 | 0.4428351258203258 | 0.6456606987157549:-0.10395656110135398 | -0.467498393748091 | 0.1607055228716554
-0.10395656110135398 | -0.467498393748091 | 0.1607055228716554 | 0.4428351258203258 | 0.6456606987157549:-0.10002085433900731 | -0.475554996829441 | 0.1550974121756088
-0.10002085433900731 | -0.475554996829441 | 0.1550974121756088 | 0.32764135030596253 | 0.5259212370636115:-0.0970367093697444 | -0.48262272721431465 | 0.1513045567819873
-0.0970367093697444 | -0.48262272721431465 | 0.1513045567819873 | 0.32764135030596253 | 0.5259212370636115:-0.09411130499169307 | -0.4896042000229208 | 0.1472538446641085
-0.09411130499169307 | -0.4896042000229208 | 0.1472538446641085 | 0.32764135030596253 | 0.5259212370636115:-0.09125352279116505 | -0.4964943757891298 | 0.14294824556649566
-0.09125352279116505 | -0.4964943757891298 | 0.14294824556649566 | 0.32764135030596253 | 0.5259212370636115:-0.08847214123558977 | -0.5032882709514137 | 0.1383911146551302
-0.08847214123558977 | -0.5032882709514137 | 0.1383911146551302 | 0.32764135030596253 | 0.5259212370636115:-0.08577582396569561 | -0.509980965240544 | 0.13358618734192262
-0.08577582396569561 | -0.509980965240544 | 0.13358618734192262 | 0.4086616047791929 | -0.9676166025127215:-0.09242991722768323 | -0.5170750372112956 | 0.11988279562577375
-0.09242991722768323 | -0.5170750372112956 | 0.11988279562577375 | 0.4086616047791929 | -0.9676166025127215:-0.09844295954841087 | -0.5238629780307136 | 0.10559133587125302
-0.09844295954841087 | -0.5238629780307136 | 0.10559133587125302 | 0.4086616047791929 | -0.9676166025127215:-0.10378046829534249 | -0.5303302486360089 | 0.09075022311463954
-0.10378046829534249 | -0.5303302486360089 | 0.09075022311463954 | 0.4086616047791929 | -0.9676166025127215:-0.10840997172137179 | -0.5364631314629129 | 0.07540017203061389
-0.10840997172137179 | -0.5364631314629129 | 0.07540017203061389 | 0.4086616047791929 | -0.9676166025127215:-0.11230113444180922 | -0.5422487847699493 | 0.059584069928764194
-0.11230113444180922 | -0.5422487847699493 | 0.059584069928764194 | 0.4086616047791929 | -0.9676166025127215:-0.11542587589802622 | -0.5476752940812588 | 0.04334684187259619
-0.11542587589802622 | -0.5476752940812588 | 0.04334684187259619 | 0.4086616047791929 | -0.9676166025127215:-0.1177584814036905 | -0.5527317205726554 | 0.0267353083775852
-0.1177584814036905 | -0.5527317205726554 | 0.0267353083775852 | 0.4086616047791929 | -0.9676166025127215:-0.11927570539508103 | -0.5574081462362237 | 0.009798036168682245
-0.11927570539508103 | -0.5574081462362237 | 0.009798036168682245 | 0.4086616047791929 | -0.9676166025127215:-0.11995686653339455 | -0.5616957156696074 | -0.007414817500071891
-0.11995686653339455 | -0.5616957156696074 | -0.007414817500071891 | 0.4086616047791929 | -0.9676166025127215:-0.11978393433463275 | -0.5655866743476778 | -0.024851666440660836
-0.11978393433463275 | -0.5655866743476778 | -0.024851666440660836 | -0.535030517973835 | -0.11286978781565837:-0.12059895438486024 | -0.5701705258656169 | -0.01046576539151367
-0.12059895438486024 | -0.5701705258656169 | -0.01046576539151367 | -0.535030517973835 | -0.11286978781565837:-0.12148727277524607 | -0.5743272669953612 | 0.004137820813275184
-0.12148727277524607 | -0.5743272669953612 | 0.004137820813275184 | -0.535030517973835 | -0.11286978781565837:-0.12245071807861052 | -0.5780488670816943 | 0.018945054166923825
-0.12245071807861052 | -0.5780488670816943 | 0.018945054166923825 | -0.535030517973835 | -0.11286978781565837:-0.12349101957404507 | -0.5813277543845672 | 0.03394163252118432
-0.12349101957404507 | -0.5813277543845672 | 0.03394163252118432 | -0.535030517973835 | -0.11286978781565837:-0.12460980578130787 | -0.5841568233183949 | 0.04911300521779616
-0.12460980578130787 | -0.5841568233183949 | 0.04911300521779616 | -0.535030517973835 | -0.11286978781565837:-0.12580860310013087 | -0.5865294411957507 | 0.06444438889722903
-0.12580860310013087 | -0.5865294411957507 | 0.06444438889722903 | -0.535030517973835 | -0.11286978781565837:-0.1270888345550194 | -0.588439454472077 | 0.07992078346894438
-0.1270888345550194 | -0.588439454472077 | 0.07992078346894438 | -0.535030517973835 | -0.11286978781565837:-0.1284518186461714 | -0.589881194488683 | 0.09552698822735728
-0.1284518186461714 | -0.589881194488683 | 0.09552698822735728 | -0.535030517973835 | -0.11286978781565837:-0.1298987683069175 | -0.5908494827115973 | 0.11124761809764294
-0.1298987683069175 | -0.5908494827115973 | 0.11124761809764294 | -0.535030517973835 | -0.11286978781565837:-0.13143078996807134 | -0.5913396354643368 | 0.12706711999554088
-0.13143078996807134 | -0.5913396354643368 | 0.12706711999554088 | -0.8895994810785643 | -0.9915908145588994:-0.1397184096828461 | -0.5887067707801563 | 0.14743574182802277
-0.1397184096828461 | -0.5887067707801563 | 0.14743574182802277 | -0.8895994810785643 | -0.9915908145588994:-0.14904098478268857 | -0.5850915537539798 | 0.1673369846969024
-0.14904098478268857 | -0.5850915537539798 | 0.1673369846969024 | -0.8895994810785643 | -0.9915908145588994:-0.15937645673598055 | -0.5805119673945818 | 0.1866701111777278
-0.15937645673598055 | -0.5805119673945818 | 0.1866701111777278 | -0.8895994810785643 | -0.9915908145588994:-0.17069745131570535 | -0.5749907994033201 | 0.2053361951224364
-0.17069745131570535 | -0.5749907994033201 | 0.2053361951224364 | -0.8895994810785643 | -0.9915908145588994:-0.18297137568005795 | -0.568555566491785 | 0.22323863263389043
-0.18297137568005795 | -0.568555566491785 | 0.22323863263389043 | -0.6336299734275086 | -0.7123877079351617:-0.19253061914495007 | -0.5643882685449526 | 0.23579989131967238
-0.19253061914495007 | -0.5643882685449526 | 0.23579989131967238 | -0.6336299734275086 | -0.7123877079351617:-0.20256515707056622 | -0.5597499040838407 | 0.24792131193372313
-0.20256515707056622 | -0.5597499040838407 | 0.24792131193372313 | -0.6336299734275086 | -0.7123877079351617:-0.2130596510987921 | -0.5546539651968132 | 0.25956730338283407
-0.2130596510987921 | -0.5546539651968132 | 0.25956730338283407 | -0.6336299734275086 | -0.7123877079351617:-0.22399735816600952 | -0.549115205048686 | 0.2707032738833348
-0.22399735816600952 | -0.549115205048686 | 0.2707032738833348 | -0.6336299734275086 | -0.7123877079351617:-0.23536016976425422 | -0.5431496045723598 | 0.2812957300741381
-0.23536016976425422 | -0.5431496045723598 | 0.2812957300741381 | -0.3531415426142044 | 0.8555407824720707:-0.2238783314645829 | -0.5409277320834462 | 0.3022215079451094
-0.2238783314645829 | -0.5409277320834462 | 0.3022215079451094 | -0.3531415426142044 | 0.8555407824720707:-0.21143214287138612 | -0.5382803745103146 | 0.32267618583748003
-0.21143214287138612 | -0.5382803745103146 | 0.32267618583748003 | -0.3531415426142044 | 0.8555407824720707:-0.19804043454842635 | -0.5352150636445003 | 0.3426061741644979
-0.19804043454842635 | -0.5352150636445003 | 0.3426061741644979 | -0.3531415426142044 | 0.8555407824720707:-0.18372455998524906 | -0.5317403784412065 | 0.36195881660038864
-0.18372455998524906 | -0.5317403784412065 | 0.36195881660038864 | -0.3531415426142044 | 0.8555407824720707:-0.16850835237764805 | -0.5278659284288807 | 0.3806825286901443
-0.16850835237764805 | -0.5278659284288807 | 0.3806825286901443 | 0.4569112575896217 | -0.5572651064263672:-0.17958109609110195 | -0.5390393024400097 | 0.3654601243271536
-0.17958109609110195 | -0.5390393024400097 | 0.3654601243271536 | 0.4569112575896217 | -0.5572651064263672:-0.1902566425759975 | -0.5498752959489295 | 0.3495819646846563
-0.1902566425759975 | -0.5498752959489295 | 0.3495819646846563 | 0.4569112575896217 | -0.5572651064263672:-0.20051387857957437 | -0.5603565740815881 | 0.3330669774246857
-0.20051387857957437 | -0.5603565740815881 | 0.3330669774246857 | 0.4569112575896217 | -0.5572651064263672:-0.2103322648295105 | -0.5704662578714803 | 0.3159352087988516
-0.2103322648295105 | -0.5704662578714803 | 0.3159352087988516 | 0.4569112575896217 | -0.5572651064263672:-0.21969187042669702 | -0.5801879528188536 | 0.2982077937681282
-0.21969187042669702 | -0.5801879528188536 | 0.2982077937681282 | 0.7996358127990633 | 0.030765907171647733:-0.2202617096989563 | -0.5943227945855298 | 0.27636198032011805
-0.2202617096989563 | -0.5943227945855298 | 0.27636198032011805 | 0.7996358127990633 | 0.030765907171647733:-0.2208543343580942 | -0.6075935230141809 | 0.253851607146629
-0.2208543343580942 | -0.6075935230141809 | 0.253851607146629 | 0.7996358127990633 | 0.030765907171647733:-0.2214710100481554 | -0.6199693786133125 | 0.23071222911743305
-0.2214710100481554 | -0.6199693786133125 | 0.23071222911743305 | 0.7996358127990633 | 0.030765907171647733:-0.22211294191676245 | -0.6314211181201799 | 0.2069807930765819
-0.22211294191676245 | -0.6314211181201799 | 0.2069807930765819 | 0.7996358127990633 | 0.030765907171647733:-0.22278127232509704 | -0.6419210756460316 | 0.1826955711953424
-0.22278127232509704 | -0.6419210756460316 | 0.1826955711953424 | 0.7996358127990633 | 0.030765907171647733:-0.22347707867429634 | -0.6514432208447474 | 0.15789609171686791
-0.22347707867429634 | -0.6514432208447474 | 0.15789609171686791 | 0.7996358127990633 | 0.030765907171647733:-0.22420137135228302 | -0.6599632139973437 | 0.13262306722662132
-0.22420137135228302 | -0.6599632139973437 | 0.13262306722662132 | 0.7996358127990633 | 0.030765907171647733:-0.22495509180483175 | -0.6674584579108469 | 0.10691832058682138
-0.22495509180483175 | -0.6674584579108469 | 0.10691832058682138 | 0.7996358127990633 | 0.030765907171647733:-0.22573911073445174 | -0.6739081465361991 | 0.08082470867722336
-0.22573911073445174 | -0.6739081465361991 | 0.08082470867722336 | 0.7996358127990633 | 0.030765907171647733:-0.22655422643034484 | -0.6792933102162877 | 0.05438604408831438
-0.22655422643034484 | -0.6792933102162877 | 0.05438604408831438 | -0.883743287268359 | -0.9445820623136436:-0.23118721811608012 | -0.6788819828666419 | 0.07383788695921822
-0.23118721811608012 | -0.6788819828666419 | 0.07383788695921822 | -0.883743287268359 | -0.9445820623136436:-0.23674056376649233 | -0.6775700851479982 | 0.09308240267764845
-0.23674056376649233 | -0.6775700851479982 | 0.09308240267764845 | -0.883743287268359 | -0.9445820623136436:-0.24320467340523066 | -0.6753650416319985 | 0.11203374963683288
-0.24320467340523066 | -0.6753650416319985 | 0.11203374963683288 | -0.883743287268359 | -0.9445820623136436:-0.25056575057844555 | -0.6722782251670054 | 0.13060682456619332
-0.25056575057844555 | -0.6722782251670054 | 0.13060682456619332 | -0.883743287268359 | -0.9445820623136436:-0.25880583214345876 | -0.6683249282987305 | 0.14871765221117883
-0.25880583214345876 | -0.6683249282987305 | 0.14871765221117883 | -0.6352127115708381 | -0.22392292781839473:-0.26164608178314097 | -0.6656942278663323 | 0.16756870197841423
-0.26164608178314097 | -0.6656942278663323 | 0.16756870197841423 | -0.6352127115708381 | -0.22392292781839473:-0.26469418877001516 | -0.662421510158616 | 0.1863530474926982
-0.26469418877001516 | -0.662421510158616 | 0.1863530474926982 | -0.6352127115708381 | -0.22392292781839473:-0.2679498266675786 | -0.6585078219654505 | 0.20504600279875973
-0.2679498266675786 | -0.6585078219654505 | 0.20504600279875973 | -0.6352127115708381 | -0.22392292781839473:-0.2714123637720789 | -0.6539550713113513 | 0.22362290287515663
-0.2714123637720789 | -0.6539550713113513 | 0.22362290287515663 | -0.6352127115708381 | -0.22392292781839473:-0.2750808636636144 | -0.6487660264807289 | 0.24205913747702112
-0.2750808636636144 | -0.6487660264807289 | 0.24205913747702112 | -0.6352127115708381 | -0.22392292781839473:-0.2789540861699571 | -0.6429443138705224 | 0.260330184893828
-0.2789540861699571 | -0.6429443138705224 | 0.260330184893828 | -0.6352127115708381 | -0.22392292781839473:-0.2830304887409447 | -0.6364944146753757 | 0.27841164557726117
-0.2830304887409447 | -0.6364944146753757 | 0.27841164557726117 | -0.6352127115708381 | -0.22392292781839473:-0.2873082282308701 | -0.629421660412163 | 0.29627927559451095
-0.2873082282308701 | -0.629421660412163 | 0.29627927559451095 | -0.6352127115708381 | -0.22392292781839473:-0.2917851630856845 | -0.6217322272920498 | 0.3139090198626633
-0.2917851630856845 | -0.6217322272920498 | 0.3139090198626633 | -0.6352127115708381 | -0.22392292781839473:-0.2964588559313768 | -0.6134331294497528 | 0.3312770451203768
-0.2964588559313768 | -0.6134331294497528 | 0.3312770451203768 | -0.6352127115708381 | -0.22392292781839473:-0.30132657655938644 | -0.6045322110411817 | 0.34835977259342243
-0.30132657655938644 | -0.6045322110411817 | 0.34835977259342243 | -0.6352127115708381 | -0.22392292781839473:-0.3063853053042962 | -0.5950381372220193 | 0.36513391031126474
-0.3063853053042962 | -0.5950381372220193 | 0.36513391031126474 | -0.6352127115708381 | -0.22392292781839473:-0.3116317368087316 | -0.5849603840212794 | 0.3815764850323653
-0.3116317368087316 | -0.5849603840212794 | 0.3815764850323653 | -0.6352127115708381 | -0.22392292781839473:-0.3170622841697366 | -0.5743092271251911 | 0.3976648737366588
-0.3170622841697366 | -0.5743092271251911 | 0.3976648737366588 | -0.6352127115708381 | -0.22392292781839473:-0.32267308346055046 | -0.563095729588106 | 0.41337683464417907
-0.32267308346055046 | -0.563095729588106 | 0.41337683464417907 | -0.6352127115708381 | -0.22392292781839473:-0.3284599986211312 | -0.551331728488698 | 0.4286905377196746
-0.3284599986211312 | -0.551331728488698 | 0.4286905377196746 | -0.6352127115708381 | -0.22392292781839473:-0.3344186267104128 | -0.539029820550617 | 0.44358459462376487
-0.3344186267104128 | -0.539029820550617 | 0.44358459462376487 | -0.6352127115708381 | -0.22392292781839473:-0.340544303512786 | -0.5262033467484883 | 0.4580380880720689
-0.340544303512786 | -0.5262033467484883 | 0.4580380880720689 | -0.6352127115708381 | -0.22392292781839473:-0.3468321094908191 | -0.5128663759210568 | 0.47203060056453694
-0.3468321094908191 | -0.5128663759210568 | 0.47203060056453694 | -0.6352127115708381 | -0.22392292781839473:-0.35327687607590974 | -0.4990336874146948 | 0.4855422424482434
-0.35327687607590974 | -0.4990336874146948 | 0.4855422424482434 | -0.6352127115708381 | -0.22392292781839473:-0.3598731922880667 | -0.4847207527815556 | 0.4985536792777445
-0.3598731922880667 | -0.4847207527815556 | 0.4985536792777445 | -0.6352127115708381 | -0.22392292781839473:-0.3666154116756317 | -0.46994371655794964 | 0.5110461584382051
-0.3666154116756317 | -0.46994371655794964 | 0.5110461584382051 | -0.6352127115708381 | -0.22392292781839473:-0.3734976595654018 | -0.4547193761493986 | 0.5230015349974799
-0.3734976595654018 | -0.4547193761493986 | 0.5230015349974799 | -0.6352127115708381 | -0.22392292781839473:-0.3805138406132045 | -0.4390651608501699 | 0.5344022967544433
-0.3805138406132045 | -0.4390651608501699 | 0.5344022967544433 | -0.6352127115708381 | -0.22392292781839473:-0.3876576466446302 | -0.4229991100259838 | 0.5452315884519905
-0.3876576466446302 | -0.4229991100259838 | 0.5452315884519905 | -0.7359454018282343 | -0.4364114393099001:-0.4008462698556592 | -0.403714896045102 | 0.5532861355556946
-0.4008462698556592 | -0.403714896045102 | 0.5532861355556946 | -0.7359454018282343 | -0.4364114393099001:-0.41421333692889206 | -0.3840831593183722 | 0.5603362964365353
-0.41421333692889206 | -0.3840831593183722 | 0.5603362964365353 | -0.7359454018282343 | -0.4364114393099001:-0.4277363566338046 | -0.3641417703416252 | 0.5663635113819225
-0.4277363566338046 | -0.3641417703416252 | 0.5663635113819225 | -0.7359454018282343 | -0.4364114393099001:-0.4413924116147214 | -0.34392935155347715 | 0.5713511826196296
-0.4413924116147214 | -0.34392935155347715 | 0.5713511826196296 | -0.7359454018282343 | -0.4364114393099001:-0.45515820385911 | -0.323485201402967 | 0.5752847134950656
-0.45515820385911 | -0.323485201402967 | 0.5752847134950656 | 0.38164822621242744 | -0.8571932261409525:-0.48030512707985906 | -0.3352304707461329 | 0.5503406643303137
-0.48030512707985906 | -0.3352304707461329 | 0.5503406643303137 | 0.38164822621242744 | -0.8571932261409525:-0.5043947670670406 | -0.3465148661003994 | 0.5240417665653894
-0.5043947670670406 | -0.3465148661003994 | 0.5240417665653894 | 0.38164822621242744 | -0.8571932261409525:-0.5273665056945163 | -0.35731091506008283 | 0.4964423042810395
-0.5273665056945163 | -0.35731091506008283 | 0.4964423042810395 | 0.38164822621242744 | -0.8571932261409525:-0.549162117776401 | -0.36759217894342555 | 0.46759983586902365
-0.549162117776401 | -0.36759217894342555 | 0.46759983586902365 | 0.38164822621242744 | -0.8571932261409525:-0.5697259174484337 | -0.3773333191788453 | 0.4375750664168834
-0.5697259174484337 | -0.3773333191788453 | 0.4375750664168834 | 0.38164822621242744 | -0.8571932261409525:-0.5890048987152525 | -0.3865101611686015 | 0.4064317122495851
-0.5890048987152525 | -0.3865101611686015 | 0.4064317122495851 | 0.38164822621242744 | -0.8571932261409525:-0.606948869818023 | -0.3950997554733391 | 0.3742363579486394
-0.606948869818023 | -0.3950997554733391 | 0.3742363579486394 | 0.38164822621242744 | -0.8571932261409525:-0.6235105810919279 | -0.4030804361669027 | 0.34105830618762667
-0.6235105810919279 | -0.4030804361669027 | 0.34105830618762667 | 0.38164822621242744 | -0.8571932261409525:-0.6386458459987665 | -0.41043187621805544 | 0.3069694207399394
-0.6386458459987665 | -0.41043187621805544 | 0.3069694207399394 | 0.38164822621242744 | -0.8571932261409525:-0.6523136550363731 | -0.41713513976260685 | 0.2720439630316207
-0.6523136550363731 | -0.41713513976260685 | 0.2720439630316207 | -0.48195475179199 | 0.9204593549529303:-0.6400437237135819 | -0.41135585441877254 | 0.3124093256603402
-0.6400437237135819 | -0.41135585441877254 | 0.3124093256603402 | -0.48195475179199 | 0.9204593549529303:-0.6258892378762511 | -0.40458015357569366 | 0.35209384010863687
-0.6258892378762511 | -0.40458015357569366 | 0.35209384010863687 | -0.48195475179199 | 0.9204593549529303:-0.609881648417641 | -0.396823152176907 | 0.3909840972219243
-0.609881648417641 | -0.396823152176907 | 0.3909840972219243 | -0.48195475179199 | 0.9204593549529303:-0.592057772540663 | -0.388102796540025 | 0.42896852024360044
-0.592057772540663 | -0.388102796540025 | 0.42896852024360044 | -0.48195475179199 | 0.9204593549529303:-0.5724597043132817 | -0.37843982145456323 | 0.465937690449735
-0.5724597043132817 | -0.37843982145456323 | 0.465937690449735 | -0.48195475179199 | 0.9204593549529303:-0.55113470975148 | -0.3678576991130029 | 0.5017846672643742
-0.55113470975148 | -0.3678576991130029 | 0.5017846672643742 | -0.48195475179199 | 0.9204593549529303:-0.5281351067133571 | -0.3563825800120668 | 0.5364053019169575
-0.5281351067133571 | -0.3563825800120668 | 0.5364053019169575 | -0.48195475179199 | 0.9204593549529303:-0.5035181299322744 | -0.34404322598473414 | 0.5696985437213087
-0.5035181299322744 | -0.34404322598473414 | 0.5696985437213087 | -0.48195475179199 | 0.9204593549529303:-0.47734578156067187 | -0.3308709355470256 | 0.6015667380766558
-0.47734578156067187 | -0.3308709355470256 | 0.6015667380766558 | -0.48195475179199 | 0.9204593549529303:-0.44968466763810966 | -0.3168994617651606 | 0.6319159153149485
-0.44968466763810966 | -0.3168994617651606 | 0.6319159153149485 | -0.48195475179199 | 0.9204593549529303:-0.42060582093863275 | -0.30216492287122776 | 0.6606560695444799
-0.42060582093863275 | -0.30216492287122776 | 0.6606560695444799 | -0.48195475179199 | 0.9204593549529303:-0.3901845106920092 | -0.2867057058765994 | 0.6877014266686103
-0.3901845106920092 | -0.2867057058765994 | 0.6877014266686103 | -0.48195475179199 | 0.9204593549529303:-0.3585000397120268 | -0.27056236345231355 | 0.7129707007893771
-0.3585000397120268 | -0.27056236345231355 | 0.7129707007893771 | -0.48195475179199 | 0.9204593549529303:-0.3256355295016107 | -0.2537775043659565 | 0.7363873382387851
-0.3256355295016107 | -0.2537775043659565 | 0.7363873382387851 | -0.48195475179199 | 0.9204593549529303:-0.29167769393991705 | -0.23639567778290882 | 0.7578797485161317
-0.29167769393991705 | -0.23639567778290882 | 0.7578797485161317 | -0.48195475179199 | 0.9204593549529303:-0.25671660218967673 | -0.21846325175805248 | 0.7773815214471753
-0.25671660218967673 | -0.21846325175805248 | 0.7773815214471753 | -0.48195475179199 | 0.9204593549529303:-0.2208454314948156 | -0.2000282862608458 | 0.7948316299205018
-0.2208454314948156 | -0.2000282862608458 | 0.7948316299205018 | -0.48195475179199 | 0.9204593549529303:-0.18416021056800957 | -0.1811404010928328 | 0.810174617597518
-0.18416021056800957 | -0.1811404010928328 | 0.810174617597518 | -0.48195475179199 | 0.9204593549529303:-0.14675955429510168 | -0.16185063907140318 | 0.8233607710358584
-0.14675955429510168 | -0.16185063907140318 | 0.8233607710358584 | -0.48195475179199 | 0.9204593549529303:-0.10874439050927265 | -0.14221132486773058 | 0.8343462757105158
-0.10874439050927265 | -0.14221132486773058 | 0.8343462757105158 | -0.48195475179199 | 0.9204593549529303:-0.07021767961062864 | -0.12227591989937991 | 0.8430933554630471
-0.07021767961062864 | -0.12227591989937991 | 0.8430933554630471 | -0.48195475179199 | 0.9204593549529303:-0.031284127828456576 | -0.1020988736897408 | 0.8495703949569773
-0.031284127828456576 | -0.1020988736897408 | 0.8495703949569773 | -0.48195475179199 | 0.9204593549529303:0.007950105058348811 | -0.0817354721170318 | 0.8537520447659546
0.007950105058348811 | -0.0817354721170318 | 0.8537520447659546 | -0.48195475179199 | 0.9204593549529303:0.0473777027102571 | -0.061241682984388035 | 0.8556193087711321
0.0473777027102571 | -0.061241682984388035 | 0.8556193087711321 | -0.48195475179199 | 0.9204593549529303:0.08689049307947982 | -0.04067399935097171 | 0.8551596135949922
0.08689049307947982 | -0.04067399935097171 | 0.8551596135949922 | -0.8565123814920603 | 0.7290676766455797:0.1182255259239966 | -0.004031684041407857 | 0.8537629385911245
0.1182255259239966 | -0.004031684041407857 | 0.8537629385911245 | -0.8565123814920603 | 0.7290676766455797:0.14947948532904576 | 0.032575867238051615 | 0.8496361443473361
0.14947948532904576 | 0.032575867238051615 | 0.8496361443473361 | -0.8565123814920603 | 0.7290676766455797:0.1805516560503193 | 0.06903020550781491 | 0.8427840426990443
0.1805516560503193 | 0.06903020550781491 | 0.8427840426990443 | -0.8565123814920603 | 0.7290676766455797:0.21134162509527954 | 0.1052130465946135 | 0.8332203405387446
