0.0 | 0.0 | 0.0 | 0.6847598389935317 | -0.04252612083447982:-2.1250582915723935E-5 | -3.42313031505892E-4 | 0.009994116779445145
-2.1250582915723935E-5 | -3.42313031505892E-4 | 0.009994116779445145 | 0.6847598389935317 | -0.04252612083447982:-8.450276290224456E-5 | -0.0013616058709908785 | 0.019853183340087937
-8.450276290224456E-5 | -0.0013616058709908785 | 0.019853183340087937 | 0.6847598389935317 | -0.04252612083447982:-1.8894110207979316E-4 | -0.0030453349044110567 | 0.0295438595579508
-1.8894110207979316E-4 | -0.0030453349044110567 | 0.0295438595579508 | 0.6847598389935317 | -0.04252612083447982:-3.336641945702955E-4 | -0.005379558006910701 | 0.03903361950646706
-3.336641945702955E-4 | -0.005379558006910701 | 0.03903361950646706 | 0.6847598389935317 | -0.04252612083447982:-5.176874427953802E-4 | -0.008348978350331215 | 0.04829080418694394
-5.176874427953802E-4 | -0.008348978350331215 | 0.04829080418694394 | 0.32954703372863015 | 0.30485526920512274:2.581906833463621E-4 | -0.010917722741031977 | 0.05749182186929083
2.581906833463621E-4 | -0.010917722741031977 | 0.05749182186929083 | 0.32954703372863015 | 0.30485526920512274:0.001313654480708737 | -0.01377213832769697 | 0.06651104774987693
0.001313654480708737 | -0.01377213832769697 | 0.06651104774987693 | 0.32954703372863015 | 0.30485526920512274:0.002642487781858114 | -0.016905784428929316 | 0.07533653794939577
0.002642487781858114 | -0.016905784428929316 | 0.07533653794939577 | 0.32954703372863015 | 0.30485526920512274:0.004238283785934676 | -0.020312009675082177 | 0.08395668940778378
0.004238283785934676 | -0.020312009675082177 | 0.08395668940778378 | 0.32954703372863015 | 0.30485526920512274:0.006094452508560173 | -0.02398396003604608 | 0.09236024517741465
0.006094452508560173 | -0.02398396003604608 | 0.09236024517741465 | 0.5839985199568871 | -0.315391928808028:0.005088643729707784 | -0.02919281611095692 | 0.1003791124393768
0.005088643729707784 | -0.02919281611095692 | 0.1003791124393768 | 0.5839985199568871 | -0.315391928808028:0.0038203109363381116 | -0.03485798342725199 | 0.10806814327402658
0.0038203109363381116 | -0.03485798342725199 | 0.10806814327402658 | 0.5839985199568871 | -0.315391928808028:0.0022988594504794596 | -0.04096274633449659 | 0.11540306956568347
0.0022988594504794596 | -0.04096274633449659 | 0.11540306956568347 | 0.5839985199568871 | -0.315391928808028:5.341340481264077E-4 | -0.047489557585753905 | 0.12236060757778255
5.341340481264077E-4 | -0.047489557585753905 | 0.12236060757778255 | 0.5839985199568871 | -0.315391928808028:-0.0014636029431790328 | -0.05442007846396746 | 0.12891848987675802
-0.0014636029431790328 | -0.05442007846396746 | 0.12891848987675802 | -0.8448377685637454 | 0.2416106485761942:1.2763250294295717E-4 | -0.05193438873403711 | 0.13916751325244148
1.2763250294295717E-4 | -0.05193438873403711 | 0.13916751325244148 | -0.8448377685637454 | 0.2416106485761942:0.0019389088473588771 | -0.04864850923840658 | 0.14931980339459638
0.0019389088473588771 | -0.04864850923840658 | 0.14931980339459638 | -0.8448377685637454 | 0.2416106485761942:0.003967909510417967 | -0.04456970005721517 | 0.15932197802037718
0.003967909510417967 | -0.04456970005721517 | 0.15932197802037718 | -0.8448377685637454 | 0.2416106485761942:0.00621148256384443 | -0.03970815421540119 | 0.16912133902136284
0.00621148256384443 | -0.03970815421540119 | 0.16912133902136284 | -0.8448377685637454 | 0.2416106485761942:0.008665656416946707 | -0.0340769462546604 | 0.1786660334479926
0.008665656416946707 | -0.0340769462546604 | 0.1786660334479926 | -0.28614154343268283 | -0.9451997592600645:2.0187908828863538E-4 | -0.032933021459192746 | 0.18740026540543875
2.0187908828863538E-4 | -0.032933021459192746 | 0.18740026540543875 | -0.28614154343268283 | -0.9451997592600645:-0.009042024862323833 | -0.03153586064633607 | 0.19563781405012293
-0.009042024862323833 | -0.03153586064633607 | 0.19563781405012293 | -0.28614154343268283 | -0.9451997592600645:-0.019034003812672395 | -0.02989488175178945 | 0.20332010884274876
-0.019034003812672395 | -0.02989488175178945 | 0.20332010884274876 | -0.28614154343268283 | -0.9451997592600645:-0.02973849230950782 | -0.02802058148391895 | 0.21039089432841607
-0.02973849230950782 | -0.02802058148391895 | 0.21039089432841607 | -0.28614154343268283 | -0.9451997592600645:-0.04111656182809705 | -0.02592449122385787 | 0.2167964424003852
-0.04111656182809705 | -0.02592449122385787 | 0.2167964424003852 | -0.28614154343268283 | -0.9451997592600645:-0.05312608251953591 | -0.023619129526292193 | 0.22248575430291462
-0.05312608251953591 | -0.023619129526292193 | 0.22248575430291462 | -0.28614154343268283 | -0.9451997592600645:-0.06572189532823189 | -0.02111795140364703 | 0.22741075178381642
-0.06572189532823189 | -0.02111795140364703 | 0.22741075178381642 | -0.28614154343268283 | -0.9451997592600645:-0.07885599383467412 | -0.01843529458493287 | 0.23152645684631112
-0.07885599383467412 | -0.01843529458493287 | 0.23152645684631112 | -0.28614154343268283 | -0.9451997592600645:-0.09247771515349767 | -0.015586322948397457 | 0.2347911595899812
-0.09247771515349767 | -0.015586322948397457 | 0.2347911595899812 | -0.28614154343268283 | -0.9451997592600645:-0.1065339391939727 | -0.012586967334345722 | 0.23716657367204919
-0.1065339391939727 | -0.012586967334345722 | 0.23716657367204919 | -0.8067961213978048 | -0.22303481364171818:-0.11227806107242455 | -0.0030976630838399632 | 0.24299285459376385
-0.11227806107242455 | -0.0030976630838399632 | 0.24299285459376385 | -0.8067961213978048 | -0.22303481364171818:-0.11812536605880253 | 0.006887889250444035 | 0.24826351017618897
-0.11812536605880253 | 0.006887889250444035 | 0.24826351017618897 | -0.8067961213978048 | -0.22303481364171818:-0.12406773723840026 | 0.017339827325470125 | 0.25294777957538894
-0.12406773723840026 | 0.017339827325470125 | 0.25294777957538894 | -0.8067961213978048 | -0.22303481364171818:-0.13009663784082892 | 0.028226746086162047 | 0.25701663345080394
-0.13009663784082892 | 0.028226746086162047 | 0.25701663345080394 | -0.8067961213978048 | -0.22303481364171818:-0.13620313683507856 | 0.039515788739488134 | 0.2604428489278394
-0.13620313683507856 | 0.039515788739488134 | 0.2604428489278394 | -0.8067961213978048 | -0.22303481364171818:-0.14237793535805032 | 0.05117274084545631 | 0.2632010795809139
-0.14237793535805032 | 0.05117274084545631 | 0.2632010795809139 | -0.8067961213978048 | -0.22303481364171818:-0.14861139390855138 | 0.06316212728153303 | 0.2652679203095998
-0.14861139390855138 | 0.06316212728153303 | 0.2652679203095998 | -0.8067961213978048 | -0.22303481364171818:-0.15489356023760403 | 0.07544731183261866 | 0.26662196699291396
-0.15489356023760403 | 0.07544731183261866 | 0.26662196699291396 | -0.8067961213978048 | -0.22303481364171818:-0.16121419786493196 | 0.08799059915491281 | 0.2672438708192839
-0.16121419786493196 | 0.08799059915491281 | 0.2672438708192839 | -0.8067961213978048 | -0.22303481364171818:-0.1675628151506685 | 0.10075333885875137 | 0.2671163872023703
-0.1675628151506685 | 0.10075333885875137 | 0.2671163872023703 | -0.8067961213978048 | -0.22303481364171818:-0.17392869485065954 | 0.11369603145283125 | 0.26622441920561446
-0.17392869485065954 | 0.11369603145283125 | 0.26622441920561446 | -0.8067961213978048 | -0.22303481364171818:-0.1803009240832214 | 0.12677843589012805 | 0.2645550554111473
-0.1803009240832214 | 0.12677843589012805 | 0.2645550554111473 | -0.8067961213978048 | -0.22303481364171818:-0.1866684246348651 | 0.13995967845427804 | 0.2620976021814707
-0.1866684246348651 | 0.13995967845427804 | 0.2620976021814707 | -0.8067961213978048 | -0.22303481364171818:-0.193019983532293 | 0.15319836272422005 | 0.2588436102751297
-0.193019983532293 | 0.15319836272422005 | 0.2588436102751297 | -0.8067961213978048 | -0.22303481364171818:-0.19934428380794733 | 0.1664526803544908 | 0.2547868957903532
-0.19934428380794733 | 0.1664526803544908 | 0.2547868957903532 | -0.8067961213978048 | -0.22303481364171818:-0.2056299353864781 | 0.17968052240870924 | 0.2499235554233472
-0.2056299353864781 | 0.17968052240870924 | 0.2499235554233472 | -0.8067961213978048 | -0.22303481364171818:-0.21186550601979315 | 0.19283959098449577 | 0.24425197604059612
-0.21186550601979315 | 0.19283959098449577 | 0.24425197604059612 | -0.8067961213978048 | -0.22303481364171818:-0.21803955219873883 | 0.20588751086932192 | 0.23777283857703857
-0.21803955219873883 | 0.20588751086932192 | 0.23777283857703857 | -0.8067961213978048 | -0.22303481364171818:-0.22414064997004823 | 0.21878194096857595 | 0.23048911628440472
-0.22414064997004823 | 0.21878194096857595 | 0.23048911628440472 | -0.8067961213978048 | -0.22303481364171818:-0.23015742558789132 | 0.23148068524945684 | 0.22240606736632174
-0.23015742558789132 | 0.23148068524945684 | 0.22240606736632174 | -0.8067961213978048 | -0.22303481364171818:-0.2360785859302208 | 0.24394180294715406 | 0.21353122204878794
-0.2360785859302208 | 0.24394180294715406 | 0.21353122204878794 | -0.8067961213978048 | -0.22303481364171818:-0.24189294861109722 | 0.2561237177831326 | 0.20387436414664428
-0.24189294861109722 | 0.2561237177831326 | 0.20387436414664428 | -0.8067961213978048 | -0.22303481364171818:-0.24758947172131762 | 0.2679853259492009 | 0.19344750719822734
-0.24758947172131762 | 0.2679853259492009 | 0.19344750719822734 | -0.8067961213978048 | -0.22303481364171818:-0.25315728313093633 | 0.27948610261539586 | 0.1822648652519252
-0.25315728313093633 | 0.27948610261539586 | 0.1822648652519252 | -0.8067961213978048 | -0.22303481364171818:-0.2585857092886519 | 0.29058620672454394 | 0.17034281839949195
-0.2585857092886519 | 0.29058620672454394 | 0.17034281839949195 | -0.8067961213978048 | -0.22303481364171818:-0.26386430345458134 | 0.3012465838416505 | 0.15769987316187617
-0.26386430345458134 | 0.3012465838416505 | 0.15769987316187617 | -0.8067961213978048 | -0.22303481364171818:-0.2689828733045596 | 0.3114290668320119 | 0.14435661784391485
-0.2689828733045596 | 0.3114290668320119 | 0.14435661784391485 | -0.8067961213978048 | -0.22303481364171818:-0.27393150784589615 | 0.32109647414812237 | 0.13033567298454152
-0.27393150784589615 | 0.32109647414812237 | 0.13033567298454152 | -0.8067961213978048 | -0.22303481364171818:-0.27870060358637083 | 0.3302127055120274 | 0.11566163703905374
-0.27870060358637083 | 0.3302127055120274 | 0.11566163703905374 | -0.8067961213978048 | -0.22303481364171818:-0.283280889900265 | 0.33874283478679734 | 0.1003610274395772
-0.283280889900265 | 0.33874283478679734 | 0.1003610274395772 | -0.8067961213978048 | -0.22303481364171818:-0.28766345353728084 | 0.34665319983813436 | 0.08446221718908475
-0.28766345353728084 | 0.34665319983813436 | 0.08446221718908475 | -0.8067961213978048 | -0.22303481364171818:-0.29183976222243313 | 0.3539114891949131 | 0.06799536715311483
-0.29183976222243313 | 0.3539114891949131 | 0.06799536715311483 | -0.8067961213978048 | -0.22303481364171818:-0.29580168729724576 | 0.36048682532550824 | 0.05099235422174608
-0.29580168729724576 | 0.36048682532550824 | 0.05099235422174608 | -0.8067961213978048 | -0.22303481364171818:-0.2995415253549698 | 0.36634984435521734 | 0.033486695522405796
-0.2995415253549698 | 0.36634984435521734 | 0.033486695522405796 | -0.8067961213978048 | -0.22303481364171818:-0.30305201882500477 | 0.37147277205878826 | 0.01551346887157834
-0.30305201882500477 | 0.37147277205878826 | 0.01551346887157834 | -0.8067961213978048 | -0.22303481364171818:-0.3063263754642289 | 0.37582949597110193 | -0.0028907703393024065
-0.3063263754642289 | 0.37582949597110193 | -0.0028907703393024065 | -0.8067961213978048 | -0.22303481364171818:-0.309358286715538 | 0.37939563346833527 | -0.02168807562195063
-0.309358286715538 | 0.37939563346833527 | -0.02168807562195063 | -0.8067961213978048 | -0.22303481364171818:-0.31214194489658276 | 0.3821485956814836 | -0.04083919902518218
-0.31214194489658276 | 0.3821485956814836 | -0.04083919902518218 | -0.8067961213978048 | -0.22303481364171818:-0.3146720591844261 | 0.38406764711385666 | -0.060303683710984046
-0.3146720591844261 | 0.38406764711385666 | -0.060303683710984046 | -0.8067961213978048 | -0.22303481364171818:-0.31694387036459126 | 0.3851339608441595 | -0.08003995925360385
-0.31694387036459126 | 0.3851339608441595 | -0.08003995925360385 | -0.5341212760564309 | -0.19269445123076112:-0.31915520732185776 | 0.38660968758834 | -0.09425941161450524
-0.31915520732185776 | 0.38660968758834 | -0.09425941161450524 | -0.5341212760564309 | -0.19269445123076112:-0.3211883365184498 | 0.3876421878007701 | -0.10865300462310401
-0.3211883365184498 | 0.3876421878007701 | -0.10865300462310401 | -0.5341212760564309 | -0.19269445123076112:-0.32304099257996555 | 0.3882244715806573 | -0.12320382280819508
-0.32304099257996555 | 0.3882244715806573 | -0.12320382280819508 | -0.5341212760564309 | -0.19269445123076112:-0.32471111412713327 | 0.3883501161378291 | -0.13789471048819735
-0.32471111412713327 | 0.3883501161378291 | -0.13789471048819735 | -0.5341212760564309 | -0.19269445123076112:-0.3261968458792648 | 0.38801327185503354 | -0.1527082927359622
-0.3261968458792648 | 0.38801327185503354 | -0.1527082927359622 | 0.6718069714199388 | 0.8764316362151985:-0.3349499200983246 | 0.396415578861399 | -0.1262797932977744
-0.3349499200983246 | 0.396415578861399 | -0.1262797932977744 | 0.6718069714199388 | 0.8764316362151985:-0.34253593717569686 | 0.4039256853822337 | -0.09896939337233235
-0.34253593717569686 | 0.4039256853822337 | -0.09896939337233235 | 0.6718069714199388 | 0.8764316362151985:-0.34890746821418794 | 0.41050593748839503 | -0.0708619796369856
-0.34890746821418794 | 0.41050593748839503 | -0.0708619796369856 | 0.6718069714199388 | 0.8764316362151985:-0.3540211450454809 | 0.41612172602008 | -0.04204639352008144
-0.3540211450454809 | 0.41612172602008 | -0.04204639352008144 | 0.6718069714199388 | 0.8764316362151985:-0.3578378542921232 | 0.42074164056518093 | -0.012615120292618798
-0.3578378542921232 | 0.42074164056518093 | -0.012615120292618798 | 0.6718069714199388 | 0.8764316362151985:-0.36032291597370936 | 0.4243376118419153 | 0.01733603677847917
-0.36032291597370936 | 0.4243376118419153 | 0.01733603677847917 | 0.6718069714199388 | 0.8764316362151985:-0.36144624597667985 | 0.42688504194388166 | 0.04770829600899518
-0.36144624597667985 | 0.42688504194388166 | 0.04770829600899518 | 0.6718069714199388 | 0.8764316362151985:-0.36118250176732225 | 0.4283629219508853 | 0.07840024935261702
-0.36118250176732225 | 0.4283629219508853 | 0.07840024935261702 | 0.6718069714199388 | 0.8764316362151985:-0.35951121078960924 | 0.4287539364557418 | 0.10930822563309128
-0.35951121078960924 | 0.4287539364557418 | 0.10930822563309128 | 0.6718069714199388 | 0.8764316362151985:-0.35641688105354774 | 0.4280445546056999 | 0.1403266636143332
-0.35641688105354774 | 0.4280445546056999 | 0.1403266636143332 | -0.10696911808586673 | 0.10200644061659281:-0.35834372710015927 | 0.43196593059743194 | 0.14088751009329847
-0.35834372710015927 | 0.43196593059743194 | 0.14088751009329847 | -0.10696911808586673 | 0.10200644061659281:-0.36023625952075555 | 0.43586392198584534 | 0.14142329174303647
-0.36023625952075555 | 0.43586392198584534 | 0.14142329174303647 | -0.10696911808586673 | 0.10200644061659281:-0.36209499121078714 | 0.43973858508105224 | 0.14193407889856857
-0.36209499121078714 | 0.43973858508105224 | 0.14193407889856857 | -0.10696911808586673 | 0.10200644061659281:-0.3639204302456651 | 0.4435899752987513 | 0.14241994394764212
-0.3639204302456651 | 0.4435899752987513 | 0.14241994394764212 | -0.10696911808586673 | 0.10200644061659281:-0.3657130799162367 | 0.447418147182546 | 0.14288096129771688
-0.3657130799162367 | 0.447418147182546 | 0.14288096129771688 | -0.10696911808586673 | 0.10200644061659281:-0.3674734387640157 | 0.45122315442592686 | 0.14331720734329956
-0.3674734387640157 | 0.45122315442592686 | 0.14331720734329956 | -0.10696911808586673 | 0.10200644061659281:-0.3692020006162089 | 0.4550050498938827 | 0.14372876043364968
-0.3692020006162089 | 0.4550050498938827 | 0.14372876043364968 | -0.10696911808586673 | 0.10200644061659281:-0.37089925462051454 | 0.45876388564416715 | 0.14411570084084602
-0.37089925462051454 | 0.45876388564416715 | 0.14411570084084602 | -0.10696911808586673 | 0.10200644061659281:-0.3725656852796888 | 0.46249971294821535 | 0.14447811072819583
-0.3725656852796888 | 0.46249971294821535 | 0.14447811072819583 | -0.10696911808586673 | 0.10200644061659281:-0.37420177248590036 | 0.4662125823117371 | 0.14481607411902075
-0.37420177248590036 | 0.4662125823117371 | 0.14481607411902075 | -0.17617049960668818 | -0.2262856903378021:-0.37812109842461084 | 0.47039524979942016 | 0.13731501701922433
-0.37812109842461084 | 0.47039524979942016 | 0.13731501701922433 | -0.17617049960668818 | -0.2262856903378021:-0.38194050561351034 | 0.4744897649692632 | 0.12967307756890278
-0.38194050561351034 | 0.4744897649692632 | 0.12967307756890278 | -0.17617049960668818 | -0.2262856903378021:-0.38565788500142517 | 0.47849458299403835 | 0.12189314028393561
-0.38565788500142517 | 0.47849458299403835 | 0.12189314028393561 | -0.17617049960668818 | -0.2262856903378021:-0.3892711766151109 | 0.4824081959979196 | 0.11397812574290356
-0.3892711766151109 | 0.4824081959979196 | 0.11397812574290356 | -0.17617049960668818 | -0.2262856903378021:-0.39277836978432745 | 0.4862291332477575 | 0.10593098943276757
-0.39277836978432745 | 0.4862291332477575 | 0.10593098943276757 | -0.17617049960668818 | -0.2262856903378021:-0.3961775033525292 | 0.4899559613330631 | 0.09775472059623347
-0.3961775033525292 | 0.4899559613330631 | 0.09775472059623347 | -0.17617049960668818 | -0.2262856903378021:-0.39946666587335855 | 0.4935872843348186 | 0.08945234108101552
-0.39946666587335855 | 0.4935872843348186 | 0.08945234108101552 | -0.17617049960668818 | -0.2262856903378021:-0.4026439957929995 | 0.4971217439831612 | 0.08102690419122816
-0.4026439957929995 | 0.4971217439831612 | 0.08102690419122816 | -0.17617049960668818 | -0.2262856903378021:-0.40570768161848747 | 0.5005580198040178 | 0.07248149354111888
-0.40570768161848747 | 0.5005580198040178 | 0.07248149354111888 | -0.17617049960668818 | -0.2262856903378021:-0.4086559620721175 | 0.5038948292547829 | 0.0638192219113769
-0.4086559620721175 | 0.5038948292547829 | 0.0638192219113769 | 0.8304879295810816 | 0.2782139546053015:-0.40961403844754685 | 0.5034853101037129 | 0.0908409171737592
-0.40961403844754685 | 0.5034853101037129 | 0.0908409171737592 | 0.8304879295810816 | 0.2782139546053015:-0.4101665727759922 | 0.5019055547177977 | 0.11796760242345705
-0.4101665727759922 | 0.5019055547177977 | 0.11796760242345705 | 0.8304879295810816 | 0.2782139546053015:-0.4103113014553479 | 0.4991472133437753 | 0.14514106530522675
-0.4103113014553479 | 0.4991472133437753 | 0.14514106530522675 | 0.8304879295810816 | 0.2782139546053015:-0.4100468467762184 | 0.49520457434053 | 0.17230258745836657
-0.4100468467762184 | 0.49520457434053 | 0.17230258745836657 | 0.8304879295810816 | 0.2782139546053015:-0.409372724026106 | 0.49007458813503746 | 0.19939307863875655
-0.409372724026106 | 0.49007458813503746 | 0.19939307863875655 | 0.154359265068033 | -0.4121111674419735:-0.4155179777026454 | 0.49093850767814473 | 0.1956550095236338
-0.4155179777026454 | 0.49093850767814473 | 0.1956550095236338 | 0.154359265068033 | -0.4121111674419735:-0.4215841884128402 | 0.4917996449362434 | 0.19176476068970771
-0.4215841884128402 | 0.4917996449362434 | 0.19176476068970771 | 0.154359265068033 | -0.4121111674419735:-0.4275675650149644 | 0.4926597446578036 | 0.18772409145572588
-0.4275675650149644 | 0.4926597446578036 | 0.18772409145572588 | 0.154359265068033 | -0.4121111674419735:-0.4334643630017787 | 0.49352053136140484 | 0.18353486917343176
-0.4334643630017787 | 0.49352053136140484 | 0.18353486917343176 | 0.154359265068033 | -0.4121111674419735:-0.43927088696160865 | 0.49438370843975576 | 0.1791990676713766
-0.43927088696160865 | 0.49438370843975576 | 0.1791990676713766 | 0.154359265068033 | -0.4121111674419735:-0.4449834929957106 | 0.4952509572795165 | 0.17471876564017208
-0.4449834929957106 | 0.4952509572795165 | 0.17471876564017208 | 0.154359265068033 | -0.4121111674419735:-0.4505985910908379 | 0.4961239363973995 | 0.17009614496048364
-0.4505985910908379 | 0.4961239363973995 | 0.17009614496048364 | 0.154359265068033 | -0.4121111674419735:-0.4561126474459236 | 0.4970042805928898 | 0.16533348897509015
-0.4561126474459236 | 0.4970042805928898 | 0.16533348897509015 | 0.154359265068033 | -0.4121111674419735:-0.46152218675182155 | 0.4978936001180543 | 0.16043318070635237
-0.46152218675182155 | 0.4978936001180543 | 0.16043318070635237 | 0.154359265068033 | -0.4121111674419735:-0.46682379442312794 | 0.49879347986477995 | 0.1553977010204548
-0.46682379442312794 | 0.49879347986477995 | 0.1553977010204548 | 0.7667562181322878 | -0.1739284882069254:-0.47032397322141506 | 0.49457518349517215 | 0.1710630950137233
-0.47032397322141506 | 0.49457518349517215 | 0.1710630950137233 | 0.7667562181322878 | -0.1739284882069254:-0.4739456141794065 | 0.48970936383310715 | 0.18657905624993454
-0.4739456141794065 | 0.48970936383310715 | 0.18657905624993454 | 0.7667562181322878 | -0.1739284882069254:-0.4776877848516179 | 0.4842006838856179 | 0.20191744509774345
-0.4776877848516179 | 0.4842006838856179 | 0.20191744509774345 | 0.7667562181322878 | -0.1739284882069254:-0.48154928296966304 | 0.47805498865967877 | 0.21705029263225306
-0.48154928296966304 | 0.47805498865967877 | 0.21705029263225306 | 0.7667562181322878 | -0.1739284882069254:-0.48552863830920856 | 0.47127929804089064 | 0.23194985284644432
-0.48552863830920856 | 0.47127929804089064 | 0.23194985284644432 | 0.05210810457468695 | -0.7840247785570322:-0.49626154387628674 | 0.47254679710416525 | 0.2148210074125707
-0.49626154387628674 | 0.47254679710416525 | 0.2148210074125707 | 0.05210810457468695 | -0.7840247785570322:-0.5063270977335321 | 0.4738379821571428 | 0.19720737003921585
-0.5063270977335321 | 0.4738379821571428 | 0.19720737003921585 | 0.05210810457468695 | -0.7840247785570322:-0.515703553496067 | 0.47515453372650285 | 0.17913587719623436
-0.515703553496067 | 0.47515453372650285 | 0.17913587719623436 | 0.05210810457468695 | -0.7840247785570322:-0.524370285909761 | 0.47649805708271487 | 0.160634425120314
-0.524370285909761 | 0.47649805708271487 | 0.160634425120314 | 0.05210810457468695 | -0.7840247785570322:-0.5323078318808996 | 0.4778700794708257 | 0.14173182170815224
-0.5323078318808996 | 0.4778700794708257 | 0.14173182170815224 | 0.05210810457468695 | -0.7840247785570322:-0.5394979294170241 | 0.47927204747760044 | 0.12245773669941329
-0.5394979294170241 | 0.47927204747760044 | 0.12245773669941329 | 0.05210810457468695 | -0.7840247785570322:-0.5459235544105638 | 0.48070532453976256 | 0.1028426502411044
-0.5459235544105638 | 0.48070532453976256 | 0.1028426502411044 | 0.05210810457468695 | -0.7840247785570322:-0.5515689552002527 | 0.4821711885976896 | 0.08291779992767445
-0.5515689552002527 | 0.4821711885976896 | 0.08291779992767445 | 0.05210810457468695 | -0.7840247785570322:-0.5564196848500202 | 0.48367082989874177 | 0.06271512641365362
-0.5564196848500202 | 0.48367082989874177 | 0.06271512641365362 | 0.05210810457468695 | -0.7840247785570322:-0.5604626310886971 | 0.4852053489541319 | 0.042267217697990134
-0.5604626310886971 | 0.4852053489541319 | 0.042267217697990134 | -0.3658192476707074 | 0.20028393037463244:-0.5620424811616545 | 0.4875822137609518 | 0.03913181441301816
-0.5620424811616545 | 0.4875822137609518 | 0.03913181441301816 | -0.3658192476707074 | 0.20028393037463244:-0.5636335260174619 | 0.489886654584609 | 0.03595680888560082
-0.5636335260174619 | 0.489886654584609 | 0.03595680888560082 | -0.3658192476707074 | 0.20028393037463244:-0.5652364774724887 | 0.4921178796836969 | 0.03274383748190601
-0.5652364774724887 | 0.4921178796836969 | 0.03274383748190601 | -0.3658192476707074 | 0.20028393037463244:-0.566852025562369 | 0.49427513164683745 | 0.0294945605716741
-0.566852025562369 | 0.49427513164683745 | 0.0294945605716741 | -0.3658192476707074 | 0.20028393037463244:-0.5684808383349491 | 0.496357687832365 | 0.026210661519940004
-0.5684808383349491 | 0.496357687832365 | 0.026210661519940004 | 0.7943869774015369 | 0.599508927850662:-0.5686879055039213 | 0.49653028905127883 | 0.06312112466176245
-0.5686879055039213 | 0.49653028905127883 | 0.06312112466176245 | 0.7943869774015369 | 0.599508927850662:-0.5677621666398878 | 0.495211757726139 | 0.10011427585938648
-0.5677621666398878 | 0.495211757726139 | 0.10011427585938648 | 0.7943869774015369 | 0.599508927850662:-0.5657003235235081 | 0.4923957263786676 | 0.13709378222104363
-0.5657003235235081 | 0.4923957263786676 | 0.13709378222104363 | 0.7943869774015369 | 0.599508927850662:-0.5625021011110576 | 0.48807982540945716 | 0.1739628536910267
-0.5625021011110576 | 0.48807982540945716 | 0.1739628536910267 | 0.7943869774015369 | 0.599508927850662:-0.5581702602271648 | 0.4822657051289241 | 0.21062450584511083
-0.5581702602271648 | 0.4822657051289241 | 0.21062450584511083 | -0.1567845731622426 | 0.9074265438367344:-0.5498786831045663 | 0.4853708909972667 | 0.23264492027649197
-0.5498786831045663 | 0.4853708909972667 | 0.23264492027649197 | -0.1567845731622426 | 0.9074265438367344:-0.5405485886801813 | 0.48863933321434416 | 0.2542971647003256
-0.5405485886801813 | 0.48863933321434416 | 0.2542971647003256 | -0.1567845731622426 | 0.9074265438367344:-0.5301958488181242 | 0.49206866475013555 | 0.2755304864952244
-0.5301958488181242 | 0.49206866475013555 | 0.2755304864952244 | -0.1567845731622426 | 0.9074265438367344:-0.5188387657625597 | 0.49565609410079503 | 0.2962948639982912
-0.5188387657625597 | 0.49565609410079503 | 0.2962948639982912 | -0.1567845731622426 | 0.9074265438367344:-0.5064980374686314 | 0.4993984108241776 | 0.3165411267122735
-0.5064980374686314 | 0.4993984108241776 | 0.3165411267122735 | 0.1886027652555815 | 0.4350691536401503:-0.500811227532111 | 0.4978031684857882 | 0.33312244200836716
-0.500811227532111 | 0.4978031684857882 | 0.33312244200836716 | 0.1886027652555815 | 0.4350691536401503:-0.4947302638662521 | 0.496028632839284 | 0.34959441535087166
-0.4947302638662521 | 0.496028632839284 | 0.34959441535087166 | 0.1886027652555815 | 0.4350691536401503:-0.4882572860509171 | 0.49407575605336973 | 0.3659454915193372
-0.4882572860509171 | 0.49407575605336973 | 0.3659454915193372 | 0.1886027652555815 | 0.4350691536401503:-0.4813947165594854 | 0.49194561243550083 | 0.3821641788947794
-0.4813947165594854 | 0.49194561243550083 | 0.3821641788947794 | 0.1886027652555815 | 0.4350691536401503:-0.4741452588465265 | 0.4896393976488298 | 0.3982390575150454
-0.4741452588465265 | 0.4896393976488298 | 0.3982390575150454 | 0.1886027652555815 | 0.4350691536401503:-0.4665118952487717 | 0.4871584278477812 | 0.41415878705996434
-0.4665118952487717 | 0.4871584278477812 | 0.41415878705996434 | 0.1886027652555815 | 0.4350691536401503:-0.45849788470158614 | 0.4845041387332216 | 0.42991211476138247
-0.45849788470158614 | 0.4845041387332216 | 0.42991211476138247 | 0.1886027652555815 | 0.4350691536401503:-0.4501067602731865 | 0.48167808452819116 | 0.44548788323319854
-0.4501067602731865 | 0.48167808452819116 | 0.44548788323319854 | 0.1886027652555815 | 0.4350691536401503:-0.44134232651884275 | 0.4786819368751054 | 0.46087503821663844
-0.44134232651884275 | 0.4786819368751054 | 0.46087503821663844 | 0.1886027652555815 | 0.4350691536401503:-0.43220865665760044 | 0.4755174836555227 | 0.4760626362360867
-0.43220865665760044 | 0.4755174836555227 | 0.4760626362360867 | -0.3724267819083378 | 0.07677919667662492:-0.43149009306954866 | 0.4855122993148697 | 0.4699556090152406
-0.43149009306954866 | 0.4855122993148697 | 0.4699556090152406 | -0.3724267819083378 | 0.07677919667662492:-0.43078052773932995 | 0.49540097236168634 | 0.4636306115164608
-0.43078052773932995 | 0.49540097236168634 | 0.4636306115164608 | -0.3724267819083378 | 0.07677919667662492:-0.4300810568325133 | 0.5051788109827768 | 0.4570897724364684
-0.4300810568325133 | 0.5051788109827768 | 0.4570897724364684 | -0.3724267819083378 | 0.07677919667662492:-0.42939276498293566 | 0.5148411718872552 | 0.450335323885934
-0.42939276498293566 | 0.5148411718872552 | 0.450335323885934 | -0.3724267819083378 | 0.07677919667662492:-0.4287167248836212 | 0.5243834623670622 | 0.4433696001382792
-0.4287167248836212 | 0.5243834623670622 | 0.4433696001382792 | -0.3724267819083378 | 0.07677919667662492:-0.4280539968839392 | 0.5338011423270501 | 0.43619503633896173
-0.4280539968839392 | 0.5338011423270501 | 0.43619503633896173 | -0.3724267819083378 | 0.07677919667662492:-0.42740562859304987 | 0.5430897262841583 | 0.42881416717600374
-0.42740562859304987 | 0.5430897262841583 | 0.42881416717600374 | -0.3724267819083378 | 0.07677919667662492:-0.42677265448983803 | 0.5522447853348211 | 0.4212296255124066
-0.42677265448983803 | 0.5522447853348211 | 0.4212296255124066 | -0.3724267819083378 | 0.07677919667662492:-0.4261560955394472 | 0.5612619490901452 | 0.4134441409812979
-0.4261560955394472 | 0.5612619490901452 | 0.4134441409812979 | -0.3724267819083378 | 0.07677919667662492:-0.42555695881653577 | 0.570136907578167 | 0.40546053854449227
-0.42555695881653577 | 0.570136907578167 | 0.40546053854449227 | 0.1475193710320526 | -0.6105008776200378:-0.4388300083323884 | 0.5683852009278425 | 0.39735278323781387
-0.4388300083323884 | 0.5683852009278425 | 0.39735278323781387 | 0.1475193710320526 | -0.6105008776200378:-0.4518656805405641 | 0.5666743620193415 | 0.3888017080323607
-0.4518656805405641 | 0.5666743620193415 | 0.3888017080323607 | 0.1475193710320526 | -0.6105008776200378:-0.46464950153621487 | 0.5650080639479924 | 0.3798147435197521
-0.46464950153621487 | 0.5650080639479924 | 0.3798147435197521 | 0.1475193710320526 | -0.6105008776200378:-0.47716723288567664 | 0.563389923287481 | 0.37039982405373095
-0.47716723288567664 | 0.563389923287481 | 0.37039982405373095 | 0.1475193710320526 | -0.6105008776200378:-0.4894048880327233 | 0.5618234961100228 | 0.36056537944784495
-0.4894048880327233 | 0.5618234961100228 | 0.36056537944784495 | -0.7204426945834206 | 0.7504569074973089:-0.47729311116463435 | 0.5756399373893117 | 0.3589633566589363
-0.47729311116463435 | 0.5756399373893117 | 0.3589633566589363 | -0.7204426945834206 | 0.7504569074973089:-0.46523191584157786 | 0.5894035759201728 | 0.35639766633084236
-0.46523191584157786 | 0.5894035759201728 | 0.35639766633084236 | -0.7204426945834206 | 0.7504569074973089:-0.4532582617439047 | 0.6030790852029426 | 0.352871715153654
-0.4532582617439047 | 0.6030790852029426 | 0.352871715153654 | -0.7204426945834206 | 0.7504569074973089:-0.44140895905162836 | 0.6166312309096043 | 0.34839164050033844
-0.44140895905162836 | 0.6166312309096043 | 0.34839164050033844 | -0.7204426945834206 | 0.7504569074973089:-0.4297205628011369 | 0.6300249724966704 | 0.34296630076461554
-0.4297205628011369 | 0.6300249724966704 | 0.34296630076461554 | -0.7204426945834206 | 0.7504569074973089:-0.41822926774791114 | 0.6432255644741076 | 0.33660725780973877
-0.41822926774791114 | 0.6432255644741076 | 0.33660725780973877 | -0.7204426945834206 | 0.7504569074973089:-0.4069708040415847 | 0.6561986570356453 | 0.3293287515683261
-0.4069708040415847 | 0.6561986570356453 | 0.3293287515683261 | -0.7204426945834206 | 0.7504569074973089:-0.3959803340173451 | 0.6689103957574503 | 0.32114766685642593
-0.3959803340173451 | 0.6689103957574503 | 0.32114766685642593 | -0.7204426945834206 | 0.7504569074973089:-0.38529235040461174 | 0.6813275200746176 | 0.31208349248748846
-0.38529235040461174 | 0.6813275200746176 | 0.31208349248748846 | -0.7204426945834206 | 0.7504569074973089:-0.3749405762500615 | 0.6934174602485399 | 0.30215827279448604
-0.3749405762500615 | 0.6934174602485399 | 0.30215827279448604 | 0.8458646309005324 | 0.6132798444680394:-0.36528259892670434 | 0.681276758904275 | 0.34317795314626665
-0.36528259892670434 | 0.681276758904275 | 0.34317795314626665 | 0.8458646309005324 | 0.6132798444680394:-0.3543605746573135 | 0.6673724598176136 | 0.3833982513021752
-0.3543605746573135 | 0.6673724598176136 | 0.3833982513021752 | 0.8458646309005324 | 0.6132798444680394:-0.3422002191568083 | 0.6517376231276444 | 0.42270370290267323
-0.3422002191568083 | 0.6517376231276444 | 0.42270370290267323 | 0.8458646309005324 | 0.6132798444680394:-0.32883084945939345 | 0.6344103233525829 | 0.46098107676051825
-0.32883084945939345 | 0.6344103233525829 | 0.46098107676051825 | 0.8458646309005324 | 0.6132798444680394:-0.3142853091941973 | 0.6154335533214521 | 0.4981197057900104
-0.3142853091941973 | 0.6154335533214521 | 0.4981197057900104 | 0.8458646309005324 | 0.6132798444680394:-0.2985998835071797 | 0.5948551136810636 | 0.5340118111773009
-0.2985998835071797 | 0.5948551136810636 | 0.5340118111773009 | 0.8458646309005324 | 0.6132798444680394:-0.2818142038629361 | 0.572727488281231 | 0.5685528188403026
-0.2818142038629361 | 0.572727488281231 | 0.5685528188403026 | 0.8458646309005324 | 0.6132798444680394:-0.26397114299022206 | 0.5491077057815801 | 0.6016416672486926
-0.26397114299022206 | 0.5491077057815801 | 0.6016416672486926 | 0.8458646309005324 | 0.6132798444680394:-0.2451167002633312 | 0.5240571878644857 | 0.6331811056990446
-0.2451167002633312 | 0.5240571878644857 | 0.6331811056990446 | 0.8458646309005324 | 0.6132798444680394:-0.22529987783981653 | 0.4976415844772504 | 0.6630779821674011
-0.22529987783981653 | 0.4976415844772504 | 0.6630779821674011 | -0.7332796223122229 | 0.5465537598639407:-0.20794868537712574 | 0.5224681584519999 | 0.6513729073184038
-0.20794868537712574 | 0.5224681584519999 | 0.6513729073184038 | -0.7332796223122229 | 0.5465537598639407:-0.1909169448078245 | 0.5468785659877682 | 0.6382626724291214
-0.1909169448078245 | 0.5468785659877682 | 0.6382626724291214 | -0.7332796223122229 | 0.5465537598639407:-0.17424375326994834 | 0.5708200452357772 | 0.6237711694566883
-0.17424375326994834 | 0.5708200452357772 | 0.6237711694566883 | -0.7332796223122229 | 0.5465537598639407:-0.15796751546402277 | 0.5942407055296002 | 0.6079253739999118
-0.15796751546402277 | 0.5942407055296002 | 0.6079253739999118 | -0.7332796223122229 | 0.5465537598639407:-0.14212585736592587 | 0.6170896441432916 | 0.5907552922473442
