0.0 | 0.0 | 0.0 | 0.9692603419692698 | -0.20617104420276466:-1.0296266556563245E-4 | -4.8444048768625514E-4 | 0.009987728275408269
-1.0296266556563245E-4 | -4.8444048768625514E-4 | 0.009987728275408269 | 0.9692603419692698 | -0.20617104420276466:-4.0904766015904614E-4 | -0.0019257582244154303 | 0.019802377010672598
-4.0904766015904614E-4 | -0.0019257582244154303 | 0.019802377010672598 | 0.9692603419692698 | -0.20617104420276466:-9.133502194113101E-4 | -0.004302621940013074 | 0.029373502290636372
-9.133502194113101E-4 | -0.004302621940013074 | 0.029373502290636372 | 0.9692603419692698 | -0.20617104420276466:-0.0016100571145527115 | -0.007589379616416814 | 0.038632673490788805
-0.0016100571145527115 | -0.007589379616416814 | 0.038632673490788805 | 0.9692603419692698 | -0.20617104420276466:-0.002492480592605596 | -0.011756211937687722 | 0.0475137267552877
-0.002492480592605596 | -0.011756211937687722 | 0.0475137267552877 | -0.8009792339773463 | 0.9542277671274175:-2.4230208981553415E-4 | -0.011754631314255137 | 0.05732663295966789
-2.4230208981553415E-4 | -0.011754631314255137 | 0.05732663295966789 | -0.8009792339773463 | 0.9542277671274175:0.002916511129976742 | -0.010970275583716438 | 0.06697957876430954
0.002916511129976742 | -0.010970275583716438 | 0.06697957876430954 | -0.8009792339773463 | 0.9542277671274175:0.006966552023922026 | -0.00941571524878193 | 0.07636225309855182
0.006966552023922026 | -0.00941571524878193 | 0.07636225309855182 | -0.8009792339773463 | 0.9542277671274175:0.011883594190669748 | -0.007109293792880278 | 0.08536688241750318
0.011883594190669748 | -0.007109293792880278 | 0.08536688241750318 | -0.8009792339773463 | 0.9542277671274175:0.017636798776463944 | -0.004074967434474219 | 0.09388890003055944
0.017636798776463944 | -0.004074967434474219 | 0.09388890003055944 | -0.914666992167906 | -0.2621896543642057:0.017954802728838086 | 2.4261490424248855E-4 | 0.10310987934523952
0.017954802728838086 | 2.4261490424248855E-4 | 0.10310987934523952 | -0.914666992167906 | -0.2621896543642057:0.018023470600692537 | 0.005380266973933123 | 0.11204733200641415
0.018023470600692537 | 0.005380266973933123 | 0.11204733200641415 | -0.914666992167906 | -0.2621896543642057:0.01784962565085607 | 0.011316105905871732 | 0.12064176896278811
0.01784962565085607 | 0.011316105905871732 | 0.12064176896278811 | -0.914666992167906 | -0.2621896543642057:0.017441072502322463 | 0.018024778661771323 | 0.1288354687570119
0.017441072502322463 | 0.018024778661771323 | 0.1288354687570119 | -0.914666992167906 | -0.2621896543642057:0.016806561278533555 | 0.02547758263740918 | 0.13657267803864825
0.016806561278533555 | 0.02547758263740918 | 0.13657267803864825 | -0.30211123587021405 | 0.9353029263387251:0.02457698716633372 | 0.029230020474746987 | 0.14354919495759666
0.02457698716633372 | 0.029230020474746987 | 0.14354919495759666 | -0.30211123587021405 | 0.9353029263387251:0.03303003327603357 | 0.03319458455819846 | 0.1499132314448306
0.03303003327603357 | 0.03319458455819846 | 0.1499132314448306 | -0.30211123587021405 | 0.9353029263387251:0.042123501678190345 | 0.03735816101361977 | 0.15561386044130687
0.042123501678190345 | 0.03735816101361977 | 0.15561386044130687 | -0.30211123587021405 | 0.9353029263387251:0.05181224642347659 | 0.041706659468856655 | 0.1606032160814832
0.05181224642347659 | 0.041706659468856655 | 0.1606032160814832 | -0.30211123587021405 | 0.9353029263387251:0.06204836596365093 | 0.04622507391479058 | 0.16483666521145035
0.06204836596365093 | 0.04622507391479058 | 0.16483666521145035 | -0.30211123587021405 | 0.9353029263387251:0.0727814038717689 | 0.05089754634241839 | 0.16827296621383558
0.0727814038717689 | 0.05089754634241839 | 0.16827296621383558 | -0.30211123587021405 | 0.9353029263387251:0.08395855713217021 | 0.055707432923502775 | 0.17087441472609077
0.08395855713217021 | 0.055707432923502775 | 0.17087441472609077 | -0.30211123587021405 | 0.9353029263387251:0.09552489125388713 | 0.060637372496541775 | 0.17260697588327734
0.09552489125388713 | 0.060637372496541775 | 0.17260697588327734 | -0.30211123587021405 | 0.9353029263387251:0.10742356144660459 | 0.0656693571147764 | 0.173440402761611
0.10742356144660459 | 0.0656693571147764 | 0.173440402761611 | -0.30211123587021405 | 0.9353029263387251:0.11959603908619143 | 0.07078480440869828 | 0.17334834074475491
0.11959603908619143 | 0.07078480440869828 | 0.17334834074475491 | 0.34202704929920724 | 0.2688531386882591:0.12620002982714162 | 0.07018405967022884 | 0.1789634181362869
0.12620002982714162 | 0.07018405967022884 | 0.1789634181362869 | 0.34202704929920724 | 0.2688531386882591:0.13291677126688495 | 0.0693608181155227 | 0.1843995505695024
0.13291677126688495 | 0.0693608181155227 | 0.1843995505695024 | 0.34202704929920724 | 0.2688531386882591:0.13974233915643408 | 0.0683207864776389 | 0.18964961600820374
0.13974233915643408 | 0.0683207864776389 | 0.18964961600820374 | 0.34202704929920724 | 0.2688531386882591:0.14667270595497506 | 0.0670697971485057 | 0.19470672695871372
0.14667270595497506 | 0.0670697971485057 | 0.19470672695871372 | 0.34202704929920724 | 0.2688531386882591:0.15370374521276386 | 0.06561380270488432 | 0.19956423330941586
0.15370374521276386 | 0.06561380270488432 | 0.19956423330941586 | 0.3183321180709555 | 0.055043906651908836:0.15863871795173345 | 0.0642033088297432 | 0.2058474634294365
0.15863871795173345 | 0.0642033088297432 | 0.2058474634294365 | 0.3183321180709555 | 0.055043906651908836:0.16356262198475302 | 0.06258540269129388 | 0.2120522380671721
0.16356262198475302 | 0.06258540269129388 | 0.2120522380671721 | 0.3183321180709555 | 0.055043906651908836:0.16847539725411909 | 0.060763104173931375 | 0.218174100017551
0.16847539725411909 | 0.060763104173931375 | 0.218174100017551 | 0.3183321180709555 | 0.055043906651908836:0.1733769667349767 | 0.05873950490911108 | 0.22420868005341976
0.1733769667349767 | 0.05873950490911108 | 0.22420868005341976 | 0.3183321180709555 | 0.055043906651908836:0.17826723683574697 | 0.05651776623682436 | 0.2301516977378526
0.17826723683574697 | 0.05651776623682436 | 0.2301516977378526 | 0.8132867500968408 | -0.96124563285599:0.17086185424691447 | 0.048232257278799734 | 0.2462616703754641
0.17086185424691447 | 0.048232257278799734 | 0.2462616703754641 | 0.8132867500968408 | -0.96124563285599:0.16239040300722296 | 0.03905693178324027 | 0.2618124965664981
0.16239040300722296 | 0.03905693178324027 | 0.2618124965664981 | 0.8132867500968408 | -0.96124563285599:0.15287885761971776 | 0.029011231621294348 | 0.2766911427598018
0.15287885761971776 | 0.029011231621294348 | 0.2766911427598018 | 0.8132867500968408 | -0.96124563285599:0.14235987442745035 | 0.01812029954460387 | 0.2907868128384825
0.14235987442745035 | 0.01812029954460387 | 0.2907868128384825 | 0.8132867500968408 | -0.96124563285599:0.1308726495683672 | 0.006414872335792632 | 0.30399160454249596
0.1308726495683672 | 0.006414872335792632 | 0.30399160454249596 | 0.8132867500968408 | -0.96124563285599:0.11846274084067332 | -0.006068856877815498 | 0.3162011509318967
0.11846274084067332 | -0.006068856877815498 | 0.3162011509318967 | 0.8132867500968408 | -0.96124563285599:0.10518185448068262 | -0.019289406367286682 | 0.32731524355826824
0.10518185448068262 | -0.019289406367286682 | 0.32731524355826824 | 0.8132867500968408 | -0.96124563285599:0.0910875980280137 | -0.03320020267362836 | 0.33723843411728893
0.0910875980280137 | -0.03320020267362836 | 0.33723843411728893 | 0.8132867500968408 | -0.96124563285599:0.07624320061919976 | -0.047749805536395046 | 0.34588061147602467
0.07624320061919976 | -0.047749805536395046 | 0.34588061147602467 | 0.8132867500968408 | -0.96124563285599:0.060717202209569 | -0.0628821596708462 | 0.3531575511036884
0.060717202209569 | -0.0628821596708462 | 0.3531575511036884 | 0.8132867500968408 | -0.96124563285599:0.04458311337393761 | -0.07853687205464226 | 0.35899143408348966
0.04458311337393761 | -0.07853687205464226 | 0.35899143408348966 | 0.8132867500968408 | -0.96124563285599:0.027919047478574655 | -0.09464951326170937 | 0.3633113330451412
0.027919047478574655 | -0.09464951326170937 | 0.3633113330451412 | 0.8132867500968408 | -0.96124563285599:0.010807327149410906 | -0.11115194126525192 | 0.3660536625316375
0.010807327149410906 | -0.11115194126525192 | 0.3660536625316375 | 0.8132867500968408 | -0.96124563285599:-0.0066659329159821645 | -0.12797264602444058 | 0.3671625914991914
-0.0066659329159821645 | -0.12797264602444058 | 0.3671625914991914 | 0.8132867500968408 | -0.96124563285599:-0.02441126463305876 | -0.14503711307051798 | 0.3665904158449056
-0.02441126463305876 | -0.14503711307051798 | 0.3665904158449056 | 0.8132867500968408 | -0.96124563285599:-0.04233630445091885 | -0.1622682042183599 | 0.3642978890616284
-0.04233630445091885 | -0.1622682042183599 | 0.3642978890616284 | 0.8132867500968408 | -0.96124563285599:-0.06034626815845945 | -0.17958655344928132 | 0.36025450933274783
-0.06034626815845945 | -0.17958655344928132 | 0.36025450933274783 | 0.8132867500968408 | -0.96124563285599:-0.0783444401476574 | -0.19691097594040974 | 0.3544387616002158
-0.0783444401476574 | -0.19691097594040974 | 0.3544387616002158 | 0.8132867500968408 | -0.96124563285599:-0.09623267463962115 | -0.21415888815554696 | 0.3468383133657067
-0.09623267463962115 | -0.21415888815554696 | 0.3468383133657067 | 0.8132867500968408 | -0.96124563285599:-0.11391190632540571 | -0.2312467368623301 | 0.33745016321672416
-0.11391190632540571 | -0.2312467368623301 | 0.33745016321672416 | 0.8132867500968408 | -0.96124563285599:-0.13128266783240194 | -0.24809043490087634 | 0.326280741305105
-0.13128266783240194 | -0.24809043490087634 | 0.326280741305105 | 0.8132867500968408 | -0.96124563285599:-0.14824561139854975 | -0.26460580150007673 | 0.31334596124402303
-0.14824561139854975 | -0.26460580150007673 | 0.31334596124402303 | 0.8132867500968408 | -0.96124563285599:-0.16470203212075463 | -0.28070900491938255 | 0.2986712231298476
-0.16470203212075463 | -0.28070900491938255 | 0.2986712231298476 | 0.8132867500968408 | -0.96124563285599:-0.18055439014068675 | -0.29631700518634707 | 0.2822913676360894
-0.18055439014068675 | -0.29631700518634707 | 0.2822913676360894 | 0.8132867500968408 | -0.96124563285599:-0.19570682914063875 | -0.311347994703302 | 0.2642505813669267
-0.19570682914063875 | -0.311347994703302 | 0.2642505813669267 | -0.2963191272148502 | 0.30000885539778177:-0.1939680044018175 | -0.3111130463363918 | 0.27502300859960016
-0.1939680044018175 | -0.3111130463363918 | 0.27502300859960016 | -0.2963191272148502 | 0.30000885539778177:-0.19199487633460732 | -0.3106328224614541 | 0.2858187817890627
-0.19199487633460732 | -0.3106328224614541 | 0.2858187817890627 | -0.2963191272148502 | 0.30000885539778177:-0.1897871113318934 | -0.3099070593245923 | 0.29662784188831104
-0.1897871113318934 | -0.3099070593245923 | 0.29662784188831104 | -0.2963191272148502 | 0.30000885539778177:-0.1873445705362755 | -0.30893568429315144 | 0.30744015272729897
-0.1873445705362755 | -0.30893568429315144 | 0.30744015272729897 | -0.2963191272148502 | 0.30000885539778177:-0.18466730854177804 | -0.30771881463714923 | 0.3182457077253762
-0.18466730854177804 | -0.30771881463714923 | 0.3182457077253762 | -0.009902227760748561 | -0.44964632307532715:-0.19385879740482803 | -0.3108976718274903 | 0.31757427355045564
-0.19385879740482803 | -0.3108976718274903 | 0.31757427355045564 | -0.009902227760748561 | -0.44964632307532715:-0.2030874662519162 | -0.3140418255166253 | 0.31661835347332357
-0.2030874662519162 | -0.3140418255166253 | 0.31661835347332357 | -0.009902227760748561 | -0.44964632307532715:-0.21234457872542756 | -0.3171518059377796 | 0.3153767508845515
-0.21234457872542756 | -0.3171518059377796 | 0.3153767508845515 | -0.009902227760748561 | -0.44964632307532715:-0.22162138843277657 | -0.3202281402264351 | 0.313848522469522
-0.22162138843277657 | -0.3202281402264351 | 0.313848522469522 | -0.009902227760748561 | -0.44964632307532715:-0.23090914574658034 | -0.323271352304209 | 0.31203297746313297
-0.23090914574658034 | -0.323271352304209 | 0.31203297746313297 | -0.009902227760748561 | -0.44964632307532715:-0.24019910455489885 | -0.3262819627634581 | 0.3099296767364734
-0.24019910455489885 | -0.3262819627634581 | 0.3099296767364734 | -0.009902227760748561 | -0.44964632307532715:-0.24948252895775985 | -0.32926048875268066 | 0.3075384317175178
-0.24948252895775985 | -0.32926048875268066 | 0.3075384317175178 | -0.009902227760748561 | -0.44964632307532715:-0.2587506999062509 | -0.33220744386282597 | 0.3048593031479214
-0.2587506999062509 | -0.33220744386282597 | 0.3048593031479214 | -0.009902227760748561 | -0.44964632307532715:-0.26799492178053047 | -0.3351233380145633 | 0.30189259967809434
-0.26799492178053047 | -0.3351233380145633 | 0.30189259967809434 | -0.009902227760748561 | -0.44964632307532715:-0.2772065289031769 | -0.33800867734662265 | 0.29863887630280317
-0.2772065289031769 | -0.33800867734662265 | 0.29863887630280317 | 0.6954830946069936 | 0.9135076189179248:-0.2661716427814864 | -0.35128212957590055 | 0.3017231650915235
-0.2661716427814864 | -0.35128212957590055 | 0.3017231650915235 | 0.6954830946069936 | 0.9135076189179248:-0.2548874940071555 | -0.36471348553392957 | 0.303806200169241
-0.2548874940071555 | -0.36471348553392957 | 0.303806200169241 | 0.6954830946069936 | 0.9135076189179248:-0.24340334652006312 | -0.3782661386310924 | 0.3048647331438836
-0.24340334652006312 | -0.3782661386310924 | 0.3048647331438836 | 0.6954830946069936 | 0.9135076189179248:-0.23176974200909317 | -0.3919024376934761 | 0.30487936504827573
-0.23176974200909317 | -0.3919024376934761 | 0.30487936504827573 | 0.6954830946069936 | 0.9135076189179248:-0.2200383041392806 | -0.40558383416206745 | 0.30383465488284145
-0.2200383041392806 | -0.40558383416206745 | 0.30383465488284145 | 0.6954830946069936 | 0.9135076189179248:-0.2082615375574246 | -0.419271033539097 | 0.3017192124806698
-0.2082615375574246 | -0.419271033539097 | 0.3017192124806698 | 0.6954830946069936 | 0.9135076189179248:-0.19649262247783117 | -0.43292415047810984 | 0.29852577530045465
-0.19649262247783117 | -0.43292415047810984 | 0.29852577530045465 | 0.6954830946069936 | 0.9135076189179248:-0.1847852056667012 | -0.4465028669004152 | 0.2942512688166019
-0.1847852056667012 | -0.4465028669004152 | 0.2942512688166019 | 0.6954830946069936 | 0.9135076189179248:-0.17319318865733724 | -0.4599665925090193 | 0.2888968502408886
-0.17319318865733724 | -0.4599665925090193 | 0.2888968502408886 | 0.6954830946069936 | 0.9135076189179248:-0.1617705140386989 | -0.47327462706211065 | 0.2824679353759265
-0.1617705140386989 | -0.47327462706211065 | 0.2824679353759265 | 0.6954830946069936 | 0.9135076189179248:-0.15057095066695725 | -0.4863863237616055 | 0.27497420846717446
-0.15057095066695725 | -0.4863863237616055 | 0.27497420846717446 | 0.6954830946069936 | 0.9135076189179248:-0.13964787865347583 | -0.49926125310823544 | 0.26642961498715323
-0.13964787865347583 | -0.49926125310823544 | 0.26642961498715323 | 0.6954830946069936 | 0.9135076189179248:-0.1290540749831317 | -0.5118593665730771 | 0.25685233735255153
-0.1290540749831317 | -0.5118593665730771 | 0.25685233735255153 | 0.6954830946069936 | 0.9135076189179248:-0.11884150061407928 | -0.5241411594364394 | 0.24626475364169664
-0.11884150061407928 | -0.5241411594364394 | 0.24626475364169664 | 0.6954830946069936 | 0.9135076189179248:-0.10906108990398167 | -0.5360678321485022 | 0.2346933794464654
-0.10906108990398167 | -0.5360678321485022 | 0.2346933794464654 | 0.6954830946069936 | 0.9135076189179248:-0.09976254319838285 | -0.5476014495720261 | 0.222168793058394
-0.09976254319838285 | -0.5476014495720261 | 0.222168793058394 | 0.6954830946069936 | 0.9135076189179248:-0.0909941234043905 | -0.5587050974759045 | 0.20872554425380585
-0.0909941234043905 | -0.5587050974759045 | 0.20872554425380585 | 0.6954830946069936 | 0.9135076189179248:-0.08280245735715042 | -0.5693430356591076 | 0.1944020470065233
-0.08280245735715042 | -0.5693430356591076 | 0.1944020470065233 | 0.6954830946069936 | 0.9135076189179248:-0.07523234276787871 | -0.5794808470977717 | 0.17924045651917453
-0.07523234276787871 | -0.5794808470977717 | 0.17924045651917453 | 0.6954830946069936 | 0.9135076189179248:-0.0683265615204629 | -0.5890855825236585 | 0.1632865310249656
-0.0683265615204629 | -0.5890855825236585 | 0.1632865310249656 | 0.6954830946069936 | 0.9135076189179248:-0.06212570005903739 | -0.5981258998599408 | 0.14658947887074447
-0.06212570005903739 | -0.5981258998599408 | 0.14658947887074447 | 0.6954830946069936 | 0.9135076189179248:-0.056667977581494 | -0.6065721979601655 | 0.12920179144919075
-0.056667977581494 | -0.6065721979601655 | 0.12920179144919075 | 0.6954830946069936 | 0.9135076189179248:-0.05198908272377256 | -0.614396744118185 | 0.11117906260264121
-0.05198908272377256 | -0.614396744118185 | 0.11117906260264121 | 0.6954830946069936 | 0.9135076189179248:-0.04812201938709926 | -0.6215737948409057 | 0.09257979517330028
-0.04812201938709926 | -0.6215737948409057 | 0.09257979517330028 | 0.6954830946069936 | 0.9135076189179248:-0.0450969623252071 | -0.6280797094014581 | 0.07346519542426577
-0.0450969623252071 | -0.6280797094014581 | 0.07346519542426577 | 0.6954830946069936 | 0.9135076189179248:-0.042941123071152276 | -0.6338930557181968 | 0.05389895610243656
-0.042941123071152276 | -0.6338930557181968 | 0.05389895610243656 | 0.6954830946069936 | 0.9135076189179248:-0.04167862674376632 | -0.6389947081342129 | 0.03394702895834456
-0.04167862674376632 | -0.6389947081342129 | 0.03394702895834456 | 0.6954830946069936 | 0.9135076189179248:-0.04133040023220058 | -0.6433679367030223 | 0.013677387578439948
-0.04133040023220058 | -0.6433679367030223 | 0.013677387578439948 | 0.6954830946069936 | 0.9135076189179248:-0.04191407221361665 | -0.646998487618486 | -0.006840218577238488
-0.04191407221361665 | -0.646998487618486 | -0.006840218577238488 | 0.6954830946069936 | 0.9135076189179248:-0.04344388541396427 | -0.6498746544607918 | -0.027534518005072783
-0.04344388541396427 | -0.6498746544607918 | -0.027534518005072783 | -0.027573648797414974 | 0.5720227014102306:-0.04442385197181675 | -0.6533822773923035 | -0.0255207990107138
-0.04442385197181675 | -0.6533822773923035 | -0.0255207990107138 | -0.027573648797414974 | 0.5720227014102306:-0.045346939768953654 | -0.6568525996628694 | -0.0234622222016867
-0.045346939768953654 | -0.6568525996628694 | -0.0234622222016867 | -0.027573648797414974 | 0.5720227014102306:-0.04621151600896134 | -0.6602858872014004 | -0.021360629194546732
-0.04621151600896134 | -0.6602858872014004 | -0.021360629194546732 | -0.027573648797414974 | 0.5720227014102306:-0.047016009216108046 | -0.6636824053961092 | -0.01921791582814336
-0.047016009216108046 | -0.6636824053961092 | -0.01921791582814336 | -0.027573648797414974 | 0.5720227014102306:-0.04775891092269369 | -0.6670424192118816 | -0.017036030076297948
-0.04775891092269369 | -0.6670424192118816 | -0.017036030076297948 | -0.027573648797414974 | 0.5720227014102306:-0.048438777285481294 | -0.6703661933038987 | -0.014816969911514377
-0.048438777285481294 | -0.6703661933038987 | -0.014816969911514377 | -0.027573648797414974 | 0.5720227014102306:-0.0490542306299222 | -0.673653992127484 | -0.012562781122102962
-0.0490542306299222 | -0.673653992127484 | -0.012562781122102962 | -0.027573648797414974 | 0.5720227014102306:-0.049603960920941326 | -0.6769060800440805 | -0.010275555085129895
-0.049603960920941326 | -0.6769060800440805 | -0.010275555085129895 | -0.027573648797414974 | 0.5720227014102306:-0.05008672715913676 | -0.6801227214233556 | -0.007957426497604558
-0.05008672715913676 | -0.6801227214233556 | -0.007957426497604558 | -0.027573648797414974 | 0.5720227014102306:-0.050501358701331434 | -0.6833041807413309 | -0.00561057106836671
-0.050501358701331434 | -0.6833041807413309 | -0.00561057106836671 | 0.5442942501065913 | -0.7607990893659826:-0.049772029173301036 | -0.6860360433462667 | -0.026225162221404474
-0.049772029173301036 | -0.6860360433462667 | -0.026225162221404474 | 0.5442942501065913 | -0.7607990893659826:-0.04824653351082908 | -0.688170186533096 | -0.04695546252685645
-0.04824653351082908 | -0.688170186533096 | -0.04695546252685645 | 0.5442942501065913 | -0.7607990893659826:-0.04591836156157125 | -0.6897015832882794 | -0.0677524519527104
-0.04591836156157125 | -0.6897015832882794 | -0.0677524519527104 | 0.5442942501065913 | -0.7607990893659826:-0.042783003128024966 | -0.6906266277508095 | -0.0885666249732644
-0.042783003128024966 | -0.6906266277508095 | -0.0885666249732644 | 0.5442942501065913 | -0.7607990893659826:-0.03883796789091676 | -0.6909431511823172 | -0.10934811457917348
-0.03883796789091676 | -0.6909431511823172 | -0.10934811457917348 | 0.5442942501065913 | -0.7607990893659826:-0.034082800206554076 | -0.6906504342863471 | -0.13004681750006952
-0.034082800206554076 | -0.6906504342863471 | -0.13004681750006952 | 0.5442942501065913 | -0.7607990893659826:-0.028519088738013565 | -0.6897492158436762 | -0.1506125203209372
-0.028519088738013565 | -0.6897492158436762 | -0.1506125203209372 | 0.5442942501065913 | -0.7607990893659826:-0.02215047089310751 | -0.6882416976400165 | -0.17099502617136508
-0.02215047089310751 | -0.6882416976400165 | -0.17099502617136508 | 0.5442942501065913 | -0.7607990893659826:-0.014982632055191125 | -0.6861315456717563 | -0.19114428166579955
-0.014982632055191125 | -0.6861315456717563 | -0.19114428166579955 | 0.5442942501065913 | -0.7607990893659826:-0.007023299606011335 | -0.6834238876247127 | -0.21101050377259511
-0.007023299606011335 | -0.6834238876247127 | -0.21101050377259511 | 0.5442942501065913 | -0.7607990893659826:0.001717768247132767 | -0.6801253066304014 | -0.23054430629008849
0.001717768247132767 | -0.6801253066304014 | -0.23054430629008849 | 0.5442942501065913 | -0.7607990893659826:0.011228798814572727 | -0.6762438313135419 | -0.2496968256093055
0.011228798814572727 | -0.6762438313135419 | -0.2496968256093055 | 0.5442942501065913 | -0.7607990893659826:0.021496026399529633 | -0.6717889221537945 | -0.2684198454448925
0.021496026399529633 | -0.6717889221537945 | -0.2684198454448925 | 0.5442942501065913 | -0.7607990893659826:0.03250371885435577 | -0.6667714541941123 | -0.2866659202188657
0.03250371885435577 | -0.6667714541941123 | -0.2866659202188657 | 0.5442942501065913 | -0.7607990893659826:0.04423420915397802 | -0.661203696137008 | -0.30438849678524704
0.04423420915397802 | -0.661203696137008 | -0.30438849678524704 | -0.5926683051596795 | 0.8301229488265305:0.032504434294150286 | -0.6724194767322729 | -0.28731710300377955
0.032504434294150286 | -0.6724194767322729 | -0.28731710300377955 | -0.5926683051596795 | 0.8301229488265305:0.021464686676917033 | -0.683129744195142 | -0.26936920171300116
0.021464686676917033 | -0.683129744195142 | -0.26936920171300116 | -0.5926683051596795 | 0.8301229488265305:0.011153848829371427 | -0.6933063506094967 | -0.2505885569216737
0.011153848829371427 | -0.6933063506094967 | -0.2505885569216737 | -0.5926683051596795 | 0.8301229488265305:0.0016089164046864113 | -0.7029224536183847 | -0.23102155754763487
0.0016089164046864113 | -0.7029224536183847 | -0.23102155754763487 | -0.5926683051596795 | 0.8301229488265305:-0.007135117077690545 | -0.7119526005575025 | -0.2107170943615877
-0.007135117077690545 | -0.7119526005575025 | -0.2107170943615877 | -0.5926683051596795 | 0.8301229488265305:-0.015045369961537602 | -0.7203728087542558 | -0.18972642924975247
-0.015045369961537602 | -0.7203728087542558 | -0.18972642924975247 | -0.5926683051596795 | 0.8301229488265305:-0.02209117632324009 | -0.7281606417512023 | -0.16810305716833085
-0.02209117632324009 | -0.7281606417512023 | -0.16810305716833085 | -0.5926683051596795 | 0.8301229488265305:-0.028244183668371114 | -0.735295281224964 | -0.14590256118427902
-0.028244183668371114 | -0.735295281224964 | -0.14590256118427902 | -0.5926683051596795 | 0.8301229488265305:-0.0334784441607745 | -0.741757594384012 | -0.12318246101695962
-0.0334784441607745 | -0.741757594384012 | -0.12318246101695962 | -0.5926683051596795 | 0.8301229488265305:-0.037770499108307654 | -0.7475301966419963 | -0.10000205551439478
-0.037770499108307654 | -0.7475301966419963 | -0.10000205551439478 | -0.5926683051596795 | 0.8301229488265305:-0.041099456449027016 | -0.7525975093770185 | -0.07642225951547132
-0.041099456449027016 | -0.7525975093770185 | -0.07642225951547132 | -0.5926683051596795 | 0.8301229488265305:-0.04344706100193996 | -0.7569458126015363 | -0.052505435565930014
-0.04344706100193996 | -0.7569458126015363 | -0.052505435565930014 | -0.5926683051596795 | 0.8301229488265305:-0.04479775726744606 | -0.7605632923823151 | -0.02831522097091721
-0.04479775726744606 | -0.7605632923823151 | -0.02831522097091721 | -0.5926683051596795 | 0.8301229488265305:-0.04513874458423217 | -0.7634400828651238 | -0.003916350680654546
-0.04513874458423217 | -0.7634400828651238 | -0.003916350680654546 | -0.5926683051596795 | 0.8301229488265305:-0.04446002447148434 | -0.7655683027745681 | 0.020625523482202368
-0.04446002447148434 | -0.7655683027745681 | 0.020625523482202368 | 0.9445250778473122 | 0.7409838001024385:-0.045141701435085224 | -0.7680126867607129 | -0.013923600715500584
-0.045141701435085224 | -0.7680126867607129 | -0.013923600715500584 | 0.9445250778473122 | 0.7409838001024385:-0.04710959054707331 | -0.7687955487159357 | -0.04860363583073379
-0.04710959054707331 | -0.7687955487159357 | -0.04860363583073379 | 0.9445250778473122 | 0.7409838001024385:-0.05036842996271229 | -0.7679080533907978 | -0.08328565736002602
-0.05036842996271229 | -0.7679080533907978 | -0.08328565736002602 | 0.9445250778473122 | 0.7409838001024385:-0.054918024361498397 | -0.7653476362154663 | -0.11784006639789268
-0.054918024361498397 | -0.7653476362154663 | -0.11784006639789268 | 0.9445250778473122 | 0.7409838001024385:-0.06075322468310684 | -0.7611180408933436 | -0.15213708657276825
-0.06075322468310684 | -0.7611180408933436 | -0.15213708657276825 | -0.5870314079131049 | -0.5276130379124411:-0.05747300887679607 | -0.7674317349802564 | -0.13166558753970037
-0.05747300887679607 | -0.7674317349802564 | -0.13166558753970037 | -0.5870314079131049 | -0.5276130379124411:-0.05472881206614488 | -0.7731300801367738 | -0.11087529095176052
-0.05472881206614488 | -0.7731300801367738 | -0.11087529095176052 | -0.5870314079131049 | -0.5276130379124411:-0.05253011290721332 | -0.778202279081988 | -0.08979940386435104
-0.05253011290721332 | -0.778202279081988 | -0.08979940386435104 | -0.5870314079131049 | -0.5276130379124411:-0.05088546355785173 | -0.7826385538129657 | -0.068471760896756
-0.05088546355785173 | -0.7826385538129657 | -0.068471760896756 | -0.5870314079131049 | -0.5276130379124411:-0.04980247241855107 | -0.7864301656820345 | -0.04692676627849579
-0.04980247241855107 | -0.7864301656820345 | -0.04692676627849579 | 0.23992326226806182 | -0.11111675211502892:-0.049620620205613974 | -0.7879070565190247 | -0.056784218482306414
-0.049620620205613974 | -0.7879070565190247 | -0.056784218482306414 | 0.23992326226806182 | -0.11111675211502892:-0.049381618622748036 | -0.7892426846414082 | -0.0666816138547901
-0.049381618622748036 | -0.7892426846414082 | -0.0666816138547901 | 0.23992326226806182 | -0.11111675211502892:-0.04908514798945962 | -0.7904365255760695 | -0.07661640913045531
-0.04908514798945962 | -0.7904365255760695 | -0.07661640913045531 | 0.23992326226806182 | -0.11111675211502892:-0.048730906782484595 | -0.7914880922222949 | -0.0865860572680539
-0.048730906782484595 | -0.7914880922222949 | -0.0865860572680539 | 0.23992326226806182 | -0.11111675211502892:-0.04831861159122042 | -0.7923969347772655 | -0.09658800806202805
-0.04831861159122042 | -0.7923969347772655 | -0.09658800806202805 | -0.09693802908499882 | 0.4811620072583582:-0.050662269750129774 | -0.7948413503901435 | -0.09178632676933418
-0.050662269750129774 | -0.7948413503901435 | -0.09178632676933418 | -0.09693802908499882 | 0.4811620072583582:-0.05289338733089277 | -0.7972436855139904 | -0.08690296839657208
-0.05289338733089277 | -0.7972436855139904 | -0.08690296839657208 | -0.09693802908499882 | 0.4811620072583582:-0.055009643926601015 | -0.7996036612713766 | -0.08194101863324477
-0.055009643926601015 | -0.7996036612713766 | -0.08194101863324477 | -0.09693802908499882 | 0.4811620072583582:-0.05700880166317113 | -0.8019210132971324 | -0.0769036266688552
-0.05700880166317113 | -0.8019210132971324 | -0.0769036266688552 | -0.09693802908499882 | 0.4811620072583582:-0.05888870679602398 | -0.8041954920853271 | -0.07179400286444704
-0.05888870679602398 | -0.8041954920853271 | -0.07179400286444704 | -0.21992352387147807 | -0.7703393654977033:-0.05655385357604903 | -0.8068301030332066 | -0.06532105334308014
-0.05655385357604903 | -0.8068301030332066 | -0.06532105334308014 | -0.21992352387147807 | -0.7703393654977033:-0.05446461367725153 | -0.8093759962771685 | -0.05871724300918402
-0.05446461367725153 | -0.8093759962771685 | -0.05871724300918402 | -0.21992352387147807 | -0.7703393654977033:-0.0526265238746646 | -0.8118317259191343 | -0.05199323739820372
-0.0526265238746646 | -0.8118317259191343 | -0.05199323739820372 | -0.21992352387147807 | -0.7703393654977033:-0.051044692965279914 | -0.8141959649415895 | -0.04515994869976936
-0.051044692965279914 | -0.8141959649415895 | -0.04515994869976936 | -0.21992352387147807 | -0.7703393654977033:-0.04972379177855668 | -0.8164675081816029 | -0.038228516995246764
-0.04972379177855668 | -0.8164675081816029 | -0.038228516995246764 | -0.21992352387147807 | -0.7703393654977033:-0.0486680439570506 | -0.8186452750872064 | -0.03121029106573303
-0.0486680439570506 | -0.8186452750872064 | -0.03121029106573303 | -0.21992352387147807 | -0.7703393654977033:-0.04788121752365271 | -0.8207283122512763 | -0.024116808804706125
-0.04788121752365271 | -0.8207283122512763 | -0.024116808804706125 | -0.21992352387147807 | -0.7703393654977033:-0.04736661725053004 | -0.8227157957182243 | -0.016959777270322718
-0.04736661725053004 | -0.8227157957182243 | -0.016959777270322718 | -0.21992352387147807 | -0.7703393654977033:-0.04712707784339987 | -0.8246070330596638 | -0.00975105241296248
-0.04712707784339987 | -0.8246070330596638 | -0.00975105241296248 | -0.21992352387147807 | -0.7703393654977033:-0.047164957953338416 | -0.8264014652151985 | -0.002502618514064636
-0.047164957953338416 | -0.8264014652151985 | -0.002502618514064636 | -0.21992352387147807 | -0.7703393654977033:-0.047482135026811534 | -0.8280986680951088 | 0.0047734326271253735
-0.047482135026811534 | -0.8280986680951088 | 0.0047734326271253735 | -0.21992352387147807 | -0.7703393654977033:-0.04808000100316079 | -0.82969835394222 | 0.012064922721911842
-0.04808000100316079 | -0.82969835394222 | 0.012064922721911842 | -0.21992352387147807 | -0.7703393654977033:-0.048959458867242844 | -0.8312003724503683 | 0.01935960819828253
-0.048959458867242844 | -0.8312003724503683 | 0.01935960819828253 | -0.21992352387147807 | -0.7703393654977033:-0.05012092006340296 | -0.8326047116376145 | 0.026645201547179198
-0.05012092006340296 | -0.8326047116376145 | 0.026645201547179198 | -0.21992352387147807 | -0.7703393654977033:-0.05156430277546509 | -0.833911498472645 | 0.03390939277110405
-0.05156430277546509 | -0.833911498472645 | 0.03390939277110405 | -0.21992352387147807 | -0.7703393654977033:-0.05328903107584537 | -0.8351209992532489 | 0.04113987089707294
-0.05328903107584537 | -0.8351209992532489 | 0.04113987089707294 | -0.21992352387147807 | -0.7703393654977033:-0.0552940349454083 | -0.8362336197362055 | 0.04832434551585152
-0.0552940349454083 | -0.8362336197362055 | 0.04832434551585152 | -0.21992352387147807 | -0.7703393654977033:-0.057577751164113344 | -0.8372499050183535 | 0.05545056830941775
-0.057577751164113344 | -0.8372499050183535 | 0.05545056830941775 | -0.21992352387147807 | -0.7703393654977033:-0.06013812507098493 | -0.8381705391690986 | 0.06250635452862596
-0.06013812507098493 | -0.8381705391690986 | 0.06250635452862596 | -0.21992352387147807 | -0.7703393654977033:-0.06297261319041692 | -0.838996344614884 | 0.06947960438316869
-0.06297261319041692 | -0.838996344614884 | 0.06947960438316869 | -0.3935626070464391 | -0.20769884403988503:-0.06397988797309129 | -0.8390121032292228 | 0.08547380532806059
-0.06397988797309129 | -0.8390121032292228 | 0.08547380532806059 | -0.3935626070464391 | -0.20769884403988503:-0.06515392149029786 | -0.8386943268277776 | 0.1014811743988453
-0.06515392149029786 | -0.8386943268277776 | 0.1014811743988453 | -0.3935626070464391 | -0.20769884403988503:-0.06649504239007786 | -0.8380424812843756 | 0.11749276036821854
-0.06649504239007786 | -0.8380424812843756 | 0.11749276036821854 | -0.3935626070464391 | -0.20769884403988503:-0.06800347676267471 | -0.8370562249024402 | 0.13349959761760744
-0.06800347676267471 | -0.8370562249024402 | 0.13349959761760744 | -0.3935626070464391 | -0.20769884403988503:-0.06967934810707987 | -0.8357354085483166 | 0.14949271143252219
-0.06967934810707987 | -0.8357354085483166 | 0.14949271143252219 | -0.3935626070464391 | -0.20769884403988503:-0.07152267735637796 | -0.834080075672631 | 0.16546312329211332
-0.07152267735637796 | -0.834080075672631 | 0.16546312329211332 | -0.3935626070464391 | -0.20769884403988503:-0.07353338296169021 | -0.8320904622206626 | 0.18140185615006388
-0.07353338296169021 | -0.8320904622206626 | 0.18140185615006388 | -0.3935626070464391 | -0.20769884403988503:-0.07571128103447577 | -0.8297669964315588 | 0.19729993970384285
-0.07571128103447577 | -0.8297669964315588 | 0.19729993970384285 | -0.3935626070464391 | -0.20769884403988503:-0.07805608554695098 | -0.8271102985272734 | 0.21314841564951692
-0.07805608554695098 | -0.8271102985272734 | 0.21314841564951692 | -0.3935626070464391 | -0.20769884403988503:-0.08056740859031031 | -0.824121180291641 | 0.22893834291922843
-0.08056740859031031 | -0.824121180291641 | 0.22893834291922843 | -0.3935626070464391 | -0.20769884403988503:-0.08324476069043563 | -0.8208006445400713 | 0.24466080289846204
-0.08324476069043563 | -0.8208006445400713 | 0.24466080289846204 | -0.3935626070464391 | -0.20769884403988503:-0.08608755118075884 | -0.8171498844805853 | 0.260306904620375
-0.08608755118075884 | -0.8171498844805853 | 0.260306904620375 | -0.3935626070464391 | -0.20769884403988503:-0.08909508863187554 | -0.8131702829668512 | 0.27586778993429206
-0.08909508863187554 | -0.8131702829668512 | 0.27586778993429206 | -0.3935626070464391 | -0.20769884403988503:-0.09226658133752608 | -0.8088634116441398 | 0.29133463864567233
-0.09226658133752608 | -0.8088634116441398 | 0.29133463864567233 | -0.3935626070464391 | -0.20769884403988503:-0.09560113785648383 | -0.8042310299885855 | 0.306698673624755
