0.0 | 0.0 | 0.0 | 0.0037180362507200915 | -0.6507053379111942:-3.2529526637538027E-4 | -1.8590181145583529E-6 | 0.009994707576198787
-3.2529526637538027E-4 | -1.8590181145583529E-6 | 0.009994707576198787 | -0.2223056973036086 | 0.8612926350077379:2.094793602884092E-4 | 2.1737333366911304E-4 | 0.019897710100195518
2.094793602884092E-4 | 2.1737333366911304E-4 | 0.019897710100195518 | -0.2223056973036086 | 0.8612926350077379:0.0015906466577915762 | 6.545026796282993E-4 | 0.02965115293630951
0.0015906466577915762 | 6.545026796282993E-4 | 0.02965115293630951 | -0.2223056973036086 | 0.8612926350077379:0.0038013635764257993 | 0.00130551036495552 | 0.039198465602200784
0.0038013635764257993 | 0.00130551036495552 | 0.039198465602200784 | -0.2223056973036086 | 0.8612926350077379:0.006821713146926764 | 0.00216557623688185 | 0.04848453070936945
0.006821713146926764 | 0.00216557623688185 | 0.04848453070936945 | -0.2223056973036086 | 0.8612926350077379:0.010628804252826096 | 0.0032291034895918225 | 0.05745584674285026
0.010628804252826096 | 0.0032291034895918225 | 0.05745584674285026 | -0.2223056973036086 | 0.8612926350077379:0.01519687891007944 | 0.004489745482805119 | 0.06606068431291284
0.01519687891007944 | 0.004489745482805119 | 0.06606068431291284 | -0.2223056973036086 | 0.8612926350077379:0.02049742668183549 | 0.005940434439916764 | 0.07424923553224827
0.02049742668183549 | 0.005940434439916764 | 0.07424923553224827 | -0.2223056973036086 | 0.8612926350077379:0.026499305842267132 | 0.007573411927866869 | 0.08197375619339797
0.026499305842267132 | 0.007573411927866869 | 0.08197375619339797 | -0.2223056973036086 | 0.8612926350077379:0.03316887089053158 | 0.009380261017473801 | 0.0891887004430113
0.03316887089053158 | 0.009380261017473801 | 0.0891887004430113 | -0.2223056973036086 | 0.8612926350077379:0.04047010600417861 | 0.011351940019809992 | 0.09585084767184004
0.04047010600417861 | 0.011351940019809992 | 0.09585084767184004 | -0.09742521574795138 | -0.17730104990456685:0.04300857317649062 | 0.012829760749881625 | 0.10437460058550485
0.04300857317649062 | 0.012829760749881625 | 0.10437460058550485 | -0.09742521574795138 | -0.17730104990456685:0.045365275726855836 | 0.014378629107737018 | 0.11285542339838095
0.045365275726855836 | 0.014378629107737018 | 0.11285542339838095 | -0.09742521574795138 | -0.17730104990456685:0.04754217875073352 | 0.015997760604855693 | 0.12129086759084184
0.04754217875073352 | 0.015997760604855693 | 0.12129086759084184 | -0.09742521574795138 | -0.17730104990456685:0.04954125743858462 | 0.01768636220767983 | 0.12967852755551335
0.04954125743858462 | 0.01768636220767983 | 0.12967852755551335 | -0.09742521574795138 | -0.17730104990456685:0.05136449662119863 | 0.019443632616884532 | 0.13801604039245907
0.05136449662119863 | 0.019443632616884532 | 0.13801604039245907 | 0.37021324014925594 | -0.526435322470193:0.05043996828686592 | 0.017853581925068474 | 0.14766143611689353
0.05043996828686592 | 0.017853581925068474 | 0.14766143611689353 | 0.37021324014925594 | -0.526435322470193:0.04902542932070025 | 0.015928736203387972 | 0.1572529102823932
0.04902542932070025 | 0.015928736203387972 | 0.1572529102823932 | 0.37021324014925594 | -0.526435322470193:0.0471250355811883 | 0.013671654360317032 | 0.16676229858015734
0.0471250355811883 | 0.013671654360317032 | 0.16676229858015734 | 0.37021324014925594 | -0.526435322470193:0.044743892862204926 | 0.011085567657465822 | 0.17616179386139907
0.044743892862204926 | 0.011085567657465822 | 0.17616179386139907 | 0.37021324014925594 | -0.526435322470193:0.041888039735709204 | 0.008174368037284552 | 0.18542398972602614
0.041888039735709204 | 0.008174368037284552 | 0.18542398972602614 | 0.37021324014925594 | -0.526435322470193:0.03856442916996217 | 0.004942595580231468 | 0.19452192307899852
0.03856442916996217 | 0.004942595580231468 | 0.19452192307899852 | 0.37021324014925594 | -0.526435322470193:0.03478090896114816 | 0.001395425117602822 | 0.20342911560663834
0.03478090896114816 | 0.001395425117602822 | 0.20342911560663834 | 0.37021324014925594 | -0.526435322470193:0.03054620101740313 | -0.0024613479729738152 | 0.21211961412705493
0.03054620101740313 | -0.0024613479729738152 | 0.21211961412705493 | 0.37021324014925594 | -0.526435322470193:0.02586987953531872 | -0.006621322761611537 | 0.22056802977076684
0.02586987953531872 | -0.006621322761611537 | 0.22056802977076684 | 0.37021324014925594 | -0.526435322470193:0.02076234810999178 | -0.01107750852131062 | 0.22874957594957168
0.02076234810999178 | -0.01107750852131062 | 0.22874957594957168 | 0.37021324014925594 | -0.526435322470193:0.015234815820635794 | -0.015822341215003255 | 0.23664010507369548
0.015234815820635794 | -0.015822341215003255 | 0.23664010507369548 | 0.37021324014925594 | -0.526435322470193:0.009299272334647113 | -0.02084770068468378 | 0.24421614397926694
0.009299272334647113 | -0.02084770068468378 | 0.24421614397926694 | 0.37021324014925594 | -0.526435322470193:0.0029684620738468226 | -0.026144928512215282 | 0.2514549280302112
0.0029684620738468226 | -0.026144928512215282 | 0.2514549280302112 | 0.37021324014925594 | -0.526435322470193:-0.0037441425126286676 | -0.03170484652084893 | 0.2583344338607132
-0.0037441425126286676 | -0.03170484652084893 | 0.2583344338607132 | 0.37021324014925594 | -0.526435322470193:-0.010824368523611794 | -0.037517775885984594 | 0.2648334107264869
-0.010824368523611794 | -0.037517775885984594 | 0.2648334107264869 | -0.9680629837124795 | -0.6195040072052971:-0.019589357447310385 | -0.025334662593513135 | 0.27314872790465206
-0.019589357447310385 | -0.025334662593513135 | 0.27314872790465206 | -0.9680629837124795 | -0.6195040072052971:-0.028807388119780564 | -0.012407569686254005 | 0.28052136965202923
-0.028807388119780564 | -0.012407569686254005 | 0.28052136965202923 | -0.9680629837124795 | -0.6195040072052971:-0.038443061282776636 | 0.001209776875554902 | 0.2868799430451796
-0.038443061282776636 | 0.001209776875554902 | 0.2868799430451796 | -0.9680629837124795 | -0.6195040072052971:-0.048458226364917256 | 0.015459241851924266 | 0.2921576316648231
-0.048458226364917256 | 0.015459241851924266 | 0.2921576316648231 | -0.9680629837124795 | -0.6195040072052971:-0.05881216259634392 | 0.030278555278779318 | 0.2962925459676411
-0.05881216259634392 | 0.030278555278779318 | 0.2962925459676411 | -0.9680629837124795 | -0.6195040072052971:-0.06946177188263347 | 0.04560160596836016 | 0.29922805023523935
-0.06946177188263347 | 0.04560160596836016 | 0.29922805023523935 | -0.9680629837124795 | -0.6195040072052971:-0.08036178253987597 | 0.06135875258348156 | 0.30091306475032287
-0.08036178253987597 | 0.06135875258348156 | 0.30091306475032287 | -0.9680629837124795 | -0.6195040072052971:-0.09146496295202106 | 0.07747715084828055 | 0.3013023419622991
-0.09146496295202106 | 0.07747715084828055 | 0.3013023419622991 | -0.9680629837124795 | -0.6195040072052971:-0.10272234417487758 | 0.09388109539788425 | 0.30035671552099696
-0.10272234417487758 | 0.09388109539788425 | 0.30035671552099696 | -0.9680629837124795 | -0.6195040072052971:-0.11408345047865306 | 0.11049237471572171 | 0.29804332117749066
-0.11408345047865306 | 0.11049237471572171 | 0.29804332117749066 | -0.7221951655529661 | 0.38094272676165364:-0.11059297418584024 | 0.12355668654865304 | 0.30178388234870024
-0.11059297418584024 | 0.12355668654865304 | 0.30178388234870024 | -0.7221951655529661 | 0.38094272676165364:-0.1069115108050643 | 0.1369296768189351 | 0.3048756433065849
-0.1069115108050643 | 0.1369296768189351 | 0.3048756433065849 | -0.7221951655529661 | 0.38094272676165364:-0.10305512585728406 | 0.15058193502441433 | 0.3072965812424444
-0.10305512585728406 | 0.15058193502441433 | 0.3072965812424444 | -0.7221951655529661 | 0.38094272676165364:-0.09904038831604084 | 0.16448305816172135 | 0.3090264157164526
-0.09904038831604084 | 0.16448305816172135 | 0.3090264157164526 | -0.7221951655529661 | 0.38094272676165364:-0.09488432871254776 | 0.17860172932197066 | 0.31004665852663393
-0.09488432871254776 | 0.17860172932197066 | 0.31004665852663393 | -0.7221951655529661 | 0.38094272676165364:-0.09060439633317285 | 0.19290579808655012 | 0.3103406591497784
-0.09060439633317285 | 0.19290579808655012 | 0.3103406591497784 | -0.7221951655529661 | 0.38094272676165364:-0.08621841560940252 | 0.2073623625345581 | 0.309893645681651
-0.08621841560940252 | 0.2073623625345581 | 0.309893645681651 | -0.7221951655529661 | 0.38094272676165364:-0.08174454180132873 | 0.22193785267145194 | 0.3086927612138233
-0.08174454180132873 | 0.22193785267145194 | 0.3086927612138233 | -0.7221951655529661 | 0.38094272676165364:-0.07720121607645314 | 0.23659811508687079 | 0.30672709559446076
-0.07720121607645314 | 0.23659811508687079 | 0.30672709559446076 | -0.7221951655529661 | 0.38094272676165364:-0.0726071200861359 | 0.2513084986483993 | 0.3039877125303825
-0.0726071200861359 | 0.2513084986483993 | 0.3039877125303825 | -0.7221951655529661 | 0.38094272676165364:-0.06798113014234652 | 0.26603394103723277 | 0.3004676719978221
-0.06798113014234652 | 0.26603394103723277 | 0.3004676719978221 | -0.7221951655529661 | 0.38094272676165364:-0.06334227109749624 | 0.28073905593129256 | 0.2961620479392444
-0.06334227109749624 | 0.28073905593129256 | 0.2961620479392444 | -0.7221951655529661 | 0.38094272676165364:-0.05870967003004124 | 0.29538822064133274 | 0.29106794123364743
-0.05870967003004124 | 0.29538822064133274 | 0.29106794123364743 | -0.7221951655529661 | 0.38094272676165364:-0.05410250983825937 | 0.30994566400593726 | 0.2851844879376806
-0.05410250983825937 | 0.30994566400593726 | 0.2851844879376806 | -0.7221951655529661 | 0.38094272676165364:-0.04953998284410499 | 0.3243755543520783 | 0.27851286280474596
-0.04953998284410499 | 0.3243755543520783 | 0.27851286280474596 | -0.7221951655529661 | 0.38094272676165364:-0.04504124450835967 | 0.3386420873290352 | 0.27105627809910793
-0.04504124450835967 | 0.3386420873290352 | 0.27105627809910793 | -0.7221951655529661 | 0.38094272676165364:-0.040625367357396636 | 0.3527095734249879 | 0.2628199777316311
-0.040625367357396636 | 0.3527095734249879 | 0.2628199777316311 | -0.7221951655529661 | 0.38094272676165364:-0.03631129522080512 | 0.3665425249774854 | 0.2538112267533723
-0.03631129522080512 | 0.3665425249774854 | 0.2538112267533723 | -0.7221951655529661 | 0.38094272676165364:-0.03211779787783531 | 0.3801057424912302 | 0.24403929625262855
-0.03211779787783531 | 0.3801057424912302 | 0.24403929625262855 | -0.7221951655529661 | 0.38094272676165364:-0.02806342620917124 | 0.3933644000792267 | 0.23351544371030641
-0.02806342620917124 | 0.3933644000792267 | 0.23351544371030641 | 0.5543619972918306 | 0.8428873215980781:-0.017954244464929436 | 0.39131244515942765 | 0.24819221245143552
-0.017954244464929436 | 0.39131244515942765 | 0.24819221245143552 | 0.5543619972918306 | 0.8428873215980781:-0.00710986900111199 | 0.38872752625804097 | 0.26246898811541364
-0.00710986900111199 | 0.38872752625804097 | 0.26246898811541364 | 0.5543619972918306 | 0.8428873215980781:0.0044542631192845406 | 0.3856194695361177 | 0.2762905660764261
0.0044542631192845406 | 0.3856194695361177 | 0.2762905660764261 | 0.5543619972918306 | 0.8428873215980781:0.016719968008704233 | 0.38199991638837627 | 0.289602694670549
0.016719968008704233 | 0.38199991638837627 | 0.289602694670549 | 0.5543619972918306 | 0.8428873215980781:0.029666363189452927 | 0.3778822944245954 | 0.30235226699268125
0.029666363189452927 | 0.3778822944245954 | 0.30235226699268125 | 0.5543619972918306 | 0.8428873215980781:0.04326992491476456 | 0.3732817824251651 | 0.3144875091095969
0.04326992491476456 | 0.3732817824251651 | 0.3144875091095969 | 0.5543619972918306 | 0.8428873215980781:0.05750455437680202 | 0.36821526939375726 | 0.3259581640845628
0.05750455437680202 | 0.36821526939375726 | 0.3259581640845628 | 0.5543619972918306 | 0.8428873215980781:0.07234165257465364 | 0.3627013078482024 | 0.3367156712242938
0.07234165257465364 | 0.3627013078482024 | 0.3367156712242938 | 0.5543619972918306 | 0.8428873215980781:0.0877502035889911 | 0.35676006150823447 | 0.34671333997590636
0.0877502035889911 | 0.35676006150823447 | 0.34671333997590636 | 0.5543619972918306 | 0.8428873215980781:0.10369686598454197 | 0.3504132475558297 | 0.35590651792020545
0.10369686598454197 | 0.3504132475558297 | 0.35590651792020545 | -0.2760568841273241 | 0.37385751742262907:0.11129894695228426 | 0.3587043277381117 | 0.35238847648773586
0.11129894695228426 | 0.3587043277381117 | 0.35238847648773586 | -0.2760568841273241 | 0.37385751742262907:0.11888218957506114 | 0.3669574212003752 | 0.34851424820729093
0.11888218957506114 | 0.3669574212003752 | 0.34851424820729093 | -0.2760568841273241 | 0.37385751742262907:0.12643757254217425 | 0.37516612569553054 | 0.3442847511912497
0.12643757254217425 | 0.37516612569553054 | 0.3442847511912497 | -0.2760568841273241 | 0.37385751742262907:0.13395611848840883 | 0.38332406655224815 | 0.33970122518019963
0.13395611848840883 | 0.38332406655224815 | 0.33970122518019963 | -0.2760568841273241 | 0.37385751742262907:0.14142890094803262 | 0.39142490185411205 | 0.3347652289565808
0.14142890094803262 | 0.39142490185411205 | 0.3347652289565808 | -0.2760568841273241 | 0.37385751742262907:0.14884705122396372 | 0.39946232755736766 | 0.3294786375430263
0.14884705122396372 | 0.39946232755736766 | 0.3294786375430263 | -0.2760568841273241 | 0.37385751742262907:0.15620176516819867 | 0.40743008254432844 | 0.3238436391890289
0.15620176516819867 | 0.40743008254432844 | 0.3238436391890289 | -0.2760568841273241 | 0.37385751742262907:0.1634843098696774 | 0.415321953609622 | 0.3178627321496066
0.1634843098696774 | 0.415321953609622 | 0.3178627321496066 | -0.2760568841273241 | 0.37385751742262907:0.1706860302458545 | 0.42313178037648314 | 0.31153872125982573
0.1706860302458545 | 0.42313178037648314 | 0.31153872125982573 | -0.2760568841273241 | 0.37385751742262907:0.17779835553433615 | 0.4308534601403746 | 0.3048747143090651
0.17779835553433615 | 0.4308534601403746 | 0.3048747143090651 | -0.9099858542656329 | 0.23387484497933997:0.18255917352565298 | 0.4478085059143897 | 0.2851140113472148
0.18255917352565298 | 0.4478085059143897 | 0.2851140113472148 | -0.9099858542656329 | 0.23387484497933997:0.18708947192494807 | 0.46390957567270164 | 0.26434754902925306
0.18708947192494807 | 0.46390957567270164 | 0.26434754902925306 | -0.9099858542656329 | 0.23387484497933997:0.19137552022869175 | 0.4791020799585439 | 0.24261727914012
0.19137552022869175 | 0.4791020799585439 | 0.24261727914012 | -0.9099858542656329 | 0.23387484497933997:0.19540412975709032 | 0.4933334699851617 | 0.21996822455740173
0.19540412975709032 | 0.4933334699851617 | 0.21996822455740173 | -0.9099858542656329 | 0.23387484497933997:0.19916269362910421 | 0.506553395716173 | 0.1964483677815707
0.19916269362910421 | 0.506553395716173 | 0.1964483677815707 | -0.48725988660088104 | -0.741626086453655:0.19360197970680404 | 0.5149106988248899 | 0.192700063049017
0.19360197970680404 | 0.5149106988248899 | 0.192700063049017 | -0.48725988660088104 | -0.741626086453655:0.18812882747959225 | 0.5231694903857367 | 0.18849222058879178
0.18812882747959225 | 0.5231694903857367 | 0.18849222058879178 | -0.48725988660088104 | -0.741626086453655:0.18276275242772422 | 0.5313173603225785 | 0.1838293369260633
0.18276275242772422 | 0.5313173603225785 | 0.1838293369260633 | -0.48725988660088104 | -0.741626086453655:0.17752310822491735 | 0.5393419860065549 | 0.1787170739691959
0.17752310822491735 | 0.5393419860065549 | 0.1787170739691959 | -0.48725988660088104 | -0.741626086453655:0.17242903810853027 | 0.5472311643626462 | 0.17316224985570017
0.17242903810853027 | 0.5472311643626462 | 0.17316224985570017 | -0.48725988660088104 | -0.741626086453655:0.167499426710497 | 0.5549728437080788 | 0.1671728269246131
0.167499426710497 | 0.5549728437080788 | 0.1671728269246131 | -0.48725988660088104 | -0.741626086453655:0.1627528524652253 | 0.5625551552458283 | 0.16075789684806452
0.1627528524652253 | 0.5625551552458283 | 0.16075789684806452 | -0.48725988660088104 | -0.741626086453655:0.15820754070897136 | 0.5699664441375099 | 0.1539276629614008
0.15820754070897136 | 0.5699664441375099 | 0.1539276629614008 | -0.48725988660088104 | -0.741626086453655:0.1538813175832221 | 0.5771953000811756 | 0.14669341983765705
0.1538813175832221 | 0.5771953000811756 | 0.14669341983765705 | -0.48725988660088104 | -0.741626086453655:0.14979156485242173 | 0.5842305873208922 | 0.13906753015866968
0.14979156485242173 | 0.5842305873208922 | 0.13906753015866968 | -0.48725988660088104 | -0.741626086453655:0.1459551757438935 | 0.5910614740165627 | 0.13106339894120111
0.1459551757438935 | 0.5910614740165627 | 0.13106339894120111 | -0.48725988660088104 | -0.741626086453655:0.14238851191512714 | 0.5976774609040625 | 0.12269544518261455
0.14238851191512714 | 0.5976774609040625 | 0.12269544518261455 | -0.48725988660088104 | -0.741626086453655:0.13910736165065973 | 0.6040684091777422 | 0.11397907099644655
0.13910736165065973 | 0.6040684091777422 | 0.11397907099644655 | -0.48725988660088104 | -0.741626086453655:0.1361268993876381 | 0.6102245675292295 | 0.10493062831403321
0.1361268993876381 | 0.6102245675292295 | 0.10493062831403321 | -0.48725988660088104 | -0.741626086453655:0.13346164666577032 | 0.6161365982786826 | 0.09556738323368208
0.13346164666577032 | 0.6161365982786826 | 0.09556738323368208 | 0.26619757279742906 | -0.1899466914508514:0.13322304977352495 | 0.61830411429926 | 0.10561906539788168
0.13322304977352495 | 0.61830411429926 | 0.10561906539788168 | 0.26619757279742906 | -0.1899466914508514:0.13287512480227903 | 0.6202945444029524 | 0.11574305285649444
0.13287512480227903 | 0.6202945444029524 | 0.11574305285649444 | 0.26619757279742906 | -0.1899466914508514:0.13241691203703532 | 0.6221067566391483 | 0.12593476791900926
0.13241691203703532 | 0.6221067566391483 | 0.12593476791900926 | 0.26619757279742906 | -0.1899466914508514:0.1318475094879279 | 0.6237396974079452 | 0.13618961594572454
0.1318475094879279 | 0.6237396974079452 | 0.13618961594572454 | 0.26619757279742906 | -0.1899466914508514:0.1311660728329782 | 0.6251923914168067 | 0.14650298723445232
0.1311660728329782 | 0.6251923914168067 | 0.14650298723445232 | 0.6188527693106669 | 0.169662951821552:0.1332646884542159 | 0.6236225994893836 | 0.16552200674903617
0.1332646884542159 | 0.6236225994893836 | 0.16552200674903617 | 0.6188527693106669 | 0.169662951821552:0.13552519823535292 | 0.6214044714226397 | 0.18454982272544385
0.13552519823535292 | 0.6214044714226397 | 0.18454982272544385 | 0.6188527693106669 | 0.169662951821552:0.13794818687713395 | 0.6185360790945715 | 0.20356223922766858
0.13794818687713395 | 0.6185360790945715 | 0.20356223922766858 | 0.6188527693106669 | 0.169662951821552:0.14053400282574202 | 0.6150163490248914 | 0.2225349711914788
0.14053400282574202 | 0.6150163490248914 | 0.2225349711914788 | 0.6188527693106669 | 0.169662951821552:0.14328275777365818 | 0.6108450647543755 | 0.2414436767799728
0.14328275777365818 | 0.6108450647543755 | 0.2414436767799728 | 0.632649397435286 | -0.8771162449898087:0.1323600786549166 | 0.6058423366000092 | 0.2679733473370405
0.1323600786549166 | 0.6058423366000092 | 0.2679733473370405 | 0.632649397435286 | -0.8771162449898087:0.1202248509830337 | 0.5999315023729501 | 0.2939322351131963
0.1202248509830337 | 0.5999315023729501 | 0.2939322351131963 | 0.632649397435286 | -0.8771162449898087:0.10690079667312435 | 0.5931285342759232 | 0.3192329534503564
0.10690079667312435 | 0.5931285342759232 | 0.3192329534503564 | 0.632649397435286 | -0.8771162449898087:0.09241574233644823 | 0.585452386279357 | 0.3437896204442268
0.09241574233644823 | 0.585452386279357 | 0.3437896204442268 | 0.632649397435286 | -0.8771162449898087:0.07680154871398859 | 0.5769249479155008 | 0.3675181538095771
0.07680154871398859 | 0.5769249479155008 | 0.3675181538095771 | 0.2743384136891249 | -0.883633248443715:0.060418661465325485 | 0.5744187026162493 | 0.38013614471833534
0.060418661465325485 | 0.5744187026162493 | 0.38013614471833534 | 0.2743384136891249 | -0.883633248443715:0.04341657837681989 | 0.5716902197734157 | 0.3920107881193253
0.04341657837681989 | 0.5716902197734157 | 0.3920107881193253 | 0.2743384136891249 | -0.883633248443715:0.02582853996321166 | 0.5687498336570442 | 0.40310803094543957
0.02582853996321166 | 0.5687498336570442 | 0.40310803094543957 | 0.2743384136891249 | -0.883633248443715:0.007689450215312199 | 0.5656084039630969 | 0.4133955028775347
0.007689450215312199 | 0.5656084039630969 | 0.4133955028775347 | 0.2743384136891249 | -0.883633248443715:-0.010964203465553268 | 0.5622772915875132 | 0.4228426042856981
-0.010964203465553268 | 0.5622772915875132 | 0.4228426042856981 | -0.1358965233736631 | 0.8992602808128771:0.007913781787753038 | 0.5675179880366557 | 0.4208469505289081
0.007913781787753038 | 0.5675179880366557 | 0.4208469505289081 | -0.1358965233736631 | 0.8992602808128771:0.026758855894121858 | 0.5727330185091191 | 0.41793232687507853
0.026758855894121858 | 0.5727330185091191 | 0.41793232687507853 | -0.1358965233736631 | 0.8992602808128771:0.04552726313387456 | 0.5779160110774484 | 0.4140983773146445
0.04552726313387456 | 0.5779160110774484 | 0.4140983773146445 | -0.1358965233736631 | 0.8992602808128771:0.06417517371797121 | 0.5830605729205658 | 0.40934690056186085
0.06417517371797121 | 0.5830605729205658 | 0.40934690056186085 | -0.1358965233736631 | 0.8992602808128771:0.0826587882939549 | 0.5881603061230152 | 0.40368185447043814
0.0826587882939549 | 0.5881603061230152 | 0.40368185447043814 | -0.1358965233736631 | 0.8992602808128771:0.10093444259737172 | 0.5932088235134501 | 0.397109355260163
0.10093444259737172 | 0.5932088235134501 | 0.397109355260163 | -0.1358965233736631 | 0.8992602808128771:0.11895871199772845 | 0.5981997645047272 | 0.3896376715546239
0.11895871199772845 | 0.5981997645047272 | 0.3896376715546239 | -0.1358965233736631 | 0.8992602808128771:0.13668851568859974 | 0.6031268108974572 | 0.38127721324245556
0.13668851568859974 | 0.6031268108974572 | 0.38127721324245556 | -0.1358965233736631 | 0.8992602808128771:0.15408122027259719 | 0.6079837026094665 | 0.3720405151868498
0.15408122027259719 | 0.6079837026094665 | 0.3720405151868498 | -0.1358965233736631 | 0.8992602808128771:0.17109474249364354 | 0.6127642532935411 | 0.36194221582016795
0.17109474249364354 | 0.6127642532935411 | 0.36194221582016795 | -0.1358965233736631 | 0.8992602808128771:0.1876876508712355 | 0.6174623658062828 | 0.35099903067259675
0.1876876508712355 | 0.6174623658062828 | 0.35099903067259675 | -0.1358965233736631 | 0.8992602808128771:0.20381926599423927 | 0.6220720474911374 | 0.33922972089575154
0.20381926599423927 | 0.6220720474911374 | 0.33922972089575154 | -0.1358965233736631 | 0.8992602808128771:0.2194497592351654 | 0.6265874252393999 | 0.3266550568537099
0.2194497592351654 | 0.6265874252393999 | 0.3266550568537099 | -0.1358965233736631 | 0.8992602808128771:0.2345402496498039 | 0.6310027602931996 | 0.3132977768658165
0.2345402496498039 | 0.6310027602931996 | 0.3132977768658165 | -0.1358965233736631 | 0.8992602808128771:0.24905289883161608 | 0.6353124627554223 | 0.29918254119658627
0.24905289883161608 | 0.6353124627554223 | 0.29918254119658627 | 0.6725785624417355 | -0.2981864707524706:0.2450844548962383 | 0.6270318486862436 | 0.325160343211671
0.2450844548962383 | 0.6270318486862436 | 0.325160343211671 | 0.6725785624417355 | -0.2981864707524706:0.24070766164243373 | 0.6178229972752831 | 0.350854681495548
0.24070766164243373 | 0.6178229972752831 | 0.350854681495548 | 0.6725785624417355 | -0.2981864707524706:0.235926487386525 | 0.6076942069372251 | 0.3762253276380676
0.235926487386525 | 0.6076942069372251 | 0.3762253276380676 | 0.6725785624417355 | -0.2981864707524706:0.2307455499894342 | 0.5966552465837438 | 0.4012323821500132
0.2307455499894342 | 0.5966552465837438 | 0.4012323821500132 | 0.6725785624417355 | -0.2981864707524706:0.2251701110697102 | 0.5847173436511497 | 0.42583633863814896
0.2251701110697102 | 0.5847173436511497 | 0.42583633863814896 | -0.22157095563621532 | 0.8631569709691935:0.24383004979197054 | 0.5912850121579112 | 0.41053668813461286
0.24383004979197054 | 0.5912850121579112 | 0.41053668813461286 | -0.22157095563621532 | 0.8631569709691935:0.2618559609030289 | 0.5976781703139267 | 0.39430619191688265
0.2618559609030289 | 0.5976781703139267 | 0.39430619191688265 | -0.22157095563621532 | 0.8631569709691935:0.27920493801489243 | 0.6038858143167687 | 0.3771738724321665
0.27920493801489243 | 0.6038858143167687 | 0.3771738724321665 | -0.22157095563621532 | 0.8631569709691935:0.2958353590125675 | 0.6098972565994956 | 0.35917086318126223
0.2958353590125675 | 0.6098972565994956 | 0.35917086318126223 | -0.22157095563621532 | 0.8631569709691935:0.3117069830548651 | 0.6157021510885272 | 0.34033034650254734
0.3117069830548651 | 0.6157021510885272 | 0.34033034650254734 | 0.4315447572403164 | 0.7014679464510054:0.32488288057422565 | 0.6100382587207349 | 0.34341324882666413
0.32488288057422565 | 0.6100382587207349 | 0.34341324882666413 | 0.4315447572403164 | 0.7014679464510054:0.3381811429240926 | 0.6042686158503869 | 0.34590347264816046
0.3381811429240926 | 0.6042686158503869 | 0.34590347264816046 | 0.4315447572403164 | 0.7014679464510054:0.35158031822737357 | 0.5984065755854289 | 0.34779322167100446
0.35158031822737357 | 0.5984065755854289 | 0.34779322167100446 | 0.4315447572403164 | 0.7014679464510054:0.3650586505253717 | 0.5924656874999243 | 0.3490757946426726
0.3650586505253717 | 0.5924656874999243 | 0.3490757946426726 | 0.4315447572403164 | 0.7014679464510054:0.3785941207759844 | 0.5864596726100686 | 0.3497456013480118
0.3785941207759844 | 0.5864596726100686 | 0.3497456013480118 | 0.4315447572403164 | 0.7014679464510054:0.3921644884135631 | 0.5804023979816648 | 0.3497981764826079
0.3921644884135631 | 0.5804023979816648 | 0.3497981764826079 | 0.4315447572403164 | 0.7014679464510054:0.4057473333904529 | 0.5743078510178137 | 0.3492301913790925
0.4057473333904529 | 0.5743078510178137 | 0.3492301913790925 | 0.4315447572403164 | 0.7014679464510054:0.4193200986194352 | 0.5681901134763336 | 0.3480394635638149
0.4193200986194352 | 0.5681901134763336 | 0.3480394635638149 | 0.4315447572403164 | 0.7014679464510054:0.4328601327356303 | 0.5620633352668918 | 0.34622496412560366
0.4328601327356303 | 0.5620633352668918 | 0.34622496412560366 | 0.4315447572403164 | 0.7014679464510054:0.44634473309588607 | 0.5559417080779738 | 0.3437868228824499
0.44634473309588607 | 0.5559417080779738 | 0.3437868228824499 | 0.4315447572403164 | 0.7014679464510054:0.45975118893334965 | 0.549839438884355 | 0.3407263313361142
0.45975118893334965 | 0.549839438884355 | 0.3407263313361142 | 0.4315447572403164 | 0.7014679464510054:0.4730568245846918 | 0.5437707233856699 | 0.33704594340896676
0.4730568245846918 | 0.5437707233856699 | 0.33704594340896676 | 0.4315447572403164 | 0.7014679464510054:0.48623904270744056 | 0.5377497194269409 | 0.33274927396156784
0.48623904270744056 | 0.5377497194269409 | 0.33274927396156784 | 0.4315447572403164 | 0.7014679464510054:0.4992753674049677 | 0.5317905204517928 | 0.32784109509356796
0.4992753674049677 | 0.5317905204517928 | 0.32784109509356796 | 0.4315447572403164 | 0.7014679464510054:0.512143487176921 | 0.5259071290388988 | 0.3223273302349554
0.512143487176921 | 0.5259071290388988 | 0.3223273302349554 | 0.07738582199566157 | 0.22081025623136386:0.5169686575835541 | 0.5259535403807618 | 0.31947395960956015
0.5169686575835541 | 0.5259535403807618 | 0.31947395960956015 | 0.07738582199566157 | 0.22081025623136386:0.52175787265897 | 0.5259949879814414 | 0.3165507882077705
0.52175787265897 | 0.5259949879814414 | 0.3165507882077705 | 0.07738582199566157 | 0.22081025623136386:0.5265102201951812 | 0.5260319668679472 | 0.31355835293042844
0.5265102201951812 | 0.5260319668679472 | 0.31355835293042844 | 0.07738582199566157 | 0.22081025623136386:0.5312247971295889 | 0.5260649671440731 | 0.3104972035044966
0.5312247971295889 | 0.5260649671440731 | 0.3104972035044966 | 0.07738582199566157 | 0.22081025623136386:0.5359007096636859 | 0.5260944739658413 | 0.3073679023081155
0.5359007096636859 | 0.5260944739658413 | 0.3073679023081155 | -0.6858645683083677 | 0.5592752228526565:0.5450394242118719 | 0.5375699931463558 | 0.2746891709599879
0.5450394242118719 | 0.5375699931463558 | 0.2746891709599879 | -0.6858645683083677 | 0.5592752228526565:0.5532537103726334 | 0.5479267536257524 | 0.2413093524486385
0.5532537103726334 | 0.5479267536257524 | 0.2413093524486385 | -0.6858645683083677 | 0.5592752228526565:0.5605230380737503 | 0.5571384264779553 | 0.20729386991395415
0.5605230380737503 | 0.5571384264779553 | 0.20729386991395415 | -0.6858645683083677 | 0.5592752228526565:0.5668287812400372 | 0.5651809911447856 | 0.17270971861275086
0.5668287812400372 | 0.5651809911447856 | 0.17270971861275086 | -0.6858645683083677 | 0.5592752228526565:0.5721542626966993 | 0.572032792877124 | 0.13762532741042577
0.5721542626966993 | 0.572032792877124 | 0.13762532741042577 | -0.6858645683083677 | 0.5592752228526565:0.5764847949564107 | 0.5776745951845754 | 0.10211041695978906
0.5764847949564107 | 0.5776745951845754 | 0.10211041695978906 | -0.6858645683083677 | 0.5592752228526565:0.5798077167996851 | 0.5820896271779503 | 0.06623585487069761
0.5798077167996851 | 0.5820896271779503 | 0.06623585487069761 | -0.6858645683083677 | 0.5592752228526565:0.5821124255672743 | 0.5852636256991985 | 0.0300735081807062
0.5821124255672743 | 0.5852636256991985 | 0.0300735081807062 | -0.6858645683083677 | 0.5592752228526565:0.583390405092512 | 0.58718487214513 | -0.0063039065576546705
0.583390405092512 | 0.58718487214513 | -0.0063039065576546705 | -0.6858645683083677 | 0.5592752228526565:0.5836352492109249 | 0.5878442239026498 | -0.04282297525202239
0.5836352492109249 | 0.5878442239026498 | -0.04282297525202239 | -0.6858645683083677 | 0.5592752228526565:0.5828426807939238 | 0.5872351403245517 | -0.07940973998286438
0.5828426807939238 | 0.5872351403245517 | -0.07940973998286438 | -0.6858645683083677 | 0.5592752228526565:0.5810105662630356 | 0.5853537031868825 | -0.11598985412489782
0.5810105662630356 | 0.5853537031868825 | -0.11598985412489782 | -0.6858645683083677 | 0.5592752228526565:0.5781389255507747 | 0.5821986315806669 | -0.15248873854564948
0.5781389255507747 | 0.5821986315806669 | -0.15248873854564948 | -0.6858645683083677 | 0.5592752228526565:0.5742299374840236 | 0.5777712912026374 | -0.18883173854744228
0.5742299374840236 | 0.5777712912026374 | -0.18883173854744228 | -0.6858645683083677 | 0.5592752228526565:0.5692879405755988 | 0.5720756980216208 | -0.224944281217482
0.5692879405755988 | 0.5720756980216208 | -0.224944281217482 | -0.6858645683083677 | 0.5592752228526565:0.5633194292194723 | 0.5651185163093118 | -0.26075203285000725
0.5633194292194723 | 0.5651185163093118 | -0.26075203285000725 | -0.6858645683083677 | 0.5592752228526565:0.5563330452949167 | 0.556909051036115 | -0.29618105610443735
0.5563330452949167 | 0.556909051036115 | -0.29618105610443735 | -0.6858645683083677 | 0.5592752228526565:0.5483395651946239 | 0.547459234644819 | -0.33115796656401386
0.5483395651946239 | 0.547459234644819 | -0.33115796656401386 | -0.6858645683083677 | 0.5592752228526565:0.5393518823016485 | 0.5367836082266422 | -0.3656100883609028
0.5393518823016485 | 0.5367836082266422 | -0.3656100883609028 | -0.6858645683083677 | 0.5592752228526565:0.5293849849496262 | 0.5248992971365567 | -0.3994656085357846
0.5293849849496262 | 0.5248992971365567 | -0.3994656085357846 | -0.6858645683083677 | 0.5592752228526565:0.5184559299103455 | 0.5118259810958818 | -0.432653729802567
0.5184559299103455 | 0.5118259810958818 | -0.432653729802567 | -0.6858645683083677 | 0.5592752228526565:0.5065838114623027 | 0.4975858588427542 | -0.4651048213926714
0.5065838114623027 | 0.4975858588427542 | -0.4651048213926714 | -0.6858645683083677 | 0.5592752228526565:0.4937897261031061 | 0.48220360740171486 | -0.4967505676570525
0.4937897261031061 | 0.48220360740171486 | -0.4967505676570525 | -0.6858645683083677 | 0.5592752228526565:0.4800967329779837 | 0.46570633605576006 | -0.5275241141093616
0.4800967329779837 | 0.46570633605576006 | -0.5275241141093616 | -0.6858645683083677 | 0.5592752228526565:0.4655298101056218 | 0.44812353511515823 | -0.5573602105988513
0.4655298101056218 | 0.44812353511515823 | -0.5573602105988513 | -0.6858645683083677 | 0.5592752228526565:0.4501158064913682 | 0.42948701958809465 | -0.5861953513079357
0.4501158064913682 | 0.42948701958809465 | -0.5861953513079357 | -0.6858645683083677 | 0.5592752228526565:0.433883390226832 | 0.409830867869573 | -0.6139679112759922
0.433883390226832 | 0.409830867869573 | -0.6139679112759922 | -0.6858645683083677 | 0.5592752228526565:0.41686299268287996 | 0.389191355574809 | -0.6406182791584953
0.41686299268287996 | 0.389191355574809 | -0.6406182791584953 | -0.6858645683083677 | 0.5592752228526565:0.3990867489118557 | 0.367606884654208 | -0.6660889859385506
0.3990867489118557 | 0.367606884654208 | -0.6660889859385506 | -0.6858645683083677 | 0.5592752228526565:0.3805884343822825 | 0.3451179079365403 | -0.6903248293163742
0.3805884343822825 | 0.3451179079365403 | -0.6903248293163742 | 0.6342790054277345 | 0.5615807313547518:0.36196000421462315 | 0.36742819614292443 | -0.6905694467583032
0.36196000421462315 | 0.36742819614292443 | -0.6905694467583032 | 0.6342790054277345 | 0.5615807313547518:0.3433153082149758 | 0.38976385987307083 | -0.6895691510820683
0.3433153082149758 | 0.38976385987307083 | -0.6895691510820683 | 0.6342790054277345 | 0.5615807313547518:0.3246901189854299 | 0.4120846525752029 | -0.6873220338009816
0.3246901189854299 | 0.4120846525752029 | -0.6873220338009816 | 0.6342790054277345 | 0.5615807313547518:0.30612025267421217 | 0.4343502400161441 | -0.6838285336688728
