0.0 | 0.0 | 0.0 | 0.24049792389863556 | 0.38968694217620947:1.9481705699371085E-4 | -1.2024606400773408E-4 | 0.009997379016442008
1.9481705699371085E-4 | -1.2024606400773408E-4 | 0.009997379016442008 | 0.24049792389863556 | 0.38968694217620947:7.751406267982282E-4 | -4.7849931711207994E-4 | 0.019879139705032765
7.751406267982282E-4 | -4.7849931711207994E-4 | 0.019879139705032765 | 0.24049792389863556 | 0.38968694217620947:0.001734539806475468 | -0.0010708830667389702 | 0.029630963233029127
0.001734539806475468 | -0.0010708830667389702 | 0.029630963233029127 | 0.24049792389863556 | 0.38968694217620947:0.003066271994196006 | -0.001893326249118088 | 0.039238854719424586
0.003066271994196006 | -0.001893326249118088 | 0.039238854719424586 | 0.24049792389863556 | 0.38968694217620947:0.004763292525768812 | -0.002941569330460192 | 0.048689150978349804
0.004763292525768812 | -0.002941569330460192 | 0.048689150978349804 | 0.24049792389863556 | 0.38968694217620947:0.0068182644143274 | -0.004211170273836551 | 0.05796852792188495
0.0068182644143274 | -0.004211170273836551 | 0.05796852792188495 | 0.24049792389863556 | 0.38968694217620947:0.009223568185421346 | -0.00569751056698653 | 0.06706400762157202
0.009223568185421346 | -0.00569751056698653 | 0.06706400762157202 | 0.24049792389863556 | 0.38968694217620947:0.011971311799800606 | -0.007395801306290917 | 0.07596296502813238
0.011971311799800606 | -0.007395801306290917 | 0.07596296502813238 | 0.24049792389863556 | 0.38968694217620947:0.015053340656222262 | -0.009301089332182322 | 0.08465313434910904
0.015053340656222262 | -0.009301089332182322 | 0.08465313434910904 | 0.24049792389863556 | 0.38968694217620947:0.018461247666655578 | -0.011408263411288422 | 0.09312261508436581
0.018461247666655578 | -0.011408263411288422 | 0.09312261508436581 | 0.24049792389863556 | 0.38968694217620947:0.022186383396310877 | -0.013712060460628672 | 0.1013598777195841
0.022186383396310877 | -0.013712060460628672 | 0.1013598777195841 | 0.24049792389863556 | 0.38968694217620947:0.02621986626097139 | -0.016207071809227536 | 0.1093537690781059
0.02621986626097139 | -0.016207071809227536 | 0.1093537690781059 | 0.5812801637071898 | 0.4741256754419565:0.031038647219978815 | -0.02088984423188678 | 0.11662468261024572
0.031038647219978815 | -0.02088984423188678 | 0.11662468261024572 | 0.5812801637071898 | 0.4741256754419565:0.03619898936316321 | -0.02600899894145381 | 0.12345374359988104
0.03619898936316321 | -0.02600899894145381 | 0.12345374359988104 | 0.5812801637071898 | 0.4741256754419565:0.04168371089634415 | -0.03154378114675671 | 0.12981187242536363
0.04168371089634415 | -0.03154378114675671 | 0.12981187242536363 | 0.5812801637071898 | 0.4741256754419565:0.04747482821094662 | -0.03747243242140308 | 0.13567148286529074
0.04747482821094662 | -0.03747243242140308 | 0.13567148286529074 | 0.5812801637071898 | 0.4741256754419565:0.053553604509259 | -0.04377224958105508 | 0.14100653217180503
0.053553604509259 | -0.04377224958105508 | 0.14100653217180503 | 0.5812801637071898 | 0.4741256754419565:0.059900599494405515 | -0.05041964491926554 | 0.1457925674917091
0.059900599494405515 | -0.05041964491926554 | 0.1457925674917091 | 0.5812801637071898 | 0.4741256754419565:0.06649572002032189 | -0.05739020767423364 | 0.15000676858495776
0.06649572002032189 | -0.05739020767423364 | 0.15000676858495776 | 0.5812801637071898 | 0.4741256754419565:0.07331827159640908 | -0.06465876659797143 | 0.1536279867972079
0.07331827159640908 | -0.06465876659797143 | 0.1536279867972079 | 0.5812801637071898 | 0.4741256754419565:0.0803470106411085 | -0.07219945349875023 | 0.15663678025018957
0.0803470106411085 | -0.07219945349875023 | 0.15663678025018957 | 0.5812801637071898 | 0.4741256754419565:0.0875601973783976 | -0.07998576762728526 | 0.15901544522075994
0.0875601973783976 | -0.07998576762728526 | 0.15901544522075994 | 0.9244898467081015 | -0.47114995805868065:0.08727103124049274 | -0.0907739044558058 | 0.16352042469364703
0.08727103124049274 | -0.0907739044558058 | 0.16352042469364703 | 0.9244898467081015 | -0.47114995805868065:0.08670870160365152 | -0.10201024672667547 | 0.16736000106603166
0.08670870160365152 | -0.10201024672667547 | 0.16736000106603166 | 0.9244898467081015 | -0.47114995805868065:0.08589513060428977 | -0.11365373437867987 | 0.17049399854392444
0.08589513060428977 | -0.11365373437867987 | 0.17049399854392444 | 0.9244898467081015 | -0.47114995805868065:0.08485339030379213 | -0.1256609661944672 | 0.1728854491280698
0.08485339030379213 | -0.1256609661944672 | 0.1728854491280698 | 0.9244898467081015 | -0.47114995805868065:0.083607603896241 | -0.13798639025053938 | 0.17450074527135273
0.083607603896241 | -0.13798639025053938 | 0.17450074527135273 | 0.9244898467081015 | -0.47114995805868065:0.08218284330533399 | -0.15058250177289745 | 0.17530977866610975
0.08218284330533399 | -0.15058250177289745 | 0.17530977866610975 | 0.9244898467081015 | -0.47114995805868065:0.0806050235682847 | -0.16340004762720284 | 0.17528606475032538
0.0806050235682847 | -0.16340004762720284 | 0.17528606475032538 | 0.9244898467081015 | -0.47114995805868065:0.07890079441250974 | -0.17638823665537995 | 0.1744068525743221
0.07890079441250974 | -0.17638823665537995 | 0.1744068525743221 | 0.9244898467081015 | -0.47114995805868065:0.07709742943749132 | -0.18949495505641067 | 0.17265321972291758
0.07709742943749132 | -0.18949495505641067 | 0.17265321972291758 | 0.9244898467081015 | -0.47114995805868065:0.07522271331938435 | -0.2026669859976966 | 0.17001015204197145
0.07522271331938435 | -0.2026669859976966 | 0.17001015204197145 | 0.3840757650097115 | -0.29702631598860463:0.07466560695853453 | -0.21132184106057705 | 0.1715930617931143
0.07466560695853453 | -0.21132184106057705 | 0.1715930617931143 | 0.3840757650097115 | -0.29702631598860463:0.07400488917836268 | -0.22003401294589242 | 0.17288072121295261
0.07400488917836268 | -0.22003401294589242 | 0.17288072121295261 | 0.3840757650097115 | -0.29702631598860463:0.07324758392974218 | -0.22879524353594638 | 0.17387005948365797
0.07324758392974218 | -0.22879524353594638 | 0.17387005948365797 | 0.3840757650097115 | -0.29702631598860463:0.07240073811667092 | -0.23759723365961571 | 0.1745583623103606
0.07240073811667092 | -0.23759723365961571 | 0.1745583623103606 | 0.3840757650097115 | -0.29702631598860463:0.07147141512691335 | -0.2464316515423568 | 0.17494327139222676
0.07147141512691335 | -0.2464316515423568 | 0.17494327139222676 | 0.3840757650097115 | -0.29702631598860463:0.07046668840864068 | -0.25529014119872784 | 0.17502278360394374
0.07046668840864068 | -0.25529014119872784 | 0.17502278360394374 | 0.3840757650097115 | -0.29702631598860463:0.0693936350974389 | -0.2641643307617283 | 0.17479524989118023
0.0693936350974389 | -0.2641643307617283 | 0.17479524989118023 | 0.3840757650097115 | -0.29702631598860463:0.06825932969798387 | -0.27304584074339466 | 0.17425937388377477
0.06825932969798387 | -0.27304584074339466 | 0.17425937388377477 | 0.3840757650097115 | -0.29702631598860463:0.0670708378245819 | -0.28192629222116317 | 0.1734142102305345
0.0670708378245819 | -0.28192629222116317 | 0.1734142102305345 | 0.3840757650097115 | -0.29702631598860463:0.06583521000471348 | -0.290797314944653 | 0.17225916265970298
0.06583521000471348 | -0.290797314944653 | 0.17225916265970298 | 0.3840757650097115 | -0.29702631598860463:0.06455947554960373 | -0.29965055535760055 | 0.17079398176928162
0.06455947554960373 | -0.29965055535760055 | 0.17079398176928162 | 0.3840757650097115 | -0.29702631598860463:0.06325063649577878 | -0.30847768452981406 | 0.16901876255154402
0.06325063649577878 | -0.30847768452981406 | 0.16901876255154402 | 0.3840757650097115 | -0.29702631598860463:0.06191566162146023 | -0.3172704059941269 | 0.16693394165621633
0.06191566162146023 | -0.3172704059941269 | 0.16693394165621633 | 0.3840757650097115 | -0.29702631598860463:0.06056148054157173 | -0.32602046348342206 | 0.16454029439693052
0.06056148054157173 | -0.32602046348342206 | 0.16454029439693052 | 0.3840757650097115 | -0.29702631598860463:0.0591949778850247 | -0.3347196485629631 | 0.16183893150569428
0.0591949778850247 | -0.3347196485629631 | 0.16183893150569428 | -0.34352510832795313 | 0.6890101428830893:0.06600678468132548 | -0.3373874689178571 | 0.168165503041525
0.06600678468132548 | -0.3373874689178571 | 0.168165503041525 | -0.34352510832795313 | 0.6890101428830893:0.07311925164946276 | -0.33984387622432344 | 0.17432589084696737
0.07311925164946276 | -0.33984387622432344 | 0.17432589084696737 | -0.34352510832795313 | 0.6890101428830893:0.08052632160136985 | -0.34209232970983194 | 0.18030129362045333
0.08052632160136985 | -0.34209232970983194 | 0.18030129362045333 | -0.34352510832795313 | 0.6890101428830893:0.08822112774643864 | -0.3441366891816138 | 0.18607325581026934
0.08822112774643864 | -0.3441366891816138 | 0.18607325581026934 | -0.34352510832795313 | 0.6890101428830893:0.09619601031349223 | -0.3459812071510253 | 0.19162370848386612
0.09619601031349223 | -0.3459812071510253 | 0.19162370848386612 | 0.6203783706593451 | 0.5892373234392305:0.10295860092607834 | -0.35688218766709134 | 0.1804806086366213
0.10295860092607834 | -0.35688218766709134 | 0.1804806086366213 | 0.6203783706593451 | 0.5892373234392305:0.10943569224737093 | -0.36745821686054647 | 0.16858191120843724
0.10943569224737093 | -0.36745821686054647 | 0.16858191120843724 | 0.6203783706593451 | 0.5892373234392305:0.11559819075466216 | -0.3776787255180434 | 0.1559468722112527
0.11559819075466216 | -0.3776787255180434 | 0.1559468722112527 | 0.6203783706593451 | 0.5892373234392305:0.12141769518936796 | -0.38751383521088023 | 0.14259696954761658
0.12141769518936796 | -0.38751383521088023 | 0.14259696954761658 | 0.6203783706593451 | 0.5892373234392305:0.12686657276494895 | -0.396934439396631 | 0.12855584953679777
0.12686657276494895 | -0.396934439396631 | 0.12855584953679777 | 0.6203783706593451 | 0.5892373234392305:0.13191803327882745 | -0.4059122823962884 | 0.11384926810962703
0.13191803327882745 | -0.4059122823962884 | 0.11384926810962703 | 0.6203783706593451 | 0.5892373234392305:0.13654620096078318 | -0.41442003606805144 | 0.09850502683653772
0.13654620096078318 | -0.41442003606805144 | 0.09850502683653772 | 0.6203783706593451 | 0.5892373234392305:0.14072618389647884 | -0.42243137400511266 | 0.08255290396404114
0.14072618389647884 | -0.42243137400511266 | 0.08255290396404114 | 0.6203783706593451 | 0.5892373234392305:0.1444341408712293 | -0.42992104309153234 | 0.06602458064530126
0.1444341408712293 | -0.42992104309153234 | 0.06602458064530126 | 0.6203783706593451 | 0.5892373234392305:0.14764734548591196 | -0.4368649322572331 | 0.048953562560269503
0.14764734548591196 | -0.4368649322572331 | 0.048953562560269503 | 0.6203783706593451 | 0.5892373234392305:0.15034424740396446 | -0.44324013828040876 | 0.03137509713032216
0.15034424740396446 | -0.44324013828040876 | 0.03137509713032216 | 0.6203783706593451 | 0.5892373234392305:0.15250453059570557 | -0.4490250284932529 | 0.013326086541141535
0.15250453059570557 | -0.4490250284932529 | 0.013326086541141535 | 0.6203783706593451 | 0.5892373234392305:0.1541091684538225 | -0.4541993002546576 | -0.005155003204006192
0.1541091684538225 | -0.4541993002546576 | -0.005155003204006192 | 0.6203783706593451 | 0.5892373234392305:0.15514047566158773 | -0.4587440370617113 | -0.02402823697067724
0.15514047566158773 | -0.4587440370617113 | -0.02402823697067724 | 0.6203783706593451 | 0.5892373234392305:0.15558215670342612 | -0.4626417611800431 | -0.04325230868214014
0.15558215670342612 | -0.4626417611800431 | -0.04325230868214014 | 0.6203783706593451 | 0.5892373234392305:0.15541935091558656 | -0.4658764826816082 | -0.06278464276686258
0.15541935091558656 | -0.4658764826816082 | -0.06278464276686258 | 0.6203783706593451 | 0.5892373234392305:0.1546386739830643 | -0.4684337447872249 | -0.08258149861458897
0.1546386739830643 | -0.4684337447872249 | -0.08258149861458897 | 0.6203783706593451 | 0.5892373234392305:0.15322825579741384 | -0.4703006654200337 | -0.10259807778546914
0.15322825579741384 | -0.4703006654200337 | -0.10259807778546914 | 0.6203783706593451 | 0.5892373234392305:0.15117777459873416 | -0.4714659748850387 | -0.12278863371175497
0.15117777459873416 | -0.4714659748850387 | -0.12278863371175497 | 0.6203783706593451 | 0.5892373234392305:0.1484784873338807 | -0.4719200495991558 | -0.1431065836272385
0.1484784873338807 | -0.4719200495991558 | -0.1431065836272385 | 0.6699935882307015 | -0.6057948936457229:0.1546635425959746 | -0.471258656253287 | -0.1557156789591021
0.1546635425959746 | -0.471258656253287 | -0.1557156789591021 | 0.6699935882307015 | -0.6057948936457229:0.16125960559582353 | -0.4700807352777332 | -0.16818892188964352
0.16125960559582353 | -0.4700807352777332 | -0.16818892188964352 | 0.6699935882307015 | -0.6057948936457229:0.16826400415613207 | -0.46838925806260434 | -0.18049163943094815
0.16826400415613207 | -0.46838925806260434 | -0.18049163943094815 | 0.6699935882307015 | -0.6057948936457229:0.1756728444996467 | -0.4661885435423194 | -0.19258930372301197
0.1756728444996467 | -0.4661885435423194 | -0.19258930372301197 | 0.6699935882307015 | -0.6057948936457229:0.18348101748513113 | -0.46348425293722784 | -0.20444762628768576
0.18348101748513113 | -0.46348425293722784 | -0.20444762628768576 | 0.6699935882307015 | -0.6057948936457229:0.19168220805763347 | -0.4602833809298872 | -0.21603265170069808
0.19168220805763347 | -0.4602833809298872 | -0.21603265170069808 | 0.6699935882307015 | -0.6057948936457229:0.2002689078824238 | -0.4565942433059007 | -0.22731085044226162
0.2002689078824238 | -0.4565942433059007 | -0.22731085044226162 | 0.6699935882307015 | -0.6057948936457229:0.20923243112419065 | -0.4524264610977795 | -0.23824921068970895
0.20923243112419065 | -0.4524264610977795 | -0.23824921068970895 | 0.6699935882307015 | -0.6057948936457229:0.21856293332539511 | -0.447790941278992 | -0.2488153288190995
0.21856293332539511 | -0.447790941278992 | -0.2488153288190995 | 0.6699935882307015 | -0.6057948936457229:0.22824943333014147 | -0.44269985406360846 | -0.2589774983867841
0.22824943333014147 | -0.44269985406360846 | -0.2589774983867841 | 0.6699935882307015 | -0.6057948936457229:0.23827983819256193 | -0.43716660687535125 | -0.2687047973665031
0.23827983819256193 | -0.43716660687535125 | -0.2687047973665031 | 0.6699935882307015 | -0.6057948936457229:0.24864097100152538 | -0.4312058150577194 | -0.27796717342266763
0.24864097100152538 | -0.4312058150577194 | -0.27796717342266763 | 0.6699935882307015 | -0.6057948936457229:0.2593186015464859 | -0.42483326940480737 | -0.2867355270060923
0.2593186015464859 | -0.42483326940480737 | -0.2867355270060923 | 0.6699935882307015 | -0.6057948936457229:0.27029747974252416 | -0.41806590059997006 | -0.2949817920645357
0.27029747974252416 | -0.41806590059997006 | -0.2949817920645357 | 0.6699935882307015 | -0.6057948936457229:0.281561371726081 | -0.4109217406568675 | -0.3026790141669604
0.281561371726081 | -0.4109217406568675 | -0.3026790141669604 | 0.6699935882307015 | -0.6057948936457229:0.29309309852655474 | -0.4034198814644725 | -0.3098014258474393
0.29309309852655474 | -0.4034198814644725 | -0.3098014258474393 | 0.6699935882307015 | -0.6057948936457229:0.304874577212944 | -0.3955804305444879 | -0.3163245189820927
0.304874577212944 | -0.3955804305444879 | -0.3163245189820927 | 0.6699935882307015 | -0.6057948936457229:0.31688686440886826 | -0.38742446413612797 | -0.32222511402029275
0.31688686440886826 | -0.38742446413612797 | -0.32222511402029275 | 0.6699935882307015 | -0.6057948936457229:0.3291102020638288 | -0.37897397772941943 | -0.32748142589964635
0.3291102020638288 | -0.37897397772941943 | -0.32748142589964635 | 0.6699935882307015 | -0.6057948936457229:0.3415240653633891 | -0.37025183417410545 | -0.3320731264828831
0.3415240653633891 | -0.37025183417410545 | -0.3320731264828831 | 0.6699935882307015 | -0.6057948936457229:0.3541072126559808 | -0.3612817094968399 | -0.335981403363772
0.3541072126559808 | -0.3612817094968399 | -0.335981403363772 | 0.6699935882307015 | -0.6057948936457229:0.36683773726951685 | -0.35208803656453114 | -0.3391890148984933
0.36683773726951685 | -0.35208803656453114 | -0.3391890148984933 | 0.6699935882307015 | -0.6057948936457229:0.3796931210866745 | -0.34269594673661175 | -0.34168034132851455
0.3796931210866745 | -0.34269594673661175 | -0.34168034132851455 | 0.6699935882307015 | -0.6057948936457229:0.392650289743786 | -0.33313120965359033 | -0.3434414318709105
0.392650289743786 | -0.33313120965359033 | -0.3434414318709105 | 0.6699935882307015 | -0.6057948936457229:0.4056856693146589 | -0.32342017131331957 | -0.34446004766222793
0.4056856693146589 | -0.32342017131331957 | -0.34446004766222793 | 0.6699935882307015 | -0.6057948936457229:0.41877524433739666 | -0.3135896905902058 | -0.34472570045237894
0.41877524433739666 | -0.3135896905902058 | -0.34472570045237894 | 0.6699935882307015 | -0.6057948936457229:0.43189461703937937 | -0.3036670743560812 | -0.34422968695563433
0.43189461703937937 | -0.3036670743560812 | -0.34422968695563433 | 0.6699935882307015 | -0.6057948936457229:0.44501906761298393 | -0.293680011364323 | -0.3429651187765714
0.44501906761298393 | -0.293680011364323 | -0.3429651187765714 | 0.6699935882307015 | -0.6057948936457229:0.4581236153924628 | -0.28365650506150786 | -0.3409269478397496
0.4581236153924628 | -0.28365650506150786 | -0.3409269478397496 | 0.6699935882307015 | -0.6057948936457229:0.4711830807805253 | -0.2736248054931174 | -0.3381119872629497
0.4711830807805253 | -0.2736248054931174 | -0.3381119872629497 | 0.918125098042438 | 0.4393958397736588:0.465966043549507 | -0.2592629129049442 | -0.36259614330917955
0.465966043549507 | -0.2592629129049442 | -0.36259614330917955 | 0.918125098042438 | 0.4393958397736588:0.46015563372888657 | -0.24368499481734673 | -0.38637421894939683
0.46015563372888657 | -0.24368499481734673 | -0.38637421894939683 | 0.918125098042438 | 0.4393958397736588:0.45376740412320693 | -0.22692141859267423 | -0.40937073675501434
0.45376740412320693 | -0.22692141859267423 | -0.40937073675501434 | 0.918125098042438 | 0.4393958397736588:0.4468187106255108 | -0.2090063636278643 | -0.43151195813618304
0.4468187106255108 | -0.2090063636278643 | -0.43151195813618304 | 0.918125098042438 | 0.4393958397736588:0.0 | 0.0 | 0.0
0.0 | 0.0 | 0.0 | 0.8747699962456952 | -0.18513094622038984:0.453245356115616 | -0.19093753159022597 | -0.4383761680232867
0.453245356115616 | -0.19093753159022597 | -0.4383761680232867 | 0.8747699962456952 | -0.18513094622038984:0.4597254749372546 | -0.17247565552210986 | -0.44438032075544287
0.4597254749372546 | -0.17247565552210986 | -0.44438032075544287 | 0.8747699962456952 | -0.18513094622038984:0.46625089858479285 | -0.15366008303264778 | -0.44950288886171563
0.46625089858479285 | -0.15366008303264778 | -0.44950288886171563 | 0.8747699962456952 | -0.18513094622038984:0.47281323374571826 | -0.1345312541740249 | -0.45372427372425683
0.47281323374571826 | -0.1345312541740249 | -0.45372427372425683 | 0.8747699962456952 | -0.18513094622038984:0.4794038821064994 | -0.11513060917172524 | -0.45702686082986244
0.4794038821064994 | -0.11513060917172524 | -0.45702686082986244 | 0.8747699962456952 | -0.18513094622038984:0.48601406068034336 | -0.09550049358513135 | -0.4593950703561287
0.48601406068034336 | -0.09550049358513135 | -0.4593950703561287 | 0.8747699962456952 | -0.18513094622038984:0.4926348226084514 | -0.07568406112456572 | -0.4608154029730658
0.4926348226084514 | -0.07568406112456572 | -0.4608154029730658 | 0.8747699962456952 | -0.18513094622038984:0.4992570783853907 | -0.05572517435590285 | -0.4612764807524643
0.4992570783853907 | -0.05572517435590285 | -0.4612764807524643 | 0.8747699962456952 | -0.18513094622038984:0.5058716174582152 | -0.0356683035284604 | -0.4607690830888984
0.5058716174582152 | -0.0356683035284604 | -0.4607690830888984 | 0.8747699962456952 | -0.18513094622038984:0.5124691301482969 | -0.015558423765799745 | -0.4592861775480923
0.5124691301482969 | -0.015558423765799745 | -0.4592861775480923 | 0.8009613590491753 | -0.9500982430434195:0.5361297348892968 | 0.0028555297292740534 | -0.43665490081690006
0.5361297348892968 | 0.0028555297292740534 | -0.43665490081690006 | 0.8009613590491753 | -0.9500982430434195:0.5587203708609536 | 0.02042649429401422 | -0.41206973946204695
0.5587203708609536 | 0.02042649429401422 | -0.41206973946204695 | 0.8009613590491753 | -0.9500982430434195:0.5801438010491076 | 0.03707062465714728 | -0.3856144580615233
0.5801438010491076 | 0.03707062465714728 | -0.3856144580615233 | 0.8009613590491753 | -0.9500982430434195:0.6003069128372012 | 0.05270738496692928 | -0.35738127825542954
0.6003069128372012 | 0.05270738496692928 | -0.35738127825542954 | 0.8009613590491753 | -0.9500982430434195:0.6191211403149985 | 0.0672599116243191 | -0.3274705365297468
0.6191211403149985 | 0.0672599116243191 | -0.3274705365297468 | 0.8009613590491753 | -0.9500982430434195:0.6365028688854437 | 0.08065536192493283 | -0.295990305500359
0.6365028688854437 | 0.08065536192493283 | -0.295990305500359 | 0.8009613590491753 | -0.9500982430434195:0.6523738203664173 | 0.09282524695902694 | -0.2630559802286694
0.6523738203664173 | 0.09282524695902694 | -0.2630559802286694 | 0.8009613590491753 | -0.9500982430434195:0.6666614168659919 | 0.10370574728458948 | -0.2287898312537564
0.6666614168659919 | 0.10370574728458948 | -0.2287898312537564 | 0.8009613590491753 | -0.9500982430434195:0.6792991217986106 | 0.11323800996071043 | -0.19332052617239448
0.6792991217986106 | 0.11323800996071043 | -0.19332052617239448 | 0.8009613590491753 | -0.9500982430434195:0.6902267565059397 | 0.1213684256066827 | -0.15678262173684487
0.6902267565059397 | 0.1213684256066827 | -0.15678262173684487 | 0.7254857551654044 | 0.5684145318761686:0.6883117240246541 | 0.12747287451171374 | -0.1725049183812768
0.6883117240246541 | 0.12747287451171374 | -0.1725049183812768 | 0.7254857551654044 | 0.5684145318761686:0.6859108332217048 | 0.13416240347303088 | -0.18798517726573394
0.6859108332217048 | 0.13416240347303088 | -0.18798517726573394 | 0.7254857551654044 | 0.5684145318761686:0.6830308429468985 | 0.1414294567335297 | -0.20318609704832724
0.6830308429468985 | 0.1414294567335297 | -0.20318609704832724 | 0.7254857551654044 | 0.5684145318761686:0.679679643420311 | 0.14926502235779182 | -0.2180708266606768
0.679679643420311 | 0.14926502235779182 | -0.2180708266606768 | 0.7254857551654044 | 0.5684145318761686:0.6758662420727184 | 0.15765864868879476 | -0.23260305659277059
0.6758662420727184 | 0.15765864868879476 | -0.23260305659277059 | 0.3059760825827529 | 0.31826651291449415:0.6745794950454211 | 0.16178892981718107 | -0.24177178094771534
0.6745794950454211 | 0.16178892981718107 | -0.24177178094771534 | 0.3059760825827529 | 0.31826651291449415:0.673109359570006 | 0.16606638149060515 | -0.2508754192764524
0.673109359570006 | 0.16606638149060515 | -0.2508754192764524 | 0.3059760825827529 | 0.31826651291449415:0.6714569959897503 | 0.17049023108065953 | -0.25990788388792296
0.6714569959897503 | 0.17049023108065953 | -0.25990788388792296 | 0.3059760825827529 | 0.31826651291449415:0.6696236752804268 | 0.175059596339306 | -0.268863125820463
0.6696236752804268 | 0.175059596339306 | -0.268863125820463 | 0.3059760825827529 | 0.31826651291449415:0.6676107781367833 | 0.17977348627735878 | -0.2777351386715754
0.6676107781367833 | 0.17977348627735878 | -0.2777351386715754 | 0.3059760825827529 | 0.31826651291449415:0.6654197939949071 | 0.18463080210480598 | -0.2865179623865206
0.6654197939949071 | 0.18463080210480598 | -0.2865179623865206 | 0.3059760825827529 | 0.31826651291449415:0.6630523199910812 | 0.18963033823207098 | -0.29520568700374916
0.6630523199910812 | 0.18963033823207098 | -0.29520568700374916 | 0.3059760825827529 | 0.31826651291449415:0.6605100598583462 | 0.19477078333135367 | -0.30379245635529983
0.6605100598583462 | 0.19477078333135367 | -0.30379245635529983 | 0.3059760825827529 | 0.31826651291449415:0.6577948227614883 | 0.200050721457103 | -0.3122724717202736
0.6577948227614883 | 0.200050721457103 | -0.3122724717202736 | 0.3059760825827529 | 0.31826651291449415:0.6549085220716222 | 0.20546863322475772 | -0.32063999542955735
0.6549085220716222 | 0.20546863322475772 | -0.32063999542955735 | 0.3059760825827529 | 0.31826651291449415:0.6518531740813245 | 0.2110228970466892 | -0.3288893544200011
0.6518531740813245 | 0.2110228970466892 | -0.3288893544200011 | 0.3059760825827529 | 0.31826651291449415:0.6486308966613379 | 0.2167117904244691 | -0.33701494373629437
0.6486308966613379 | 0.2167117904244691 | -0.33701494373629437 | 0.3059760825827529 | 0.31826651291449415:0.6452439078599497 | 0.22253349129636035 | -0.3450112299787982
0.6452439078599497 | 0.22253349129636035 | -0.3450112299787982 | 0.3059760825827529 | 0.31826651291449415:0.6416945244461019 | 0.2284860794390582 | -0.35287275469568513
0.6416945244461019 | 0.2284860794390582 | -0.35287275469568513 | 0.3059760825827529 | 0.31826651291449415:0.6379851603973989 | 0.23456753792260443 | -0.3605941377177171
0.6379851603973989 | 0.23456753792260443 | -0.3605941377177171 | -0.26412042671320846 | 0.6246872471293574:0.6281936116797695 | 0.23047365805935627 | -0.38455546004234975
0.6281936116797695 | 0.23047365805935627 | -0.38455546004234975 | -0.26412042671320846 | 0.6246872471293574:0.6176048339483273 | 0.22604174898174634 | -0.40819805820481037
0.6176048339483273 | 0.22604174898174634 | -0.40819805820481037 | -0.26412042671320846 | 0.6246872471293574:0.6062282022215726 | 0.22127555328099646 | -0.43149017516095256
0.6062282022215726 | 0.22127555328099646 | -0.43149017516095256 | -0.26412042671320846 | 0.6246872471293574:0.5940741686712414 | 0.2161792713469488 | -0.45440040091427036
0.5940741686712414 | 0.2161792713469488 | -0.45440040091427036 | -0.26412042671320846 | 0.6246872471293574:0.5811542505086535 | 0.21075755652926986 | -0.4768977154777154
0.5811542505086535 | 0.21075755652926986 | -0.4768977154777154 | 0.006466060330795331 | -0.9359290010846097:0.6045165387828959 | 0.21150396566826046 | -0.45038263806528533
0.6045165387828959 | 0.21150396566826046 | -0.45038263806528533 | 0.006466060330795331 | -0.9359290010846097:0.626652515355957 | 0.21223628360558067 | -0.4227109151467303
0.626652515355957 | 0.21223628360558067 | -0.4227109151467303 | 0.006466060330795331 | -0.9359290010846097:0.6475046899819148 | 0.21295416195714267 | -0.39394037583472397
0.6475046899819148 | 0.21295416195714267 | -0.39394037583472397 | 0.006466060330795331 | -0.9359290010846097:0.667018355534978 | 0.21365727052100425 | -0.3641317032063398
0.667018355534978 | 0.21365727052100425 | -0.3641317032063398 | 0.006466060330795331 | -0.9359290010846097:0.6851417288531749 | 0.21434529827813975 | -0.33334829776202923
0.6851417288531749 | 0.21434529827813975 | -0.33334829776202923 | 0.6860253372495542 | 0.7099783421667007:0.674920058542078 | 0.22624563271078557 | -0.35083447008655355
0.674920058542078 | 0.22624563271078557 | -0.35083447008655355 | 0.6860253372495542 | 0.7099783421667007:0.6640485800752813 | 0.23876365076965556 | -0.3675605109871185
0.6640485800752813 | 0.23876365076965556 | -0.3675605109871185 | 0.6860253372495542 | 0.7099783421667007:0.6525548665741283 | 0.25187373602626906 | -0.38348013498661615
0.6525548665741283 | 0.25187373602626906 | -0.38348013498661615 | 0.6860253372495542 | 0.7099783421667007:0.6404681958131206 | 0.26554859002038 | -0.39854895591631134
0.6404681958131206 | 0.26554859002038 | -0.39854895591631134 | 0.6860253372495542 | 0.7099783421667007:0.6278194788913964 | 0.27975929908434694 | -0.4127246105436875
0.6278194788913964 | 0.27975929908434694 | -0.4127246105436875 | 0.3101732004773605 | -0.9943166899475078:0.648937108098437 | 0.28683382199780283 | -0.37756366181397993
0.648937108098437 | 0.28683382199780283 | -0.37756366181397993 | 0.3101732004773605 | -0.9943166899475078:0.0 | 0.0 | 0.0
0.0 | 0.0 | 0.0 | 0.3101732004773605 | -0.9943166899475078:0.6683033796669733 | 0.293369356858026 | -0.34119117772969076
0.6683033796669733 | 0.293369356858026 | -0.34119117772969076 | 0.3101732004773605 | -0.9943166899475078:0.6858554324888786 | 0.2993455696658316 | -0.30370386641648395
0.6858554324888786 | 0.2993455696658316 | -0.30370386641648395 | 0.3101732004773605 | -0.9943166899475078:0.7015353486078411 | 0.30474364004829724 | -0.26520202983681784
0.7015353486078411 | 0.30474364004829724 | -0.26520202983681784 | 0.3101732004773605 | -0.9943166899475078:0.7152903380865681 | 0.3095463210867493 | -0.22578928421514277
0.7152903380865681 | 0.3095463210867493 | -0.22578928421514277 | 0.3101732004773605 | -0.9943166899475078:0.7270729092761599 | 0.3137379946725254 | -0.18557227005894816
0.7270729092761599 | 0.3137379946725254 | -0.18557227005894816 | 0.3101732004773605 | -0.9943166899475078:0.7368410239642813 | 0.31730472222076145 | -0.14466035261537868
0.7368410239642813 | 0.31730472222076145 | -0.14466035261537868 | 0.3101732004773605 | -0.9943166899475078:0.7445582369229626 | 0.3202342905860043 | -0.1031653136316244
0.7445582369229626 | 0.3202342905860043 | -0.1031653136316244 | 0.3101732004773605 | -0.9943166899475078:0.750193819422627 | 0.3225162530375947 | -0.061201035313494856
0.750193819422627 | 0.3225162530375947 | -0.061201035313494856 | -0.6713140164655726 | 0.20342430869551098:0.7510804534830626 | 0.32098914826940117 | -0.0797926455419713
0.7510804534830626 | 0.32098914826940117 | -0.0797926455419713 | -0.6713140164655726 | 0.20342430869551098:0.7517599003798168 | 0.3188256502184359 | -0.09836895309503646
0.7517599003798168 | 0.3188256502184359 | -0.09836895309503646 | -0.6713140164655726 | 0.20342430869551098:0.7522323497712549 | 0.31602549721054274 | -0.11690546638004307
0.7522323497712549 | 0.31602549721054274 | -0.11690546638004307 | -0.6713140164655726 | 0.20342430869551098:0.7524982531355846 | 0.3125892960915806 | -0.1353776734086658
0.7524982531355846 | 0.3125892960915806 | -0.1353776734086658 | -0.6713140164655726 | 0.20342430869551098:0.7525583238119893 | 0.308518522882661 | -0.1537610755931702
0.7525583238119893 | 0.308518522882661 | -0.1537610755931702 | -0.6713140164655726 | 0.20342430869551098:0.7524135366764568 | 0.3038155222303267 | -0.17203122154011297
0.7524135366764568 | 0.3038155222303267 | -0.17203122154011297 | -0.6713140164655726 | 0.20342430869551098:0.7520651274530792 | 0.29848350565336546 | -0.19016374079473763
0.7520651274530792 | 0.29848350565336546 | -0.19016374079473763 | -0.6713140164655726 | 0.20342430869551098:0.7515145916621364 | 0.29252654858953164 | -0.2081343774896105
0.7515145916621364 | 0.29252654858953164 | -0.2081343774896105 | -0.6713140164655726 | 0.20342430869551098:0.7507636832065785 | 0.2859495862470922 | -0.22591902385115858
0.7507636832065785 | 0.2859495862470922 | -0.22591902385115858 | -0.6713140164655726 | 0.20342430869551098:0.7498144125991644 | 0.278758408267727 | -0.24349375351811986
0.7498144125991644 | 0.278758408267727 | -0.24349375351811986 | 0.927837073192664 | -0.5233866021828375:0.7570640697032758 | 0.29031817891540257 | -0.21101810955399714
0.7570640697032758 | 0.29031817891540257 | -0.21101810955399714 | 0.927837073192664 | -0.5233866021828375:0.7634430532239094 | 0.30037210834627714 | -0.17779381445642883
0.7634430532239094 | 0.30037210834627714 | -0.17779381445642883 | 0.927837073192664 | -0.5233866021828375:0.768932171798113 | 0.30888378530671545 | -0.14391486635031825
0.768932171798113 | 0.30888378530671545 | -0.14391486635031825 | 0.927837073192664 | -0.5233866021828375:0.7735147727279212 | 0.31582124936910816 | -0.10947751364154357
0.7735147727279212 | 0.31582124936910816 | -0.10947751364154357 | 0.927837073192664 | -0.5233866021828375:0.7771767991496432 | 0.3211570987989454 | -0.07457997364555524
0.7771767991496432 | 0.3211570987989454 | -0.07457997364555524 | 0.4117906247008607 | -0.3437291104164413:0.7796658508815426 | 0.3232198083973117 | -0.054686591191977385
0.7796658508815426 | 0.3232198083973117 | -0.054686591191977385 | 0.4117906247008607 | -0.3437291104164413:0.7817989323250316 | 0.32486848914843236 | -0.03467751822005383
0.7817989323250316 | 0.32486848914843236 | -0.03467751822005383 | 0.4117906247008607 | -0.3437291104164413:0.7835737490163126 | 0.32610012153539536 | -0.014568130483951336
0.7835737490163126 | 0.32610012153539536 | -0.014568130483951336 | 0.4117906247008607 | -0.3437291104164413:0.7849882892712685 | 0.3269120247858748 | 0.0056260839995658785
0.7849882892712685 | 0.3269120247858748 | 0.0056260839995658785 | 0.4117906247008607 | -0.3437291104164413:0.786040826046488 | 0.3273018592218726 | 0.025889537723653433
0.786040826046488 | 0.3273018592218726 | 0.025889537723653433 | 0.4117906247008607 | -0.3437291104164413:0.7867299185633243 | 0.3272676283265241 | 0.04620655653418737
0.7867299185633243 | 0.3272676283265241 | 0.04620655653418737 | 0.4117906247008607 | -0.3437291104164413:0.7870544136944062 | 0.3268076805269384 | 0.06656139253231075
0.7870544136944062 | 0.3268076805269384 | 0.06656139253231075 | 0.4117906247008607 | -0.3437291104164413:0.7870134471117751 | 0.32592071069217 | 0.0869382370261711
0.7870134471117751 | 0.32592071069217 | 0.0869382370261711 | 0.4117906247008607 | -0.3437291104164413:0.7866064441963942 | 0.32460576134573493 | 0.1073212335213185
0.7866064441963942 | 0.32460576134573493 | 0.1073212335213185 | 0.4117906247008607 | -0.3437291104164413:0.7858331207087019 | 0.32286222359227423 | 0.12769449073915595
0.7858331207087019 | 0.32286222359227423 | 0.12769449073915595 | 0.4117906247008607 | -0.3437291104164413:0.7846934832200816 | 0.3206898377581542 | 0.14804209565295423
0.7846934832200816 | 0.3206898377581542 | 0.14804209565295423 | 0.4117906247008607 | -0.3437291104164413:0.7831878293056036 | 0.31808869374610005 | 0.16834812653085152
0.7831878293056036 | 0.31808869374610005 | 0.16834812653085152 | 0.4117906247008607 | -0.3437291104164413:0.7813167474980958 | 0.31505923110412226 | 0.18859666597534286
0.7813167474980958 | 0.31505923110412226 | 0.18859666597534286 | 0.4117906247008607 | -0.3437291104164413:0.7790811170043384 | 0.3116022388092219 | 0.20877181394881106
0.7790811170043384 | 0.3116022388092219 | 0.20877181394881106 | 0.4117906247008607 | -0.3437291104164413:0.776482107183682 | 0.3077188547666161 | 0.22885770077463619
