0.0 | 0.0 | 0.0 | 0.07985177286899181 | 0.6884808308105144:3.4416968792962377E-4 | -3.992578035982852E-5 | 0.009993995855411043
3.4416968792962377E-4 | -3.992578035982852E-5 | 0.009993995855411043 | 0.07985177286899181 | 0.6884808308105144:0.0013689674508547264 | -1.58856268255958E-4 | 0.01985222135692971
0.0013689674508547264 | -1.58856268255958E-4 | 0.01985222135692971 | 0.07985177286899181 | 0.6884808308105144:0.003061722154687467 | -3.5539193492684085E-4 | 0.02954063227184017
0.003061722154687467 | -3.5539193492684085E-4 | 0.02954063227184017 | 0.45653906797268773 | -0.5367891634018656:0.00300930783074483 | -0.00136591046871537 | 0.0392651599117
0.00300930783074483 | -0.00136591046871537 | 0.0392651599117 | 0.45653906797268773 | -0.5367891634018656:0.002432346509582328 | -0.002813160848240459 | 0.04886865074159241
0.002432346509582328 | -0.002813160848240459 | 0.04886865074159241 | 0.45653906797268773 | -0.5367891634018656:0.001339814201717613 | -0.00469001496708521 | 0.05831622048489318
0.001339814201717613 | -0.00469001496708521 | 0.05831622048489318 | 0.45653906797268773 | -0.5367891634018656:-2.581519580680154E-4 | -0.0069883472517893175 | 0.06757376203270962
-2.581519580680154E-4 | -0.0069883472517893175 | 0.06757376203270962 | 0.45653906797268773 | -0.5367891634018656:-0.0023502874742944366 | -0.00969906269780707 | 0.07660800591718614
-0.0023502874742944366 | -0.00969906269780707 | 0.07660800591718614 | 0.45653906797268773 | -0.5367891634018656:-0.00492423590520255 | -0.012812126334499352 | 0.08538657858436866
-0.00492423590520255 | -0.012812126334499352 | 0.08538657858436866 | 0.45653906797268773 | -0.5367891634018656:-0.007966585850499334 | -0.016316594054046618 | 0.0938780583948346
-0.007966585850499334 | -0.016316594054046618 | 0.0938780583948346 | 0.45653906797268773 | -0.5367891634018656:-0.011462909433324887 | -0.020200644737774054 | 0.1020520292846484
-0.011462909433324887 | -0.020200644737774054 | 0.1020520292846484 | 0.45653906797268773 | -0.5367891634018656:-0.015397802195899188 | -0.02445161361211201 | 0.10987913202360289
-0.015397802195899188 | -0.02445161361211201 | 0.10987913202360289 | 0.45653906797268773 | -0.5367891634018656:-0.019754924327002862 | -0.029056026765252874 | 0.11733111301215315
-0.019754924327002862 | -0.029056026765252874 | 0.11733111301215315 | 0.45653906797268773 | -0.5367891634018656:-0.024517043138278058 | -0.03399963675451745 | 0.12438087056293179
-0.024517043138278058 | -0.03399963675451745 | 0.12438087056293179 | 0.45653906797268773 | -0.5367891634018656:-0.029666076705303385 | -0.03926745923352337 | 0.13100249861724778
-0.029666076705303385 | -0.03926745923352337 | 0.13100249861724778 | 0.45653906797268773 | -0.5367891634018656:-0.03518313858849978 | -0.04484381052742381 | 0.13717132785150588
-0.03518313858849978 | -0.04484381052742381 | 0.13717132785150588 | 0.45653906797268773 | -0.5367891634018656:-0.04104858354816335 | -0.05071234608379149 | 0.1428639641330376
-0.04104858354816335 | -0.05071234608379149 | 0.1428639641330376 | 0.45653906797268773 | -0.5367891634018656:-0.04724205416729424 | -0.05685609972613537 | 0.1480583242893987
-0.04724205416729424 | -0.05685609972613537 | 0.1480583242893987 | 0.45653906797268773 | -0.5367891634018656:-0.05374252829539955 | -0.06325752363657022 | 0.1527336691597525
-0.05374252829539955 | -0.06325752363657022 | 0.1527336691597525 | 0.45653906797268773 | -0.5367891634018656:-0.0605283672260884 | -0.06989852899379634 | 0.15687063390152423
-0.0605283672260884 | -0.06989852899379634 | 0.15687063390152423 | 0.45653906797268773 | -0.5367891634018656:-0.06757736452105384 | -0.0767605271923093 | 0.16045125553006478
-0.06757736452105384 | -0.0767605271923093 | 0.16045125553006478 | 0.45653906797268773 | -0.5367891634018656:-0.07486679539293895 | -0.08382447156862294 | 0.1634589976736045
-0.07486679539293895 | -0.08382447156862294 | 0.1634589976736045 | 0.45653906797268773 | -0.5367891634018656:-0.08237346655962463 | -0.09107089956027137 | 0.1658787725302875
-0.08237346655962463 | -0.09107089956027137 | 0.1658787725302875 | -0.3747494918702463 | 0.028647829536041503:-0.08529164825097879 | -0.09132876629942999 | 0.17412136719169702
-0.08529164825097879 | -0.09132876629942999 | 0.17412136719169702 | -0.3747494918702463 | 0.028647829536041503:-0.08815719824181922 | -0.09127814968381864 | 0.18237312336990374
-0.08815719824181922 | -0.09127814968381864 | 0.18237312336990374 | -0.3747494918702463 | 0.028647829536041503:-0.09097052177398601 | -0.09092046921280827 | 0.1906252534096171
-0.09097052177398601 | -0.09092046921280827 | 0.1906252534096171 | -0.3747494918702463 | 0.028647829536041503:-0.09373203664974039 | -0.09025734751163084 | 0.1988690572953944
-0.09373203664974039 | -0.09025734751163084 | 0.1988690572953944 | -0.3747494918702463 | 0.028647829536041503:-0.09644217301609548 | -0.08929060716692794 | 0.20709592657893827
-0.09644217301609548 | -0.08929060716692794 | 0.20709592657893827 | 0.5711758004072214 | 0.10230698143868655:-0.09833029036737684 | -0.09809607841185608 | 0.21125875906374558
-0.09833029036737684 | -0.09809607841185608 | 0.21125875906374558 | 0.5711758004072214 | 0.10230698143868655:-0.1001374931811112 | -0.10716463868748338 | 0.21504445654000204
-0.1001374931811112 | -0.10716463868748338 | 0.21504445654000204 | 0.5711758004072214 | 0.10230698143868655:-0.10186705671901253 | -0.1164800969474693 | 0.2184421563455734
-0.10186705671901253 | -0.1164800969474693 | 0.2184421563455734 | 0.5711758004072214 | 0.10230698143868655:-0.10352231118665034 | -0.12602592636183374 | 0.22144166857452774
-0.10352231118665034 | -0.12602592636183374 | 0.22144166857452774 | 0.5711758004072214 | 0.10230698143868655:-0.10510663726369729 | -0.13578528934522538 | 0.22403348461291372
-0.10510663726369729 | -0.13578528934522538 | 0.22403348461291372 | 0.5711758004072214 | 0.10230698143868655:-0.10662346161019687 | -0.14574106272992715 | 0.22620878477878748
-0.10662346161019687 | -0.14574106272992715 | 0.22620878477878748 | 0.5711758004072214 | 0.10230698143868655:-0.10807625235406237 | -0.1558758630545185 | 0.2279594450668334
-0.10807625235406237 | -0.1558758630545185 | 0.2279594450668334 | 0.5711758004072214 | 0.10230698143868655:-0.10946851456498519 | -0.16617207193928385 | 0.22927804299879462
-0.10946851456498519 | -0.16617207193928385 | 0.22927804299879462 | 0.5711758004072214 | 0.10230698143868655:-0.11080378571989224 | -0.17661186151966435 | 0.23015786258186033
-0.11080378571989224 | -0.17661186151966435 | 0.23015786258186033 | 0.5711758004072214 | 0.10230698143868655:-0.11208563116504933 | -0.1871772199092674 | 0.23059289837804986
-0.11208563116504933 | -0.1871772199092674 | 0.23059289837804986 | 0.6609218520163438 | -0.04135184140063952:-0.11496908883167078 | -0.19888003924989306 | 0.2288678400835833
-0.11496908883167078 | -0.19888003924989306 | 0.2288678400835833 | 0.6609218520163438 | -0.04135184140063952:-0.11783354360395926 | -0.21063292447304116 | 0.2265584334208688
-0.11783354360395926 | -0.21063292447304116 | 0.2265584334208688 | 0.6609218520163438 | -0.04135184140063952:-0.1206775290866422 | -0.2224090432918313 | 0.22366173404831446
-0.1206775290866422 | -0.2224090432918313 | 0.22366173404831446 | 0.6609218520163438 | -0.04135184140063952:-0.12349957432363645 | -0.23418150585844533 | 0.22017595198240425
-0.12349957432363645 | -0.23418150585844533 | 0.22017595198240425 | 0.6609218520163438 | -0.04135184140063952:-0.12629820672725733 | -0.24592341127969242 | 0.21610044928227712
-0.12629820672725733 | -0.24592341127969242 | 0.21610044928227712 | 0.6609218520163438 | -0.04135184140063952:-0.12907195498614232 | -0.25760789382517224 | 0.21143573595649823
-0.12907195498614232 | -0.25760789382517224 | 0.21143573595649823 | 0.6609218520163438 | -0.04135184140063952:-0.1318193519479025 | -0.2692081687639014 | 0.20618346411243582
-0.1318193519479025 | -0.2692081687639014 | 0.20618346411243582 | 0.6609218520163438 | -0.04135184140063952:-0.13453893747257784 | -0.28069757776634496 | 0.2003464203708596
-0.13453893747257784 | -0.28069757776634496 | 0.2003464203708596 | 0.6609218520163438 | -0.04135184140063952:-0.1372292612530588 | -0.292049633809941 | 0.19392851657053
-0.1372292612530588 | -0.292049633809941 | 0.19392851657053 | 0.6609218520163438 | -0.04135184140063952:-0.13988888559869395 | -0.3032380655274034 | 0.18693477878963005
-0.13988888559869395 | -0.3032380655274034 | 0.18693477878963005 | 0.6609218520163438 | -0.04135184140063952:-0.14251638817841084 | -0.314236860938375 | 0.1793713347129806
-0.14251638817841084 | -0.314236860938375 | 0.1793713347129806 | 0.6609218520163438 | -0.04135184140063952:-0.1451103647197387 | -0.3250203105063534 | 0.1712453993759091
-0.1451103647197387 | -0.3250203105063534 | 0.1712453993759091 | 0.6609218520163438 | -0.04135184140063952:-0.14766943166023117 | -0.3355630494641879 | 0.162565259317633
-0.14766943166023117 | -0.3355630494641879 | 0.162565259317633 | 0.6609218520163438 | -0.04135184140063952:-0.15019222874786786 | -0.3458400993529436 | 0.15334025517886118
-0.15019222874786786 | -0.3458400993529436 | 0.15334025517886118 | 0.6609218520163438 | -0.04135184140063952:-0.15267742158711517 | -0.35582690872043354 | 0.14358076278011644
-0.15267742158711517 | -0.35582690872043354 | 0.14358076278011644 | 0.376576046749715 | 0.7056539879381059:-0.14985512356135366 | -0.36356282339866297 | 0.14417727992817397
-0.14985512356135366 | -0.36356282339866297 | 0.14417727992817397 | 0.376576046749715 | 0.7056539879381059:-0.14692917521938487 | -0.3712944130203084 | 0.1444848251423405
-0.14692917521938487 | -0.3712944130203084 | 0.1444848251423405 | 0.376576046749715 | 0.7056539879381059:-0.14391228549445323 | -0.3790155734638123 | 0.14449766110483786
-0.14391228549445323 | -0.3790155734638123 | 0.14449766110483786 | 0.376576046749715 | 0.7056539879381059:-0.14081741077157783 | -0.3867200558157169 | 0.1442107422068375
-0.14081741077157783 | -0.3867200558157169 | 0.1442107422068375 | 0.376576046749715 | 0.7056539879381059:-0.1376577252826623 | -0.3944014821152262 | 0.14361972680913837
-0.1376577252826623 | -0.3944014821152262 | 0.14361972680913837 | -0.8606080864208989 | 0.16983069695260844:-0.13801273370773526 | -0.39276006894742466 | 0.16365844059646584
-0.13801273370773526 | -0.39276006894742466 | 0.16365844059646584 | -0.8606080864208989 | 0.16983069695260844:-0.13816211595950367 | -0.39011767308834777 | 0.18381114598558845
-0.13816211595950367 | -0.39011767308834777 | 0.18381114598558845 | -0.8606080864208989 | 0.16983069695260844:-0.13810400533799516 | -0.3864632974396258 | 0.20402444224455962
-0.13810400533799516 | -0.3864632974396258 | 0.20402444224455962 | -0.8606080864208989 | 0.16983069695260844:-0.13783707884927132 | -0.38178869030666185 | 0.22424427439896455
-0.13783707884927132 | -0.38178869030666185 | 0.22424427439896455 | -0.8606080864208989 | 0.16983069695260844:-0.13736056252586248 | -0.37608837544728146 | 0.2444160783300493
-0.13736056252586248 | -0.37608837544728146 | 0.2444160783300493 | -0.8606080864208989 | 0.16983069695260844:-0.13667423531280765 | -0.36935967487575105 | 0.26448492702878745
-0.13667423531280765 | -0.36935967487575105 | 0.26448492702878745 | -0.8606080864208989 | 0.16983069695260844:-0.1357784315147983 | -0.36160272439161467 | 0.2843956776382601
-0.1357784315147983 | -0.36160272439161467 | 0.2843956776382601 | -0.8606080864208989 | 0.16983069695260844:-0.13467404180343667 | -0.35282048182026315 | 0.3040931189167928
-0.13467404180343667 | -0.35282048182026315 | 0.3040931189167928 | -0.8606080864208989 | 0.16983069695260844:-0.13336251278701372 | -0.34301872796967814 | 0.3235221187551076
-0.13336251278701372 | -0.34301872796967814 | 0.3235221187551076 | -0.8606080864208989 | 0.16983069695260844:-0.1318458451486606 | -0.33220606032502253 | 0.34262777138249234
-0.1318458451486606 | -0.33220606032502253 | 0.34262777138249234 | 0.46502379149340967 | 0.8458027705062579:-0.11877188491935087 | -0.3435499921137435 | 0.343554419170248
-0.11877188491935087 | -0.3435499921137435 | 0.343554419170248 | 0.46502379149340967 | 0.8458027705062579:-0.10552680993643015 | -0.3549566152335828 | 0.34359550858687804
-0.10552680993643015 | -0.3549566152335828 | 0.34359550858687804 | 0.46502379149340967 | 0.8458027705062579:-0.0921528474211053 | -0.3664032995830855 | 0.3427366457537566
-0.0921528474211053 | -0.3664032995830855 | 0.3427366457537566 | 0.46502379149340967 | 0.8458027705062579:-0.07869300289221659 | -0.37786695232185963 | 0.34096607797679823
-0.07869300289221659 | -0.37786695232185963 | 0.34096607797679823 | 0.46502379149340967 | 0.8458027705062579:-0.06519093163142387 | -0.3893240879946642 | 0.3382747435382001
-0.06519093163142387 | -0.3893240879946642 | 0.3382747435382001 | 0.6765462673059075 | -0.2642708171746446:-0.07012008181716212 | -0.4042415111926907 | 0.3270168898958872
-0.07012008181716212 | -0.4042415111926907 | 0.3270168898958872 | 0.6765462673059075 | -0.2642708171746446:-0.07492448460430268 | -0.4188307638171338 | 0.31503272362517976
-0.07492448460430268 | -0.4188307638171338 | 0.31503272362517976 | 0.6765462673059075 | -0.2642708171746446:-0.07959222051143211 | -0.4330613278441646 | 0.3023347665967808
-0.07959222051143211 | -0.4330613278441646 | 0.3023347665967808 | 0.6765462673059075 | -0.2642708171746446:-0.08411156868701664 | -0.4469031675496531 | 0.28893696758968623
-0.08411156868701664 | -0.4469031675496531 | 0.28893696758968623 | 0.6765462673059075 | -0.2642708171746446:-0.08847102852493727 | -0.46032678527951987 | 0.2748546781717476
-0.08847102852493727 | -0.46032678527951987 | 0.2748546781717476 | 0.8076499337584526 | -0.658323487054552:-0.0976634801206302 | -0.4750060052146914 | 0.25512212933024614
-0.0976634801206302 | -0.4750060052146914 | 0.25512212933024614 | 0.8076499337584526 | -0.658323487054552:-0.10623800298822683 | -0.48891881639220713 | 0.234312776067771
-0.10623800298822683 | -0.48891881639220713 | 0.234312776067771 | 0.8076499337584526 | -0.658323487054552:-0.11415310605361384 | -0.5020135723662733 | 0.21247821608119466
-0.11415310605361384 | -0.5020135723662733 | 0.21247821608119466 | 0.8076499337584526 | -0.658323487054552:-0.12136913938172356 | -0.5142408020622504 | 0.18967403294668017
-0.12136913938172356 | -0.5142408020622504 | 0.18967403294668017 | 0.8076499337584526 | -0.658323487054552:-0.12784844047373856 | -0.5255533926162848 | 0.1659596317232026
-0.12784844047373856 | -0.5255533926162848 | 0.1659596317232026 | 0.20589525746548043 | 0.3386831484487631:-0.12607186197317422 | -0.5312805853323361 | 0.16393096769161453
-0.12607186197317422 | -0.5312805853323361 | 0.16393096769161453 | 0.20589525746548043 | 0.3386831484487631:-0.12430091605853022 | -0.5369586377157525 | 0.16177580164571737
-0.12430091605853022 | -0.5369586377157525 | 0.16177580164571737 | 0.20589525746548043 | 0.3386831484487631:-0.12253866924138013 | -0.5425861451576601 | 0.1594949280470388
-0.12253866924138013 | -0.5425861451576601 | 0.1594949280470388 | 0.20589525746548043 | 0.3386831484487631:-0.12078816158344097 | -0.5481617140736752 | 0.15708922259317504
-0.12078816158344097 | -0.5481617140736752 | 0.15708922259317504 | 0.20589525746548043 | 0.3386831484487631:-0.11905240520053262 | -0.5536839628647208 | 0.15455964125281696
-0.11905240520053262 | -0.5536839628647208 | 0.15455964125281696 | 0.20589525746548043 | 0.3386831484487631:-0.11733438279106778 | -0.5591515228626314 | 0.15190721926631667
-0.11733438279106778 | -0.5591515228626314 | 0.15190721926631667 | 0.20589525746548043 | 0.3386831484487631:-0.11563704618955484 | -0.5645630392602854 | 0.14913307011252286
-0.11563704618955484 | -0.5645630392602854 | 0.14913307011252286 | 0.20589525746548043 | 0.3386831484487631:-0.113963314945563 | -0.5699171720259244 | 0.14623838444268955
-0.113963314945563 | -0.5699171720259244 | 0.14623838444268955 | 0.20589525746548043 | 0.3386831484487631:-0.11231607492865514 | -0.5752125968014745 | 0.14322442898216892
-0.11231607492865514 | -0.5752125968014745 | 0.14322442898216892 | 0.20589525746548043 | 0.3386831484487631:-0.11069817695967998 | -0.5804480057844863 | 0.14009254540071936
-0.11069817695967998 | -0.5804480057844863 | 0.14009254540071936 | 0.37195447457039377 | -0.7151083649082586:-0.1159939521073241 | -0.5867226175162408 | 0.1260439287475208
-0.1159939521073241 | -0.5867226175162408 | 0.1260439287475208 | 0.37195447457039377 | -0.7151083649082586:-0.12079830114398327 | -0.5927114539063219 | 0.11159631091391375
-0.12079830114398327 | -0.5927114539063219 | 0.11159631091391375 | 0.37195447457039377 | -0.7151083649082586:-0.12509359149348498 | -0.5984054590112216 | 0.09677380843758954
-0.12509359149348498 | -0.5984054590112216 | 0.09677380843758954 | 0.37195447457039377 | -0.7151083649082586:-0.1288631444968935 | -0.603796060910625 | 0.08160147519665273
-0.1288631444968935 | -0.603796060910625 | 0.08160147519665273 | 0.37195447457039377 | -0.7151083649082586:-0.1320912727679726 | -0.6088751916238699 | 0.06610525357506347
-0.1320912727679726 | -0.6088751916238699 | 0.06610525357506347 | -0.002652645041764101 | -0.9175884839677109:-0.13579241985637047 | -0.6124957385341574 | 0.06041621176635559
-0.13579241985637047 | -0.6124957385341574 | 0.06041621176635559 | -0.002652645041764101 | -0.9175884839677109:-0.13923616784324366 | -0.6160806997251491 | 0.054523878273684545
-0.13923616784324366 | -0.6160806997251491 | 0.054523878273684545 | -0.002652645041764101 | -0.9175884839677109:-0.14241156521037013 | -0.619630470816567 | 0.048440368880410034
-0.14241156521037013 | -0.619630470816567 | 0.048440368880410034 | -0.002652645041764101 | -0.9175884839677109:-0.1453082532052914 | -0.6231454421212916 | 0.04217837407677649
-0.1453082532052914 | -0.6231454421212916 | 0.04217837407677649 | -0.002652645041764101 | -0.9175884839677109:-0.14791649515847638 | -0.6266259985949816 | 0.03575112916679046
-0.14791649515847638 | -0.6266259985949816 | 0.03575112916679046 | 0.6819353629843932 | 0.952041195343653:-0.14787522291087463 | -0.6309365424328881 | 0.021508577177662858
-0.14787522291087463 | -0.6309365424328881 | 0.021508577177662858 | 0.6819353629843932 | 0.952041195343653:-0.14850930957078745 | -0.6347264773927392 | 0.007061957206119018
-0.14850930957078745 | -0.6347264773927392 | 0.007061957206119018 | 0.6819353629843932 | 0.952041195343653:-0.14983065175401933 | -0.6379868031436544 | -0.007536910906900118
-0.14983065175401933 | -0.6379868031436544 | -0.007536910906900118 | 0.6819353629843932 | 0.952041195343653:-0.1518485319616829 | -0.6407103701575707 | -0.02223518415822312
-0.1518485319616829 | -0.6407103701575707 | -0.02223518415822312 | 0.6819353629843932 | 0.952041195343653:-0.15456956609545536 | -0.6428919207565116 | -0.03697919674407402
-0.15456956609545536 | -0.6428919207565116 | -0.03697919674407402 | -0.0632825780683588 | -0.7766595550677735:-0.15387717741451823 | -0.6462851271988868 | -0.04112805947542597
-0.15387717741451823 | -0.6462851271988868 | -0.04112805947542597 | -0.0632825780683588 | -0.7766595550677735:-0.15300864295269 | -0.6496592874702642 | -0.0452536662241485
-0.15300864295269 | -0.6496592874702642 | -0.0452536662241485 | -0.0632825780683588 | -0.7766595550677735:-0.15196449152986347 | -0.6530147046316515 | -0.04934855333178234
-0.15196449152986347 | -0.6530147046316515 | -0.04934855333178234 | -0.0632825780683588 | -0.7766595550677735:-0.1507455738525696 | -0.6563516521571486 | -0.05340526936506862
-0.1507455738525696 | -0.6563516521571486 | -0.05340526936506862 | -0.0632825780683588 | -0.7766595550677735:-0.149353061943307 | -0.6596703739917444 | -0.05741638910403779
-0.149353061943307 | -0.6596703739917444 | -0.05741638910403779 | -0.0632825780683588 | -0.7766595550677735:-0.14778844797155166 | -0.6629710846576202 | -0.06137452748780703
-0.14778844797155166 | -0.6629710846576202 | -0.06137452748780703 | -0.0632825780683588 | -0.7766595550677735:-0.14605354248949887 | -0.6662539694086504 | -0.06527235349254568
-0.14605354248949887 | -0.6662539694086504 | -0.06527235349254568 | -0.0632825780683588 | -0.7766595550677735:-0.14415047207667264 | -0.6695191844329784 | -0.06910260391650525
-0.14415047207667264 | -0.6695191844329784 | -0.06910260391650525 | -0.0632825780683588 | -0.7766595550677735:-0.14208167639853642 | -0.6727668571030918 | -0.07285809704709933
-0.14208167639853642 | -0.6727668571030918 | -0.07285809704709933 | -0.0632825780683588 | -0.7766595550677735:-0.13984990468530967 | -0.6759970862731564 | -0.07653174618534564
-0.13984990468530967 | -0.6759970862731564 | -0.07653174618534564 | 0.5038348523792824 | 0.8686859456619855:-0.14441170949391235 | -0.6768184441609648 | -0.08775889230633283
-0.14441170949391235 | -0.6768184441609648 | -0.08775889230633283 | 0.5038348523792824 | 0.8686859456619855:-0.14947025396790004 | -0.6773165902127332 | -0.09883681439135117
-0.14947025396790004 | -0.6773165902127332 | -0.09883681439135117 | 0.5038348523792824 | 0.8686859456619855:-0.15501987430036657 | -0.6774947443104509 | -0.10973397101787441
-0.15501987430036657 | -0.6774947443104509 | -0.10973397101787441 | 0.5038348523792824 | 0.8686859456619855:-0.16105344075159955 | -0.6773569769773005 | -0.12041912397572929
-0.16105344075159955 | -0.6773569769773005 | -0.12041912397572929 | 0.5038348523792824 | 0.8686859456619855:-0.16756237161258447 | -0.676908202463764 | -0.13086142962456648
-0.16756237161258447 | -0.676908202463764 | -0.13086142962456648 | 0.5038348523792824 | 0.8686859456619855:-0.17453665141803576 | -0.676154169357865 | -0.1410305293704397
-0.17453665141803576 | -0.676154169357865 | -0.1410305293704397 | 0.5038348523792824 | 0.8686859456619855:-0.18196485336106072 | -0.6751014487439164 | -0.15089663899817296
-0.18196485336106072 | -0.6751014487439164 | -0.15089663899817296 | 0.5038348523792824 | 0.8686859456619855:-0.18983416584958768 | -0.6737574199414098 | -0.1604306365994752
-0.18983416584958768 | -0.6737574199414098 | -0.1604306365994752 | 0.5038348523792824 | 0.8686859456619855:-0.1981304231326657 | -0.6721302538623064 | -0.16960414884094632
-0.1981304231326657 | -0.6721302538623064 | -0.16960414884094632 | 0.5038348523792824 | 0.8686859456619855:-0.20683813991315958 | -0.6702288940321068 | -0.1783896353209471
-0.20683813991315958 | -0.6702288940321068 | -0.1783896353209471 | 0.6193793609403733 | 0.04498466768081566:-0.20807654151272814 | -0.6669197842868684 | -0.19934936137665815
-0.20807654151272814 | -0.6669197842868684 | -0.19934936137665815 | 0.6193793609403733 | 0.04498466768081566:-0.20935577815241224 | -0.6629134643880619 | -0.22026176905472816
-0.20935577815241224 | -0.6629134643880619 | -0.22026176905472816 | 0.6193793609403733 | 0.04498466768081566:-0.21067590331432307 | -0.6582101699311238 | -0.24110297505030154
-0.21067590331432307 | -0.6582101699311238 | -0.24110297505030154 | 0.6193793609403733 | 0.04498466768081566:-0.21203690965585054 | -0.6528109605361934 | -0.2618490896626646
-0.21203690965585054 | -0.6528109605361934 | -0.2618490896626646 | 0.6193793609403733 | 0.04498466768081566:-0.21343872907432093 | -0.6467177195336262 | -0.2824762453227212
-0.21343872907432093 | -0.6467177195336262 | -0.2824762453227212 | 0.02632767381544876 | 0.8352007045989882:-0.22588298443977983 | -0.6486483902790994 | -0.27514662926070343
-0.22588298443977983 | -0.6486483902790994 | -0.27514662926070343 | 0.02632767381544876 | 0.8352007045989882:-0.23804229072965732 | -0.6505644020251324 | -0.2672656652739889
-0.23804229072965732 | -0.6505644020251324 | -0.2672656652739889 | 0.02632767381544876 | 0.8352007045989882:-0.24989184659132313 | -0.6524667767716608 | -0.25884480856686665
-0.24989184659132313 | -0.6524667767716608 | -0.25884480856686665 | 0.02632767381544876 | 0.8352007045989882:-0.26140733535538274 | -0.6543565196524099 | -0.2498966352454417
-0.26140733535538274 | -0.6543565196524099 | -0.2498966352454417 | 0.02632767381544876 | 0.8352007045989882:-0.27256497546401803 | -0.6562346173545706 | -0.24043482068685407
-0.27256497546401803 | -0.6562346173545706 | -0.24043482068685407 | 0.4911379380012595 | -0.20003439463407746:-0.2708853584299682 | -0.6522982465375975 | -0.26005225225754103
-0.2708853584299682 | -0.6522982465375975 | -0.26005225225754103 | 0.4911379380012595 | -0.20003439463407746:-0.26899253925841293 | -0.6478380854183214 | -0.27960194117073733
-0.26899253925841293 | -0.6478380854183214 | -0.27960194117073733 | 0.4911379380012595 | -0.20003439463407746:-0.26688700637965823 | -0.6428551223440877 | -0.29906714244800625
-0.26688700637965823 | -0.6428551223440877 | -0.29906714244800625 | 0.4911379380012595 | -0.20003439463407746:-0.264569436459805 | -0.6373508082713855 | -0.3184311410271192
-0.264569436459805 | -0.6373508082713855 | -0.3184311410271192 | 0.4911379380012595 | -0.20003439463407746:-0.2620406938049378 | -0.6313270554833963 | -0.3376772665121859
-0.2620406938049378 | -0.6313270554833963 | -0.3376772665121859 | 0.0052259406579608925 | 0.6603636545351703:-0.273901698475953 | -0.6332059585021454 | -0.3300328436379747
-0.273901698475953 | -0.6332059585021454 | -0.3300328436379747 | 0.0052259406579608925 | 0.6603636545351703:-0.28552845281980055 | -0.635066922039762 | -0.3219634130911917
-0.28552845281980055 | -0.635066922039762 | -0.3219634130911917 | 0.0052259406579608925 | 0.6603636545351703:-0.29690554950047243 | -0.6369102663773987 | -0.31347652886562294
-0.29690554950047243 | -0.6369102663773987 | -0.31347652886562294 | 0.0052259406579608925 | 0.6603636545351703:-0.30801784154196454 | -0.6387363078351456 | -0.3045803030530134
-0.30801784154196454 | -0.6387363078351456 | -0.3045803030530134 | 0.0052259406579608925 | 0.6603636545351703:-0.3188504623316568 | -0.6405453586322238 | -0.2952833962938737
-0.3188504623316568 | -0.6405453586322238 | -0.2952833962938737 | 0.0052259406579608925 | 0.6603636545351703:-0.3293888452581797 | -0.642337726749787 | -0.2855950075236606
-0.3293888452581797 | -0.642337726749787 | -0.2855950075236606 | 0.0052259406579608925 | 0.6603636545351703:-0.3396187429595656 | -0.6441137157965073 | -0.27552486302863244
-0.3396187429595656 | -0.6441137157965073 | -0.27552486302863244 | 0.0052259406579608925 | 0.6603636545351703:-0.3495262461579074 | -0.6458736248772254 | -0.265083204826416
-0.3495262461579074 | -0.6458736248772254 | -0.265083204826416 | 0.0052259406579608925 | 0.6603636545351703:-0.35909780205744113 | -0.6476177484646541 | -0.25428077838717833
-0.35909780205744113 | -0.6476177484646541 | -0.25428077838717833 | 0.0052259406579608925 | 0.6603636545351703:-0.36832023228352995 | -0.6493463762745506 | -0.24312881971201428
-0.36832023228352995 | -0.6493463762745506 | -0.24312881971201428 | 0.0052259406579608925 | 0.6603636545351703:-0.37718075034067056 | -0.6510597931443698 | -0.2316390417859271
-0.37718075034067056 | -0.6510597931443698 | -0.2316390417859271 | 0.0052259406579608925 | 0.6603636545351703:-0.3856669785682669 | -0.6527582789156696 | -0.2198236204235311
-0.3856669785682669 | -0.6527582789156696 | -0.2198236204235311 | 0.0052259406579608925 | 0.6603636545351703:-0.3937669645736719 | -0.654442108320282 | -0.20769517952624916
-0.3937669645736719 | -0.654442108320282 | -0.20769517952624916 | 0.0052259406579608925 | 0.6603636545351703:-0.401469197122605 | -0.6561115508707189 | -0.1952667757704898
-0.401469197122605 | -0.6561115508707189 | -0.1952667757704898 | 0.0052259406579608925 | 0.6603636545351703:-0.40876262146785436 | -0.657766870754557 | -0.1825518827469388
-0.40876262146785436 | -0.657766870754557 | -0.1825518827469388 | 0.0052259406579608925 | 0.6603636545351703:-0.41563665409785955 | -0.6594083267332991 | -0.16956437457168327
-0.41563665409785955 | -0.6594083267332991 | -0.16956437457168327 | 0.0052259406579608925 | 0.6603636545351703:-0.42208119688758927 | -0.6610361720456979 | -0.1563185089905268
-0.42208119688758927 | -0.6610361720456979 | -0.1563185089905268 | 0.0052259406579608925 | 0.6603636545351703:-0.42808665063484597 | -0.6626506543156552 | -0.14282890999839726
-0.42808665063484597 | -0.6626506543156552 | -0.14282890999839726 | 0.0052259406579608925 | 0.6603636545351703:-0.4336439279659814 | -0.6642520154649958 | -0.12911054999627414
-0.4336439279659814 | -0.6642520154649958 | -0.12911054999627414 | 0.0052259406579608925 | 0.6603636545351703:-0.43874446559581415 | -0.6658404916309024 | -0.11517873150860147
-0.43874446559581415 | -0.6658404916309024 | -0.11517873150860147 | 0.0052259406579608925 | 0.6603636545351703:-0.4433802359272967 | -0.667416313088637 | -0.1010490684846106
-0.4433802359272967 | -0.667416313088637 | -0.1010490684846106 | 0.0052259406579608925 | 0.6603636545351703:-0.44754375797748835 | -0.6689797041791365 | -0.08673746720743214
-0.44754375797748835 | -0.6689797041791365 | -0.08673746720743214 | 0.0052259406579608925 | 0.6603636545351703:-0.45122810761704457 | -0.6705308832419377 | -0.0722601068353006
-0.45122810761704457 | -0.6705308832419377 | -0.0722601068353006 | 0.0052259406579608925 | 0.6603636545351703:-0.4544269271114665 | -0.6720700625534306 | -0.05763341959954804
-0.4544269271114665 | -0.6720700625534306 | -0.05763341959954804 | 0.0052259406579608925 | 0.6603636545351703:-0.4571344339531649 | -0.6735974482703995 | -0.04287407068441951
-0.4571344339531649 | -0.6735974482703995 | -0.04287407068441951 | -0.949339758907787 | -0.680073909300176:-0.45753571447468033 | -0.6764030186454306 | -0.026458974302707716
-0.45753571447468033 | -0.6764030186454306 | -0.026458974302707716 | -0.949339758907787 | -0.680073909300176:-0.4584882167946738 | -0.6784123522821375 | -0.009914748015963148
-0.4584882167946738 | -0.6784123522821375 | -0.009914748015963148 | -0.949339758907787 | -0.680073909300176:-0.4599960786474071 | -0.6796186059825118 | 0.006701136099377614
-0.4599960786474071 | -0.6796186059825118 | 0.006701136099377614 | -0.949339758907787 | -0.680073909300176:-0.4620614304205475 | -0.680017724566369 | 0.02333072614789522
-0.4620614304205475 | -0.680017724566369 | 0.02333072614789522 | -0.949339758907787 | -0.680073909300176:-0.464684381266661 | -0.6796084651926009 | 0.03991579692874492
-0.464684381266661 | -0.6796084651926009 | 0.03991579692874492 | -0.949339758907787 | -0.680073909300176:-0.46786301249291995 | -0.6783924115558193 | 0.05639805799151976
-0.46786301249291995 | -0.6783924115558193 | 0.05639805799151976 | -0.949339758907787 | -0.680073909300176:-0.4715933782671726 | -0.6763739778872946 | 0.07271936247973798
-0.4715933782671726 | -0.6763739778872946 | 0.07271936247973798 | -0.949339758907787 | -0.680073909300176:-0.4758695136517588 | -0.6735604027263946 | 0.08882191600353817
-0.4758695136517588 | -0.6735604027263946 | 0.08882191600353817 | -0.949339758907787 | -0.680073909300176:-0.4806834499497512 | -0.6699617324656515 | 0.10464848478220112
-0.4806834499497512 | -0.6699617324656515 | 0.10464848478220112 | -0.949339758907787 | -0.680073909300176:-0.4860252373217051 | -0.6655907947102548 | 0.12014260229890006
-0.4860252373217051 | -0.6655907947102548 | 0.12014260229890006 | -0.6955161799327203 | -0.0816521508896002:-0.48758235040749653 | -0.6623376252710074 | 0.1415097203590907
-0.48758235040749653 | -0.6623376252710074 | 0.1415097203590907 | -0.6955161799327203 | -0.0816521508896002:-0.4892177275419698 | -0.6583196999250731 | 0.16278298213558617
-0.4892177275419698 | -0.6583196999250731 | 0.16278298213558617 | -0.6955161799327203 | -0.0816521508896002:-0.49093111405758805 | -0.6535396644321736 | 0.1839343401005742
-0.49093111405758805 | -0.6535396644321736 | 0.1839343401005742 | -0.6955161799327203 | -0.0816521508896002:-0.4927221338669625 | -0.6480011907481327 | 0.2049358315028904
-0.4927221338669625 | -0.6480011907481327 | 0.2049358315028904 | -0.6955161799327203 | -0.0816521508896002:-0.4945902899336758 | -0.6417089737749677 | 0.22575961660182564
-0.4945902899336758 | -0.6417089737749677 | 0.22575961660182564 | -0.785645563845335 | -0.5763059965983732:-0.5025584070871503 | -0.6335428650102273 | 0.23687966741613664
-0.5025584070871503 | -0.6335428650102273 | 0.23687966741613664 | -0.785645563845335 | -0.5763059965983732:-0.5108383169313839 | -0.6249161129048986 | 0.24745079814171156
-0.5108383169313839 | -0.6249161129048986 | 0.24745079814171156 | -0.785645563845335 | -0.5763059965983732:-0.5194138990018757 | -0.6158503952589456 | 0.257445137865302
-0.5194138990018757 | -0.6158503952589456 | 0.257445137865302 | -0.785645563845335 | -0.5763059965983732:-0.5282682164486872 | -0.6063685268353822 | 0.26683616181028924
-0.5282682164486872 | -0.6063685268353822 | 0.26683616181028924 | -0.785645563845335 | -0.5763059965983732:-0.5373835568856862 | -0.5964944050725194 | 0.27559876150797535
-0.5373835568856862 | -0.5964944050725194 | 0.27559876150797535 | -0.785645563845335 | -0.5763059965983732:-0.546741475279191 | -0.5862529529478024 | 0.28370931150265655
-0.546741475279191 | -0.5862529529478024 | 0.28370931150265655 | -0.785645563845335 | -0.5763059965983732:-0.5563228387687005 | -0.5756700591356889 | 0.2911457324168083
-0.5563228387687005 | -0.5756700591356889 | 0.2911457324168083 | -0.785645563845335 | -0.5763059965983732:-0.5661078733076224 | -0.5647725156093344 | 0.29788755021197133
-0.5661078733076224 | -0.5647725156093344 | 0.29788755021197133 | -0.785645563845335 | -0.5763059965983732:-0.5760762120072727 | -0.5535879528421646 | 0.30391595149061956
-0.5760762120072727 | -0.5535879528421646 | 0.30391595149061956 | -0.785645563845335 | -0.5763059965983732:-0.5862069450629264 | -0.5421447727717492 | 0.30921383469425834
-0.5862069450629264 | -0.5421447727717492 | 0.30921383469425834 | -0.2276600430101059 | -0.9327480186474761:-0.6012797295662793 | -0.539494108728718 | 0.2881757085085308
-0.6012797295662793 | -0.539494108728718 | 0.2881757085085308 | -0.2276600430101059 | -0.9327480186474761:-0.6153655767736694 | -0.5370685461031854 | 0.26638726639888866
-0.6153655767736694 | -0.5370685461031854 | 0.26638726639888866 | -0.2276600430101059 | -0.9327480186474761:-0.6284286401633565 | -0.5348772273900693 | 0.24389770924852883
-0.6284286401633565 | -0.5348772273900693 | 0.24389770924852883 | -0.2276600430101059 | -0.9327480186474761:-0.6404354229956368 | -0.5329287308892674 | 0.22075806108298046
-0.6404354229956368 | -0.5329287308892674 | 0.22075806108298046 | -0.2276600430101059 | -0.9327480186474761:-0.6513548651417622 | -0.5312310488459673 | 0.19702104923109331
-0.6513548651417622 | -0.5312310488459673 | 0.19702104923109331 | -0.4756369474553088 | -0.7856248351514128:-0.6601271807185256 | -0.5272292732500006 | 0.1841477969132459
-0.6601271807185256 | -0.5272292732500006 | 0.1841477969132459 | -0.4756369474553088 | -0.7856248351514128:-0.6683844405703923 | -0.5235193278014094 | 0.17082434422791515
