0.0 | 0.0 | 0.0 | 0.06264830067299298 | -0.9418803672669964:-4.7076381450932215E-4 | -3.132409911099643E-5 | 0.009988863810852741
-4.7076381450932215E-4 | -3.132409911099643E-5 | 0.009988863810852741 | -0.70937567869669 | -0.33644097767753656:-0.0012708845316689072 | 6.425992056868779E-4 | 0.019848977776399858
-0.0012708845316689072 | 6.425992056868779E-4 | 0.019848977776399858 | -0.70937567869669 | -0.33644097767753656:-0.0023939843804724357 | 0.0020090212243082384 | 0.029536114732752736
-0.0023939843804724357 | 0.0020090212243082384 | 0.029536114732752736 | -0.70937567869669 | -0.33644097767753656:-0.003832763819116628 | 0.004053231349894326 | 0.0390071232603893
-0.003832763819116628 | 0.004053231349894326 | 0.0390071232603893 | -0.70937567869669 | -0.33644097767753656:-0.005579031078785601 | 0.006758617640397868 | 0.04822002393837374
-0.005579031078785601 | 0.006758617640397868 | 0.04822002393837374 | -0.70937567869669 | -0.33644097767753656:-0.0076237333696469265 | 0.010106730971981337 | 0.05713410183679976
-0.0076237333696469265 | 0.010106730971981337 | 0.05713410183679976 | -0.70937567869669 | -0.33644097767753656:-0.009956989665130783 | 0.014077352589889958 | 0.06570999509866596
-0.009956989665130783 | 0.014077352589889958 | 0.06570999509866596 | -0.70937567869669 | -0.33644097767753656:-0.012568124978435326 | 0.018648564877810303 | 0.07390977947173144
-0.012568124978435326 | 0.018648564877810303 | 0.07390977947173144 | -0.70937567869669 | -0.33644097767753656:-0.015445706043257498 | 0.023796825162455737 | 0.08169704866039296
-0.015445706043257498 | 0.023796825162455737 | 0.08169704866039296 | -0.70937567869669 | -0.33644097767753656:-0.01857757830899036 | 0.0294970423662424 | 0.08903699037725454
-0.01857757830899036 | 0.0294970423662424 | 0.08903699037725454 | -0.70937567869669 | -0.33644097767753656:-0.021950904159056386 | 0.03572265631743421 | 0.09589645798380397
-0.021950904159056386 | 0.03572265631743421 | 0.09589645798380397 | -0.70937567869669 | -0.33644097767753656:-0.02555220225966269 | 0.04244571952404086 | 0.10224403761945311
-0.02555220225966269 | 0.04244571952404086 | 0.10224403761945311 | -0.70937567869669 | -0.33644097767753656:-0.02936738794506738 | 0.04963698121505489 | 0.10805011072812254
-0.02936738794506738 | 0.04963698121505489 | 0.10805011072812254 | -0.70937567869669 | -0.33644097767753656:-0.03338181454443906 | 0.05726597345031459 | 0.1132869119015284
-0.03338181454443906 | 0.05726597345031459 | 0.1132869119015284 | -0.70937567869669 | -0.33644097767753656:-0.03758031555457009 | 0.06530109909836457 | 0.11792858196835854
-0.03758031555457009 | 0.06530109909836457 | 0.11792858196835854 | -0.70937567869669 | -0.33644097767753656:-0.04194724756207191 | 0.07370972148018118 | 0.12195121626856675
-0.04194724756207191 | 0.07370972148018118 | 0.12195121626856675 | -0.70937567869669 | -0.33644097767753656:-0.046466533818232236 | 0.08245825547550034 | 0.12533290806206798
-0.046466533818232236 | 0.08245825547550034 | 0.12533290806206798 | -0.70937567869669 | -0.33644097767753656:-0.05112170836945362 | 0.09151225988776102 | 0.1280537870311611
-0.05112170836945362 | 0.09151225988776102 | 0.1280537870311611 | -0.70937567869669 | -0.33644097767753656:-0.0558959606461118 | 0.10083653086332972 | 0.13009605284600623
-0.0558959606461118 | 0.10083653086332972 | 0.13009605284600623 | -0.70937567869669 | -0.33644097767753656:-0.06077218041277821 | 0.11039519616071403 | 0.13144400377245424
-0.06077218041277821 | 0.11039519616071403 | 0.13144400377245424 | -0.70937567869669 | -0.33644097767753656:-0.06573300298302964 | 0.12015181006589286 | 0.13208406031141462
-0.06573300298302964 | 0.12015181006589286 | 0.13208406031141462 | -0.70937567869669 | -0.33644097767753656:-0.0707608546025319 | 0.13006944875068568 | 0.13200478386876213
-0.0707608546025319 | 0.13006944875068568 | 0.13200478386876213 | -0.70937567869669 | -0.33644097767753656:-0.0758379979047149 | 0.1401108058722486 | 0.13119689046450378
-0.0758379979047149 | 0.1401108058722486 | 0.13119689046450378 | -0.70937567869669 | -0.33644097767753656:-0.08094657734416422 | 0.15023828821331286 | 0.12965325949951678
-0.08094657734416422 | 0.15023828821331286 | 0.12965325949951678 | -0.70937567869669 | -0.33644097767753656:-0.08606866451382711 | 0.1604141111646672 | 0.12736893760764145
-0.08606866451382711 | 0.1604141111646672 | 0.12736893760764145 | -0.70937567869669 | -0.33644097767753656:-0.0911863032532706 | 0.17060039385362202 | 0.12434113763023369
-0.0911863032532706 | 0.17060039385362202 | 0.12434113763023369 | -0.70937567869669 | -0.33644097767753656:-0.09628155445652753 | 0.18075925372477086 | 0.12056923275944431
-0.09628155445652753 | 0.18075925372477086 | 0.12056923275944431 | -0.70937567869669 | -0.33644097767753656:-0.10133654048952545 | 0.19085290038227787 | 0.11605474590546105
-0.10133654048952545 | 0.19085290038227787 | 0.11605474590546105 | -0.70937567869669 | -0.33644097767753656:-0.10633348912870288 | 0.20084372850616017 | 0.11080133435176265
-0.10633348912870288 | 0.20084372850616017 | 0.11080133435176265 | -0.70937567869669 | -0.33644097767753656:-0.11125477693417185 | 0.21069440965858788 | 0.10481476977099868
-0.11125477693417185 | 0.21069440965858788 | 0.10481476977099868 | -0.70937567869669 | -0.33644097767753656:-0.11608297197269768 | 0.22036798280008996 | 0.0981029136824958
-0.11608297197269768 | 0.22036798280008996 | 0.0981029136824958 | -0.70937567869669 | -0.33644097767753656:-0.12080087580779764 | 0.22982794333971213 | 0.09067568844051976
-0.12080087580779764 | 0.22982794333971213 | 0.09067568844051976 | -0.70937567869669 | -0.33644097767753656:-0.12539156467644252 | 0.23903833054762624 | 0.08254504385031769
-0.12539156467644252 | 0.23903833054762624 | 0.08254504385031769 | -0.70937567869669 | -0.33644097767753656:-0.1298384297741506 | 0.24796381316340765 | 0.07372491951661209
-0.1298384297741506 | 0.24796381316340765 | 0.07372491951661209 | -0.70937567869669 | -0.33644097767753656:-0.13412521657268583 | 0.2565697730381946 | 0.06423120303659102
-0.13412521657268583 | 0.2565697730381946 | 0.06423120303659102 | -0.70937567869669 | -0.33644097767753656:-0.13823606309712688 | 0.2648223866541808 | 0.05408168415652792
-0.13823606309712688 | 0.2648223866541808 | 0.05408168415652792 | -0.6763167868896676 | 0.20413133709532283:-0.1409289262831086 | 0.2726128235313645 | 0.04757264393008409
-0.1409289262831086 | 0.2726128235313645 | 0.04757264393008409 | -0.6763167868896676 | 0.20413133709532283:-0.14365028199740992 | 0.2801498540382159 | 0.040647766401738394
-0.14365028199740992 | 0.2801498540382159 | 0.040647766401738394 | -0.6763167868896676 | 0.20413133709532283:-0.1464065380034274 | 0.2874137101425758 | 0.033318680575295634
-0.1464065380034274 | 0.2874137101425758 | 0.033318680575295634 | -0.6763167868896676 | 0.20413133709532283:-0.14920392625690404 | 0.2943851742047632 | 0.02559793394798593
-0.14920392625690404 | 0.2943851742047632 | 0.02559793394798593 | -0.6763167868896676 | 0.20413133709532283:-0.1520484923493095 | 0.30104561460253265 | 0.01749896410731777
-0.1520484923493095 | 0.30104561460253265 | 0.01749896410731777 | -0.21815882461863656 | -0.3598424392476822:-0.1552658929543349 | 0.307125628045549 | 0.011701429755642145
-0.1552658929543349 | 0.307125628045549 | 0.011701429755642145 | -0.21815882461863656 | -0.3598424392476822:-0.15834980092160267 | 0.31308505379625995 | 0.00566171841808627
-0.15834980092160267 | 0.31308505379625995 | 0.00566171841808627 | -0.21815882461863656 | -0.3598424392476822:-0.1612940708515942 | 0.3189205427427435 | -6.14075929215474E-4
-0.1612940708515942 | 0.3189205427427435 | -6.14075929215474E-4 | -0.21815882461863656 | -0.3598424392476822:-0.16409272878245806 | 0.3246288447240264 | -0.007119696935435904
-0.16409272878245806 | 0.3246288447240264 | -0.007119696935435904 | -0.21815882461863656 | -0.3598424392476822:-0.16673997474279734 | 0.33020681015027176 | -0.013848731664466651
-0.16673997474279734 | 0.33020681015027176 | -0.013848731664466651 | -0.21815882461863656 | -0.3598424392476822:-0.16923018517455457 | 0.33565139154400736 | -0.020794616423110757
-0.16923018517455457 | 0.33565139154400736 | -0.020794616423110757 | -0.21815882461863656 | -0.3598424392476822:-0.17155791522599673 | 0.3409596450024006 | -0.027950642624472
-0.17155791522599673 | 0.3409596450024006 | -0.027950642624472 | -0.21815882461863656 | -0.3598424392476822:-0.17371790091488926 | 0.34612873158059276 | -0.035309962682985585
-0.17371790091488926 | 0.34612873158059276 | -0.035309962682985585 | -0.21815882461863656 | -0.3598424392476822:-0.1757050611619997 | 0.3511559185961888 | -0.04286559593755035
-0.1757050611619997 | 0.3511559185961888 | -0.04286559593755035 | -0.21815882461863656 | -0.3598424392476822:-0.17751449969513278 | 0.3560385808549862 | -0.05061043459924708
-0.17751449969513278 | 0.3560385808549862 | -0.05061043459924708 | -0.9781359004214176 | 0.17085830390457124:-0.18074829306242268 | 0.35841275606143785 | -0.06742895967230034
-0.18074829306242268 | 0.35841275606143785 | -0.06742895967230034 | -0.9781359004214176 | 0.17085830390457124:-0.18411033442203717 | 0.3598548737845828 | -0.08453682064660883
-0.18411033442203717 | 0.3598548737845828 | -0.08453682064660883 | -0.9781359004214176 | 0.17085830390457124:-0.18760468837157607 | 0.36034237422425086 | -0.1018794724275578
-0.18760468837157607 | 0.36034237422425086 | -0.1018794724275578 | -0.9781359004214176 | 0.17085830390457124:-0.1912348570193716 | 0.35985586207787357 | -0.1194009060104988
-0.1912348570193716 | 0.35985586207787357 | -0.1194009060104988 | -0.9781359004214176 | 0.17085830390457124:-0.19500376658423146 | 0.3583791881032674 | -0.13704383773637252
-0.19500376658423146 | 0.3583791881032674 | -0.13704383773637252 | 0.7822772187945306 | -0.2919022272533749:-0.1957456709762937 | 0.3682742083920587 | -0.1274222219301313
-0.1957456709762937 | 0.3682742083920587 | -0.1274222219301313 | 0.7822772187945306 | -0.2919022272533749:-0.1965863119891047 | 0.3777981041413483 | -0.11726559085742672
-0.1965863119891047 | 0.3777981041413483 | -0.11726559085742672 | 0.7822772187945306 | -0.2919022272533749:-0.19753616917205008 | 0.38692362360031396 | -0.10659100793392051
-0.19753616917205008 | 0.38692362360031396 | -0.10659100793392051 | 0.7822772187945306 | -0.2919022272533749:-0.19860541420676903 | 0.39562429924485976 | -0.095417031108608
-0.19860541420676903 | 0.39562429924485976 | -0.095417031108608 | 0.7822772187945306 | -0.2919022272533749:-0.19980388587424525 | 0.4038745158480168 | -0.08376366891194786
-0.19980388587424525 | 0.4038745158480168 | -0.08376366891194786 | 0.25353442046899444 | -0.23206094330275828:-0.20122857561084562 | 0.4096894679236911 | -0.08190701546587453
-0.20122857561084562 | 0.4096894679236911 | -0.08190701546587453 | 0.25353442046899444 | -0.23206094330275828:-0.20264161087637333 | 0.4154441875535344 | -0.07995069855635695
-0.20264161087637333 | 0.4154441875535344 | -0.07995069855635695 | 0.25353442046899444 | -0.23206094330275828:-0.20404496754816037 | 0.42113724475608194 | -0.07789585961789802
-0.20404496754816037 | 0.42113724475608194 | -0.07789585961789802 | 0.25353442046899444 | -0.23206094330275828:-0.2054405938353394 | 0.4267672321176921 | -0.0757436875691293
-0.2054405938353394 | 0.4267672321176921 | -0.0757436875691293 | 0.25353442046899444 | -0.23206094330275828:-0.20683040980021872 | 0.4323327653950333 | -0.0734954178697933
-0.20683040980021872 | 0.4323327653950333 | -0.0734954178697933 | -0.35345013055389174 | 0.7714687049464124:-0.21203405948211262 | 0.4355452288079267 | -0.07386393003884706
-0.21203405948211262 | 0.4355452288079267 | -0.07386393003884706 | -0.35345013055389174 | 0.7714687049464124:-0.21725903488363318 | 0.4386905980663318 | -0.07407465188447815
-0.21725903488363318 | 0.4386905980663318 | -0.07407465188447815 | -0.35345013055389174 | 0.7714687049464124:-0.22249853954735688 | 0.44177251855074395 | -0.07412447917309195
-0.22249853954735688 | 0.44177251855074395 | -0.07412447917309195 | -0.35345013055389174 | 0.7714687049464124:-0.22774562512441676 | 0.4447947030102952 | -0.07401069007372141
-0.22774562512441676 | 0.4447947030102952 | -0.07401069007372141 | -0.35345013055389174 | 0.7714687049464124:-0.23299320874196816 | 0.4477609237320834 | -0.07373095302814958
-0.23299320874196816 | 0.4477609237320834 | -0.07373095302814958 | -0.35345013055389174 | 0.7714687049464124:-0.23823409067322565 | 0.4506750045629886 | -0.07328333368056095
-0.23823409067322565 | 0.4506750045629886 | -0.07328333368056095 | -0.35345013055389174 | 0.7714687049464124:-0.2434609722685206 | 0.453540812802963 | -0.07266630085382952
-0.2434609722685206 | 0.453540812802963 | -0.07266630085382952 | -0.35345013055389174 | 0.7714687049464124:-0.24866647410541276 | 0.4563622509888745 | -0.07187873156172198
-0.24866647410541276 | 0.4563622509888745 | -0.07187873156172198 | -0.35345013055389174 | 0.7714687049464124:-0.2538431543156623 | 0.4591432485882301 | -0.07091991504847961
-0.2538431543156623 | 0.4591432485882301 | -0.07091991504847961 | -0.35345013055389174 | 0.7714687049464124:-0.25898352704659366 | 0.4618877536220971 | -0.0697895558494328
-0.25898352704659366 | 0.4618877536220971 | -0.0697895558494328 | 0.6347440386977274 | 0.45895109606991036:-0.26244898432858577 | 0.4679157708954591 | -0.04956944991654666
-0.26244898432858577 | 0.4679157708954591 | -0.04956944991654666 | 0.6347440386977274 | 0.45895109606991036:-0.26542894241870485 | 0.47327011803657015 | -0.028910865553864795
-0.26542894241870485 | 0.47327011803657015 | -0.028910865553864795 | 0.6347440386977274 | 0.45895109606991036:-0.2679099932035687 | 0.4779317688916862 | -0.007849906943253382
-0.2679099932035687 | 0.4779317688916862 | -0.007849906943253382 | 0.6347440386977274 | 0.45895109606991036:-0.26987969257766053 | 0.48188301208573847 | 0.01357621181447577
-0.26987969257766053 | 0.48188301208573847 | 0.01357621181447577 | 0.6347440386977274 | 0.45895109606991036:-0.2713265884946541 | 0.4851074910163078 | 0.0353292415202624
-0.2713265884946541 | 0.4851074910163078 | 0.0353292415202624 | 0.16112916471237293 | -0.7407658123493099:-0.27476186003959313 | 0.4886636989898676 | 0.02939419723808001
-0.27476186003959313 | 0.4886636989898676 | 0.02939419723808001 | 0.16112916471237293 | -0.7407658123493099:-0.2779625562363446 | 0.4922270665591597 | 0.0233135981967052
-0.2779625562363446 | 0.4922270665591597 | 0.0233135981967052 | 0.16112916471237293 | -0.7407658123493099:-0.28092170435014907 | 0.49579958152262904 | 0.017097014001146826
-0.28092170435014907 | 0.49579958152262904 | 0.017097014001146826 | 0.16112916471237293 | -0.7407658123493099:-0.28363273669320144 | 0.4993831405862217 | 0.010754344369955371
-0.28363273669320144 | 0.4993831405862217 | 0.010754344369955371 | 0.16112916471237293 | -0.7407658123493099:-0.28608950435679326 | 0.502979546345852 | 0.004295800720891085
-0.28608950435679326 | 0.502979546345852 | 0.004295800720891085 | 0.16112916471237293 | -0.7407658123493099:-0.28828629014216745 | 0.5065905044413981 | -0.0022681128061405875
-0.28828629014216745 | 0.5065905044413981 | -0.0022681128061405875 | 0.16112916471237293 | -0.7407658123493099:-0.29021782066946145 | 0.510217620886948 | -0.008926618852787671
-0.29021782066946145 | 0.510217620886948 | -0.008926618852787671 | 0.16112916471237293 | -0.7407658123493099:-0.29187927764558985 | 0.5138623995815621 | -0.015668686835735635
-0.29187927764558985 | 0.5138623995815621 | -0.015668686835735635 | 0.16112916471237293 | -0.7407658123493099:-0.2932663082735214 | 0.5175262400045177 | -0.022483053392458485
-0.2932663082735214 | 0.5175262400045177 | -0.022483053392458485 | 0.16112916471237293 | -0.7407658123493099:-0.29437503478694005 | 0.5212104350987232 | -0.029358243241102366
-0.29437503478694005 | 0.5212104350987232 | -0.029358243241102366 | 0.16112916471237293 | -0.7407658123493099:-0.2952020630958714 | 0.5249161693455449 | -0.036282590415833704
-0.2952020630958714 | 0.5249161693455449 | -0.036282590415833704 | 0.16112916471237293 | -0.7407658123493099:-0.29574449053049534 | 0.5286445170340031 | -0.04324425983850011
-0.29574449053049534 | 0.5286445170340031 | -0.04324425983850011 | 0.16112916471237293 | -0.7407658123493099:-0.2959999126719275 | 0.5323964407269877 | -0.050231269187055005
-0.2959999126719275 | 0.5323964407269877 | -0.050231269187055005 | 0.16112916471237293 | -0.7407658123493099:-0.29596642926041916 | 0.536172789926642 | -0.057231511020852444
-0.29596642926041916 | 0.536172789926642 | -0.057231511020852444 | 0.16112916471237293 | -0.7407658123493099:-0.29564264917305216 | 0.5399742999409014 | -0.0642327751226528
-0.29564264917305216 | 0.5399742999409014 | -0.0642327751226528 | 0.16112916471237293 | -0.7407658123493099:-0.29502769446461663 | 0.5438015909526541 | -0.07122277101697694
-0.29502769446461663 | 0.5438015909526541 | -0.07122277101697694 | 0.16112916471237293 | -0.7407658123493099:-0.29412120346704285 | 0.5476551672927386 | -0.07818915062431686
-0.29412120346704285 | 0.5476551672927386 | -0.07818915062431686 | 0.16112916471237293 | -0.7407658123493099:-0.29292333294435124 | 0.5515354169175808 | -0.08511953101064262
-0.29292333294435124 | 0.5515354169175808 | -0.08511953101064262 | 0.16112916471237293 | -0.7407658123493099:-0.2914347593017723 | 0.5554426110919621 | -0.0920015171916514
-0.2914347593017723 | 0.5554426110919621 | -0.0920015171916514 | 0.16112916471237293 | -0.7407658123493099:-0.2896566788492372 | 0.5593769042770091 | -0.09882272495127459
-0.2896566788492372 | 0.5593769042770091 | -0.09882272495127459 | 0.16112916471237293 | -0.7407658123493099:-0.28759080712117324 | 0.5633383342231539 | -0.10557080363409771
-0.28759080712117324 | 0.5633383342231539 | -0.10557080363409771 | 0.16112916471237293 | -0.7407658123493099:-0.2852393772560262 | 0.5673268222675105 | -0.11223345887154912
-0.2852393772560262 | 0.5673268222675105 | -0.11223345887154912 | 0.16112916471237293 | -0.7407658123493099:-0.28260513744061555 | 0.5713421738347151 | -0.11879847520198783
-0.28260513744061555 | 0.5713421738347151 | -0.11879847520198783 | 0.16112916471237293 | -0.7407658123493099:-0.279691347425981 | 0.5753840791399014 | -0.12525373854515082
-0.279691347425981 | 0.5753840791399014 | -0.12525373854515082 | 0.16112916471237293 | -0.7407658123493099:-0.2765017741229059 | 0.5794521140922697 | -0.13158725849182182
-0.2765017741229059 | 0.5794521140922697 | -0.13158725849182182 | 0.16112916471237293 | -0.7407658123493099:-0.2730406862868904 | 0.5835457413972236 | -0.13778719037004394
-0.2730406862868904 | 0.5835457413972236 | -0.13778719037004394 | 0.16112916471237293 | -0.7407658123493099:-0.2693128483038514 | 0.5876643118547591 | -0.14384185704972055
-0.2693128483038514 | 0.5876643118547591 | -0.14384185704972055 | 0.16112916471237293 | -0.7407658123493099:-0.2653235130892604 | 0.5918070658516186 | -0.14973977044803494
-0.2653235130892604 | 0.5918070658516186 | -0.14973977044803494 | 0.16112916471237293 | -0.7407658123493099:-0.2610784141150191 | 0.5959731350440549 | -0.15546965269875979
-0.2610784141150191 | 0.5959731350440549 | -0.15546965269875979 | 0.16112916471237293 | -0.7407658123493099:-0.25658375657963006 | 0.6001615442282002 | -0.1610204569492314
-0.25658375657963006 | 0.6001615442282002 | -0.1610204569492314 | 0.16112916471237293 | -0.7407658123493099:-0.2518462077387724 | 0.6043712133942662 | -0.16638138774951827
-0.2518462077387724 | 0.6043712133942662 | -0.16638138774951827 | 0.16112916471237293 | -0.7407658123493099:-0.24687288641468186 | 0.6086009599608033 | -0.17154192099912935
-0.24687288641468186 | 0.6086009599608033 | -0.17154192099912935 | 0.16112916471237293 | -0.7407658123493099:-0.2416713517040705 | 0.6128495011849111 | -0.17649182341746972
-0.2416713517040705 | 0.6128495011849111 | -0.17649182341746972 | 0.16112916471237293 | -0.7407658123493099:-0.2362495909056186 | 0.6171154567438677 | -0.1812211715051748
-0.2362495909056186 | 0.6171154567438677 | -0.1812211715051748 | 0.16112916471237293 | -0.7407658123493099:-0.23061600668929927 | 0.621397351483516 | -0.1857203699644161
-0.23061600668929927 | 0.621397351483516 | -0.1857203699644161 | 0.16112916471237293 | -0.7407658123493099:-0.2247794035310804 | 0.6256936183284196 | -0.1899801695472918
-0.2247794035310804 | 0.6256936183284196 | -0.1899801695472918 | 0.16112916471237293 | -0.7407658123493099:-0.21874897343756672 | 0.6300026013485649 | -0.1939916843024756
-0.21874897343756672 | 0.6300026013485649 | -0.1939916843024756 | 0.16112916471237293 | -0.7407658123493099:-0.21253428098644989 | 0.6343225589770825 | -0.19774640819140776
-0.21253428098644989 | 0.6343225589770825 | -0.19774640819140776 | 0.16112916471237293 | -0.7407658123493099:-0.20614524770950027 | 0.6386516673732814 | -0.20123623104645594
-0.20614524770950027 | 0.6386516673732814 | -0.20123623104645594 | 0.16112916471237293 | -0.7407658123493099:-0.19959213584604285 | 0.6429880239251275 | -0.20445345384466806
-0.19959213584604285 | 0.6429880239251275 | -0.20445345384466806 | 0.16112916471237293 | -0.7407658123493099:-0.19288553149573673 | 0.6473296508848136 | -0.20739080327196824
-0.19288553149573673 | 0.6473296508848136 | -0.20739080327196824 | 0.16112916471237293 | -0.7407658123493099:-0.18603632720036245 | 0.6516744991312535 | -0.21004144555390125
-0.18603632720036245 | 0.6516744991312535 | -0.21004144555390125 | 0.16112916471237293 | -0.7407658123493099:-0.17905570398531623 | 0.6560204520528146 | -0.2123989995303468
-0.17905570398531623 | 0.6560204520528146 | -0.2123989995303468 | 0.16112916471237293 | -0.7407658123493099:-0.17195511289218857 | 0.6603653295435237 | -0.21445754895293678
-0.17195511289218857 | 0.6603653295435237 | -0.21445754895293678 | 0.16112916471237293 | -0.7407658123493099:-0.1647462560346824 | 0.66470689210594 | -0.21621165398527697
-0.1647462560346824 | 0.66470689210594 | -0.21621165398527697 | 0.5831525006936003 | 0.45914116120874837:-0.1698832117098661 | 0.6733602035228046 | -0.1936647637611668
-0.1698832117098661 | 0.6733602035228046 | -0.1936647637611668 | 0.5831525006936003 | 0.45914116120874837:-0.17450431802549815 | 0.6813469356959345 | -0.17066412838201783
-0.17450431802549815 | 0.6813469356959345 | -0.17066412838201783 | 0.5831525006936003 | 0.45914116120874837:-0.17859740866727591 | 0.6886513404622931 | -0.1472423532114453
-0.17859740866727591 | 0.6886513404622931 | -0.1472423532114453 | 0.5831525006936003 | 0.45914116120874837:-0.182151128295164 | 0.6952586856694154 | -0.12343288249870543
-0.182151128295164 | 0.6952586856694154 | -0.12343288249870543 | 0.5831525006936003 | 0.45914116120874837:-0.18515495315103792 | 0.7011552821395242 | -0.09926994644731124
-0.18515495315103792 | 0.7011552821395242 | -0.09926994644731124 | 0.5831525006936003 | 0.45914116120874837:-0.1875992103095534 | 0.7063285089293103 | -0.07478850696919004
-0.1875992103095534 | 0.7063285089293103 | -0.07478850696919004 | 0.5831525006936003 | 0.45914116120874837:-0.18947509554280728 | 0.7107668368467586 | -0.05002420221412507
-0.18947509554280728 | 0.7107668368467586 | -0.05002420221412507 | 0.5831525006936003 | 0.45914116120874837:-0.19077468977163292 | 0.7144598501891011 | -0.025013289965902352
-0.19077468977163292 | 0.7144598501891011 | -0.025013289965902352 | 0.5831525006936003 | 0.45914116120874837:-0.19149097407872162 | 0.7173982666691927 | 2.0741000185342529E-4
-0.19149097407872162 | 0.7173982666691927 | 2.0741000185342529E-4 | 0.5831525006936003 | 0.45914116120874837:-0.19161784326102804 | 0.7195739555001239 | 0.025600574515754815
-0.19161784326102804 | 0.7195739555001239 | 0.025600574515754815 | 0.06574874152887555 | 0.3419019865667794:-0.19176561681921456 | 0.7219474073137135 | 0.03134433561526073
-0.19176561681921456 | 0.7219474073137135 | 0.03134433561526073 | 0.06574874152887555 | 0.3419019865667794:-0.19180647214892943 | 0.7242769880999305 | 0.037115544096707254
-0.19180647214892943 | 0.7242769880999305 | 0.037115544096707254 | 0.06574874152887555 | 0.3419019865667794:-0.19173974211035727 | 0.7265627992078478 | 0.04291181486123463
-0.19173974211035727 | 0.7265627992078478 | 0.04291181486123463 | 0.06574874152887555 | 0.3419019865667794:-0.19156480953018118 | 0.7288049492436386 | 0.04873075321866693
-0.19156480953018118 | 0.7288049492436386 | 0.04873075321866693 | 0.06574874152887555 | 0.3419019865667794:-0.19128110724658498 | 0.7310035541042836 | 0.05456995590776614
-0.19128110724658498 | 0.7310035541042836 | 0.05456995590776614 | 0.7140867584784978 | -0.6998957911454324:-0.19460576188635414 | 0.730921082401089 | 0.07412421892290766
-0.19460576188635414 | 0.730921082401089 | 0.07412421892290766 | 0.7140867584784978 | -0.6998957911454324:-0.19861648299253076 | 0.7301074992310461 | 0.0935929739057082
-0.19861648299253076 | 0.7301074992310461 | 0.0935929739057082 | 0.7140867584784978 | -0.6998957911454324:-0.20331087310179896 | 0.728564619049088 | 0.11292426195837635
-0.20331087310179896 | 0.728564619049088 | 0.11292426195837635 | 0.7140867584784978 | -0.6998957911454324:-0.20868463067177245 | 0.7262961979877716 | 0.13206623307247867
-0.20868463067177245 | 0.7262961979877716 | 0.13206623307247867 | 0.7140867584784978 | -0.6998957911454324:-0.21473155493196572 | 0.7233079314940625 | 0.15096728932132075
-0.21473155493196572 | 0.7233079314940625 | 0.15096728932132075 | 0.5310067971622239 | -0.8227651316787261:-0.22220994198028166 | 0.7211995474226711 | 0.1616235661819596
-0.22220994198028166 | 0.7211995474226711 | 0.1616235661819596 | 0.5310067971622239 | -0.8227651316787261:-0.2301325873483684 | 0.7187740287425584 | 0.17192773414077545
-0.2301325873483684 | 0.7187740287425584 | 0.17192773414077545 | 0.5310067971622239 | -0.8227651316787261:-0.23848507763960214 | 0.7160405622055208 | 0.18185174161572215
-0.23848507763960214 | 0.7160405622055208 | 0.18185174161572215 | 0.5310067971622239 | -0.8227651316787261:-0.247251786738925 | 0.7130091259002782 | 0.19136838801355083
-0.247251786738925 | 0.7130091259002782 | 0.19136838801355083 | 0.5310067971622239 | -0.8227651316787261:-0.25641591285167564 | 0.7096904663672419 | 0.20045139842421378
-0.25641591285167564 | 0.7096904663672419 | 0.20045139842421378 | 0.5310067971622239 | -0.8227651316787261:-0.26595951875251345 | 0.7060960736111497 | 0.20907549603419584
-0.26595951875251345 | 0.7060960736111497 | 0.20907549603419584 | 0.5310067971622239 | -0.8227651316787261:-0.2758635751409244 | 0.7022381540757863 | 0.21721647206310912
-0.2758635751409244 | 0.7022381540757863 | 0.21721647206310912 | 0.5310067971622239 | -0.8227651316787261:-0.28610800699147276 | 0.6981296016503364 | 0.2248512530344704
-0.28610800699147276 | 0.6981296016503364 | 0.2248512530344704 | 0.5310067971622239 | -0.8227651316787261:-0.29667174277901864 | 0.6937839667824477 | 0.23195796519865164
-0.29667174277901864 | 0.6937839667824477 | 0.23195796519865164 | 0.5310067971622239 | -0.8227651316787261:-0.3075327664515868 | 0.6892154237777675 | 0.23851599593356143
-0.3075327664515868 | 0.6892154237777675 | 0.23851599593356143 | 0.5310067971622239 | -0.8227651316787261:-0.3186681720160429 | 0.684438736370609 | 0.244506051956612
-0.3186681720160429 | 0.684438736370609 | 0.244506051956612 | 0.5310067971622239 | -0.8227651316787261:-0.33005422059511247 | 0.679469221655296 | 0.2499102141899583
-0.33005422059511247 | 0.679469221655296 | 0.2499102141899583 | 0.5310067971622239 | -0.8227651316787261:-0.34166639980746183 | 0.674322712471465 | 0.2547119891298555
-0.34166639980746183 | 0.674322712471465 | 0.2547119891298555 | 0.5310067971622239 | -0.8227651316787261:-0.35347948531650886 | 0.6690155183415243 | 0.25889635658019994
-0.35347948531650886 | 0.6690155183415243 | 0.25889635658019994 | 0.5310067971622239 | -0.8227651316787261:-0.36546760438797676 | 0.6635643850613491 | 0.26244981361991504
-0.36546760438797676 | 0.6635643850613491 | 0.26244981361991504 | 0.5310067971622239 | -0.8227651316787261:-0.37760430129069533 | 0.6579864530497872 | 0.26536041468376587
-0.37760430129069533 | 0.6579864530497872 | 0.26536041468376587 | 0.5310067971622239 | -0.8227651316787261:-0.38986260437043185 | 0.6522992145650619 | 0.26761780764642107
-0.38986260437043185 | 0.6522992145650619 | 0.26761780764642107 | 0.5310067971622239 | -0.8227651316787261:-0.4022150946220471 | 0.6465204698997695 | 0.26921326581009186
-0.4022150946220471 | 0.6465204698997695 | 0.26921326581009186 | 0.5310067971622239 | -0.8227651316787261:-0.4146339755812889 | 0.6406682826683863 | 0.2701397157068474
-0.4146339755812889 | 0.6406682826683863 | 0.2701397157068474 | 0.5310067971622239 | -0.8227651316787261:-0.4270911443540655 | 0.6347609343038556 | 0.270391760637694
-0.4270911443540655 | 0.6347609343038556 | 0.270391760637694 | 0.5310067971622239 | -0.8227651316787261:-0.4395582635980375 | 0.6288168778820591 | 0.2699656998816917
-0.4395582635980375 | 0.6288168778820591 | 0.2699656998816917 | 0.5310067971622239 | -0.8227651316787261:-0.4520068342688006 | 0.6228546913942097 | 0.2688595435197394
-0.4520068342688006 | 0.6228546913942097 | 0.2688595435197394 | 0.5310067971622239 | -0.8227651316787261:-0.46440826894090037 | 0.6168930305894946 | 0.2670730228291396
-0.46440826894090037 | 0.6168930305894946 | 0.2670730228291396 | 0.5310067971622239 | -0.8227651316787261:-0.4767339655124019 | 0.6109505815105081 | 0.2646075962166585
-0.4767339655124019 | 0.6109505815105081 | 0.2646075962166585 | 0.5310067971622239 | -0.8227651316787261:-0.48895538110074455 | 0.6050460128457757 | 0.26146645066946417
-0.48895538110074455 | 0.6050460128457757 | 0.26146645066946417 | 0.24958714302356455 | 0.29650894775748027:-0.48597331426676504 | 0.6030508168231137 | 0.27681915421236525
-0.48597331426676504 | 0.6030508168231137 | 0.27681915421236525 | 0.24958714302356455 | 0.29650894775748027:-0.4827445514708728 | 0.6008434842467096 | 0.29212551491190863
-0.4827445514708728 | 0.6008434842467096 | 0.29212551491190863 | 0.24958714302356455 | 0.29650894775748027:-0.479269673735061 | 0.5984245017839385 | 0.3073784295672315
-0.479269673735061 | 0.5984245017839385 | 0.3073784295672315 | 0.24958714302356455 | 0.29650894775748027:-0.4755493808384088 | 0.595794455773742 | 0.322570815359144
-0.4755493808384088 | 0.595794455773742 | 0.322570815359144 | 0.24958714302356455 | 0.29650894775748027:-0.47158449077979725 | 0.5929540317990956 | 0.33769561314265184
-0.47158449077979725 | 0.5929540317990956 | 0.33769561314265184 | 0.24958714302356455 | 0.29650894775748027:-0.4673759391897363 | 0.5899040142165148 | 0.35274579071754886
-0.4673759391897363 | 0.5899040142165148 | 0.35274579071754886 | 0.24958714302356455 | 0.29650894775748027:-0.46292477869182136 | 0.586645285642831 | 0.3677143460758261
-0.46292477869182136 | 0.586645285642831 | 0.3677143460758261 | 0.24958714302356455 | 0.29650894775748027:-0.4582321782143026 | 0.5831788264000011 | 0.382594310624647
-0.4582321782143026 | 0.5831788264000011 | 0.382594310624647 | 0.24958714302356455 | 0.29650894775748027:-0.4532994222522362 | 0.5795057139179249 | 0.3973787523836556
-0.4532994222522362 | 0.5795057139179249 | 0.3973787523836556 | 0.24958714302356455 | 0.29650894775748027:-0.44812791008082087 | 0.5756271220960656 | 0.41206077915541783
-0.44812791008082087 | 0.5756271220960656 | 0.41206077915541783 | -0.21141518496232115 | 0.7467595458930876:-0.4334990862511958 | 0.5810732250322417 | 0.42321600727902453
-0.4334990862511958 | 0.5810732250322417 | 0.42321600727902453 | -0.21141518496232115 | 0.7467595458930876:-0.41842748665676055 | 0.586634209131148 | 0.43376965027003056
-0.41842748665676055 | 0.586634209131148 | 0.43376965027003056 | -0.21141518496232115 | 0.7467595458930876:-0.4029359484267445 | 0.5923038454411937 | 0.4437029043352654
-0.4029359484267445 | 0.5923038454411937 | 0.4437029043352654 | -0.21141518496232115 | 0.7467595458930876:-0.387048047938336 | 0.5980756893683719 | 0.45299791399971223
-0.387048047938336 | 0.5980756893683719 | 0.45299791399971223 | -0.21141518496232115 | 0.7467595458930876:-0.3707880636293339 | 0.6039430910518604 | 0.4616378033352184
-0.3707880636293339 | 0.6039430910518604 | 0.4616378033352184 | -0.21141518496232115 | 0.7467595458930876:-0.35418093761145286 | 0.6098992060873059 | 0.46960670559819295
-0.35418093761145286 | 0.6098992060873059 | 0.46960670559819295 | -0.21141518496232115 | 0.7467595458930876:-0.3372522361480321 | 0.6159370065802534 | 0.4768897912272596
-0.3372522361480321 | 0.6159370065802534 | 0.4768897912272596 | -0.21141518496232115 | 0.7467595458930876:-0.32002810906145385 | 0.6220492925111927 | 0.4834732941545816
-0.32002810906145385 | 0.6220492925111927 | 0.4834732941545816 | -0.21141518496232115 | 0.7467595458930876:-0.30253524813752364 | 0.6282287033936598 | 0.48934453638737274
-0.30253524813752364 | 0.6282287033936598 | 0.48934453638737274 | -0.21141518496232115 | 0.7467595458930876:-0.28480084459542354 | 0.6344677302060262 | 0.4944919508190395
-0.28480084459542354 | 0.6344677302060262 | 0.4944919508190395 | -0.21141518496232115 | 0.7467595458930876:-0.26685254569354555 | 0.6407587275773494 | 0.49890510223228546
-0.26685254569354555 | 0.6407587275773494 | 0.49890510223228546 | -0.21141518496232115 | 0.7467595458930876:-0.24871841054267918 | 0.6470939262072051 | 0.5025747064595762
-0.24871841054267918 | 0.6470939262072051 | 0.5025747064595762 | -0.21141518496232115 | 0.7467595458930876:-0.23042686519934819 | 0.65346544549908 | 0.505492647669362
-0.23042686519934819 | 0.65346544549908 | 0.505492647669362 | -0.21141518496232115 | 0.7467595458930876:-0.21200665711322841 | 0.6598653063865356 | 0.5076519937495902
-0.21200665711322841 | 0.6598653063865356 | 0.5076519937495902 | -0.21141518496232115 | 0.7467595458930876:-0.1934868090035735 | 0.6662854443311232 | 0.5090470097631812
-0.1934868090035735 | 0.6662854443311232 | 0.5090470097631812 | -0.21141518496232115 | 0.7467595458930876:-0.1748965722403497 | 0.6727177224705656 | 0.509673169453281
-0.1748965722403497 | 0.6727177224705656 | 0.509673169453281 | -0.21141518496232115 | 0.7467595458930876:-0.15626537980663358 | 0.679153944895944 | 0.5095271647793815
-0.15626537980663358 | 0.679153944895944 | 0.5095271647793815 | -0.21141518496232115 | 0.7467595458930876:-0.13762279891947315 | 0.6855858700357373 | 0.5086069134685616
-0.13762279891947315 | 0.6855858700357373 | 0.5086069134685616 | -0.21141518496232115 | 0.7467595458930876:-0.11899848338675412 | 0.6920052241252108 | 0.5069115645693998
