0.0 | 0.0 | 0.0 | 0.13740030372730416 | -0.4010306150159557:-2.0049713958180098E-4 | -6.869961145694603E-5 | 0.009997753810751955
-2.0049713958180098E-4 | -6.869961145694603E-5 | 0.009997753810751955 | 0.13740030372730416 | -0.4010306150159557:-7.97789956788148E-4 | -2.7339051924668567E-4 | 0.01988212234166247
-7.97789956788148E-4 | -2.7339051924668567E-4 | 0.01988212234166247 | 0.13740030372730416 | -0.4010306150159557:-0.0017853775402431665 | -6.118905628011984E-4 | 0.02964097532096322
-0.0017853775402431665 | -6.118905628011984E-4 | 0.02964097532096322 | 0.13740030372730416 | -0.4010306150159557:-0.0031564948564121193 | -0.001081926119379295 | 0.039262455399704056
-0.0031564948564121193 | -0.001081926119379295 | 0.039262455399704056 | 0.13740030372730416 | -0.4010306150159557:-0.004904120996606213 | -0.0016811349124179475 | 0.04873498324059819
-0.004904120996606213 | -0.0016811349124179475 | 0.04873498324059819 | 0.13740030372730416 | -0.4010306150159557:-0.007020987480854921 | -0.0024070688401824913 | 0.05804726236887994
-0.007020987480854921 | -0.0024070688401824913 | 0.05804726236887994 | 0.13740030372730416 | -0.4010306150159557:-0.00949958661326563 | -0.0032571968228680692 | 0.06718828378543742
-0.00949958661326563 | -0.0032571968228680692 | 0.06718828378543742 | 0.13740030372730416 | -0.4010306150159557:-0.012332179883532614 | -0.004228907666325332 | 0.07614733034260185
-0.012332179883532614 | -0.004228907666325332 | 0.07614733034260185 | 0.13740030372730416 | -0.4010306150159557:-0.015510806409301615 | -0.005319512940593851 | 0.08491398088309043
-0.015510806409301615 | -0.005319512940593851 | 0.08491398088309043 | 0.13740030372730416 | -0.4010306150159557:-0.019027291414142333 | -0.006526249871442458 | 0.09347811414271634
-0.019027291414142333 | -0.006526249871442458 | 0.09347811414271634 | 0.13740030372730416 | -0.4010306150159557:-0.02287325473592923 | -0.007846284243133717 | 0.10182991241759143
-0.02287325473592923 | -0.007846284243133717 | 0.10182991241759143 | 0.13740030372730416 | -0.4010306150159557:-0.027040119360480633 | -0.00927671331064528 | 0.109959864996659
-0.027040119360480633 | -0.00927671331064528 | 0.109959864996659 | 0.13740030372730416 | -0.4010306150159557:-0.031519119975358084 | -0.010814568719598405 | 0.11785877136050338
-0.031519119975358084 | -0.010814568719598405 | 0.11785877136050338 | 0.13740030372730416 | -0.4010306150159557:-0.03630131153878069 | -0.012456819432159483 | 0.12551774414749128
-0.03630131153878069 | -0.012456819432159483 | 0.12551774414749128 | 0.13740030372730416 | -0.4010306150159557:-0.041377577858664694 | -0.014200374657203696 | 0.13292821188840453
-0.041377577858664694 | -0.014200374657203696 | 0.13292821188840453 | 0.13740030372730416 | -0.4010306150159557:-0.046738640176854834 | -0.016042086783045528 | 0.1400819215108291
-0.046738640176854834 | -0.016042086783045528 | 0.1400819215108291 | 0.13740030372730416 | -0.4010306150159557:-0.05237506575367218 | -0.017978754311060108 | 0.14697094061466598
-0.05237506575367218 | -0.017978754311060108 | 0.14697094061466598 | 0.13740030372730416 | -0.4010306150159557:-0.058277276447962933 | -0.020007124788541164 | 0.15358765952022968
-0.058277276447962933 | -0.020007124788541164 | 0.15358765952022968 | 0.13740030372730416 | -0.4010306150159557:-0.06443555728789474 | -0.02212389773916268 | 0.15992479309050012
-0.06443555728789474 | -0.02212389773916268 | 0.15992479309050012 | 0.13740030372730416 | -0.4010306150159557:-0.07084006502780782 | -0.024325727589429746 | 0.16597538232918652
-0.07084006502780782 | -0.024325727589429746 | 0.16597538232918652 | 0.13740030372730416 | -0.4010306150159557:-0.07748083668649464 | -0.026609226589525914 | 0.1717327957563577
-0.07748083668649464 | -0.026609226589525914 | 0.1717327957563577 | 0.13740030372730416 | -0.4010306150159557:-0.08434779806234483 | -0.02897096772699248 | 0.1771907305634861
-0.08434779806234483 | -0.02897096772699248 | 0.1771907305634861 | 0.13740030372730416 | -0.4010306150159557:-0.09143077222086249 | -0.031407487631687436 | 0.18234321354984306
-0.09143077222086249 | -0.031407487631687436 | 0.18234321354984306 | 0.13740030372730416 | -0.4010306150159557:-0.09871948795012486 | -0.033915289470504595 | 0.18718460184226515
-0.09871948795012486 | -0.033915289470504595 | 0.18718460184226515 | 0.13740030372730416 | -0.4010306150159557:-0.10620358817982889 | -0.036490845830349006 | 0.19170958340040833
-0.10620358817982889 | -0.036490845830349006 | 0.19170958340040833 | 0.13740030372730416 | -0.4010306150159557:-0.11387263835963435 | -0.039130601587896496 | 0.19591317730968072
-0.11387263835963435 | -0.039130601587896496 | 0.19591317730968072 | 0.13740030372730416 | -0.4010306150159557:-0.12171613479258925 | -0.04183097676468095 | 0.1997907338641296
-0.12171613479258925 | -0.04183097676468095 | 0.1997907338641296 | -0.3494816735052315 | 0.7618850763678526:-0.11764868655386462 | -0.039563250554842 | 0.211556526317624
-0.11764868655386462 | -0.039563250554842 | 0.211556526317624 | -0.3494816735052315 | 0.7618850763678526:-0.11284978674019475 | -0.03696406032108546 | 0.22320513829646282
-0.11284978674019475 | -0.03696406032108546 | 0.22320513829646282 | -0.3494816735052315 | 0.7618850763678526:-0.10732451299566148 | -0.0340352692054493 | 0.23468903888881876
-0.10732451299566148 | -0.0340352692054493 | 0.23468903888881876 | -0.3494816735052315 | 0.7618850763678526:-0.10108027695061983 | -0.030779814954267293 | 0.24596110770070423
-0.10108027695061983 | -0.030779814954267293 | 0.24596110770070423 | -0.3494816735052315 | 0.7618850763678526:-0.09412679496450926 | -0.02720169762898017 | 0.2569747647642977
-0.09412679496450926 | -0.02720169762898017 | 0.2569747647642977 | -0.3494816735052315 | 0.7618850763678526:-0.08647605322216667 | -0.023305964707961646 | 0.26768409824904005
-0.08647605322216667 | -0.023305964707961646 | 0.26768409824904005 | -0.3494816735052315 | 0.7618850763678526:-0.07814226730962281 | -0.019098693634661323 | 0.2780439896916427
-0.07814226730962281 | -0.019098693634661323 | 0.2780439896916427 | -0.3494816735052315 | 0.7618850763678526:-0.06914183640658811 | -0.014586971872583288 | 0.2880102364690913
-0.06914183640658811 | -0.014586971872583288 | 0.2880102364690913 | -0.3494816735052315 | 0.7618850763678526:-0.059493292243666396 | -0.009778874532665238 | 0.2975396712472138
-0.059493292243666396 | -0.009778874532665238 | 0.2975396712472138 | -0.3494816735052315 | 0.7618850763678526:-0.04921724298276464 | -0.004683439643480947 | 0.3065902781463121
-0.04921724298276464 | -0.004683439643480947 | 0.3065902781463121 | 0.08427198121961821 | 0.6809708786167548:-0.03961288466147783 | -0.0061078981557025624 | 0.3149049032611835
-0.03961288466147783 | -0.0061078981557025624 | 0.3149049032611835 | 0.08427198121961821 | 0.6809708786167548:-0.0294916819963551 | -0.007594580559423081 | 0.32283774974822954
-0.0294916819963551 | -0.007594580559423081 | 0.32283774974822954 | 0.08427198121961821 | 0.6809708786167548:-0.018870957593096982 | -0.009141422108001951 | 0.3303634634547423
-0.018870957593096982 | -0.009141422108001951 | 0.3303634634547423 | 0.08427198121961821 | 0.6809708786167548:-0.007769104525231718 | -0.010746223587030368 | 0.33745752256460015
-0.007769104525231718 | -0.010746223587030368 | 0.33745752256460015 | 0.08427198121961821 | 0.6809708786167548:0.0037944523270967423 | -0.012406656013087991 | 0.3440962792500333
0.0037944523270967423 | -0.012406656013087991 | 0.3440962792500333 | 0.4011434384381989 | 0.3277832972547461:0.009607445977406037 | -0.019672888168098757 | 0.3502137060008943
0.009607445977406037 | -0.019672888168098757 | 0.3502137060008943 | 0.4011434384381989 | 0.3277832972547461:0.01562171598768769 | -0.027186529001485216 | 0.3560102829903977
0.01562171598768769 | -0.027186529001485216 | 0.3560102829903977 | 0.4011434384381989 | 0.3277832972547461:0.02182953746012739 | -0.03493826175159853 | 0.3614744661945508
0.02182953746012739 | -0.03493826175159853 | 0.3614744661945508 | 0.4011434384381989 | 0.3277832972547461:0.0282229702572816 | -0.042918501547192234 | 0.3665951584382441
0.0282229702572816 | -0.042918501547192234 | 0.3665951584382441 | 0.4011434384381989 | 0.3277832972547461:0.03479386886063596 | -0.05111740738772208 | 0.37136171806406537
0.03479386886063596 | -0.05111740738772208 | 0.37136171806406537 | 0.4011434384381989 | 0.3277832972547461:0.04153389233907179 | -0.059524894263169426 | 0.3757639670991608
0.04153389233907179 | -0.059524894263169426 | 0.3757639670991608 | 0.4011434384381989 | 0.3277832972547461:0.048434514417664554 | -0.06813064540168856 | 0.37979219891779437
0.048434514417664554 | -0.06813064540168856 | 0.37979219891779437 | 0.4011434384381989 | 0.3277832972547461:0.05548703363724927 | -0.07692412463339249 | 0.38343718539766236
0.05548703363724927 | -0.07692412463339249 | 0.38343718539766236 | 0.4011434384381989 | 0.3277832972547461:0.06268258359520407 | -0.08589458885860513 | 0.3866901835684633
0.06268258359520407 | -0.08589458885860513 | 0.3866901835684633 | 0.4011434384381989 | 0.3277832972547461:0.07001214325793925 | -0.09503110060895548 | 0.38954294175161763
0.07001214325793925 | -0.09503110060895548 | 0.38954294175161763 | 0.4011434384381989 | 0.3277832972547461:0.07746654733560376 | -0.10432254068969682 | 0.391987705190477
0.07746654733560376 | -0.10432254068969682 | 0.391987705190477 | 0.4011434384381989 | 0.3277832972547461:0.08503649670957114 | -0.11375762089171859 | 0.3940172211707278
0.08503649670957114 | -0.11375762089171859 | 0.3940172211707278 | 0.4011434384381989 | 0.3277832972547461:0.09271256890330615 | -0.12332489676173664 | 0.3956247436311511
0.09271256890330615 | -0.12332489676173664 | 0.3956247436311511 | 0.4011434384381989 | 0.3277832972547461:0.10048522858727793 | -0.13301278041923403 | 0.3968040372652659
0.10048522858727793 | -0.13301278041923403 | 0.3968040372652659 | 0.4011434384381989 | 0.3277832972547461:0.10834483810863293 | -0.14280955340878432 | 0.397549381114807
0.10834483810863293 | -0.14280955340878432 | 0.397549381114807 | -0.6185310883158577 | -0.5144816004427963:0.09924172793246577 | -0.1321351920652556 | 0.4096586076335669
0.09924172793246577 | -0.1321351920652556 | 0.4096586076335669 | -0.6185310883158577 | -0.5144816004427963:0.08969128907676582 | -0.12091374127207999 | 0.42122133307665166
0.08969128907676582 | -0.12091374127207999 | 0.42122133307665166 | -0.6185310883158577 | -0.5144816004427963:0.0797091207639482 | -0.10916338438910156 | 0.43220009035927553
0.0797091207639482 | -0.10916338438910156 | 0.43220009035927553 | -0.6185310883158577 | -0.5144816004427963:0.06931199663801468 | -0.09690373448208245 | 0.4425585644375083
0.06931199663801468 | -0.09690373448208245 | 0.4425585644375083 | -0.6185310883158577 | -0.5144816004427963:0.05851782698478758 | -0.08415579023506536 | 0.4522616785085649
0.05851782698478758 | -0.08415579023506536 | 0.4522616785085649 | 0.022826066791602706 | -0.7299202356093328:0.042465759380453716 | -0.08565106503398523 | 0.4592495661065161
0.042465759380453716 | -0.08565106503398523 | 0.4592495661065161 | 0.022826066791602706 | -0.7299202356093328:0.025974684910606727 | -0.08715045398187637 | 0.4656058491499362
0.025974684910606727 | -0.08715045398187637 | 0.4656058491499362 | 0.022826066791602706 | -0.7299202356093328:0.009071446221339041 | -0.088653230157973 | 0.47130831507346826
0.009071446221339041 | -0.088653230157973 | 0.47130831507346826 | 0.022826066791602706 | -0.7299202356093328:-0.008216120020636986 | -0.09015863388231571 | 0.4763359434352843
-0.008216120020636986 | -0.09015863388231571 | 0.4763359434352843 | 0.022826066791602706 | -0.7299202356093328:-0.025859236555077603 | -0.09166587437309026 | 0.48066894661378257
-0.025859236555077603 | -0.09166587437309026 | 0.48066894661378257 | 0.022826066791602706 | -0.7299202356093328:-0.04382824049308032 | -0.09317413145329745 | 0.48428880813557384
-0.04382824049308032 | -0.09317413145329745 | 0.48428880813557384 | 0.022826066791602706 | -0.7299202356093328:-0.062092639717239106 | -0.09468255730359143 | 0.4871783185810443
-0.062092639717239106 | -0.09468255730359143 | 0.4871783185810443 | 0.022826066791602706 | -0.7299202356093328:-0.08062117061289187 | -0.0961902782580486 | 0.48932160901820154
-0.08062117061289187 | -0.0961902782580486 | 0.48932160901820154 | 0.022826066791602706 | -0.7299202356093328:-0.09938185702474756 | -0.09769639663958873 | 0.49070418191989873
-0.09938185702474756 | -0.09769639663958873 | 0.49070418191989873 | 0.022826066791602706 | -0.7299202356093328:-0.11834207033184274 | -0.09919999263173729 | 0.49131293952380517
-0.11834207033184274 | -0.09919999263173729 | 0.49131293952380517 | 0.022826066791602706 | -0.7299202356093328:-0.1374685905326114 | -0.10070012618334889 | 0.49113620959904836
-0.1374685905326114 | -0.10070012618334889 | 0.49113620959904836 | 0.022826066791602706 | -0.7299202356093328:-0.15672766823086803 | -0.10219583894290718 | 0.49016376858785193
-0.15672766823086803 | -0.10219583894290718 | 0.49016376858785193 | 0.022826066791602706 | -0.7299202356093328:-0.17608508741269313 | -0.10368615621898059 | 0.4883868620949592
-0.17608508741269313 | -0.10368615621898059 | 0.4883868620949592 | 0.022826066791602706 | -0.7299202356093328:-0.19550622890358338 | -0.10517008896337465 | 0.48579822270214024
-0.19550622890358338 | -0.10517008896337465 | 0.48579822270214024 | 0.022826066791602706 | -0.7299202356093328:-0.21495613439477146 | -0.10664663577353295 | 0.4823920850895824
-0.21495613439477146 | -0.10664663577353295 | 0.4823920850895824 | 0.022826066791602706 | -0.7299202356093328:-0.23439957092734698 | -0.10811478491071025 | 0.4781641984504077
-0.23439957092734698 | -0.10811478491071025 | 0.4781641984504077 | 0.022826066791602706 | -0.7299202356093328:-0.25380109572271126 | -0.10957351633042656 | 0.4731118361891049
-0.25380109572271126 | -0.10957351633042656 | 0.4731118361891049 | 0.022826066791602706 | -0.7299202356093328:-0.27312512124796307 | -0.11102180372173809 | 0.4672338028990701
-0.27312512124796307 | -0.11102180372173809 | 0.4672338028990701 | 0.022826066791602706 | -0.7299202356093328:-0.2923359804050758 | -0.11245861655184353 | 0.46053043861891396
-0.2923359804050758 | -0.11245861655184353 | 0.46053043861891396 | 0.022826066791602706 | -0.7299202356093328:-0.3113979917331262 | -0.11388292211256257 | 0.453003620371657
-0.3113979917331262 | -0.11388292211256257 | 0.453003620371657 | 0.6345104232393362 | 0.5198337034685561:-0.30196059446191814 | -0.12919658876742357 | 0.46067584311185783
-0.30196059446191814 | -0.12919658876742357 | 0.46067584311185783 | 0.6345104232393362 | 0.5198337034685561:-0.2922244998746697 | -0.14484755246520553 | 0.4676008609044686
-0.2922244998746697 | -0.14484755246520553 | 0.4676008609044686 | 0.6345104232393362 | 0.5198337034685561:-0.28221102430186207 | -0.16081056409383798 | 0.4737547958458883
-0.28221102430186207 | -0.16081056409383798 | 0.4737547958458883 | 0.6345104232393362 | 0.5198337034685561:-0.2719422149130608 | -0.17705945437912352 | 0.4791152928183102
-0.2719422149130608 | -0.17705945437912352 | 0.4791152928183102 | 0.6345104232393362 | 0.5198337034685561:-0.2614408037722731 | -0.1935671891432058 | 0.48366157385090247
-0.2614408037722731 | -0.1935671891432058 | 0.48366157385090247 | 0.6345104232393362 | 0.5198337034685561:-0.2507301604111394 | -0.2103059264260123 | 0.4873744890657612
-0.2507301604111394 | -0.2103059264260123 | 0.4873744890657612 | 0.6345104232393362 | 0.5198337034685561:-0.23983424302309064 | -0.22724707534534705 | 0.4902365641099351
-0.23983424302309064 | -0.22724707534534705 | 0.4902365641099351 | 0.6345104232393362 | 0.5198337034685561:-0.22877754838399333 | -0.24436135656830604 | 0.4922320439822556
-0.22877754838399333 | -0.24436135656830604 | 0.4922320439822556 | 0.6345104232393362 | 0.5198337034685561:-0.2175850606069467 | -0.2616188642638839 | 0.49334693317154077
-0.2175850606069467 | -0.2616188642638839 | 0.49334693317154077 | 0.6345104232393362 | 0.5198337034685561:-0.20628219884089027 | -0.27898912940415777 | 0.4935690320303934
-0.20628219884089027 | -0.27898912940415777 | 0.4935690320303934 | 0.013157808300929608 | -0.7184248766084738:-0.22534024190953605 | -0.2811502412071558 | 0.4888519329240175
-0.22534024190953605 | -0.2811502412071558 | 0.4888519329240175 | 0.013157808300929608 | -0.7184248766084738:-0.24431436051495226 | -0.28329196397399414 | 0.48336451586625984
-0.24431436051495226 | -0.28329196397399414 | 0.48336451586625984 | 0.013157808300929608 | -0.7184248766084738:-0.26317279305248054 | -0.28541389679037543 | 0.47710776799010546
-0.26317279305248054 | -0.28541389679037543 | 0.47710776799010546 | 0.013157808300929608 | -0.7184248766084738:-0.2818837878382672 | -0.28751563668062907 | 0.4700839912449375
-0.2818837878382672 | -0.28751563668062907 | 0.4700839912449375 | 0.013157808300929608 | -0.7184248766084738:-0.3004156570172478 | -0.28959677961347907 | 0.46229680097474457
-0.3004156570172478 | -0.28959677961347907 | 0.46229680097474457 | -0.37502689278715673 | 0.43678519975401486:-0.2918892599280012 | -0.2825790959109309 | 0.4769661647953001
-0.2918892599280012 | -0.2825790959109309 | 0.4769661647953001 | -0.37502689278715673 | 0.43678519975401486:-0.28296672890626606 | -0.2752169729056746 | 0.49135137917163973
-0.28296672890626606 | -0.2752169729056746 | 0.49135137917163973 | -0.37502689278715673 | 0.43678519975401486:-0.27365450114098433 | -0.2675157810376021 | 0.5054339850194367
-0.27365450114098433 | -0.2675157810376021 | 0.5054339850194367 | -0.37502689278715673 | 0.43678519975401486:-0.263959488140868 | -0.2594813004997878 | 0.519195807878539
-0.263959488140868 | -0.2594813004997878 | 0.519195807878539 | -0.37502689278715673 | 0.43678519975401486:-0.2538890676726151 | -0.2511197145093025 | 0.5326189782827626
-0.2538890676726151 | -0.2511197145093025 | 0.5326189782827626 | 0.2954586966760915 | -0.18269628345958533:-0.26015671498996973 | -0.26040912607174604 | 0.5294555180522806
-0.26015671498996973 | -0.26040912607174604 | 0.5294555180522806 | 0.2954586966760915 | -0.18269628345958533:-0.26640586119256504 | -0.269679225915203 | 0.526033889832533
-0.26640586119256504 | -0.269679225915203 | 0.526033889832533 | 0.2954586966760915 | -0.18269628345958533:-0.2726334480047825 | -0.27892497649711423 | 0.5223547146214642
-0.2726334480047825 | -0.27892497649711423 | 0.5223547146214642 | 0.2954586966760915 | -0.18269628345958533:-0.27883643201496966 | -0.28814136425840076 | 0.5184187386669024
-0.27883643201496966 | -0.28814136425840076 | 0.5184187386669024 | 0.2954586966760915 | -0.18269628345958533:-0.28501178593739773 | -0.29732340166321336 | 0.5142268324398387
-0.28501178593739773 | -0.29732340166321336 | 0.5142268324398387 | 0.2954586966760915 | -0.18269628345958533:-0.29115649985858205 | -0.30646612921379734 | 0.5097799895676403
-0.29115649985858205 | -0.30646612921379734 | 0.5097799895676403 | 0.2954586966760915 | -0.18269628345958533:-0.29726758246767915 | -0.3155646174399589 | 0.5050793257276993
-0.29726758246767915 | -0.3155646174399589 | 0.5050793257276993 | 0.2954586966760915 | -0.18269628345958533:-0.30334206227067284 | -0.324613968862705 | 0.5001260775023653
-0.30334206227067284 | -0.324613968862705 | 0.5001260775023653 | 0.2954586966760915 | -0.18269628345958533:-0.3093769887880775 | -0.33360931993158793 | 0.49492160119582707
-0.3093769887880775 | -0.33360931993158793 | 0.49492160119582707 | 0.2954586966760915 | -0.18269628345958533:-0.3153694337358939 | -0.3425458429353174 | 0.4894673716136211
-0.3153694337358939 | -0.3425458429353174 | 0.4894673716136211 | -0.19783355330334995 | 0.38727491416062754:-0.30723633670438133 | -0.3393093070435196 | 0.5012414674925836
-0.30723633670438133 | -0.3393093070435196 | 0.5012414674925836 | -0.19783355330334995 | 0.38727491416062754:-0.2988162317235261 | -0.3359167083562582 | 0.5128428041573159
-0.2988162317235261 | -0.3359167083562582 | 0.5128428041573159 | -0.19783355330334995 | 0.38727491416062754:-0.29011280418992236 | -0.3323699718093618 | 0.5242625600226276
-0.29011280418992236 | -0.3323699718093618 | 0.5242625600226276 | -0.19783355330334995 | 0.38727491416062754:-0.2811299403555978 | -0.3286711246614793 | 0.5354920309782258
-0.2811299403555978 | -0.3286711246614793 | 0.5354920309782258 | -0.19783355330334995 | 0.38727491416062754:-0.27187172419737493 | -0.3248222949299908 | 0.5465226357510531
-0.27187172419737493 | -0.3248222949299908 | 0.5465226357510531 | -0.07825425280382925 | 0.44141163815264184:-0.2608753808540438 | -0.32412131188815785 | 0.5561264024559733
-0.2608753808540438 | -0.32412131188815785 | 0.5561264024559733 | -0.07825425280382925 | 0.44141163815264184:-0.24960386616945485 | -0.3233587779206992 | 0.5654879150867416
-0.24960386616945485 | -0.3233587779206992 | 0.5654879150867416 | -0.07825425280382925 | 0.44141163815264184:-0.23806315449125748 | -0.32253585974396515 | 0.5745993297338217
-0.23806315449125748 | -0.32253585974396515 | 0.5745993297338217 | -0.07825425280382925 | 0.44141163815264184:-0.22625942077135086 | -0.3216537587348327 | 0.5834529701661495
-0.22625942077135086 | -0.3216537587348327 | 0.5834529701661495 | -0.07825425280382925 | 0.44141163815264184:-0.21419903587561961 | -0.3207137101210549 | 0.592041332701676
-0.21419903587561961 | -0.3207137101210549 | 0.592041332701676 | -0.9569121821496378 | 0.036987945551316015:-0.2139614863931012 | -0.2932436456024625 | 0.6096189165050419
-0.2139614863931012 | -0.2932436456024625 | 0.6096189165050419 | -0.9569121821496378 | 0.036987945551316015:-0.21368032954416982 | -0.2648314542714125 | 0.6258930669348644
-0.21368032954416982 | -0.2648314542714125 | 0.6258930669348644 | -0.9569121821496378 | 0.036987945551316015:-0.21335814723121693 | -0.23554056693845737 | 0.6408134767248299
-0.21335814723121693 | -0.23554056693845737 | 0.6408134767248299 | -0.9569121821496378 | 0.036987945551316015:-0.2129976199469663 | -0.20543706314280286 | 0.6543330097082247
-0.2129976199469663 | -0.20543706314280286 | 0.6543330097082247 | -0.9569121821496378 | 0.036987945551316015:-0.21260152040469826 | -0.17458950939754914 | 0.6664078381604881
-0.21260152040469826 | -0.17458950939754914 | 0.6664078381604881 | 0.38262424170365295 | -0.9296566905216834:-0.244117593733705 | -0.18803092782961173 | 0.6548760333966896
-0.244117593733705 | -0.18803092782961173 | 0.6548760333966896 | 0.38262424170365295 | -0.9296566905216834:-0.27515700814276656 | -0.20128971980809496 | 0.6415520892740716
-0.27515700814276656 | -0.20128971980809496 | 0.6415520892740716 | 0.38262424170365295 | -0.9296566905216834:-0.3056320551035121 | -0.21432960565557835 | 0.6264592700668032
-0.3056320551035121 | -0.21432960565557835 | 0.6264592700668032 | 0.38262424170365295 | -0.9296566905216834:-0.3354560791270096 | -0.2271146902147123 | 0.6096259058484819
-0.3354560791270096 | -0.2271146902147123 | 0.6096259058484819 | 0.38262424170365295 | -0.9296566905216834:-0.36454372841474836 | -0.23960956655272625 | 0.591085334532707
-0.36454372841474836 | -0.23960956655272625 | 0.591085334532707 | 0.38262424170365295 | -0.9296566905216834:-0.3928112024791588 | -0.25177941855764274 | 0.570875829403299
-0.3928112024791588 | -0.25177941855764274 | 0.570875829403299 | 0.38262424170365295 | -0.9296566905216834:-0.4201764960195824 | -0.2635901221304806 | 0.5490405123236002
-0.4201764960195824 | -0.2635901221304806 | 0.5490405123236002 | 0.38262424170365295 | -0.9296566905216834:-0.44655963835034385 | -0.2750083446818756 | 0.5256272528553296
-0.44655963835034385 | -0.2750083446818756 | 0.5256272528553296 | 0.38262424170365295 | -0.9296566905216834:-0.4718829276904195 | -0.2860016426463119 | 0.5006885535575663
-0.4718829276904195 | -0.2860016426463119 | 0.5006885535575663 | 0.38262424170365295 | -0.9296566905216834:-0.4960711596387739 | -0.29653855673288376 | 0.47428142177574983
-0.4960711596387739 | -0.29653855673288376 | 0.47428142177574983 | -0.8069642600049118 | -0.8324751240925397:-0.5176000908606149 | -0.278101549632801 | 0.46636264418994955
-0.5176000908606149 | -0.278101549632801 | 0.46636264418994955 | -0.8069642600049118 | -0.8324751240925397:-0.5387974099056372 | -0.25992620899414476 | 0.45676555333002256
-0.5387974099056372 | -0.25992620899414476 | 0.45676555333002256 | -0.8069642600049118 | -0.8324751240925397:-0.5595912595557273 | -0.24208291120668335 | 0.44551307829528497
-0.5595912595557273 | -0.24208291120668335 | 0.44551307829528497 | -0.8069642600049118 | -0.8324751240925397:-0.5799107772560603 | -0.2246411883301107 | 0.4326342163054804
-0.5799107772560603 | -0.2246411883301107 | 0.4326342163054804 | -0.8069642600049118 | -0.8324751240925397:-0.5996863584078262 | -0.20766947133124347 | 0.41816395505260573
-0.5996863584078262 | -0.20766947133124347 | 0.41816395505260573 | 0.5881707876735798 | 0.3992692107657887:-0.5932122515776648 | -0.22056980870039666 | 0.4251038656402386
-0.5932122515776648 | -0.22056980870039666 | 0.4251038656402386 | 0.5881707876735798 | 0.3992692107657887:-0.5865634594185387 | -0.23370034477034807 | 0.43153338355170234
-0.5865634594185387 | -0.23370034477034807 | 0.43153338355170234 | 0.5881707876735798 | 0.3992692107657887:-0.5797507650863132 | -0.2470457136642068 | 0.43744073650042736
-0.5797507650863132 | -0.2470457136642068 | 0.43744073650042736 | 0.5881707876735798 | 0.3992692107657887:-0.5727852072897477 | -0.26059015912538186 | 0.4428148621803416
-0.5727852072897477 | -0.26059015912538186 | 0.4428148621803416 | 0.5881707876735798 | 0.3992692107657887:-0.5656780647873738 | -0.27431755712844463 | 0.4476454261269822
-0.5656780647873738 | -0.27431755712844463 | 0.4476454261269822 | 0.5881707876735798 | 0.3992692107657887:-0.5584408405218113 | -0.28821143903942925 | 0.45192283850825277
-0.5584408405218113 | -0.28821143903942925 | 0.45192283850825277 | 0.5881707876735798 | 0.3992692107657887:-0.5510852454152015 | -0.3022550152911343 | 0.455638269821641
-0.5510852454152015 | -0.3022550152911343 | 0.455638269821641 | 0.5881707876735798 | 0.3992692107657887:-0.5436231818498847 | -0.3164311995381901 | 0.4587836654762185
-0.5436231818498847 | -0.3164311995381901 | 0.4587836654762185 | 0.5881707876735798 | 0.3992692107657887:-0.5360667268587882 | -0.33072263325609796 | 0.46135175923950555
-0.5360667268587882 | -0.33072263325609796 | 0.46135175923950555 | 0.5881707876735798 | 0.3992692107657887:-0.5284281150503958 | -0.34511171074789715 | 0.46333608553084105
-0.5284281150503958 | -0.34511171074789715 | 0.46333608553084105 | 0.5881707876735798 | 0.3992692107657887:-0.5207197212935029 | -0.3595806045216605 | 0.4647309905447372
-0.5207197212935029 | -0.3595806045216605 | 0.4647309905447372 | 0.5881707876735798 | 0.3992692107657887:-0.5129540431871575 | -0.3741112910014479 | 0.465531642189255
-0.5129540431871575 | -0.3741112910014479 | 0.465531642189255 | 0.5881707876735798 | 0.3992692107657887:-0.5051436833415544 | -0.3886855765341437 | 0.46573403882631936
-0.5051436833415544 | -0.3886855765341437 | 0.46573403882631936 | 0.5881707876735798 | 0.3992692107657887:-0.49730133149576616 | -0.40328512365405444 | 0.46533501680249145
-0.49730133149576616 | -0.40328512365405444 | 0.46533501680249145 | 0.5881707876735798 | 0.3992692107657887:-0.48943974649841593 | -0.41789147756707834 | 0.4643322567606347
-0.48943974649841593 | -0.41789147756707834 | 0.4643322567606347 | 0.5881707876735798 | 0.3992692107657887:-0.48157173817754995 | -0.4324860928158287 | 0.4627242887244165
-0.48157173817754995 | -0.4324860928158287 | 0.4627242887244165 | 0.5881707876735798 | 0.3992692107657887:-0.47371014912598497 | -0.44705036008706855 | 0.46051049594967
-0.47371014912598497 | -0.44705036008706855 | 0.46051049594967 | 0.5881707876735798 | 0.3992692107657887:-0.46586783642859686 | -0.46156563312261056 | 0.4576911175382037
-0.46586783642859686 | -0.46156563312261056 | 0.4576911175382037 | 0.5881707876735798 | 0.3992692107657887:-0.4580576533579048 | -0.47601325569482356 | 0.45426724981130917
-0.4580576533579048 | -0.47601325569482356 | 0.45426724981130917 | 0.5881707876735798 | 0.3992692107657887:-0.45029243106441896 | -0.490374588607839 | 0.45024084644242635
-0.45029243106441896 | -0.490374588607839 | 0.45024084644242635 | 0.5881707876735798 | 0.3992692107657887:-0.44258496028807315 | -0.5046310366855735 | 0.4456147173496561
-0.44258496028807315 | -0.5046310366855735 | 0.4456147173496561 | 0.5881707876735798 | 0.3992692107657887:-0.43494797311703337 | -0.5187640757079173 | 0.44039252635084836
-0.43494797311703337 | -0.5187640757079173 | 0.44039252635084836 | 0.5881707876735798 | 0.3992692107657887:-0.42739412482008987 | -0.5327552792563424 | 0.43457878758579227
-0.42739412482008987 | -0.5327552792563424 | 0.43457878758579227 | 0.5881707876735798 | 0.3992692107657887:-0.4199359757785359 | -0.5465863454307005 | 0.42817886071169653
-0.4199359757785359 | -0.5465863454307005 | 0.42817886071169653 | 0.5881707876735798 | 0.3992692107657887:-0.41258597354342896 | -0.5602391233989152 | 0.4211989448796203
-0.41258597354342896 | -0.5602391233989152 | 0.4211989448796203 | 0.5881707876735798 | 0.3992692107657887:-0.40535643504377816 | -0.5736956397418744 | 0.413646071501816
-0.40535643504377816 | -0.5736956397418744 | 0.413646071501816 | 0.5881707876735798 | 0.3992692107657887:-0.3982595289710247 | -0.5869381245559779 | 0.40552809582092664
-0.3982595289710247 | -0.5869381245559779 | 0.40552809582092664 | 0.5881707876735798 | 0.3992692107657887:-0.39130725836472635 | -0.5999490372762963 | 0.3968536872943105
-0.39130725836472635 | -0.5999490372762963 | 0.3968536872943105 | 0.5881707876735798 | 0.3992692107657887:-0.38451144342431576 | -0.6127110921837939 | 0.38763231880781746
-0.38451144342431576 | -0.6127110921837939 | 0.38763231880781746 | 0.5881707876735798 | 0.3992692107657887:-0.3778837045710617 | -0.6252072835604991 | 0.377874254735417
-0.3778837045710617 | -0.6252072835604991 | 0.377874254735417 | -0.36943890330159346 | 0.19833480590785801:-0.3748112713887153 | -0.6194550913241059 | 0.39393452713832744
-0.3748112713887153 | -0.6194550913241059 | 0.39393452713832744 | -0.36943890330159346 | 0.19833480590785801:-0.37156412545866147 | -0.6133781514537091 | 0.4098782105114367
-0.37156412545866147 | -0.6133781514537091 | 0.4098782105114367 | -0.36943890330159346 | 0.19833480590785801:-0.3681434315685763 | -0.6069785360874818 | 0.42569666264842
-0.3681434315685763 | -0.6069785360874818 | 0.42569666264842 | -0.36943890330159346 | 0.19833480590785801:-0.3645504495752192 | -0.6002584951678145 | 0.4413812995585715
-0.3645504495752192 | -0.6002584951678145 | 0.4413812995585715 | -0.36943890330159346 | 0.19833480590785801:-0.36078653362427104 | -0.5932204550285363 | 0.4569236000496204
-0.36078653362427104 | -0.5932204550285363 | 0.4569236000496204 | -0.2527951594368041 | -0.694630811915008:-0.3774596285759628 | -0.5885908934336399 | 0.4524940564980824
-0.3774596285759628 | -0.5885908934336399 | 0.4524940564980824 | -0.2527951594368041 | -0.694630811915008:-0.39399077382101666 | -0.5839941863856168 | 0.44740891770992164
-0.39399077382101666 | -0.5839941863856168 | 0.44740891770992164 | -0.2527951594368041 | -0.694630811915008:-0.4103563141841349 | -0.5794391194437125 | 0.4416730847484729
-0.4103563141841349 | -0.5794391194437125 | 0.4416730847484729 | -0.2527951594368041 | -0.694630811915008:-0.42653276289242115 | -0.5749344216073098 | 0.4352924376032803
-0.42653276289242115 | -0.5749344216073098 | 0.4352924376032803 | -0.2527951594368041 | -0.694630811915008:-0.4424968373672016 | -0.5704887522619373 | 0.42827382818687454
-0.4424968373672016 | -0.5704887522619373 | 0.42827382818687454 | -0.2527951594368041 | -0.694630811915008:-0.4582254947323463 | -0.5661106882187497 | 0.4206250718514042
-0.4582254947323463 | -0.5661106882187497 | 0.4206250718514042 | -0.2527951594368041 | -0.694630811915008:-0.47369596698552385 | -0.561808710867389 | 0.4123549374382378
-0.47369596698552385 | -0.561808710867389 | 0.4123549374382378 | -0.2527951594368041 | -0.694630811915008:-0.4888857957792965 | -0.5575911934614552 | 0.4034731358763395
-0.4888857957792965 | -0.5575911934614552 | 0.4034731358763395 | -0.2527951594368041 | -0.694630811915008:-0.503772866759455 | -0.5534663885558899 | 0.39399030734686846
-0.503772866759455 | -0.5534663885558899 | 0.39399030734686846 | -0.2527951594368041 | -0.694630811915008:-0.5183354434089651 | -0.5494424156151965 | 0.38391800703406886
-0.5183354434089651 | -0.5494424156151965 | 0.38391800703406886 | -0.2527951594368041 | -0.694630811915008:-0.5325522003465295 | -0.5455272488112044 | 0.37326868948414926
-0.5325522003465295 | -0.5455272488112044 | 0.37326868948414926 | -0.2527951594368041 | -0.694630811915008:-0.5464022560297792 | -0.5417287050286461 | 0.36205569159642437
-0.5464022560297792 | -0.5417287050286461 | 0.36205569159642437 | -0.2527951594368041 | -0.694630811915008:-0.5598652048139101 | -0.5380544320967502 | 0.3502932142722841
-0.5598652048139101 | -0.5380544320967502 | 0.3502932142722841 | -0.2527951594368041 | -0.694630811915008:-0.5729211483177252 | -0.5345118972643732 | 0.3379963027505113
-0.5729211483177252 | -0.5345118972643732 | 0.3379963027505113 | -0.2527951594368041 | -0.694630811915008:-0.5855507260501298 | -0.531108375935986 | 0.325180825658407
-0.5855507260501298 | -0.531108375935986 | 0.325180825658407 | 0.34861611052346153 | -0.5074303711551766:-0.5943835303477911 | -0.5376072019933673 | 0.3014290096626695
-0.5943835303477911 | -0.5376072019933673 | 0.3014290096626695 | 0.34861611052346153 | -0.5074303711551766:-0.6026101908927615 | -0.5436906150855307 | 0.2773047392577297
-0.6026101908927615 | -0.5436906150855307 | 0.2773047392577297 | 0.34861611052346153 | -0.5074303711551766:-0.610220453421114 | -0.5493513903688907 | 0.25283124830042425
-0.610220453421114 | -0.5493513903688907 | 0.25283124830042425 | 0.34861611052346153 | -0.5074303711551766:-0.617204683172254 | -0.5545827247694604 | 0.2280321845535127
-0.617204683172254 | -0.5545827247694604 | 0.2280321845535127 | 0.34861611052346153 | -0.5074303711551766:-0.6235538757268984 | -0.5593782446446696 | 0.2029315851516884
-0.6235538757268984 | -0.5593782446446696 | 0.2029315851516884 | -0.30016132627010084 | 0.4320635142466953:-0.6198352998704095 | -0.5571609046347916 | 0.22508400392530348
-0.6198352998704095 | -0.5571609046347916 | 0.22508400392530348 | -0.30016132627010084 | 0.4320635142466953:-0.6156217118966936 | -0.5545970021207509 | 0.24714587895243767
-0.6156217118966936 | -0.5545970021207509 | 0.24714587895243767 | -0.30016132627010084 | 0.4320635142466953:-0.6109148286029722 | -0.5516876238161288 | 0.26910043010043694
