0.0 | 0.0 | 0.0 | 0.3444608420246178 | 0.21894622861970636:1.0945469176045522E-4 | -1.7222190626231537E-4 | 0.009997917747483973
1.0945469176045522E-4 | -1.7222190626231537E-4 | 0.009997917747483973 | 0.3444608420246178 | 0.21894622861970636:4.3550665262547455E-4 | -6.853209935928639E-4 | 0.019883426995647907
4.3550665262547455E-4 | -6.853209935928639E-4 | 0.019883426995647907 | 0.3444608420246178 | 0.21894622861970636:9.745879998127936E-4 | -0.0015337887763149372 | 0.02964535496870077
9.745879998127936E-4 | -0.0015337887763149372 | 0.02964535496870077 | 0.3444608420246178 | 0.21894622861970636:0.0017230011878364567 | -0.0027119105245148045 | 0.03927277983710652
0.0017230011878364567 | -0.0027119105245148045 | 0.03927277983710652 | 0.3444608420246178 | 0.21894622861970636:0.002676923134250442 | -0.004213771720658954 | 0.04875503480897106
0.002676923134250442 | -0.004213771720658954 | 0.04875503480897106 | 0.3444608420246178 | 0.21894622861970636:0.003832409365947115 | -0.0060332645502578774 | 0.05808171202235421
0.003832409365947115 | -0.0060332645502578774 | 0.05808171202235421 | 0.3444608420246178 | 0.21894622861970636:0.005185398183605782 | -0.008164094422786095 | 0.06724266623901523
0.005185398183605782 | -0.008164094422786095 | 0.06724266623901523 | 0.3444608420246178 | 0.21894622861970636:0.006731714841909228 | -0.010599786519104981 | 0.07622801834018816
0.006731714841909228 | -0.010599786519104981 | 0.07622801834018816 | 0.3444608420246178 | 0.21894622861970636:0.008467075743169294 | -0.013333692361674698 | 0.08502815862506652
0.008467075743169294 | -0.013333692361674698 | 0.08502815862506652 | 0.3444608420246178 | 0.21894622861970636:0.010387092642026606 | -0.016358996403871506 | 0.09363374991276369
0.010387092642026606 | -0.016358996403871506 | 0.09363374991276369 | 0.3444608420246178 | 0.21894622861970636:0.012487276858914174 | -0.019668722634770486 | 0.10203573044859526
0.012487276858914174 | -0.019668722634770486 | 0.10203573044859526 | 0.3444608420246178 | 0.21894622861970636:0.014763043499999948 | -0.023255741195791435 | 0.11022531661561197
0.014763043499999948 | -0.023255741195791435 | 0.11022531661561197 | 0.3444608420246178 | 0.21894622861970636:0.01720971568134927 | -0.027112775005642797 | 0.11819400545239112
0.01720971568134927 | -0.027112775005642797 | 0.11819400545239112 | 0.8168541655358741 | 0.5125717657821611:0.021649387806846873 | -0.03420287392416754 | 0.12485643390948009
0.021649387806846873 | -0.03420287392416754 | 0.12485643390948009 | 0.8168541655358741 | 0.5125717657821611:0.02644505253095332 | -0.04187177170383172 | 0.13088574420738375
0.02644505253095332 | -0.04187177170383172 | 0.13088574420738375 | 0.8168541655358741 | 0.5125717657821611:0.03157181436666909 | -0.050080767575393814 | 0.13623483777932255
0.03157181436666909 | -0.050080767575393814 | 0.13623483777932255 | 0.8168541655358741 | 0.5125717657821611:0.03700333317443677 | -0.05878879399108272 | 0.14085975841060594
0.03700333317443677 | -0.05878879399108272 | 0.14085975841060594 | 0.8168541655358741 | 0.5125717657821611:0.042711933083723064 | -0.06795258722411512 | 0.14471983903804997
0.042711933083723064 | -0.06795258722411512 | 0.14471983903804997 | 0.8168541655358741 | 0.5125717657821611:0.048668715080306124 | -0.07752686406354026 | 0.14777783615995688
0.048668715080306124 | -0.07752686406354026 | 0.14777783615995688 | 0.8168541655358741 | 0.5125717657821611:0.054843672870495686 | -0.08746450399121386 | 0.15000005154287033
0.054843672870495686 | -0.08746450399121386 | 0.15000005154287033 | 0.8168541655358741 | 0.5125717657821611:0.0612058116273852 | -0.09771673621708343 | 0.15135644095227896
0.0612058116273852 | -0.09771673621708343 | 0.15135644095227896 | 0.8168541655358741 | 0.5125717657821611:0.06772326921929456 | -0.10823333094026344 | 0.15182070967576444
0.06772326921929456 | -0.10823333094026344 | 0.15182070967576444 | 0.8168541655358741 | 0.5125717657821611:0.07436343951681412 | -0.11896279419654676 | 0.15137039464869195
0.07436343951681412 | -0.11896279419654676 | 0.15137039464869195 | 0.6658814581615855 | 0.5451609801725339:0.08136398442269155 | -0.12870136545654254 | 0.1508301027525203
0.08136398442269155 | -0.12870136545654254 | 0.1508301027525203 | 0.6658814581615855 | 0.5451609801725339:0.08845347372510137 | -0.13855034002481093 | 0.1494762007953616
0.08845347372510137 | -0.13855034002481093 | 0.1494762007953616 | 0.6658814581615855 | 0.5451609801725339:0.09560022827186265 | -0.1484713000709954 | 0.14729909775957628
0.09560022827186265 | -0.1484713000709954 | 0.14729909775957628 | 0.6658814581615855 | 0.5451609801725339:0.10277234718478923 | -0.1584255087778068 | 0.14429202419581122
0.10277234718478923 | -0.1584255087778068 | 0.14429202419581122 | 0.6658814581615855 | 0.5451609801725339:0.10993780327479197 | -0.1683740267735554 | 0.1404510398290637
0.10993780327479197 | -0.1683740267735554 | 0.1404510398290637 | 0.6658814581615855 | 0.5451609801725339:0.1170645381408204 | -0.17827782830554462 | 0.13577503352680997
0.1170645381408204 | -0.17827782830554462 | 0.13577503352680997 | 0.6658814581615855 | 0.5451609801725339:0.1241205567181285 | -0.18809791686684108 | 0.13026571569118772
0.1241205567181285 | -0.18809791686684108 | 0.13026571569118772 | 0.6658814581615855 | 0.5451609801725339:0.13107402104472077 | -0.19779543999275573 | 0.1239276031545451
0.13107402104472077 | -0.19779543999275573 | 0.1239276031545451 | 0.6658814581615855 | 0.5451609801725339:0.1378933430186715 | -0.20733180294779663 | 0.1167679966746289
0.1378933430186715 | -0.20733180294779663 | 0.1167679966746289 | 0.6658814581615855 | 0.5451609801725339:0.14454727592335215 | -0.21666878102886056 | 0.10879695114229726
0.14454727592335215 | -0.21666878102886056 | 0.10879695114229726 | 0.6658814581615855 | 0.5451609801725339:0.15100500450237875 | -0.22576863021600646 | 0.10002723863083451
0.15100500450237875 | -0.22576863021600646 | 0.10002723863083451 | 0.6658814581615855 | 0.5451609801725339:0.15723623337134107 | -0.23459419590829622 | 0.09047430443170912
0.15723623337134107 | -0.23459419590829622 | 0.09047430443170912 | 0.6658814581615855 | 0.5451609801725339:0.16321127355903586 | -0.24310901948886254 | 0.08015621623690317
0.16321127355903586 | -0.24310901948886254 | 0.08015621623690317 | 0.6658814581615855 | 0.5451609801725339:0.16890112697702175 | -0.2512774424705464 | 0.06909360664276099
0.16890112697702175 | -0.2512774424705464 | 0.06909360664276099 | 0.6658814581615855 | 0.5451609801725339:0.17427756862279953 | -0.2590647079811337 | 0.05730960916456018
0.17427756862279953 | -0.2590647079811337 | 0.05730960916456018 | 0.6658814581615855 | 0.5451609801725339:0.17931322632878066 | -0.266437059355388 | 0.044829787964761
0.17931322632878066 | -0.266437059355388 | 0.044829787964761 | 0.6658814581615855 | 0.5451609801725339:0.18398165787645349 | -0.27336183560967875 | 0.03168206151102648
0.18398165787645349 | -0.27336183560967875 | 0.03168206151102648 | 0.6658814581615855 | 0.5451609801725339:0.18825742530272205 | -0.2798075635840709 | 0.0178966203926878
0.18825742530272205 | -0.2798075635840709 | 0.0178966203926878 | 0.6658814581615855 | 0.5451609801725339:0.19211616623329553 | -0.28574404654615826 | 0.003505839536249944
0.19211616623329553 | -0.28574404654615826 | 0.003505839536249944 | 0.6658814581615855 | 0.5451609801725339:0.19553466208621906 | -0.2911424490608061 | -0.01145581492814518
0.19553466208621906 | -0.2911424490608061 | -0.01145581492814518 | 0.6658814581615855 | 0.5451609801725339:0.1984909029971189 | -0.29597537794011775 | -0.026951883886749073
0.1984909029971189 | -0.29597537794011775 | -0.026951883886749073 | 0.6658814581615855 | 0.5451609801725339:0.2009641493264973 | -0.30021695909850354 | -0.04294401827619865
0.2009641493264973 | -0.30021695909850354 | -0.04294401827619865 | 0.6658814581615855 | 0.5451609801725339:0.2029349896184085 | -0.3038429101485418 | -0.05939208664967266
0.2029349896184085 | -0.3038429101485418 | -0.05939208664967266 | 0.6658814581615855 | 0.5451609801725339:0.2043853948890595 | -0.30683060858445366 | -0.07625428698482306
0.2043853948890595 | -0.30683060858445366 | -0.07625428698482306 | 0.6658814581615855 | 0.5451609801725339:0.2052987691333179 | -0.3091591554113844 | -0.09348726243525451
0.2052987691333179 | -0.3091591554113844 | -0.09348726243525451 | 0.6684203006820459 | 0.9195460514544942:0.20354356997961798 | -0.31079605191475235 | -0.11491575445818336
0.20354356997961798 | -0.31079605191475235 | -0.11491575445818336 | 0.6684203006820459 | 0.9195460514544942:0.20067724092640926 | -0.3116036016728252 | -0.13657249868419408
0.20067724092640926 | -0.3116036016728252 | -0.13657249868419408 | 0.6684203006820459 | 0.9195460514544942:0.19668017205390953 | -0.3115662705636648 | -0.1583655698612052
0.19668017205390953 | -0.3115662705636648 | -0.1583655698612052 | 0.6684203006820459 | 0.9195460514544942:0.1915377435246839 | -0.31067211672412753 | -0.1802011166742501
0.1915377435246839 | -0.31067211672412753 | -0.1802011166742501 | 0.6684203006820459 | 0.9195460514544942:0.18524042427644094 | -0.308912869157572 | -0.20198377151461955
0.18524042427644094 | -0.308912869157572 | -0.20198377151461955 | 0.4484160400651065 | -0.16230651193208345:0.1895865033527926 | -0.30863276367439774 | -0.21029585729597366
0.1895865033527926 | -0.30863276367439774 | -0.21029585729597366 | 0.4484160400651065 | -0.16230651193208345:0.19399762058422265 | -0.3080566271934124 | -0.21860838505655744
0.19399762058422265 | -0.3080566271934124 | -0.21860838505655744 | 0.4484160400651065 | -0.16230651193208345:0.19847408216526752 | -0.30718466463428484 | -0.22691131622571037
0.19847408216526752 | -0.30718466463428484 | -0.22691131622571037 | 0.4484160400651065 | -0.16230651193208345:0.20301608621478096 | -0.306017368271311 | -0.2351946469813937
0.20301608621478096 | -0.306017368271311 | -0.2351946469813937 | 0.4484160400651065 | -0.16230651193208345:0.20762372363161585 | -0.3045555155820381 | -0.24344841685111995
0.20762372363161585 | -0.3045555155820381 | -0.24344841685111995 | 0.4484160400651065 | -0.16230651193208345:0.21229697902461808 | -0.30280016688826095 | -0.25166271720895916
0.21229697902461808 | -0.30280016688826095 | -0.25166271720895916 | 0.4484160400651065 | -0.16230651193208345:0.21703573171561263 | -0.30075266279295043 | -0.25982769966350316
0.21703573171561263 | -0.30075266279295043 | -0.25982769966350316 | 0.4484160400651065 | -0.16230651193208345:0.22183975681405155 | -0.29841462141678754 | -0.26793358433176473
0.22183975681405155 | -0.29841462141678754 | -0.26793358433176473 | 0.4484160400651065 | -0.16230651193208345:0.2267087263619354 | -0.2957879354380726 | -0.2759706679941295
0.2267087263619354 | -0.2957879354380726 | -0.2759706679941295 | 0.4484160400651065 | -0.16230651193208345:0.23164221054760858 | -0.29287476893984987 | -0.283929332125593
0.23164221054760858 | -0.29287476893984987 | -0.283929332125593 | 0.36644965233784066 | -0.8694676125684531:0.24675540244654304 | -0.29087883874244547 | -0.28206376084739465
0.24675540244654304 | -0.29087883874244547 | -0.28206376084739465 | 0.36644965233784066 | -0.8694676125684531:0.2618798202766053 | -0.28882707553649567 | -0.27941205124387675
0.2618798202766053 | -0.28882707553649567 | -0.27941205124387675 | 0.36644965233784066 | -0.8694676125684531:0.2769759145089772 | -0.2867365310785761 | -0.27596833047840724
0.2769759145089772 | -0.2867365310785761 | -0.27596833047840724 | 0.36644965233784066 | -0.8694676125684531:0.29200376648051396 | -0.2846244300319949 | -0.27172909867872325
0.29200376648051396 | -0.2846244300319949 | -0.27172909867872325 | 0.36644965233784066 | -0.8694676125684531:0.3069232082806401 | -0.2825081196831416 | -0.2666932501095316
0.3069232082806401 | -0.2825081196831416 | -0.2666932501095316 | -0.427263548415598 | 0.40958280035075556:0.3045971419102038 | -0.29107891272002107 | -0.2695489646982916
0.3045971419102038 | -0.29107891272002107 | -0.2695489646982916 | -0.427263548415598 | 0.40958280035075556:0.30213158524319894 | -0.29973624834403445 | -0.2721445690466582
0.30213158524319894 | -0.29973624834403445 | -0.2721445690466582 | -0.427263548415598 | 0.40958280035075556:0.29953338402876817 | -0.3084736733228688 | -0.27447345644833376
0.29953338402876817 | -0.3084736733228688 | -0.27447345644833376 | -0.427263548415598 | 0.40958280035075556:0.29680954065939247 | -0.31728456110554504 | -0.27652937013942536
0.29680954065939247 | -0.31728456110554504 | -0.27652937013942536 | -0.427263548415598 | 0.40958280035075556:0.2939672052221489 | -0.3261621211415928 | -0.27830641056572825
0.2939672052221489 | -0.3261621211415928 | -0.27830641056572825 | -0.427263548415598 | 0.40958280035075556:0.2910136664146652 | -0.3350994083457248 | -0.2797990421870913
0.2910136664146652 | -0.3350994083457248 | -0.2797990421870913 | -0.427263548415598 | 0.40958280035075556:0.28795634233681966 | -0.3440893326964769 | -0.2810020998143168
0.28795634233681966 | -0.3440893326964769 | -0.2810020998143168 | -0.427263548415598 | 0.40958280035075556:0.28480277116930885 | -0.3531246689573351 | -0.2819107944745567
0.28480277116930885 | -0.3531246689573351 | -0.2819107944745567 | -0.427263548415598 | 0.40958280035075556:0.281560601750213 | -0.3621980665087108 | -0.28252071880171625
0.281560601750213 | -0.3621980665087108 | -0.28252071880171625 | -0.427263548415598 | 0.40958280035075556:0.27823758406073473 | -0.3713020592791878 | -0.28282785194887117
0.27823758406073473 | -0.3713020592791878 | -0.28282785194887117 | -0.427263548415598 | 0.40958280035075556:0.274841559631275 | -0.38042907576442886 | -0.2828285640202566
0.274841559631275 | -0.38042907576442886 | -0.2828285640202566 | -0.427263548415598 | 0.40958280035075556:0.27138045187905036 | -0.389571449122041 | -0.2825196200208837
0.27138045187905036 | -0.389571449122041 | -0.2825196200208837 | -0.427263548415598 | 0.40958280035075556:0.2678622563884101 | -0.39872142733083393 | -0.2818981833223724
0.2678622563884101 | -0.39872142733083393 | -0.2818981833223724 | -0.427263548415598 | 0.40958280035075556:0.2642950311450072 | -0.40787118340280415 | -0.28096181864410497
0.2642950311450072 | -0.40787118340280415 | -0.28096181864410497 | -0.427263548415598 | 0.40958280035075556:0.2606868867349412 | -0.41701282563628794 | -0.279708494549304
0.2606868867349412 | -0.41701282563628794 | -0.279708494549304 | -0.427263548415598 | 0.40958280035075556:0.2570459765199722 | -0.42613840789869784 | -0.2781365854561688
0.2570459765199722 | -0.42613840789869784 | -0.2781365854561688 | -0.427263548415598 | 0.40958280035075556:0.25338048679979686 | -0.4352399399273672 | -0.2762448731646998
0.25338048679979686 | -0.4352399399273672 | -0.2762448731646998 | -0.427263548415598 | 0.40958280035075556:0.24969862697239975 | -0.44430939763703137 | -0.2740325479003296
0.24969862697239975 | -0.44430939763703137 | -0.2740325479003296 | -0.427263548415598 | 0.40958280035075556:0.246008619703316 | -0.4533387334225907 | -0.271499208876004
0.246008619703316 | -0.4533387334225907 | -0.271499208876004 | -0.427263548415598 | 0.40958280035075556:0.24231869111465798 | -0.46231988644587574 | -0.26864486437481805
0.24231869111465798 | -0.46231988644587574 | -0.26864486437481805 | -0.427263548415598 | 0.40958280035075556:0.23863706100460114 | -0.47124479289516685 | -0.2654699313558204
0.23863706100460114 | -0.47124479289516685 | -0.2654699313558204 | -0.427263548415598 | 0.40958280035075556:0.23497193310793385 | -0.4801053962064401 | -0.2619752345860551
0.23497193310793385 | -0.4801053962064401 | -0.2619752345860551 | -0.427263548415598 | 0.40958280035075556:0.2313314854081785 | -0.48889365723529465 | -0.25816200530240785
0.2313314854081785 | -0.48889365723529465 | -0.25816200530240785 | -0.427263548415598 | 0.40958280035075556:0.22772386051165228 | -0.49760156436874325 | -0.25403187940727356
0.22772386051165228 | -0.49760156436874325 | -0.25403187940727356 | -0.427263548415598 | 0.40958280035075556:0.22415715609371922 | -0.5062211435661084 | -0.2495868952025173
0.22415715609371922 | -0.5062211435661084 | -0.2495868952025173 | -0.427263548415598 | 0.40958280035075556:0.2206394154273177 | -0.5147444683184972 | -0.2448294906666595
0.2206394154273177 | -0.5147444683184972 | -0.2448294906666595 | -0.427263548415598 | 0.40958280035075556:0.21717861800372695 | -0.5231636695163076 | -0.2397625002806656
0.21717861800372695 | -0.5231636695163076 | -0.2397625002806656 | -0.427263548415598 | 0.40958280035075556:0.21378267025536957 | -0.5314709452146431 | -0.23438915140812888
0.21378267025536957 | -0.5314709452146431 | -0.23438915140812888 | -0.427263548415598 | 0.40958280035075556:0.2104593963902488 | -0.539658570286413 | -0.22871306023609073
0.2104593963902488 | -0.539658570286413 | -0.22871306023609073 | -0.427263548415598 | 0.40958280035075556:0.20721652934750168 | -0.547718905953257 | -0.22273822728313242
0.20721652934750168 | -0.547718905953257 | -0.22273822728313242 | -0.427263548415598 | 0.40958280035075556:0.20406170188330464 | -0.5556444091845343 | -0.21646903248180216
0.20406170188330464 | -0.5556444091845343 | -0.21646903248180216 | -0.427263548415598 | 0.40958280035075556:0.20100243779623383 | -0.5634276419548598 | -0.20991022984281393
0.20100243779623383 | -0.5634276419548598 | -0.20991022984281393 | -0.427263548415598 | 0.40958280035075556:0.19804614330092107 | -0.5710612803508361 | -0.20306694170886885
0.19804614330092107 | -0.5710612803508361 | -0.20306694170886885 | -0.427263548415598 | 0.40958280035075556:0.19520009855868636 | -0.5785381235178448 | -0.19594465260629867
0.19520009855868636 | -0.5785381235178448 | -0.19594465260629867 | -0.427263548415598 | 0.40958280035075556:0.19247144937362037 | -0.5858511024380384 | -0.18854920270311126
0.19247144937362037 | -0.5858511024380384 | -0.18854920270311126 | 0.7718984671738727 | 0.020397422027386147:0.19331503948714257 | -0.5813238324312948 | -0.2123735350174183
0.19331503948714257 | -0.5813238324312948 | -0.2123735350174183 | 0.7718984671738727 | 0.020397422027386147:0.1941226404294767 | -0.5758020366717531 | -0.23611650177299204
0.1941226404294767 | -0.5758020366717531 | -0.23611650177299204 | 0.7718984671738727 | 0.020397422027386147:0.1948943850207172 | -0.5692862293966918 | -0.25973555382966573
0.1948943850207172 | -0.5692862293966918 | -0.25973555382966573 | 0.7718984671738727 | 0.020397422027386147:0.1956304536830693 | -0.5617787627726862 | -0.283188110255832
0.1956304536830693 | -0.5617787627726862 | -0.283188110255832 | 0.7718984671738727 | 0.020397422027386147:0.1963310744348803 | -0.5532838278320682 | -0.3064316377261207
0.1963310744348803 | -0.5532838278320682 | -0.3064316377261207 | 0.7718984671738727 | 0.020397422027386147:0.19699652279481228 | -0.5438074520123877 | -0.32942372984698665
0.19699652279481228 | -0.5438074520123877 | -0.32942372984698665 | 0.7718984671738727 | 0.020397422027386147:0.19762712159660012 | -0.5333574933094951 | -0.3521221862668913
0.19762712159660012 | -0.5333574933094951 | -0.3521221862668913 | 0.7718984671738727 | 0.020397422027386147:0.1982232407148139 | -0.5219436310610917 | -0.3744850914286335
0.1982232407148139 | -0.5219436310610917 | -0.3744850914286335 | 0.7718984671738727 | 0.020397422027386147:0.19878529670239686 | -0.5095773533831576 | -0.39647089282249226
0.19878529670239686 | -0.5095773533831576 | -0.39647089282249226 | 0.7718984671738727 | 0.020397422027386147:0.1993137523407107 | -0.4962719412877732 | -0.4180384786001543
0.1993137523407107 | -0.4962719412877732 | -0.4180384786001543 | -0.12101169134757739 | -0.8057794102770139:0.21689001212217818 | -0.5011524553487234 | -0.40858763589942093
0.21689001212217818 | -0.5011524553487234 | -0.40858763589942093 | -0.12101169134757739 | -0.8057794102770139:0.2341352902933025 | -0.5059635787506238 | -0.3983315101446383
0.2341352902933025 | -0.5059635787506238 | -0.3983315101446383 | -0.12101169134757739 | -0.8057794102770139:0.25101371927990357 | -0.5107001084298304 | -0.3872828149747871
0.25101371927990357 | -0.5107001084298304 | -0.3872828149747871 | -0.12101169134757739 | -0.8057794102770139:0.2674899462037388 | -0.5153569114524501 | -0.37545589832632764
0.2674899462037388 | -0.5153569114524501 | -0.37545589832632764 | -0.12101169134757739 | -0.8057794102770139:0.2835292053017504 | -0.5199289359810564 | -0.3628667192441686
0.2835292053017504 | -0.5199289359810564 | -0.3628667192441686 | -0.12101169134757739 | -0.8057794102770139:0.29909738924665774 | -0.5244112220860586 | -0.3495328214492872
0.29909738924665774 | -0.5244112220860586 | -0.3495328214492872 | -0.12101169134757739 | -0.8057794102770139:0.3141611192291691 | -0.5287989123805232 | -0.33547330371807327
0.3141611192291691 | -0.5287989123805232 | -0.33547330371807327 | -0.12101169134757739 | -0.8057794102770139:0.3286878136647857 | -0.5330872624577196 | -0.3207087871345795
0.3286878136647857 | -0.5330872624577196 | -0.3207087871345795 | -0.12101169134757739 | -0.8057794102770139:0.342645755391235 | -0.5372716511110767 | -0.3052613792827117
0.342645755391235 | -0.5372716511110767 | -0.3052613792827117 | -0.12101169134757739 | -0.8057794102770139:0.3560041572257475 | -0.5413475903166329 | -0.2891546354511796
0.3560041572257475 | -0.5413475903166329 | -0.2891546354511796 | -0.5908088603412722 | 0.2831861088108989:0.35354413497799086 | -0.5519023082608285 | -0.2791907956967421
0.35354413497799086 | -0.5519023082608285 | -0.2791907956967421 | -0.5908088603412722 | 0.2831861088108989:0.3512002105901857 | -0.5621679398196235 | -0.26882817771982914
0.3512002105901857 | -0.5621679398196235 | -0.26882817771982914 | -0.5908088603412722 | 0.2831861088108989:0.3489790048075392 | -0.5721310467570149 | -0.2580770817990157
0.3489790048075392 | -0.5721310467570149 | -0.2580770817990157 | -0.5908088603412722 | 0.2831861088108989:0.3468869757034696 | -0.5817785167806235 | -0.24694836207522997
0.3468869757034696 | -0.5817785167806235 | -0.24694836207522997 | -0.5908088603412722 | 0.2831861088108989:0.3449304101437711 | -0.5910975816040533 | -0.23545341298879308
0.3449304101437711 | -0.5910975816040533 | -0.23545341298879308 | 0.009729192116515906 | -0.44660346015130803:0.3514444623535624 | -0.5932387300284674 | -0.2288506341648393
0.3514444623535624 | -0.5932387300284674 | -0.2288506341648393 | 0.009729192116515906 | -0.44660346015130803:0.35781505145435233 | -0.5953601132710702 | -0.22206772502657302
0.35781505145435233 | -0.5953601132710702 | -0.22206772502657302 | 0.009729192116515906 | -0.44660346015130803:0.3640373076241019 | -0.5974620667296975 | -0.21510817300382712
0.3640373076241019 | -0.5974620667296975 | -0.21510817300382712 | 0.009729192116515906 | -0.44660346015130803:0.37010645468153314 | -0.599544921508091 | -0.20797559065111315
0.37010645468153314 | -0.599544921508091 | -0.20797559065111315 | 0.009729192116515906 | -0.44660346015130803:0.37601781308533333 | -0.6016090043727829 | -0.2006737130253171
0.37601781308533333 | -0.6016090043727829 | -0.2006737130253171 | 0.7054559099270994 | 0.011841129935841188:0.3772258203369496 | -0.5962750584319139 | -0.22277849902482316
0.3772258203369496 | -0.5962750584319139 | -0.22277849902482316 | 0.7054559099270994 | 0.011841129935841188:0.3784069585641596 | -0.590114803641022 | -0.2447484451971711
0.3784069585641596 | -0.590114803641022 | -0.2447484451971711 | 0.7054559099270994 | 0.011841129935841188:0.379561426017478 | -0.5831317261145799 | -0.26655201853267485
0.379561426017478 | -0.5831317261145799 | -0.26655201853267485 | 0.7054559099270994 | 0.011841129935841188:0.38068943999853033 | -0.5753305266683029 | -0.2881577926299883
0.38068943999853033 | -0.5753305266683029 | -0.2881577926299883 | 0.7054559099270994 | 0.011841129935841188:0.3817912367858973 | -0.5667171164502349 | -0.3095344945216141
0.3817912367858973 | -0.5667171164502349 | -0.3095344945216141 | 0.653833780937709 | 0.2314236176330231:0.3792304669286608 | -0.5581496137710928 | -0.3333951339660288
0.3792304669286608 | -0.5581496137710928 | -0.3333951339660288 | 0.653833780937709 | 0.2314236176330231:0.3763711311322844 | -0.5487514654808407 | -0.35699442206349374
0.3763711311322844 | -0.5487514654808407 | -0.35699442206349374 | 0.653833780937709 | 0.2314236176330231:0.37321615159342514 | -0.5385302133013568 | -0.38029916084805393
0.37321615159342514 | -0.5385302133013568 | -0.38029916084805393 | 0.653833780937709 | 0.2314236176330231:0.3697688678067088 | -0.5274945842868775 | -0.4032764300546674
0.3697688678067088 | -0.5274945842868775 | -0.4032764300546674 | 0.653833780937709 | 0.2314236176330231:0.3660330327296393 | -0.5156544807460648 | -0.4258936345515103
0.3660330327296393 | -0.5156544807460648 | -0.4258936345515103 | -0.7769055137258454 | -0.15023450842059383:0.37021917915214075 | -0.5334625644770057 | -0.40404090867130904
0.37021917915214075 | -0.5334625644770057 | -0.40404090867130904 | -0.7769055137258454 | -0.15023450842059383:0.37423330144156 | -0.550439001402296 | -0.38139647879267713
0.37423330144156 | -0.550439001402296 | -0.38139647879267713 | -0.7769055137258454 | -0.15023450842059383:0.3780690851371027 | -0.5665500469085529 | -0.35799432691351285
0.3780690851371027 | -0.5665500469085529 | -0.35799432691351285 | -0.7769055137258454 | -0.15023450842059383:0.381720486445591 | -0.5817633318129793 | -0.33386991276321254
0.381720486445591 | -0.5817633318129793 | -0.33386991276321254 | -0.7769055137258454 | -0.15023450842059383:0.38518174394792126 | -0.5960479240192029 | -0.30906011441607717
0.38518174394792126 | -0.5960479240192029 | -0.30906011441607717 | -0.7769055137258454 | -0.15023450842059383:0.38844738980901994 | -0.6093743876562314 | -0.2836031662873175
0.38844738980901994 | -0.6093743876562314 | -0.2836031662873175 | -0.7769055137258454 | -0.15023450842059383:0.3915122604713446 | -0.6217148395956471 | -0.2575385946236928
0.3915122604713446 | -0.6217148395956471 | -0.2575385946236928 | -0.7769055137258454 | -0.15023450842059383:0.39437150681304445 | -0.6330430032468684 | -0.23090715060499178
0.39437150681304445 | -0.6330430032468684 | -0.23090715060499178 | -0.7769055137258454 | -0.15023450842059383:0.39702060375285697 | -0.6433342595352229 | -0.20375074117677983
0.39702060375285697 | -0.6433342595352229 | -0.20375074117677983 | -0.7769055137258454 | -0.15023450842059383:0.3994553592846728 | -0.65256569497285 | -0.17611235773842182
0.3994553592846728 | -0.65256569497285 | -0.17611235773842182 | 0.9677624009470567 | 0.5338428247194682:0.39485359025213995 | -0.6450440099532031 | -0.21865426098005258
0.39485359025213995 | -0.6450440099532031 | -0.21865426098005258 | 0.9677624009470567 | 0.5338428247194682:0.3890999428876114 | -0.6354251865275842 | -0.26075060866326893
0.3890999428876114 | -0.6354251865275842 | -0.26075060866326893 | 0.9677624009470567 | 0.5338428247194682:0.3822069814376974 | -0.6237286985122239 | -0.30226563999772793
0.3822069814376974 | -0.6237286985122239 | -0.30226563999772793 | 0.9677624009470567 | 0.5338428247194682:0.37419100398317084 | -0.6099808199369932 | -0.3430648466268664
0.37419100398317084 | -0.6099808199369932 | -0.3430648466268664 | 0.9677624009470567 | 0.5338428247194682:0.36507200323582367 | -0.5942145647410442 | -0.38301541792590754
0.36507200323582367 | -0.5942145647410442 | -0.38301541792590754 | 0.9677624009470567 | 0.5338428247194682:0.35487361500666026 | -0.5764696040103416 | -0.4219866819498215
0.35487361500666026 | -0.5764696040103416 | -0.4219866819498215 | 0.9677624009470567 | 0.5338428247194682:0.34362305449391783 | -0.5567921609909945 | -0.45985054055763186
0.34362305449391783 | -0.5567921609909945 | -0.45985054055763186 | 0.9677624009470567 | 0.5338428247194682:0.3313510405803086 | -0.5352348841862167 | -0.49648189725767367
0.3313510405803086 | -0.5352348841862167 | -0.49648189725767367 | 0.9677624009470567 | 0.5338428247194682:0.3180917083686907 | -0.5118566989179953 | -0.5317590763412205
0.3180917083686907 | -0.5118566989179953 | -0.5317590763412205 | 0.9677624009470567 | 0.5338428247194682:0.3038825102247742 | -0.48672263780648706 | -0.5655642318997458
0.3038825102247742 | -0.48672263780648706 | -0.5655642318997458 | 0.06814765981775595 | -0.31433640033945154:0.3135138753008846 | -0.48596204610495164 | -0.5637299198806964
0.3135138753008846 | -0.48596204610495164 | -0.5637299198806964 | 0.06814765981775595 | -0.31433640033945154:0.3231287127685718 | -0.48519143333571435 | -0.5617203540267433
0.3231287127685718 | -0.48519143333571435 | -0.5617203540267433 | 0.06814765981775595 | -0.31433640033945154:0.33272379699563714 | -0.4844116321954033 | -0.5595357352585424
0.33272379699563714 | -0.4844116321954033 | -0.5595357352585424 | 0.06814765981775595 | -0.31433640033945154:0.34229591001241744 | -0.48362347249471327 | -0.5571763266329555
0.34229591001241744 | -0.48362347249471327 | -0.5571763266329555 | 0.06814765981775595 | -0.31433640033945154:0.3518418425803276 | -0.48282778093961554 | -0.554642453046764
0.3518418425803276 | -0.48282778093961554 | -0.554642453046764 | 0.06814765981775595 | -0.31433640033945154:0.3613583952521111 | -0.4820253809141093 | -0.5519345009229646
0.3613583952521111 | -0.4820253809141093 | -0.5519345009229646 | 0.06814765981775595 | -0.31433640033945154:0.37084237942369214 | -0.4812170922646857 | -0.5490529178799193
0.37084237942369214 | -0.4812170922646857 | -0.5490529178799193 | 0.06814765981775595 | -0.31433640033945154:0.3802906183773871 | -0.4804037310864686 | -0.5459982123834877
0.3802906183773871 | -0.4804037310864686 | -0.5459982123834877 | 0.06814765981775595 | -0.31433640033945154:0.3896999483161423 | -0.47958610951116043 | -0.5427709533824085
0.3896999483161423 | -0.47958610951116043 | -0.5427709533824085 | 0.06814765981775595 | -0.31433640033945154:0.3990672193887477 | -0.47876503549676386 | -0.5393717699270155
0.3990672193887477 | -0.47876503549676386 | -0.5393717699270155 | 0.20298429678037833 | -0.6573314360866092:0.4176231293490602 | -0.47427537090135274 | -0.5319272486438038
0.4176231293490602 | -0.47427537090135274 | -0.5319272486438038 | 0.20298429678037833 | -0.6573314360866092:0.43595069063967173 | -0.4698399783958678 | -0.5238010768409538
0.43595069063967173 | -0.4698399783958678 | -0.5238010768409538 | 0.20298429678037833 | -0.6573314360866092:0.4540263460726379 | -0.46546629851873433 | -0.5150009173990284
0.4540263460726379 | -0.46546629851873433 | -0.5150009173990284 | 0.20298429678037833 | -0.6573314360866092:0.4718267934828191 | -0.46116169635824633 | -0.5055353342298474
0.4718267934828191 | -0.46116169635824633 | -0.5055353342298474 | 0.20298429678037833 | -0.6573314360866092:0.48932901712029064 | -0.45693345182225187 | -0.4954137824220268
0.48932901712029064 | -0.45693345182225187 | -0.4954137824220268 | 0.20298429678037833 | -0.6573314360866092:0.5065103186721913 | -0.4527887500158556 | -0.4846465971946188
0.5065103186721913 | -0.4527887500158556 | -0.4846465971946188 | 0.20298429678037833 | -0.6573314360866092:0.5233483478733731 | -0.44873467174021187 | -0.473244981674533
0.5233483478733731 | -0.44873467174021187 | -0.473244981674533 | 0.20298429678037833 | -0.6573314360866092:0.5398211326655087 | -0.4447781841245302 | -0.4612209935148144
0.5398211326655087 | -0.4447781841245302 | -0.4612209935148144 | 0.20298429678037833 | -0.6573314360866092:0.555907108865064 | -0.4409261314039412 | -0.4485875303724356
0.555907108865064 | -0.4409261314039412 | -0.4485875303724356 | 0.20298429678037833 | -0.6573314360866092:0.5715851493014483 | -0.43718522585514563 | -0.43535831426564897
0.5715851493014483 | -0.43718522585514563 | -0.43535831426564897 | 0.20298429678037833 | -0.6573314360866092:0.5868345923870635 | -0.43356203890175493 | -0.4215478748324841
0.5868345923870635 | -0.43356203890175493 | -0.4215478748324841 | 0.20298429678037833 | -0.6573314360866092:0.6016352700820704 | -0.43006299240093426 | -0.40717153151324936
0.6016352700820704 | -0.43006299240093426 | -0.40717153151324936 | 0.20298429678037833 | -0.6573314360866092:0.6159675352174716 | -0.4266943501227445 | -0.3922453746812806
0.6159675352174716 | -0.4266943501227445 | -0.3922453746812806 | 0.20298429678037833 | -0.6573314360866092:0.6298122881409185 | -0.42346220943329627 | -0.3767862457476596
0.6298122881409185 | -0.42346220943329627 | -0.3767862457476596 | 0.20298429678037833 | -0.6573314360866092:0.6431510026506473 | -0.42037249319247394 | -0.36081171626662467
0.6431510026506473 | -0.42037249319247394 | -0.36081171626662467 | 0.20212117388321338 | -0.1638962428211066:0.6472713583892684 | -0.4174467241032147 | -0.360399445349465
0.6472713583892684 | -0.4174467241032147 | -0.360399445349465 | 0.20212117388321338 | -0.1638962428211066:0.6513816693372689 | -0.414511403807424 | -0.35991550729368527
0.6513816693372689 | -0.414511403807424 | -0.35991550729368527 | 0.20212117388321338 | -0.1638962428211066:0.6554813418060448 | -0.41156748016777556 | -0.35935989062827645
0.6554813418060448 | -0.41156748016777556 | -0.35935989062827645 | 0.20212117388321338 | -0.1638962428211066:0.6595697821626345 | -0.4086158989053388 | -0.35873260064118995
0.6595697821626345 | -0.4086158989053388 | -0.35873260064118995 | 0.20212117388321338 | -0.1638962428211066:0.6636463969849302 | -0.40565760342941815 | -0.3580336593099531
0.6636463969849302 | -0.40565760342941815 | -0.3580336593099531 | 0.9901214474327118 | 0.33518038837051556:0.6583274541749944 | -0.3880934257555708 | -0.3893904229426539
0.6583274541749944 | -0.3880934257555708 | -0.3893904229426539 | 0.9901214474327118 | 0.33518038837051556:0.6524764495930242 | -0.3689597864632219 | -0.4197889358836804
0.6524764495930242 | -0.3689597864632219 | -0.4197889358836804 | 0.9901214474327118 | 0.33518038837051556:0.6461103506316377 | -0.3483043738245044 | -0.4491411523297728
0.6461103506316377 | -0.3483043738245044 | -0.4491411523297728 | 0.9901214474327118 | 0.33518038837051556:0.6392476084441796 | -0.32617932957889195 | -0.47736173372173596
0.6392476084441796 | -0.32617932957889195 | -0.47736173372173596 | 0.9901214474327118 | 0.33518038837051556:0.6319081090181555 | -0.3026411105569764 | -0.5043682993605856
0.6319081090181555 | -0.3026411105569764 | -0.5043682993605856 | 0.9901214474327118 | 0.33518038837051556:0.6241131200211711 | -0.27775033761419365 | -0.5300816689678598
0.6241131200211711 | -0.27775033761419365 | -0.5300816689678598 | 0.9901214474327118 | 0.33518038837051556:0.6158852335678588 | -0.25157163229671653 | -0.5544260964779326
