0.0 | 0.0 | 0.0 | 0.4956299108109812 | 0.8352378632555895:4.173693596684041E-4 | -2.47789591393488E-4 | 0.009988213210379874
4.173693596684041E-4 | -2.47789591393488E-4 | 0.009988213210379874 | 0.4956299108109812 | 0.8352378632555895:0.0016589167904626164 | -9.854699610789552E-4 | 0.01980623245441021
0.0016589167904626164 | -9.854699610789552E-4 | 0.01980623245441021 | 0.4956299108109812 | 0.8352378632555895:0.003706061453337366 | -0.002202866755425692 | 0.029386423524510902
0.003706061453337366 | -0.002202866755425692 | 0.029386423524510902 | 0.4956299108109812 | 0.8352378632555895:0.006536663717694704 | -0.003887670226955686 | 0.03866306345296913
0.006536663717694704 | -0.003887670226955686 | 0.03866306345296913 | 0.24049792389863556 | 0.38968694217620947:0.009064348791400636 | -0.005413306426635955 | 0.0478592614164037
0.009064348791400636 | -0.005413306426635955 | 0.0478592614164037 | 0.24049792389863556 | 0.38968694217620947:0.011932927406916684 | -0.007150394910961477 | 0.05684232586944199
0.011932927406916684 | -0.007150394910961477 | 0.05684232586944199 | 0.24049792389863556 | 0.38968694217620947:0.015133692796805993 | -0.009093636576026576 | 0.06560025968815492
0.015133692796805993 | -0.009093636576026576 | 0.06560025968815492 | 0.24049792389863556 | 0.38968694217620947:0.01865769789462636 | -0.011237581689163223 | 0.07412144970308987
0.01865769789462636 | -0.011237581689163223 | 0.07412144970308987 | 0.24049792389863556 | 0.38968694217620947:0.02249576583814178 | -0.013576636340235204 | 0.08239467184136556
0.02249576583814178 | -0.013576636340235204 | 0.08239467184136556 | 0.24049792389863556 | 0.38968694217620947:0.026638500514699903 | -0.01610506892105179 | 0.09040909591959428
0.026638500514699903 | -0.01610506892105179 | 0.09040909591959428 | 0.24049792389863556 | 0.38968694217620947:0.031076297141255704 | -0.01881701662825308 | 0.09815429008868404
0.031076297141255704 | -0.01881701662825308 | 0.09815429008868404 | 0.24049792389863556 | 0.38968694217620947:0.035799352871592555 | -0.021706491985066023 | 0.10562022493177092
0.035799352871592555 | -0.021706491985066023 | 0.10562022493177092 | 0.24049792389863556 | 0.38968694217620947:0.040797677423366596 | -0.02476738937736589 | 0.11279727721673172
0.040797677423366596 | -0.02476738937736589 | 0.11279727721673172 | 0.24049792389863556 | 0.38968694217620947:0.046061103717677854 | -0.027993491599536346 | 0.11967623330491373
0.046061103717677854 | -0.027993491599536346 | 0.11967623330491373 | 0.24049792389863556 | 0.38968694217620947:0.05157929852395238 | -0.03137847640565927 | 0.12624829221791423
0.05157929852395238 | -0.03137847640565927 | 0.12624829221791423 | 0.24049792389863556 | 0.38968694217620947:0.05734177310300381 | -0.03491592306162428 | 0.13250506836442422
0.05734177310300381 | -0.03491592306162428 | 0.13250506836442422 | 0.24049792389863556 | 0.38968694217620947:0.06333789384122929 | -0.03859931889379431 | 0.13843859392933378
0.06333789384122929 | -0.03859931889379431 | 0.13843859392933378 | 0.24049792389863556 | 0.38968694217620947:0.0695568928689847 | -0.04242206582992303 | 0.14404132092747823
0.0695568928689847 | -0.04242206582992303 | 0.14404132092747823 | 0.24049792389863556 | 0.38968694217620947:0.07598787865627665 | -0.0463774869280722 | 0.14930612292457823
0.07598787865627665 | -0.0463774869280722 | 0.14930612292457823 | 0.5812801637071898 | 0.4741256754419565:0.08324932669732488 | -0.05310618776541798 | 0.15299400576717082
0.08324932669732488 | -0.05310618776541798 | 0.15299400576717082 | 0.5812801637071898 | 0.4741256754419565:0.09071384190925424 | -0.06011381495377366 | 0.1560795062440714
0.09071384190925424 | -0.06011381495377366 | 0.1560795062440714 | 0.5812801637071898 | 0.4741256754419565:0.09836007916291511 | -0.06737424678952131 | 0.15854472146128473
0.09836007916291511 | -0.06737424678952131 | 0.15854472146128473 | 0.5812801637071898 | 0.4741256754419565:0.10616624215731096 | -0.07486078525253292 | 0.16037348837476495
0.10616624215731096 | -0.07486078525253292 | 0.16037348837476495 | 0.5812801637071898 | 0.4741256754419565:0.11411013658397473 | -0.08254622081174512 | 0.16155140818431635
0.11411013658397473 | -0.08254622081174512 | 0.16155140818431635 | 0.5812801637071898 | 0.4741256754419565:0.12216922364016924 | -0.090402897714003 | 0.16206586691624203
0.12216922364016924 | -0.090402897714003 | 0.16206586691624203 | 0.5812801637071898 | 0.4741256754419565:0.13032067378677903 | -0.0984027796285456 | 0.1619060521917728
0.13032067378677903 | -0.0984027796285456 | 0.1619060521917728 | 0.5812801637071898 | 0.4741256754419565:0.13854142064735275 | -0.10651751552013189 | 0.16106296618507354
0.13854142064735275 | -0.10651751552013189 | 0.16106296618507354 | 0.5812801637071898 | 0.4741256754419565:0.14680821494549945 | -0.11471850562462005 | 0.15952943478137227
0.14680821494549945 | -0.11471850562462005 | 0.15952943478137227 | 0.5812801637071898 | 0.4741256754419565:0.15509767837877675 | -0.12297696740186081 | 0.15730011295236412
0.15509767837877675 | -0.12297696740186081 | 0.15730011295236412 | 0.9244898467081015 | -0.47114995805868065:0.15596404137170983 | -0.1339593474115004 | 0.15964337334912848
0.15596404137170983 | -0.1339593474115004 | 0.15964337334912848 | 0.9244898467081015 | -0.47114995805868065:0.15663837812977977 | -0.1452053842437877 | 0.16137317243543414
0.15663837812977977 | -0.1452053842437877 | 0.16137317243543414 | 0.9244898467081015 | -0.47114995805868065:0.15714004485291655 | -0.1566789573411338 | 0.1624639228874325
0.15714004485291655 | -0.1566789573411338 | 0.1624639228874325 | 0.9244898467081015 | -0.47114995805868065:0.15748912617264033 | -0.16834244105234264 | 0.1628927558400628
0.15748912617264033 | -0.16834244105234264 | 0.1628927558400628 | 0.9244898467081015 | -0.47114995805868065:0.15770635416578171 | -0.18015686144512166 | 0.16263961809001426
0.15770635416578171 | -0.18015686144512166 | 0.16263961809001426 | 0.9244898467081015 | -0.47114995805868065:0.1578130251318397 | -0.19208205776384624 | 0.16168735814841106
0.1578130251318397 | -0.19208205776384624 | 0.16168735814841106 | 0.9244898467081015 | -0.47114995805868065:0.1578309144473371 | -0.20407684792337966 | 0.1600218008940999
0.1578309144473371 | -0.20407684792337966 | 0.1600218008940999 | 0.9244898467081015 | -0.47114995805868065:0.1577821898150198 | -0.21609919742002548 | 0.15763181061939768
0.1577821898150198 | -0.21609919742002548 | 0.15763181061939768 | 0.9244898467081015 | -0.47114995805868065:0.15768932322912654 | -0.22810639103307384 | 0.15450934230144764
0.15768932322912654 | -0.22810639103307384 | 0.15450934230144764 | 0.9244898467081015 | -0.47114995805868065:0.15757500198026575 | -0.2400552066849415 | 0.15064948097393938
0.15757500198026575 | -0.2400552066849415 | 0.15064948097393938 | 0.3840757650097115 | -0.29702631598860463:0.1586272982489505 | -0.24796553523424603 | 0.15142711187459934
0.1586272982489505 | -0.24796553523424603 | 0.15142711187459934 | 0.3840757650097115 | -0.29702631598860463:0.15959344528711794 | -0.2558965598472893 | 0.15198783741357147
0.15959344528711794 | -0.2558965598472893 | 0.15198783741357147 | 0.3840757650097115 | -0.29702631598860463:0.16047863911873206 | -0.2638425091614396 | 0.1523296068451625
0.16047863911873206 | -0.2638425091614396 | 0.1523296068451625 | 0.3840757650097115 | -0.29702631598860463:0.16128809016894374 | -0.27179758149033706 | 0.15245062178824398
0.16128809016894374 | -0.27179758149033706 | 0.15245062178824398 | 0.3840757650097115 | -0.29702631598860463:0.1620270187112287 | -0.2797559508067051 | 0.15234933593632682
0.1620270187112287 | -0.2797559508067051 | 0.15234933593632682 | 0.3840757650097115 | -0.29702631598860463:0.16270065034426473 | -0.2877117726877447 | 0.15202445456245162
0.16270065034426473 | -0.2877117726877447 | 0.15202445456245162 | 0.3840757650097115 | -0.29702631598860463:0.1633142115016879 | -0.29565919021905085 | 0.15147493382126864
0.1633142115016879 | -0.29565919021905085 | 0.15147493382126864 | 0.3840757650097115 | -0.29702631598860463:0.16387292499778017 | -0.303592339853072 | 0.15069997985081596
0.16387292499778017 | -0.303592339853072 | 0.15069997985081596 | 0.3840757650097115 | -0.29702631598860463:0.16438200561210792 | -0.3115053572181976 | 0.1496990476765907
0.16438200561210792 | -0.3115053572181976 | 0.1496990476765907 | 0.3840757650097115 | -0.29702631598860463:0.16484665571607326 | -0.31939238287464544 | 0.14847183992064572
0.16484665571607326 | -0.31939238287464544 | 0.14847183992064572 | 0.3840757650097115 | -0.29702631598860463:0.1652720609442655 | -0.32724756801336596 | 0.147018305318519
0.1652720609442655 | -0.32724756801336596 | 0.147018305318519 | 0.3840757650097115 | -0.29702631598860463:0.16566338591345087 | -0.3350650800942958 | 0.14533863704694738
0.16566338591345087 | -0.3350650800942958 | 0.14533863704694738 | 0.3840757650097115 | -0.29702631598860463:0.1660257699919807 | -0.34283910842033993 | 0.1434332708653745
0.1660257699919807 | -0.34283910842033993 | 0.1434332708653745 | 0.3840757650097115 | -0.29702631598860463:0.1663643231223233 | -0.3505638696435591 | 0.1413028830743892
0.1663643231223233 | -0.3505638696435591 | 0.1413028830743892 | 0.3840757650097115 | -0.29702631598860463:0.16668412169937774 | -0.3582336132001043 | 0.13894838829431677
0.16668412169937774 | -0.3582336132001043 | 0.13894838829431677 | -0.34352510832795313 | 0.6890101428830893:0.1739631806511044 | -0.3607312164355889 | 0.14118565661500249
0.1739631806511044 | -0.3607312164355889 | 0.14118565661500249 | -0.34352510832795313 | 0.6890101428830893:0.18136000962052545 | -0.36310707945193244 | 0.14319539333176312
0.18136000962052545 | -0.36310707945193244 | 0.14319539333176312 | -0.34352510832795313 | 0.6890101428830893:0.1888655063665139 | -0.3653662762771148 | 0.14496891935406087
0.1888655063665139 | -0.3653662762771148 | 0.14496891935406087 | -0.34352510832795313 | 0.6890101428830893:0.19647019862649984 | -0.36751406354425775 | 0.14649804948280387
0.19647019862649984 | -0.36751406354425775 | 0.14649804948280387 | -0.34352510832795313 | 0.6890101428830893:0.20416426527617215 | -0.3695558701572619 | 0.14777511028615198
0.20416426527617215 | -0.3695558701572619 | 0.14777511028615198 | 0.6203783706593451 | 0.5892373234392305:0.21066009734879199 | -0.37858167544405674 | 0.13177763442169343
0.21066009734879199 | -0.37858167544405674 | 0.13177763442169343 | 0.6203783706593451 | 0.5892373234392305:0.21668973037307726 | -0.38710796998593366 | 0.11508931277804457
0.21668973037307726 | -0.38710796998593366 | 0.11508931277804457 | 0.6203783706593451 | 0.5892373234392305:0.2222264852492577 | -0.39510636334370197 | 0.09774205774164102
0.2222264852492577 | -0.39510636334370197 | 0.09774205774164102 | 0.6203783706593451 | 0.5892373234392305:0.22724479960608424 | -0.40254960726207045 | 0.07976982120690224
0.22724479960608424 | -0.40254960726207045 | 0.07976982120690224 | 0.6203783706593451 | 0.5892373234392305:0.23172029647906012 | -0.4094116692831644 | 0.061208511683537026
0.23172029647906012 | -0.4094116692831644 | 0.061208511683537026 | 0.6203783706593451 | 0.5892373234392305:0.23562984996432323 | -0.41566780324890473 | 0.04209590668226504
0.23562984996432323 | -0.41566780324890473 | 0.04209590668226504 | 0.6203783706593451 | 0.5892373234392305:0.23895164770450528 | -0.4212946165374394 | 0.022471560603881002
0.23895164770450528 | -0.4212946165374394 | 0.022471560603881002 | 0.6203783706593451 | 0.5892373234392305:0.24166525007082384 | -0.426270133887126 | 0.0023767083655386045
0.24166525007082384 | -0.426270133887126 | 0.0023767083655386045 | 0.6203783706593451 | 0.5892373234392305:0.24375164591388554 | -0.4305738576700122 | -0.018145834993362087
0.24375164591388554 | -0.4305738576700122 | -0.018145834993362087 | 0.6203783706593451 | 0.5892373234392305:0.0 | 0.0 | 0.0
0.0 | 0.0 | 0.0 | 0.6203783706593451 | 0.5892373234392305:0.2451933047640722 | -0.4341868244855309 | -0.039051778475496235
0.2451933047640722 | -0.4341868244855309 | -0.039051778475496235 | 0.6203783706593451 | 0.5892373234392305:0.24597422537103064 | -0.43709165795407756 | -0.0602954628027188
0.24597422537103064 | -0.43709165795407756 | -0.0602954628027188 | 0.6203783706593451 | 0.5892373234392305:0.2460799804805891 | -0.4392726175993662 | -0.08182997134179537
0.2460799804805891 | -0.4392726175993662 | -0.08182997134179537 | 0.6203783706593451 | 0.5892373234392305:0.24549775775644633 | -0.4407156437177697 | -0.10360724400868548
0.24549775775644633 | -0.4407156437177697 | -0.10360724400868548 | 0.6203783706593451 | 0.5892373234392305:0.24421639676305418 | -0.44140839814241417 | -0.1255781938757803
0.24421639676305418 | -0.44140839814241417 | -0.1255781938757803 | 0.6203783706593451 | 0.5892373234392305:0.24222642193544885 | -0.44134030081950115 | -0.14769282620180935
0.24222642193544885 | -0.44134030081950115 | -0.14769282620180935 | 0.6203783706593451 | 0.5892373234392305:0.23952007147108745 | -0.44050256212406325 | -0.16990035959992777
0.23952007147108745 | -0.44050256212406325 | -0.16990035959992777 | 0.6203783706593451 | 0.5892373234392305:0.2360913220882601 | -0.43888821085235463 | -0.19214934905604064
0.2360913220882601 | -0.43888821085235463 | -0.19214934905604064 | 0.6203783706593451 | 0.5892373234392305:0.2319359096051592 | -0.43649211783796105 | -0.2143878105065422
0.2319359096051592 | -0.43649211783796105 | -0.2143878105065422 | 0.6203783706593451 | 0.5892373234392305:0.22705134530320592 | -0.4333110151488597 | -0.23656334668245194
0.22705134530320592 | -0.4333110151488597 | -0.23656334668245194 | 0.6699935882307015 | -0.6057948936457229:0.23651794918523095 | -0.4287170682806192 | -0.2460022282244072
0.23651794918523095 | -0.4287170682806192 | -0.2460022282244072 | 0.6699935882307015 | -0.6057948936457229:0.2463056585886072 | -0.42370387693742373 | -0.2550277368156255
0.2463056585886072 | -0.42370387693742373 | -0.2550277368156255 | 0.6699935882307015 | -0.6057948936457229:0.2564019195771543 | -0.4182854187683702 | -0.2636112950038383
0.2564019195771543 | -0.4182854187683702 | -0.2636112950038383 | 0.6699935882307015 | -0.6057948936457229:0.2667931705355642 | -0.41247679552900607 | -0.2717252409693467
0.2667931705355642 | -0.41247679552900607 | -0.2717252409693467 | 0.6699935882307015 | -0.6057948936457229:0.2774648745113737 | -0.4062941986661244 | -0.2793429059890302
0.2774648745113737 | -0.4062941986661244 | -0.2793429059890302 | 0.6699935882307015 | -0.6057948936457229:0.28840155412418156 | -0.3997548720204698 | -0.2864386893829405
0.28840155412418156 | -0.3997548720204698 | -0.2864386893829405 | 0.6699935882307015 | -0.6057948936457229:0.299586828949467 | -0.3928770717467174 | -0.2929881307568465
0.299586828949467 | -0.3928770717467174 | -0.2929881307568465 | 0.6699935882307015 | -0.6057948936457229:0.31100345527854323 | -0.3856800235565636 | -0.2989679793614082
0.31100345527854323 | -0.3856800235565636 | -0.2989679793614082 | 0.6699935882307015 | -0.6057948936457229:0.322633368150651 | -0.3781838773971451 | -0.30435626039635366
0.322633368150651 | -0.3781838773971451 | -0.30435626039635366 | 0.6699935882307015 | -0.6057948936457229:0.33445772554789777 | -0.37040965968286343 | -0.3091323380961031
0.33445772554789777 | -0.37040965968286343 | -0.3091323380961031 | 0.6699935882307015 | -0.6057948936457229:0.346456954638791 | -0.3623792232044778 | -0.31327697544173594
0.346456954638791 | -0.3623792232044778 | -0.31327697544173594 | 0.6699935882307015 | -0.6057948936457229:0.3586107999513999 | -0.3541151948444714 | -0.3167723903529476
0.3586107999513999 | -0.3541151948444714 | -0.3167723903529476 | 0.6699935882307015 | -0.6057948936457229:0.37089837335279263 | -0.3456409212329632 | -0.3196023082227337
0.37089837335279263 | -0.3456409212329632 | -0.3196023082227337 | 0.6699935882307015 | -0.6057948936457229:0.3832982057073391 | -0.33698041248279864 | -0.32175201066691095
0.3832982057073391 | -0.33698041248279864 | -0.32175201066691095 | 0.6699935882307015 | -0.6057948936457229:0.3957883000827156 | -0.32815828414704384 | -0.32320838037022037
0.3957883000827156 | -0.32815828414704384 | -0.32320838037022037 | 0.6699935882307015 | -0.6057948936457229:0.4083461863690001 | -0.31919969754585154 | -0.3239599419206436
0.4083461863690001 | -0.31919969754585154 | -0.3239599419206436 | 0.6699935882307015 | -0.6057948936457229:0.42094897717320023 | -0.3101302986133767 | -0.3239968985336563
0.42094897717320023 | -0.3101302986133767 | -0.3239968985336563 | 0.6699935882307015 | -0.6057948936457229:0.4335734248487668 | -0.30097615541853173 | -0.3233111645784523
0.4335734248487668 | -0.30097615541853173 | -0.3233111645784523 | 0.6699935882307015 | -0.6057948936457229:0.44619597951730583 | -0.29176369451631956 | -0.32189639382861035
0.44619597951730583 | -0.29176369451631956 | -0.32189639382861035 | 0.6699935882307015 | -0.6057948936457229:0.4587928479375343 | -0.2825196362887965 | -0.3197480033703126
0.4587928479375343 | -0.2825196362887965 | -0.3197480033703126 | 0.6699935882307015 | -0.6057948936457229:0.4713400530750178 | -0.27327092943689735 | -0.31686319311192124
0.4713400530750178 | -0.27327092943689735 | -0.31686319311192124 | 0.6699935882307015 | -0.6057948936457229:0.48381349422463416 | -0.2640446847859259 | -0.31324096084956204
0.48381349422463416 | -0.2640446847859259 | -0.31324096084956204 | 0.6699935882307015 | -0.6057948936457229:0.49618900753698014 | -0.25486810856886066 | -0.3088821128542334
0.49618900753698014 | -0.25486810856886066 | -0.3088821128542334 | 0.6699935882307015 | -0.6057948936457229:0.5084424267990748 | -0.2457684353524634 | -0.30378926995689653
0.5084424267990748 | -0.2457684353524634 | -0.30378926995689653 | 0.6699935882307015 | -0.6057948936457229:0.5205496443196083 | -0.23677286077169413 | -0.2979668691189452
0.5205496443196083 | -0.23677286077169413 | -0.2979668691189452 | 0.6699935882307015 | -0.6057948936457229:0.532486671768968 | -0.22790847423800642 | -0.29142116048638766
0.532486671768968 | -0.22790847423800642 | -0.29142116048638766 | 0.6699935882307015 | -0.6057948936457229:0.5442297008247543 | -0.21920219178680966 | -0.28416019993697694
0.5442297008247543 | -0.21920219178680966 | -0.28416019993697694 | 0.6699935882307015 | -0.6057948936457229:0.5557551634742595 | -0.21068068922872385 | -0.27619383714036716
0.5557551634742595 | -0.21068068922872385 | -0.27619383714036716 | 0.6699935882307015 | -0.6057948936457229:0.5670397918265095 | -0.20237033576811214 | -0.26753369916213154
0.5670397918265095 | -0.20237033576811214 | -0.26753369916213154 | 0.6699935882307015 | -0.6057948936457229:0.5780606772880041 | -0.19429712825099088 | -0.2581931696531259
0.5780606772880041 | -0.19429712825099088 | -0.2581931696531259 | 0.918125098042438 | 0.4393958397736588:0.5749768650691642 | -0.18317338511482006 | -0.28089728418867077
0.5749768650691642 | -0.18317338511482006 | -0.28089728418867077 | 0.918125098042438 | 0.4393958397736588:0.5713450052270836 | -0.17094444678480158 | -0.30308350340595336
0.5713450052270836 | -0.17094444678480158 | -0.30308350340595336 | 0.918125098042438 | 0.4393958397736588:0.5671764702705246 | -0.15763200217087814 | -0.32468399149034743
0.5671764702705246 | -0.15763200217087814 | -0.32468399149034743 | 0.918125098042438 | 0.4393958397736588:0.562484237839346 | -0.1432611278751672 | -0.34563213615596533
0.562484237839346 | -0.1432611278751672 | -0.34563213615596533 | 0.918125098042438 | 0.4393958397736588:0.5572828606823634 | -0.12786023014986725 | -0.36586275556238856
0.5572828606823634 | -0.12786023014986725 | -0.36586275556238856 | 0.8747699962456952 | -0.18513094622038984:0.5633472237746027 | -0.11226950784845258 | -0.3676606861539691
0.5633472237746027 | -0.11226950784845258 | -0.3676606861539691 | 0.8747699962456952 | -0.18513094622038984:0.5694110637046066 | -0.0965343405681196 | -0.36869856357035147
0.5694110637046066 | -0.0965343405681196 | -0.36869856357035147 | 0.8747699962456952 | -0.18513094622038984:0.575467180027573 | -0.08068986871577621 | -0.36896766333855435
0.575467180027573 | -0.08068986871577621 | -0.36896766333855435 | 0.8747699962456952 | -0.18513094622038984:0.5815082789458117 | -0.06477169855686427 | -0.3684609852799303
0.5815082789458117 | -0.06477169855686427 | -0.3684609852799303 | 0.8747699962456952 | -0.18513094622038984:0.5875269907971941 | -0.04881582021460673 | -0.3671732771404175
0.5875269907971941 | -0.04881582021460673 | -0.3671732771404175 | 0.8747699962456952 | -0.18513094622038984:0.593515887749831 | -0.03285852460358285 | -0.3651010541256561
0.593515887749831 | -0.03285852460358285 | -0.3651010541256561 | 0.8747699962456952 | -0.18513094622038984:0.5994675016615432 | -0.016936319492867113 | -0.3622426142951296
0.5994675016615432 | -0.016936319492867113 | -0.3622426142951296 | 0.8747699962456952 | -0.18513094622038984:0.6053743420621522 | -0.0010858448958721567 | -0.3585980497791583
0.6053743420621522 | -0.0010858448958721567 | -0.3585980497791583 | 0.8747699962456952 | -0.18513094622038984:0.6112289142166105 | 0.014656212014877212 | -0.3541692537922989
0.6112289142166105 | 0.014656212014877212 | -0.3541692537922989 | 0.8747699962456952 | -0.18513094622038984:0.6170237372267025 | 0.03025320226887729 | -0.3489599234264844
0.6170237372267025 | 0.03025320226887729 | -0.3489599234264844 | 0.8009613590491753 | -0.9500982430434195:0.6354188410443058 | 0.04438134547651984 | -0.3190772731837157
0.6354188410443058 | 0.04438134547651984 | -0.3190772731837157 | 0.8009613590491753 | -0.9500982430434195:0.65238040239268 | 0.05735135400460578 | -0.28766925866974
0.65238040239268 | 0.05735135400460578 | -0.28766925866974 | 0.8009613590491753 | -0.9500982430434195:0.6678326284745779 | 0.06909682319659538 | -0.2548514665025641
0.6678326284745779 | 0.06909682319659538 | -0.2548514665025641 | 0.8009613590491753 | -0.9500982430434195:0.6817054328710057 | 0.07955602776769055 | -0.22074612402436777
0.6817054328710057 | 0.07955602776769055 | -0.22074612402436777 | 0.8009613590491753 | -0.9500982430434195:0.6939347637932514 | 0.08867220808090437 | -0.18548162071064134
0.6939347637932514 | 0.08867220808090437 | -0.18548162071064134 | 0.8009613590491753 | -0.9500982430434195:0.7044629079894875 | 0.09639383646767286 | -0.1491920012616763
0.7044629079894875 | 0.09639383646767286 | -0.1491920012616763 | 0.8009613590491753 | -0.9500982430434195:0.7132387689333015 | 0.10267486239392198 | -0.11201643246774573
0.7132387689333015 | 0.10267486239392198 | -0.11201643246774573 | 0.8009613590491753 | -0.9500982430434195:0.7202181180295568 | 0.10747493536142017 | -0.0740986460550932
0.7202181180295568 | 0.10747493536142017 | -0.0740986460550932 | 0.8009613590491753 | -0.9500982430434195:0.7253638176866275 | 0.11075960452781075 | -0.03558635982622249
0.7253638176866275 | 0.11075960452781075 | -0.03558635982622249 | 0.8009613590491753 | -0.9500982430434195:0.7286460152226795 | 0.11250049412679175 | 0.003369320495492545
0.7286460152226795 | 0.11250049412679175 | 0.003369320495492545 | 0.7254857551654044 | 0.5684145318761686:0.7311594207854171 | 0.11270446013909208 | -0.013309039263262434
0.7311594207854171 | 0.11270446013909208 | -0.013309039263262434 | 0.7254857551654044 | 0.5684145318761686:0.733170467460873 | 0.11351058927252922 | -0.03009187529391255
0.733170467460873 | 0.11351058927252922 | -0.03009187529391255 | 0.7254857551654044 | 0.5684145318761686:0.7346756646506023 | 0.11492438949242967 | -0.04694163584310651
0.7346756646506023 | 0.11492438949242967 | -0.04694163584310651 | 0.7254857551654044 | 0.5684145318761686:0.7356726489714731 | 0.11694993278219457 | -0.06382041110601833
0.7356726489714731 | 0.11694993278219457 | -0.06382041110601833 | 0.7254857551654044 | 0.5684145318761686:0.7361601946424798 | 0.11958984029752884 | -0.08069002283110649
0.7361601946424798 | 0.11958984029752884 | -0.08069002283110649 | 0.3059760825827529 | 0.31826651291449415:0.7372595025086852 | 0.12121260904194742 | -0.090856937665027
0.7372595025086852 | 0.12121260904194742 | -0.090856937665027 | 0.3059760825827529 | 0.31826651291449415:0.7381678697753387 | 0.12299122096204229 | -0.10104341739677203
0.7381678697753387 | 0.12299122096204229 | -0.10104341739677203 | 0.3059760825827529 | 0.31826651291449415:0.7388848827540784 | 0.12492639692901619 | -0.11124326306869392
0.7388848827540784 | 0.12492639692901619 | -0.11124326306869392 | 0.3059760825827529 | 0.31826651291449415:0.7394102405467464 | 0.12701874675569513 | -0.12145025827840072
0.7394102405467464 | 0.12701874675569513 | -0.12145025827840072 | 0.3059760825827529 | 0.31826651291449415:0.7397437551578463 | 0.12926876908556295 | -0.1316581731542712
0.7397437551578463 | 0.12926876908556295 | -0.1316581731542712 | 0.3059760825827529 | 0.31826651291449415:0.7398853515375023 | 0.13167685134839502 | -0.14186076832446304
0.7398853515375023 | 0.13167685134839502 | -0.14186076832446304 | 0.3059760825827529 | 0.31826651291449415:0.7398350675552123 | 0.13424326978223533 | -0.15205179887723652
0.7398350675552123 | 0.13424326978223533 | -0.15205179887723652 | 0.3059760825827529 | 0.31826651291449415:0.7395930539047768 | 0.13696818952133683 | -0.16222501831036062
0.7395930539047768 | 0.13696818952133683 | -0.16222501831036062 | 0.3059760825827529 | 0.31826651291449415:0.739159573940789 | 0.1398516647497381 | -0.17237418246743808
0.739159573940789 | 0.1398516647497381 | -0.17237418246743808 | 0.3059760825827529 | 0.31826651291449415:0.738535003447133 | 0.14289363892001816 | -0.18249305345898392
0.738535003447133 | 0.14289363892001816 | -0.18249305345898392 | 0.3059760825827529 | 0.31826651291449415:0.7377198303380155 | 0.14609394503687412 | -0.1925754035661118
0.7377198303380155 | 0.14609394503687412 | -0.1925754035661118 | 0.3059760825827529 | 0.31826651291449415:0.7367146542919158 | 0.1494523060049815 | -0.20261501912471225
0.7367146542919158 | 0.1494523060049815 | -0.20261501912471225 | 0.3059760825827529 | 0.31826651291449415:0.7355201863190999 | 0.15296833504068985 | -0.2126057043880305
0.7355201863190999 | 0.15296833504068985 | -0.2126057043880305 | 0.3059760825827529 | 0.31826651291449415:0.7341372482631954 | 0.15664153614701704 | -0.2225412853655513
0.7341372482631954 | 0.15664153614701704 | -0.2225412853655513 | 0.3059760825827529 | 0.31826651291449415:0.7325667722374902 | 0.16047130465136306 | -0.23241561363616903
0.7325667722374902 | 0.16047130465136306 | -0.23241561363616903 | -0.26412042671320846 | 0.6246872471293574:0.7268696206609917 | 0.15781885787097494 | -0.2579817455106088
0.7268696206609917 | 0.15781885787097494 | -0.2579817455106088 | -0.26412042671320846 | 0.6246872471293574:0.7203352593463137 | 0.15481547531062034 | -0.28337977326169295
0.7203352593463137 | 0.15481547531062034 | -0.28337977326169295 | -0.26412042671320846 | 0.6246872471293574:0.7129681041694198 | 0.15146276599479336 | -0.30857688844918485
0.7129681041694198 | 0.15146276599479336 | -0.30857688844918485 | -0.26412042671320846 | 0.6246872471293574:0.7047736732519851 | 0.14776280634917427 | -0.3335404318741322
0.7047736732519851 | 0.14776280634917427 | -0.3335404318741322 | -0.26412042671320846 | 0.6246872471293574:0.6957585816013818 | 0.14371813821925272 | -0.3582379373276847
0.6957585816013818 | 0.14371813821925272 | -0.3582379373276847 | 0.006466060330795331 | -0.9359290010846097:0.7135808184262871 | 0.1442033497947257 | -0.32608749776833434
0.7135808184262871 | 0.1442033497947257 | -0.32608749776833434 | 0.006466060330795331 | -0.9359290010846097:0.7298979786816133 | 0.14467474035734185 | -0.29304435498903025
0.7298979786816133 | 0.14467474035734185 | -0.29304435498903025 | 0.006466060330795331 | -0.9359290010846097:0.7446653913005719 | 0.14513202546409332 | -0.25918008764548617
0.7446653913005719 | 0.14513202546409332 | -0.25918008764548617 | 0.006466060330795331 | -0.9359290010846097:0.7578418418724127 | 0.14557494383277714 | -0.2245684948226696
0.7578418418724127 | 0.14557494383277714 | -0.2245684948226696 | 0.006466060330795331 | -0.9359290010846097:0.7693896817503685 | 0.14600325812661552 | -0.1892854268311499
0.7693896817503685 | 0.14600325812661552 | -0.1892854268311499 | 0.6860253372495542 | 0.7099783421667007:0.7642074349022323 | 0.15277644267515456 | -0.2118675006532662
0.7642074349022323 | 0.15277644267515456 | -0.2118675006532662 | 0.6860253372495542 | 0.7099783421667007:0.758198703389823 | 0.1603335030960693 | -0.23405243448577373
0.758198703389823 | 0.1603335030960693 | -0.23405243448577373 | 0.6860253372495542 | 0.7099783421667007:0.7513778277494723 | 0.16866179275247717 | -0.2557822377662955
0.7513778277494723 | 0.16866179275247717 | -0.2557822377662955 | 0.6860253372495542 | 0.7099783421667007:0.7437612756503214 | 0.1777465912577867 | -0.2769998668925826
0.7437612756503214 | 0.1777465912577867 | -0.2769998668925826 | 0.6860253372495542 | 0.7099783421667007:0.7353676056445551 | 0.1875711369060653 | -0.2976493778382405
0.7353676056445551 | 0.1875711369060653 | -0.2976493778382405 | 0.3101732004773605 | -0.9943166899475078:0.7508026759005162 | 0.1926001745942969 | -0.25838066022930306
0.7508026759005162 | 0.1926001745942969 | -0.25838066022930306 | 0.3101732004773605 | -0.9943166899475078:0.7642729182908425 | 0.19702419112550373 | -0.21822337495167332
0.7642729182908425 | 0.19702419112550373 | -0.21822337495167332 | 0.3101732004773605 | -0.9943166899475078:0.7757322012115111 | 0.2008279460682374 | -0.1772863087640708
0.7757322012115111 | 0.2008279460682374 | -0.1772863087640708 | 0.3101732004773605 | -0.9943166899475078:0.7851399511647372 | 0.20399791213192486 | -0.13568088634789177
0.7851399511647372 | 0.20399791213192486 | -0.13568088634789177 | 0.3101732004773605 | -0.9943166899475078:0.7924612873224817 | 0.206522319567501 | -0.0935208565762018
0.7924612873224817 | 0.206522319567501 | -0.0935208565762018 | 0.3101732004773605 | -0.9943166899475078:0.797667139801959 | 0.20839119554624475 | -0.05092197128609044
0.797667139801959 | 0.20839119554624475 | -0.05092197128609044 | 0.3101732004773605 | -0.9943166899475078:0.8007343512836513 | 0.2095963983942042 | -0.008001657484840052
0.8007343512836513 | 0.2095963983942042 | -0.008001657484840052 | 0.3101732004773605 | -0.9943166899475078:0.8016457616507608 | 0.2101316465747729 | 0.03512131605990376
0.8016457616507608 | 0.2101316465747729 | 0.03512131605990376 | 0.3101732004773605 | -0.9943166899475078:0.8003902753784189 | 0.20999254232722464 | 0.07832717687878343
0.8003902753784189 | 0.20999254232722464 | 0.07832717687878343 | 0.3101732004773605 | -0.9943166899475078:0.7969629114517716 | 0.20917658988460275 | 0.12149549052683639
0.7969629114517716 | 0.20917658988460275 | 0.12149549052683639 | -0.6713140164655726 | 0.20342430869551098:0.7996868715364798 | 0.21356378854122227 | 0.10650866138845672
0.7996868715364798 | 0.21356378854122227 | 0.10650866138845672 | -0.6713140164655726 | 0.20342430869551098:0.8022427521022166 | 0.2174481382979465 | 0.09132352037643798
0.8022427521022166 | 0.2174481382979465 | 0.09132352037643798 | -0.6713140164655726 | 0.20342430869551098:0.8046285303245924 | 0.22082215696982743 | 0.0759591757660445
0.8046285303245924 | 0.22082215696982743 | 0.0759591757660445 | -0.6713140164655726 | 0.20342430869551098:0.8068423865857142 | 0.22367903293709546 | 0.06043503024066865
0.8068423865857142 | 0.22367903293709546 | 0.06043503024066865 | -0.6713140164655726 | 0.20342430869551098:0.8088827075028178 | 0.2260126355289529 | 0.04477075487837823
0.8088827075028178 | 0.2260126355289529 | 0.04477075487837823 | -0.6713140164655726 | 0.20342430869551098:0.8107480886730372 | 0.22781752447727044 | 0.02898626275649896
0.8107480886730372 | 0.22781752447727044 | 0.02898626275649896 | -0.6713140164655726 | 0.20342430869551098:0.812437337130774 | 0.22908895842779486 | 0.01310168221073127
0.812437337130774 | 0.22908895842779486 | 0.01310168221073127 | -0.6713140164655726 | 0.20342430869551098:0.8139494735142705 | 0.2298229024978049 | -0.002862670214497598
0.8139494735142705 | 0.2298229024978049 | -0.002862670214497598 | -0.6713140164655726 | 0.20342430869551098:0.8152837339389265 | 0.2300160348704381 | -0.01888631708721178
0.8152837339389265 | 0.2300160348704381 | -0.01888631708721178 | -0.6713140164655726 | 0.20342430869551098:0.8164395715747759 | 0.22966575241725096 | -0.034948647643149755
0.8164395715747759 | 0.22966575241725096 | -0.034948647643149755 | 0.927837073192664 | -0.5233866021828375:0.8182492811755822 | 0.23145081242255472 | -0.0028938466431558396
0.8182492811755822 | 0.23145081242255472 | -0.0028938466431558396 | 0.927837073192664 | -0.5233866021828375:0.8192029518220494 | 0.23174308745495154 | 0.0293022280445836
0.8192029518220494 | 0.23174308745495154 | 0.0293022280445836 | 0.927837073192664 | -0.5233866021828375:0.819297694736207 | 0.23053508037355996 | 0.061546529528179406
0.819297694736207 | 0.23053508037355996 | 0.061546529528179406 | 0.927837073192664 | -0.5233866021828375:0.8185331119730819 | 0.22782370245932881 | 0.09374558306639535
0.8185331119730819 | 0.22782370245932881 | 0.09374558306639535 | 0.927837073192664 | -0.5233866021828375:0.8169113043315264 | 0.22361029384287434 | 0.12580576295595947
0.8169113043315264 | 0.22361029384287434 | 0.12580576295595947 | 0.4117906247008607 | -0.3437291104164413:0.8159173884504298 | 0.2213437603954027 | 0.14464508451013458
0.8159173884504298 | 0.2213437603954027 | 0.14464508451013458 | 0.4117906247008607 | -0.3437291104164413:0.8145825969017011 | 0.21868111350214292 | 0.16344220817526
0.8145825969017011 | 0.21868111350214292 | 0.16344220817526 | 0.4117906247008607 | -0.3437291104164413:0.8129075505719356 | 0.2156228178973656 | 0.18218235743307076
0.8129075505719356 | 0.2156228178973656 | 0.18218235743307076 | 0.4117906247008607 | -0.3437291104164413:0.810893140401646 | 0.2121696633077832 | 0.20085077443064137
0.810893140401646 | 0.2121696633077832 | 0.20085077443064137 | 0.4117906247008607 | -0.3437291104164413:0.808540526852866 | 0.2083227639266454 | 0.2194327320807119
0.808540526852866 | 0.2083227639266454 | 0.2194327320807119 | 0.4117906247008607 | -0.3437291104164413:0.805851139156573 | 0.20408355762371144 | 0.23791354612718507
0.805851139156573 | 0.20408355762371144 | 0.23791354612718507 | 0.4117906247008607 | -0.3437291104164413:0.8028266743408494 | 0.19945380489233244 | 0.25627858716621077
