0.0 | 0.0 | 0.0 | -0.0453103702235047 | -0.4062556775659618:-2.0311334908741812E-4 | 2.265516573185522E-5 | 0.009997911367425106
-2.0311334908741812E-4 | 2.265516573185522E-5 | 0.009997911367425106 | -0.0453103702235047 | -0.4062556775659618:0.0 | 0.0 | 0.0
0.0 | 0.0 | 0.0 | -0.0453103702235047 | -0.4062556775659618:-8.082212486652636E-4 | 9.015802756984215E-5 | 0.01988337622093569
-8.082212486652636E-4 | 9.015802756984215E-5 | 0.01988337622093569 | -0.0453103702235047 | -0.4062556775659618:-0.0018087883321158298 | 2.017935410193461E-4 | 0.02964518451850831
-0.0018087883321158298 | 2.017935410193461E-4 | 0.02964518451850831 | -0.0453103702235047 | -0.4062556775659618:-0.00319803580060961 | 3.5681921555574814E-4 | 0.03927237801541346
-0.00319803580060961 | 3.5681921555574814E-4 | 0.03927237801541346 | -0.0453103702235047 | -0.4062556775659618:-0.004968949078076355 | 5.544659638037075E-4 | 0.04875425439240105
-0.004968949078076355 | 5.544659638037075E-4 | 0.04875425439240105 | -0.0453103702235047 | -0.4062556775659618:-0.007114285506388162 | 7.939389554278975E-4 | 0.05808037118336909
-0.007114285506388162 | 7.939389554278975E-4 | 0.05808037118336909 | -0.0453103702235047 | -0.4062556775659618:-0.00962658207625278 | 0.0010744184752310426 | 0.06724054950301608
-0.00962658207625278 | 0.0010744184752310426 | 0.06724054950301608 | -0.0453103702235047 | -0.4062556775659618:-0.012498163189356516 | 0.0013950607849634311 | 0.07622487757506674
-0.012498163189356516 | 0.0013950607849634311 | 0.07622487757506674 | 0.2837728624512277 | 0.5445885055841382:-0.011662220508456125 | 3.508653299831854E-4 | 0.085692099922561
-0.011662220508456125 | 3.508653299831854E-4 | 0.085692099922561 | 0.2837728624512277 | 0.5445885055841382:-0.010309931514436876 | -9.563520500280864E-4 | 0.09505565886650791
-0.010309931514436876 | -9.563520500280864E-4 | 0.09505565886650791 | 0.2837728624512277 | 0.5445885055841382:-0.008448810067492818 | -0.0025229275027376374 | 0.10428966136138551
-0.008448810067492818 | -0.0025229275027376374 | 0.10428966136138551 | 0.2837728624512277 | 0.5445885055841382:-0.006087244034386707 | -0.004344737526331688 | 0.11336871742616439
-0.006087244034386707 | -0.004344737526331688 | 0.11336871742616439 | 0.2837728624512277 | 0.5445885055841382:-0.00323447294437601 | -0.006417210380389893 | 0.1222679737417991
-0.00323447294437601 | -0.006417210380389893 | 0.1222679737417991 | 0.2837728624512277 | 0.5445885055841382:9.943526558356397E-5 | -0.008735337979044466 | 0.1309631461469063
9.943526558356397E-5 | -0.008735337979044466 | 0.1309631461469063 | 0.2837728624512277 | 0.5445885055841382:0.0039036083772334557 | -0.011293688246239997 | 0.1394305510034919
0.0039036083772334557 | -0.011293688246239997 | 0.1394305510034919 | 0.2837728624512277 | 0.5445885055841382:0.008166394849310601 | -0.014086417912595905 | 0.14764713540620833
0.008166394849310601 | -0.014086417912595905 | 0.14764713540620833 | 0.2837728624512277 | 0.5445885055841382:0.01287538956752933 | -0.017107285733097166 | 0.1555905062102736
0.01287538956752933 | -0.017107285733097166 | 0.1555905062102736 | 0.2837728624512277 | 0.5445885055841382:0.01801746034555539 | -0.02034966610457034 | 0.163238957854819
0.01801746034555539 | -0.02034966610457034 | 0.163238957854819 | 0.2837728624512277 | 0.5445885055841382:0.023578775135857127 | -0.023806563061681052 | 0.1705714989601037
0.023578775135857127 | -0.023806563061681052 | 0.1705714989601037 | 0.2837728624512277 | 0.5445885055841382:0.02954482990894597 | -0.027470624629973628 | 0.17756787767867643
0.02954482990894597 | -0.027470624629973628 | 0.17756787767867643 | 0.2837728624512277 | 0.5445885055841382:0.03590047715919466 | -0.0313341575142978 | 0.18420860578224385
0.03590047715919466 | -0.0313341575142978 | 0.18420860578224385 | 0.2837728624512277 | 0.5445885055841382:0.04262995499514739 | -0.03538914210081301 | 0.19047498146766317
0.04262995499514739 | -0.03538914210081301 | 0.19047498146766317 | 0.2837728624512277 | 0.5445885055841382:0.049716916772011246 | -0.039627247750629424 | 0.1963491108671409
0.049716916772011246 | -0.039627247750629424 | 0.1963491108671409 | 0.2837728624512277 | 0.5445885055841382:0.05714446122384109 | -0.044039848363041756 | 0.20181392824938404
0.05714446122384109 | -0.044039848363041756 | 0.20181392824938404 | 0.2837728624512277 | 0.5445885055841382:0.0648951630528033 | -0.04861803818623511 | 0.20685321490011965
0.0648951630528033 | -0.04861803818623511 | 0.20685321490011965 | 0.2837728624512277 | 0.5445885055841382:0.07295110393282289 | -0.05335264785328575 | 0.21145161667202972
0.07295110393282289 | -0.05335264785328575 | 0.21145161667202972 | 0.2837728624512277 | 0.5445885055841382:0.08129390388488628 | -0.05823426062125581 | 0.21559466019582452
0.08129390388488628 | -0.05823426062125581 | 0.21559466019582452 | 0.2837728624512277 | 0.5445885055841382:0.08990475298128764 | -0.06325322879116979 | 0.21926876774579585
0.08990475298128764 | -0.06325322879116979 | 0.21926876774579585 | 0.06612915546755938 | 0.5376490692068736:0.0987068982286915 | -0.06594645944807587 | 0.2232262587891607
0.0987068982286915 | -0.06594645944807587 | 0.2232262587891607 | 0.06612915546755938 | 0.5376490692068736:0.10775862414758208 | -0.06865487661719905 | 0.22678289717855282
0.10775862414758208 | -0.06865487661719905 | 0.22678289717855282 | 0.06612915546755938 | 0.5376490692068736:0.11704345032165153 | -0.07137662985507776 | 0.22992975741674826
0.11704345032165153 | -0.07137662985507776 | 0.22992975741674826 | 0.06612915546755938 | 0.5376490692068736:0.12654465917177593 | -0.07410983689514739 | 0.2326585414729685
0.12654465917177593 | -0.07410983689514739 | 0.2326585414729685 | 0.06612915546755938 | 0.5376490692068736:0.13624531760473757 | -0.07685258631898662 | 0.23496158331548678
0.13624531760473757 | -0.07685258631898662 | 0.23496158331548678 | 0.06612915546755938 | 0.5376490692068736:0.14612829868134725 | -0.07960294023094638 | 0.2368318527427613
0.14612829868134725 | -0.07960294023094638 | 0.2368318527427613 | 0.06612915546755938 | 0.5376490692068736:0.15617630328318288 | -0.08235893693360463 | 0.23826295851649792
0.15617630328318288 | -0.08235893693360463 | 0.23826295851649792 | 0.06612915546755938 | 0.5376490692068736:0.16637188175737339 | -0.08511859360150709 | 0.23924915080064135
0.16637188175737339 | -0.08511859360150709 | 0.23924915080064135 | 0.06612915546755938 | 0.5376490692068736:0.17669745551909077 | -0.08787990895069253 | 0.23978532291082466
0.17669745551909077 | -0.08787990895069253 | 0.23978532291082466 | 0.06612915546755938 | 0.5376490692068736:0.1871353385916592 | -0.09064086590152076 | 0.23986701237941688
0.1871353385916592 | -0.09064086590152076 | 0.23986701237941688 | -0.9961934638227279 | 0.5991826587861335:0.19854185490193577 | -0.08027539991316557 | 0.24349259053250183
0.19854185490193577 | -0.08027539991316557 | 0.24349259053250183 | -0.9961934638227279 | 0.5991826587861335:0.2101469104138598 | -0.06947067397275353 | 0.24615401301975748
0.2101469104138598 | -0.06947067397275353 | 0.24615401301975748 | -0.9961934638227279 | 0.5991826587861335:0.22191638246902556 | -0.058283240580687234 | 0.24780961018737546
0.22191638246902556 | -0.058283240580687234 | 0.24780961018737546 | -0.9961934638227279 | 0.5991826587861335:0.23381460179300717 | -0.04677233044586382 | 0.2484223288447458
0.23381460179300717 | -0.04677233044586382 | 0.2484223288447458 | -0.9961934638227279 | 0.5991826587861335:0.2458045214805451 | -0.034999576776781005 | 0.24795994084353623
0.2458045214805451 | -0.034999576776781005 | 0.24795994084353623 | -0.9961934638227279 | 0.5991826587861335:0.2578478924863572 | -0.02302872819531432 | 0.2463952292202558
0.2578478924863572 | -0.02302872819531432 | 0.2463952292202558 | -0.9961934638227279 | 0.5991826587861335:0.26990544482281775 | -0.010925351582070864 | 0.24370615112956617
0.26990544482281775 | -0.010925351582070864 | 0.24370615112956617 | -0.9961934638227279 | 0.5991826587861335:0.2819370736448956 | 0.0012434738004634127 | 0.23987597689852347
0.2819370736448956 | 0.0012434738004634127 | 0.23987597689852347 | -0.9961934638227279 | 0.5991826587861335:0.29390202938533116 | 0.013409469529278795 | 0.23489340463698571
0.29390202938533116 | 0.013409469529278795 | 0.23489340463698571 | -0.9961934638227279 | 0.5991826587861335:0.3057591110892526 | 0.025503477183359546 | 0.22875264994627287
0.3057591110892526 | 0.025503477183359546 | 0.22875264994627287 | -0.9961934638227279 | 0.5991826587861335:0.31746686208720387 | 0.03745578202435196 | 0.22145351037630334
0.31746686208720387 | 0.03745578202435196 | 0.22145351037630334 | -0.9961934638227279 | 0.5991826587861335:0.32898376713895683 | 0.049196439758673716 | 0.21300140439041293
0.32898376713895683 | 0.049196439758673716 | 0.21300140439041293 | -0.9961934638227279 | 0.5991826587861335:0.3402684501774891 | 0.0606556049366751 | 0.20340738470651942
0.3402684501774891 | 0.0606556049366751 | 0.20340738470651942 | -0.9961934638227279 | 0.5991826587861335:0.3512798717831558 | 0.07176385954276254 | 0.19268812599265317
0.3512798717831558 | 0.07176385954276254 | 0.19268812599265317 | -0.9961934638227279 | 0.5991826587861335:0.3619775255222475 | 0.08245254033467786 | 0.18086588700387551
0.3619775255222475 | 0.08245254033467786 | 0.18086588700387551 | 0.42013021488220836 | -0.48677000508737867:0.3625084888624386 | 0.07975308570568407 | 0.1940325062606174
0.3625084888624386 | 0.07975308570568407 | 0.1940325062606174 | 0.42013021488220836 | -0.48677000508737867:0.3626019496842945 | 0.07670968694571512 | 0.2072656227670091
0.3626019496842945 | 0.07670968694571512 | 0.2072656227670091 | 0.42013021488220836 | -0.48677000508737867:0.36225502849659996 | 0.07331928342196958 | 0.22054183711152042
0.36225502849659996 | 0.07331928342196958 | 0.22054183711152042 | 0.42013021488220836 | -0.48677000508737867:0.36146556693328336 | 0.06957943873772199 | 0.23383761147623972
0.36146556693328336 | 0.06957943873772199 | 0.23383761147623972 | 0.42013021488220836 | -0.48677000508737867:0.3602321293728856 | 0.0654883424882966 | 0.24712930688007795
0.3602321293728856 | 0.0654883424882966 | 0.24712930688007795 | 0.042141636821078965 | -0.7215008551116697:0.3555164923390661 | 0.0657885390230688 | 0.2633855793540576
0.3555164923390661 | 0.0657885390230688 | 0.2633855793540576 | 0.042141636821078965 | -0.7215008551116697:0.3500529218148589 | 0.06603941217640008 | 0.2795869354942848
0.3500529218148589 | 0.06603941217640008 | 0.2795869354942848 | 0.042141636821078965 | -0.7215008551116697:0.34384117420308513 | 0.06624096744606955 | 0.2956990881723556
0.34384117420308513 | 0.06624096744606955 | 0.2956990881723556 | 0.042141636821078965 | -0.7215008551116697:0.33688253023712633 | 0.06639329878853362 | 0.31168774382304854
0.33688253023712633 | 0.06639329878853362 | 0.31168774382304854 | 0.042141636821078965 | -0.7215008551116697:0.32917979186862567 | 0.06649658851194373 | 0.3275186681272366
0.32917979186862567 | 0.06649658851194373 | 0.3275186681272366 | 0.042141636821078965 | -0.7215008551116697:0.3207372764377716 | 0.06655110701004019 | 0.3431577513434654
0.3207372764377716 | 0.06655110701004019 | 0.3431577513434654 | 0.042141636821078965 | -0.7215008551116697:0.3115608081513681 | 0.06655721233827161 | 0.3585710731796521
0.3115608081513681 | 0.06655721233827161 | 0.3585710731796521 | 0.042141636821078965 | -0.7215008551116697:0.30165770689801974 | 0.0665153496337465 | 0.37372496709776826
0.30165770689801974 | 0.0665153496337465 | 0.37372496709776826 | 0.042141636821078965 | -0.7215008551116697:0.2910367744338629 | 0.06642605038085647 | 0.38858608394605376
0.2910367744338629 | 0.06642605038085647 | 0.38858608394605376 | 0.042141636821078965 | -0.7215008551116697:0.27970827797623876 | 0.06628993152464613 | 0.40312145481504125
0.27970827797623876 | 0.06628993152464613 | 0.40312145481504125 | 0.042141636821078965 | -0.7215008551116697:0.26768393124668677 | 0.06610769443424158 | 0.41729855301566054
0.26768393124668677 | 0.06610769443424158 | 0.41729855301566054 | 0.042141636821078965 | -0.7215008551116697:0.25497687300838123 | 0.06588012371886509 | 0.43108535507967716
0.25497687300838123 | 0.06588012371886509 | 0.43108535507967716 | 0.042141636821078965 | -0.7215008551116697:0.24160164314691457 | 0.06560808589919276 | 0.4444504006850263
0.24160164314691457 | 0.06560808589919276 | 0.4444504006850263 | 0.042141636821078965 | -0.7215008551116697:0.22757415634692713 | 0.06529252793701945 | 0.457362851410851
0.22757415634692713 | 0.06529252793701945 | 0.457362851410851 | 0.042141636821078965 | -0.7215008551116697:0.21291167342059047 | 0.06493447562640797 | 0.4697925482295897
0.21291167342059047 | 0.06493447562640797 | 0.4697925482295897 | 0.510935439468617 | 0.519285880893209:0.22715425162329161 | 0.05340161349335171 | 0.4699119972594268
0.22715425162329161 | 0.05340161349335171 | 0.4699119972594268 | 0.510935439468617 | 0.519285880893209:0.24147681201325177 | 0.041755667796908646 | 0.4692802121699913
0.24147681201325177 | 0.041755667796908646 | 0.4692802121699913 | 0.510935439468617 | 0.519285880893209:0.25585652530335246 | 0.030019237294616752 | 0.4678884805006085
0.25585652530335246 | 0.030019237294616752 | 0.4678884805006085 | 0.510935439468617 | 0.519285880893209:0.2702702852620007 | 0.018215208499465785 | 0.46572947885714555
0.2702702852620007 | 0.018215208499465785 | 0.46572947885714555 | 0.510935439468617 | 0.519285880893209:0.284694751341501 | 0.006366713954337522 | 0.46279728797710007
0.284694751341501 | 0.006366713954337522 | 0.46279728797710007 | -0.6449763142209708 | -0.5520569955968326:0.2741098523389667 | 0.021464342748555465 | 0.4739823119636135
0.2741098523389667 | 0.021464342748555465 | 0.4739823119636135 | -0.6449763142209708 | -0.5520569955968326:0.26310247438603973 | 0.03703895889572062 | 0.4843921993857201
0.26310247438603973 | 0.03703895889572062 | 0.4843921993857201 | -0.6449763142209708 | -0.5520569955968326:0.25169568435509326 | 0.05306445241996882 | 0.49399291203120654
0.25169568435509326 | 0.05306445241996882 | 0.49399291203120654 | -0.6449763142209708 | -0.5520569955968326:0.23991365421473532 | 0.069513392688485 | 0.5027520621861399
0.23991365421473532 | 0.069513392688485 | 0.5027520621861399 | -0.6449763142209708 | -0.5520569955968326:0.2277816077709396 | 0.0863570893266602 | 0.5106389956398445
0.2277816077709396 | 0.0863570893266602 | 0.5106389956398445 | -0.6449763142209708 | -0.5520569955968326:0.2153257649507747 | 0.10356565606891804 | 0.5176248706661397
0.2153257649507747 | 0.10356565606891804 | 0.5176248706661397 | -0.6449763142209708 | -0.5520569955968326:0.20257328376014527 | 0.12110807739442547 | 0.5236827328116895
0.20257328376014527 | 0.12110807739442547 | 0.5236827328116895 | -0.6449763142209708 | -0.5520569955968326:0.18955220005150508 | 0.13895227779139932 | 0.5287875853321857
0.18955220005150508 | 0.13895227779139932 | 0.5287875853321857 | -0.6449763142209708 | -0.5520569955968326:0.17629136524176658 | 0.15706519348858636 | 0.5329164551272676
0.17629136524176658 | 0.15706519348858636 | 0.5329164551272676 | -0.6449763142209708 | -0.5520569955968326:0.16282038212457195 | 0.17541284648772296 | 0.5360484540353561
0.16282038212457195 | 0.17541284648772296 | 0.5360484540353561 | -0.6449763142209708 | -0.5520569955968326:0.14916953892471518 | 0.19396042072638706 | 0.5381648353603374
0.14916953892471518 | 0.19396042072638706 | 0.5381648353603374 | -0.6449763142209708 | -0.5520569955968326:0.13536974174575533 | 0.21267234019664272 | 0.5392490455127508
0.13536974174575533 | 0.21267234019664272 | 0.5392490455127508 | -0.6449763142209708 | -0.5520569955968326:0.12145244556487711 | 0.23151234884125405 | 0.5392867706592988
0.12145244556487711 | 0.23151234884125405 | 0.5392867706592988 | -0.6449763142209708 | -0.5520569955968326:0.10744958393154036 | 0.2504435920460176 | 0.5382659782856116
0.10744958393154036 | 0.2504435920460176 | 0.5382659782856116 | -0.6449763142209708 | -0.5520569955968326:0.09339349752891479 | 0.2694286995439261 | 0.5361769535886651
0.09339349752891479 | 0.2694286995439261 | 0.5361769535886651 | -0.754776761411398 | 0.18136893634620166:0.09879097634972922 | 0.29133862496562957 | 0.5281545677164026
0.09879097634972922 | 0.29133862496562957 | 0.5281545677164026 | -0.754776761411398 | 0.18136893634620166:0.10413147509089882 | 0.31303698158719984 | 0.5191505733549597
0.10413147509089882 | 0.31303698158719984 | 0.5191505733549597 | -0.754776761411398 | 0.18136893634620166:0.10940489632590555 | 0.33448155525151835 | 0.5091712166483191
0.10940489632590555 | 0.33448155525151835 | 0.5091712166483191 | -0.754776761411398 | 0.18136893634620166:0.11460120187339129 | 0.3556303428120686 | 0.4982246659245497
0.11460120187339129 | 0.3556303428120686 | 0.4982246659245497 | -0.754776761411398 | 0.18136893634620166:0.11971043245916135 | 0.3764416341558383 | 0.4863210012956607
0.11971043245916135 | 0.3764416341558383 | 0.4863210012956607 | -0.997977204563886 | -0.4166367515785159:0.11061339006508675 | 0.4026155586926601 | 0.4721293461479128
0.11061339006508675 | 0.4026155586926601 | 0.4721293461479128 | -0.997977204563886 | -0.4166367515785159:0.10177890325640249 | 0.4281603976175723 | 0.4563274274853448
0.10177890325640249 | 0.4281603976175723 | 0.4563274274853448 | -0.997977204563886 | -0.4166367515785159:0.09324331543447073 | 0.4529886366400162 | 0.4389492257757226
0.09324331543447073 | 0.4529886366400162 | 0.4389492257757226 | -0.997977204563886 | -0.4166367515785159:0.08504222710313769 | 0.4770143975175998 | 0.4200343199027117
0.08504222710313769 | 0.4770143975175998 | 0.4200343199027117 | -0.997977204563886 | -0.4166367515785159:0.07721036959067717 | 0.5001537431619871 | 0.39962778547112165
0.07721036959067717 | 0.5001537431619871 | 0.39962778547112165 | -0.997977204563886 | -0.4166367515785159:0.06978148130663087 | 0.5223249771543994 | 0.3777800737567141
0.06978148130663087 | 0.5223249771543994 | 0.3777800737567141 | -0.997977204563886 | -0.4166367515785159:0.06278818696317856 | 0.5434489366319237 | 0.35454687168790144
0.06278818696317856 | 0.5434489366319237 | 0.35454687168790144 | -0.997977204563886 | -0.4166367515785159:0.05626188018035094 | 0.5634492775286679 | 0.32998894331099393
0.05626188018035094 | 0.5634492775286679 | 0.32998894331099393 | -0.997977204563886 | -0.4166367515785159:0.05023260988286893 | 0.582252751182077 | 0.3041719532537144
0.05023260988286893 | 0.582252751182077 | 0.3041719532537144 | -0.997977204563886 | -0.4166367515785159:0.04472897088341554 | 0.5997894713441987 | 0.27716627276263495
0.04472897088341554 | 0.5997894713441987 | 0.27716627276263495 | -0.10756424411628873 | -0.07119421329144204:0.043976704096866825 | 0.6043380161265723 | 0.2754918880924251
0.043976704096866825 | 0.6043380161265723 | 0.2754918880924251 | -0.10756424411628873 | -0.07119421329144204:0.04322338827661554 | 0.6088542234676435 | 0.27376084853906235
0.04322338827661554 | 0.6088542234676435 | 0.27376084853906235 | -0.10756424411628873 | -0.07119421329144204:0.042469399229137395 | 0.6133378648014283 | 0.27197372041609924
0.042469399229137395 | 0.6133378648014283 | 0.27197372041609924 | -0.10756424411628873 | -0.07119421329144204:0.04171510759930186 | 0.6177887159561273 | 0.2701310688476468
0.04171510759930186 | 0.6177887159561273 | 0.2701310688476468 | -0.10756424411628873 | -0.07119421329144204:0.0409608789193463 | 0.6222065571142608 | 0.268233457745616
0.0409608789193463 | 0.6222065571142608 | 0.268233457745616 | -0.10756424411628873 | -0.07119421329144204:0.04020707365742737 | 0.6265911727731126 | 0.26628144978764823
0.04020707365742737 | 0.6265911727731126 | 0.26628144978764823 | -0.10756424411628873 | -0.07119421329144204:0.039454047265735426 | 0.6309423517054924 | 0.26427560639542236
0.039454047265735426 | 0.6309423517054924 | 0.26427560639542236 | -0.10756424411628873 | -0.07119421329144204:0.038702150228182575 | 0.6352598869208084 | 0.2622164877135802
0.038702150228182575 | 0.6352598869208084 | 0.2622164877135802 | -0.10756424411628873 | -0.07119421329144204:0.03795172810765379 | 0.6395435756264582 | 0.260104652589078
0.03795172810765379 | 0.6395435756264582 | 0.260104652589078 | -0.10756424411628873 | -0.07119421329144204:0.037203121592842336 | 0.643793219189531 | 0.257940658551135
0.037203121592842336 | 0.643793219189531 | 0.257940658551135 | -0.10756424411628873 | -0.07119421329144204:0.036456666544658844 | 0.6480086230988196 | 0.2557250617915301
0.036456666544658844 | 0.6480086230988196 | 0.2557250617915301 | -0.10756424411628873 | -0.07119421329144204:0.03571269404221766 | 0.6521895969271494 | 0.25345841714553075
0.03571269404221766 | 0.6521895969271494 | 0.25345841714553075 | -0.10756424411628873 | -0.07119421329144204:0.034971530428432374 | 0.6563359542939988 | 0.251141278073149
0.034971530428432374 | 0.6563359542939988 | 0.251141278073149 | -0.10756424411628873 | -0.07119421329144204:0.03423349735515302 | 0.6604475128284619 | 0.2487741966409942
0.03423349735515302 | 0.6604475128284619 | 0.2487741966409942 | -0.10756424411628873 | -0.07119421329144204:0.03349891182794096 | 0.6645240941324744 | 0.24635772350447382
0.03349891182794096 | 0.6645240941324744 | 0.24635772350447382 | -0.10756424411628873 | -0.07119421329144204:0.03276808625039607 | 0.668565523744391 | 0.24389240789049182
0.03276808625039607 | 0.668565523744391 | 0.24389240789049182 | -0.10756424411628873 | -0.07119421329144204:0.032041328468107366 | 0.6725716311028407 | 0.24137879758060876
0.032041328468107366 | 0.6725716311028407 | 0.24137879758060876 | -0.10756424411628873 | -0.07119421329144204:0.03131894181218797 | 0.6765422495108808 | 0.2388174388945572
0.03131894181218797 | 0.6765422495108808 | 0.2388174388945572 | -0.10756424411628873 | -0.07119421329144204:0.030601225142408595 | 0.6804772161004813 | 0.23620887667427581
0.030601225142408595 | 0.6804772161004813 | 0.23620887667427581 | -0.10756424411628873 | -0.07119421329144204:0.02988847288995089 | 0.6843763717972884 | 0.23355365426828456
0.02988847288995089 | 0.6843763717972884 | 0.23355365426828456 | -0.10756424411628873 | -0.07119421329144204:0.029180975099748707 | 0.6882395612856982 | 0.23085231351650037
0.029180975099748707 | 0.6882395612856982 | 0.23085231351650037 | -0.10756424411628873 | -0.07119421329144204:0.028479017472449186 | 0.6920666329742247 | 0.2281053947354792
0.028479017472449186 | 0.6920666329742247 | 0.2281053947354792 | -0.10756424411628873 | -0.07119421329144204:0.027782881405975957 | 0.6958574389611663 | 0.22531343670398485
0.027782881405975957 | 0.6958574389611663 | 0.22531343670398485 | -0.10756424411628873 | -0.07119421329144204:0.0270928440367193 | 0.6996118350005709 | 0.22247697664902688
0.0270928440367193 | 0.6996118350005709 | 0.22247697664902688 | -0.10756424411628873 | -0.07119421329144204:0.02640917828034972 | 0.7033296804685065 | 0.21959655023220392
0.02640917828034972 | 0.7033296804685065 | 0.21959655023220392 | -0.10756424411628873 | -0.07119421329144204:0.025732152872215863 | 0.707010838329591 | 0.2166726915364876
0.025732152872215863 | 0.707010838329591 | 0.2166726915364876 | -0.10756424411628873 | -0.07119421329144204:0.025062032407412005 | 0.7106551751038666 | 0.2137059330533333
0.025062032407412005 | 0.7106551751038666 | 0.2137059330533333 | -0.10756424411628873 | -0.07119421329144204:0.02439907738044056 | 0.7142625608339124 | 0.21069680567013194
0.02439907738044056 | 0.7142625608339124 | 0.21069680567013194 | -0.10756424411628873 | -0.07119421329144204:0.023743544224519297 | 0.717832869052291 | 0.20764583865809527
0.023743544224519297 | 0.717832869052291 | 0.20764583865809527 | -0.10756424411628873 | -0.07119421329144204:0.02309568535050488 | 0.7213659767492366 | 0.2045535596603827
0.02309568535050488 | 0.7213659767492366 | 0.2045535596603827 | -0.06755200492074054 | 0.5862190119021142:0.029105739270708142 | 0.7244575122220347 | 0.20202282712242692
0.029105739270708142 | 0.7244575122220347 | 0.20202282712242692 | -0.06755200492074054 | 0.5862190119021142:0.035056951843071005 | 0.7275186635145481 | 0.19928878786095794
0.035056951843071005 | 0.7275186635145481 | 0.19928878786095794 | -0.06755200492074054 | 0.5862190119021142:0.040942687911080355 | 0.7305489027845127 | 0.19635308792405226
0.040942687911080355 | 0.7305489027845127 | 0.19635308792405226 | -0.06755200492074054 | 0.5862190119021142:0.04675636297877972 | 0.7335477052636854 | 0.193217591621611
0.04675636297877972 | 0.7335477052636854 | 0.193217591621611 | -0.06755200492074054 | 0.5862190119021142:0.052491450250286675 | 0.7365145500959756 | 0.1898843797203682
0.052491450250286675 | 0.7365145500959756 | 0.1898843797203682 | 0.6045572137840105 | -0.3399409823500654:0.049032015816312224 | 0.7327154671702409 | 0.2135825596458929
0.049032015816312224 | 0.7327154671702409 | 0.2135825596458929 | 0.6045572137840105 | -0.3399409823500654:0.04515857460270567 | 0.7281582376015692 | 0.23715652291446787
0.04515857460270567 | 0.7281582376015692 | 0.23715652291446787 | 0.6045572137840105 | -0.3399409823500654:0.040872778703754165 | 0.7228455142196069 | 0.2605741841095863
0.040872778703754165 | 0.7228455142196069 | 0.2605741841095863 | 0.6045572137840105 | -0.3399409823500654:0.03617687085717591 | 0.716780999721017 | 0.2838035502188774
0.03617687085717591 | 0.716780999721017 | 0.2838035502188774 | 0.6045572137840105 | -0.3399409823500654:0.031073682320805318 | 0.7099694435979913 | 0.30681276594272333
0.031073682320805318 | 0.7099694435979913 | 0.30681276594272333 | 0.6045572137840105 | -0.3399409823500654:0.025566629920096062 | 0.7024166375889109 | 0.3295701588157769
0.025566629920096062 | 0.7024166375889109 | 0.3295701588157769 | 0.6045572137840105 | -0.3399409823500654:0.019659712271639762 | 0.6941294096596593 | 0.35204428407872257
0.019659712271639762 | 0.6941294096596593 | 0.35204428407872257 | 0.6045572137840105 | -0.3399409823500654:0.013357505189130592 | 0.6851156165259837 | 0.37420396923825905
0.013357505189130592 | 0.6851156165259837 | 0.37420396923825905 | 0.6045572137840105 | -0.3399409823500654:0.006665156279225926 | 0.6753841347291925 | 0.3960183582537198
0.006665156279225926 | 0.6753841347291925 | 0.3960183582537198 | 0.6045572137840105 | -0.3399409823500654:-4.1162126417759737E-4 | 0.6649448502795465 | 0.41745695528939564
-4.1162126417759737E-4 | 0.6649448502795465 | 0.41745695528939564 | 0.6045572137840105 | -0.3399409823500654:-0.007866555657557228 | 0.6538086468834976 | 0.4384896679725827
-0.007866555657557228 | 0.6538086468834976 | 0.4384896679725827 | 0.6045572137840105 | -0.3399409823500654:-0.015692824306665187 | 0.6419873927729967 | 0.4590868500979255
-0.015692824306665187 | 0.6419873927729967 | 0.4590868500979255 | 0.6045572137840105 | -0.3399409823500654:-0.023883062354915552 | 0.6294939261566483 | 0.47921934371970565
-0.023883062354915552 | 0.6294939261566483 | 0.47921934371970565 | 0.6045572137840105 | -0.3399409823500654:-0.03242937198861284 | 0.6163420393146737 | 0.4988585205746361
-0.03242937198861284 | 0.6163420393146737 | 0.4988585205746361 | 0.6045572137840105 | -0.3399409823500654:-0.04132333248519515 | 0.602546461361122 | 0.5179763227788285
-0.04132333248519515 | 0.602546461361122 | 0.5179763227788285 | -0.920289340056837 | 0.7971961536982437:-0.021831777962908916 | 0.6273417081025059 | 0.4922306384864399
-0.021831777962908916 | 0.6273417081025059 | 0.4922306384864399 | -0.920289340056837 | 0.7971961536982437:-0.0033786365875734248 | 0.6509661197112706 | 0.4645304398796313
-0.0033786365875734248 | 0.6509661197112706 | 0.4645304398796313 | -0.920289340056837 | 0.7971961536982437:0.01395729326492301 | 0.6733266841440013 | 0.43497188188712244
0.01395729326492301 | 0.6733266841440013 | 0.43497188188712244 | -0.920289340056837 | 0.7971961536982437:0.030101219850994454 | 0.6943348377394543 | 0.40365874212782415
0.030101219850994454 | 0.6943348377394543 | 0.40365874212782415 | -0.920289340056837 | 0.7971961536982437:0.04498266607669521 | 0.7139068295118847 | 0.3707020435701551
0.04498266607669521 | 0.7139068295118847 | 0.3707020435701551 | -0.920289340056837 | 0.7971961536982437:0.05853576141193528 | 0.7319640675394581 | 0.33621964739795374
0.05853576141193528 | 0.7319640675394581 | 0.33621964739795374 | -0.920289340056837 | 0.7971961536982437:0.0706995165053037 | 0.7484334460308588 | 0.3003358176343127
0.0706995165053037 | 0.7484334460308588 | 0.3003358176343127 | -0.920289340056837 | 0.7971961536982437:0.08141807937034429 | 0.7632476517283635 | 0.2631807591894102
0.08141807937034429 | 0.7632476517283635 | 0.2631807591894102 | -0.920289340056837 | 0.7971961536982437:0.09064097208601041 | 0.776345448385861 | 0.2248901311065694
0.09064097208601041 | 0.776345448385861 | 0.2248901311065694 | -0.920289340056837 | 0.7971961536982437:0.09832330703011039 | 0.7876719381459623 | 0.1856045368819892
0.09832330703011039 | 0.7876719381459623 | 0.1856045368819892 | -0.920289340056837 | 0.7971961536982437:0.10442598174446971 | 0.7971787987304211 | 0.1454689938271585
0.10442598174446971 | 0.7971787987304211 | 0.1454689938271585 | -0.920289340056837 | 0.7971961536982437:0.10891585161434492 | 0.8048244954528201 | 0.10463238352919291
0.10891585161434492 | 0.8048244954528201 | 0.10463238352919291 | -0.920289340056837 | 0.7971961536982437:0.11176587963134921 | 0.8105744671608477 | 0.06324688554200719
0.11176587963134921 | 0.8105744671608477 | 0.06324688554200719 | -0.920289340056837 | 0.7971961536982437:0.11295526259928224 | 0.8144012853179206 | 0.02146739651073659
0.11295526259928224 | 0.8144012853179206 | 0.02146739651073659 | -0.920289340056837 | 0.7971961536982437:0.11246953323455955 | 0.8162847855390893 | -0.020549063007479162
0.11246953323455955 | 0.8162847855390893 | -0.020549063007479162 | -0.920289340056837 | 0.7971961536982437:0.11030063770780174 | 0.8162121710045227 | -0.06264395171134396
0.11030063770780174 | 0.8162121710045227 | -0.06264395171134396 | -0.920289340056837 | 0.7971961536982437:0.10644698826964571 | 0.8141780872841125 | -0.1046578183543474
0.10644698826964571 | 0.8141780872841125 | -0.1046578183543474 | -0.920289340056837 | 0.7971961536982437:0.10091349070192024 | 0.8101846682195273 | -0.14643091778381034
0.10091349070192024 | 0.8101846682195273 | -0.14643091778381034 | -0.920289340056837 | 0.7971961536982437:0.09371154643449131 | 0.8042415526236724 | -0.18780382980521182
0.09371154643449131 | 0.8042415526236724 | -0.18780382980521182 | -0.920289340056837 | 0.7971961536982437:0.08485902926788924 | 0.7963658716725277 | -0.22861807844256532
0.08485902926788924 | 0.7963658716725277 | -0.22861807844256532 | -0.920289340056837 | 0.7971961536982437:0.07438023674197325 | 0.7865822069798512 | -0.26871674916083066
0.07438023674197325 | 0.7865822069798512 | -0.26871674916083066 | -0.920289340056837 | 0.7971961536982437:0.062305816290940896 | 0.7749225194608371 | -0.3079451016212289
0.062305816290940896 | 0.7749225194608371 | -0.3079451016212289 | -0.920289340056837 | 0.7971961536982437:0.04867266642448698 | 0.7614260492059799 | -0.3461511755546738
0.04867266642448698 | 0.7614260492059799 | -0.3461511755546738 | -0.920289340056837 | 0.7971961536982437:0.03352381327366771 | 0.7461391867010008 | -0.3831863873625494
0.03352381327366771 | 0.7461391867010008 | -0.3831863873625494 | -0.920289340056837 | 0.7971961536982437:0.016908262937299412 | 0.7291153158417529 | -0.4189061150874167
0.016908262937299412 | 0.7291153158417529 | -0.4189061150874167 | -0.33608850458592743 | -0.016188156728552672:0.01728980465281893 | 0.7233376085641936 | -0.43189959234319986
0.01728980465281893 | 0.7233376085641936 | -0.43189959234319986 | -0.33608850458592743 | -0.016188156728552672:0.017682128140315 | 0.717314992467351 | -0.444808245922232
0.017682128140315 | 0.717314992467351 | -0.444808245922232 | -0.33608850458592743 | -0.016188156728552672:0.01808516914532632 | 0.7110489654478656 | -0.45762736174745555
0.01808516914532632 | 0.7110489654478656 | -0.45762736174745555 | -0.33608850458592743 | -0.016188156728552672:0.01849885905962978 | 0.7045411140340931 | -0.47035225836082617
0.01849885905962978 | 0.7045411140340931 | -0.47035225836082617 | -0.33608850458592743 | -0.016188156728552672:0.01892312495995796 | 0.6977931126158623 | -0.4829782885040217
0.01892312495995796 | 0.6977931126158623 | -0.4829782885040217 | -0.33608850458592743 | -0.016188156728552672:0.019357889647945825 | 0.6908067226483894 | -0.49550084068139455
0.019357889647945825 | 0.6908067226483894 | -0.49550084068139455 | -0.33608850458592743 | -0.016188156728552672:0.019803071691278262 | 0.6835837918306709 | -0.5079153407049972
0.019803071691278262 | 0.6835837918306709 | -0.5079153407049972 | -0.33608850458592743 | -0.016188156728552672:0.020258585466066847 | 0.6761262532587864 | -0.5202172532212188
0.020258585466066847 | 0.6761262532587864 | -0.5202172532212188 | -0.33608850458592743 | -0.016188156728552672:0.020724341200342167 | 0.6684361245544324 | -0.532402083218642
0.020724341200342167 | 0.6684361245544324 | -0.532402083218642 | -0.33608850458592743 | -0.016188156728552672:0.02120024501876472 | 0.6605155069691051 | -0.5444653775168291
0.02120024501876472 | 0.6605155069691051 | -0.5444653775168291 | -0.5735537031033375 | -0.08744902909485308:0.02370223970597607 | 0.6457142363275636 | -0.5640281680479333
0.02370223970597607 | 0.6457142363275636 | -0.5640281680479333 | -0.5735537031033375 | -0.08744902909485308:0.026291683570399016 | 0.6303200168478185 | -0.5831680853123373
0.026291683570399016 | 0.6303200168478185 | -0.5831680853123373 | -0.5735537031033375 | -0.08744902909485308:0.02896669974801469 | 0.614345026524802 | -0.6018666093285816
0.02896669974801469 | 0.614345026524802 | -0.6018666093285816 | -0.5735537031033375 | -0.08744902909485308:0.03172532580184395 | 0.5978020086630522 | -0.6201055933541895
0.03172532580184395 | 0.5978020086630522 | -0.6201055933541895 | -0.5735537031033375 | -0.08744902909485308:0.03456551552648435 | 0.5807042603046 | -0.6378672813700561
0.03456551552648435 | 0.5807042603046 | -0.6378672813700561 | -0.5735537031033375 | -0.08744902909485308:0.037485140831030606 | 0.5630656201369675 | -0.6551343251881789
0.037485140831030606 | 0.5630656201369675 | -0.6551343251881789 | -0.5735537031033375 | -0.08744902909485308:0.04048199369857741 | 0.5449004558932415 | -0.6718898011673176
