0.0 | 0.0 | 0.0 | -0.3311043203299273 | 0.8349135246670132:4.1727833313087953E-4 | 1.655445979790171E-4 | 0.009989918607214952
4.1727833313087953E-4 | 1.655445979790171E-4 | 0.009989918607214952 | -0.3311043203299273 | 0.8349135246670132:0.0016589795747045425 | 6.584902410776694E-4 | 0.01981979256634939
0.0016589795747045425 | 6.584902410776694E-4 | 0.01981979256634939 | -0.3311043203299273 | 0.8349135246670132:0.003707574780274658 | 0.0014723725452567837 | 0.029431877434792458
0.003707574780274658 | 0.0014723725452567837 | 0.029431877434792458 | -0.3311043203299273 | 0.8349135246670132:0.006542508297814779 | 0.0025995139115790877 | 0.038769995363897476
0.006542508297814779 | 0.0025995139115790877 | 0.038769995363897476 | -0.3311043203299273 | 0.8349135246670132:0.010140301382760399 | 0.00403106322248159 | 0.04777970307533978
0.010140301382760399 | 0.00403106322248159 | 0.04777970307533978 | -0.3311043203299273 | 0.8349135246670132:0.014474663274985256 | 0.005757038555356364 | 0.05640845277329645
0.014474663274985256 | 0.005757038555356364 | 0.05640845277329645 | -0.3311043203299273 | 0.8349135246670132:0.01951660934892277 | 0.007766372762260554 | 0.06460574563177385
0.01951660934892277 | 0.007766372762260554 | 0.06460574563177385 | -0.3311043203299273 | 0.8349135246670132:0.025234585934120216 | 0.010046961758864326 | 0.07232327751965378
0.025234585934120216 | 0.010046961758864326 | 0.07232327751965378 | -0.3311043203299273 | 0.8349135246670132:0.031594601390739815 | 0.012585715360481586 | 0.0795150766498468
0.031594601390739815 | 0.012585715360481586 | 0.0795150766498468 | -0.3311043203299273 | 0.8349135246670132:0.03856036301291521 | 0.01536861049822702 | 0.0861376328632722
0.03856036301291521 | 0.01536861049822702 | 0.0861376328632722 | 0.8641670443149334 | -0.1604439294606128:0.04144466976199629 | 0.012733895018693264 | 0.09525895384469141
0.04144466976199629 | 0.012733895018693264 | 0.09525895384469141 | 0.8641670443149334 | -0.1604439294606128:0.04415507756631992 | 0.00934362807184741 | 0.10426611680947773
0.04415507756631992 | 0.00934362807184741 | 0.10426611680947773 | 0.8641670443149334 | -0.1604439294606128:0.046694029563028594 | 0.0052080504616621726 | 0.11310899000864227
0.046694029563028594 | 0.0052080504616621726 | 0.11310899000864227 | 0.8641670443149334 | -0.1604439294606128:0.04906448145516057 | 3.4020184318417357E-4 | 0.12173833655803834
0.04906448145516057 | 3.4020184318417357E-4 | 0.12173833655803834 | 0.8641670443149334 | -0.1604439294606128:0.05126988893400547 | -0.005244144010730367 | 0.1301059627687864
0.05126988893400547 | -0.005244144010730367 | 0.1301059627687864 | -0.18461840838858223 | 0.06584971186622512:0.05487540510883082 | -0.004291412292818375 | 0.13796763193871642
0.05487540510883082 | -0.004291412292818375 | 0.13796763193871642 | -0.18461840838858223 | 0.06584971186622512:0.05850101092014165 | -0.003190655479090365 | 0.14571990922099087
0.05850101092014165 | -0.003190655479090365 | 0.14571990922099087 | -0.18461840838858223 | 0.06584971186622512:0.062146108850202386 | -0.0019444551707624713 | 0.15336158384115062
0.062146108850202386 | -0.0019444551707624713 | 0.15336158384115062 | -0.18461840838858223 | 0.06584971186622512:0.06581010055825343 | -5.553863357616873E-4 | 0.1608914837701001
0.06581010055825343 | -5.553863357616873E-4 | 0.1608914837701001 | -0.18461840838858223 | 0.06584971186622512:0.069492387018526 | 9.739829886913354E-4 | 0.16830847536242488
0.069492387018526 | 9.739829886913354E-4 | 0.16830847536242488 | -0.18461840838858223 | 0.06584971186622512:0.07319236865596879 | 0.002641091987997002 | 0.17561146299506314
0.07319236865596879 | 0.002641091987997002 | 0.17561146299506314 | -0.18461840838858223 | 0.06584971186622512:0.07690944547971135 | 0.0044433873566464 | 0.1827993887063868
0.07690944547971135 | 0.0044433873566464 | 0.1827993887063868 | -0.18461840838858223 | 0.06584971186622512:0.0806430172142878 | 0.006378323579302458 | 0.18987123183572407
0.0806430172142878 | 0.006378323579302458 | 0.18987123183572407 | -0.18461840838858223 | 0.06584971186622512:0.08439248342864436 | 0.008443363206550925 | 0.1968260086633844
0.08439248342864436 | 0.008443363206550925 | 0.1968260086633844 | -0.18461840838858223 | 0.06584971186622512:0.08815724366295319 | 0.010635977125376672 | 0.2036627720512083
0.08815724366295319 | 0.010635977125376672 | 0.2036627720512083 | -0.18461840838858223 | 0.06584971186622512:0.09193669755325917 | 0.012953644824422295 | 0.21038061108370343
0.09193669755325917 | 0.012953644824422295 | 0.21038061108370343 | -0.18461840838858223 | 0.06584971186622512:0.09573024495397697 | 0.015393854654086048 | 0.21697865070979416
0.09573024495397697 | 0.015393854654086048 | 0.21697865070979416 | -0.18461840838858223 | 0.06584971186622512:0.09953728605826839 | 0.01795410408151321 | 0.2234560513852304
0.09953728605826839 | 0.01795410408151321 | 0.2234560513852304 | -0.18461840838858223 | 0.06584971186622512:0.1033572215163181 | 0.020631899940539045 | 0.22981200871569296
0.1033572215163181 | 0.020631899940539045 | 0.22981200871569296 | -0.18461840838858223 | 0.06584971186622512:0.10718945255153156 | 0.02342475867663707 | 0.23604575310063325
0.10718945255153156 | 0.02342475867663707 | 0.23604575310063325 | -0.18461840838858223 | 0.06584971186622512:0.11103338107468019 | 0.02633020658692764 | 0.24215654937788633
0.11103338107468019 | 0.02633020658692764 | 0.24215654937788633 | -0.18461840838858223 | 0.06584971186622512:0.11488840979601211 | 0.029345780055303416 | 0.24814369646909107
0.11488840979601211 | 0.029345780055303416 | 0.24814369646909107 | -0.18461840838858223 | 0.06584971186622512:0.1187539423353563 | 0.032469025782725036 | 0.2540065270259513
0.1187539423353563 | 0.032469025782725036 | 0.2540065270259513 | -0.18461840838858223 | 0.06584971186622512:0.12262938333023565 | 0.035697501012740274 | 0.2597444070773749
0.12262938333023565 | 0.035697501012740274 | 0.2597444070773749 | -0.18461840838858223 | 0.06584971186622512:0.12651413854202032 | 0.03902877375228331 | 0.2653567356775257
0.12651413854202032 | 0.03902877375228331 | 0.2653567356775257 | -0.5855976989577296 | 0.5287002116758999:0.13661618433332645 | 0.04789022467455817 | 0.2668472947845615
0.13661618433332645 | 0.04789022467455817 | 0.2668472947845615 | -0.5855976989577296 | 0.5287002116758999:0.1468753539703016 | 0.05695915359767012 | 0.2676287643081121
0.1468753539703016 | 0.05695915359767012 | 0.2676287643081121 | -0.5855976989577296 | 0.5287002116758999:0.15726649394818626 | 0.06620770227575118 | 0.2676852166064281
0.15726649394818626 | 0.06620770227575118 | 0.2676852166064281 | -0.5855976989577296 | 0.5287002116758999:0.16776396625363343 | 0.07560744992299795 | 0.26700264936202345
0.16776396625363343 | 0.07560744992299795 | 0.26700264936202345 | -0.5855976989577296 | 0.5287002116758999:0.17834171221362416 | 0.08512948349144905 | 0.26556901428751445
0.17834171221362416 | 0.08512948349144905 | 0.26556901428751445 | -0.09310815564220798 | 0.1934327349034375:0.1845537066871894 | 0.08811022823179149 | 0.26875627782603395
0.1845537066871894 | 0.08811022823179149 | 0.26875627782603395 | -0.09310815564220798 | 0.1934327349034375:0.1908102696016445 | 0.09111284249975721 | 0.2717728156416097
0.1908102696016445 | 0.09111284249975721 | 0.2717728156416097 | -0.09310815564220798 | 0.1934327349034375:0.19710867929546838 | 0.09413601539506125 | 0.27461890788855126
0.19710867929546838 | 0.09413601539506125 | 0.27461890788855126 | -0.09310815564220798 | 0.1934327349034375:0.20344623543981788 | 0.09717844620174453 | 0.2772948716504384
0.20344623543981788 | 0.09717844620174453 | 0.2772948716504384 | -0.09310815564220798 | 0.1934327349034375:0.20982025925189163 | 0.10023884449206331 | 0.27980106042141273
0.20982025925189163 | 0.10023884449206331 | 0.27980106042141273 | 0.1559286026710056 | -0.5830268970563519:0.20507762641088023 | 0.09976900179850773 | 0.291581647984521
0.20507762641088023 | 0.09976900179850773 | 0.291581647984521 | 0.1559286026710056 | -0.5830268970563519:0.19981204622529702 | 0.0991514520795081 | 0.3032775363023319
0.19981204622529702 | 0.0991514520795081 | 0.3032775363023319 | 0.1559286026710056 | -0.5830268970563519:0.19402634404249763 | 0.09838693774588353 | 0.3148660421805829
0.19402634404249763 | 0.09838693774588353 | 0.3148660421805829 | 0.1559286026710056 | -0.5830268970563519:0.18772418650303102 | 0.09747642609749685 | 0.3263246505331363
0.18772418650303102 | 0.09747642609749685 | 0.3263246505331363 | 0.1559286026710056 | -0.5830268970563519:0.1809100723202972 | 0.09642110698614181 | 0.3376310454605562
0.1809100723202972 | 0.09642110698614181 | 0.3376310454605562 | -0.915145589819379 | -0.7636742447924425:0.17064550750767715 | 0.11347574228875046 | 0.3447312742253512
0.17064550750767715 | 0.11347574228875046 | 0.3447312742253512 | -0.915145589819379 | -0.7636742447924425:0.15992646279124134 | 0.13105390876080703 | 0.35060620823456645
0.15992646279124134 | 0.13105390876080703 | 0.35060620823456645 | -0.915145589819379 | -0.7636742447924425:0.14880521309752215 | 0.14909475034194308 | 0.35519907579837984
0.14880521309752215 | 0.14909475034194308 | 0.35519907579837984 | -0.915145589819379 | -0.7636742447924425:0.13733666743347506 | 0.16753412484285657 | 0.3584585463538126
0.13733666743347506 | 0.16753412484285657 | 0.3584585463538126 | -0.915145589819379 | -0.7636742447924425:0.12557812459220763 | 0.1863048900831783 | 0.36033902220292013
0.12557812459220763 | 0.1863048900831783 | 0.36033902220292013 | -0.915145589819379 | -0.7636742447924425:0.113589016870284 | 0.20533720499426056 | 0.36080090410182564
0.113589016870284 | 0.20533720499426056 | 0.36080090410182564 | -0.915145589819379 | -0.7636742447924425:0.10143064297029625 | 0.22455884430781303 | 0.3598108294981408
0.10143064297029625 | 0.22455884430781303 | 0.3598108294981408 | -0.915145589819379 | -0.7636742447924425:0.08916589130726837 | 0.243895525394749 | 0.3573418823384902
0.08916589130726837 | 0.243895525394749 | 0.3573418823384902 | -0.915145589819379 | -0.7636742447924425:0.07685895497682615 | 0.2632712457684585 | 0.3533737734961786
0.07685895497682615 | 0.2632712457684585 | 0.3533737734961786 | -0.915145589819379 | -0.7636742447924425:0.06457503967690936 | 0.2826086297231547 | 0.3478929910008759
0.06457503967690936 | 0.2826086297231547 | 0.3478929910008759 | -0.915145589819379 | -0.7636742447924425:0.052380065902942974 | 0.3018292825411364 | 0.34089291938703425
0.052380065902942974 | 0.3018292825411364 | 0.34089291938703425 | -0.915145589819379 | -0.7636742447924425:0.04034036675876429 | 0.3208541506728384 | 0.33237392761508033
0.04034036675876429 | 0.3208541506728384 | 0.33237392761508033 | -0.915145589819379 | -0.7636742447924425:0.028522382742155905 | 0.3396038862705417 | 0.3223434251584685
0.028522382742155905 | 0.3396038862705417 | 0.3223434251584685 | -0.915145589819379 | -0.7636742447924425:0.016992354874468596 | 0.357999214440627 | 0.31081588599008114
0.016992354874468596 | 0.357999214440627 | 0.31081588599008114 | -0.915145589819379 | -0.7636742447924425:0.005816017548621488 | 0.3759613015703027 | 0.29781284034242006
0.005816017548621488 | 0.3759613015703027 | 0.29781284034242006 | -0.915145589819379 | -0.7636742447924425:-0.0049417075313780146 | 0.39341212308286533 | 0.28336283425708153
-0.0049417075313780146 | 0.39341212308286533 | 0.28336283425708153 | -0.915145589819379 | -0.7636742447924425:-0.015217014953202046 | 0.41027482898066747 | 0.2675013570795386
-0.015217014953202046 | 0.41027482898066747 | 0.2675013570795386 | -0.915145589819379 | -0.7636742447924425:-0.024947515387840014 | 0.42647410554710596 | 0.25027073719462223
-0.024947515387840014 | 0.42647410554710596 | 0.25027073719462223 | -0.915145589819379 | -0.7636742447924425:-0.034072530235202514 | 0.4419365315979391 | 0.2317200064358076
-0.034072530235202514 | 0.4419365315979391 | 0.2317200064358076 | -0.915145589819379 | -0.7636742447924425:-0.04253337981285288 | 0.4565909276980218 | 0.21190473373681762
-0.04253337981285288 | 0.4565909276980218 | 0.21190473373681762 | -0.915145589819379 | -0.7636742447924425:-0.05027366380667431 | 0.4703686967920291 | 0.1908868287267289
-0.05027366380667431 | 0.4703686967920291 | 0.1908868287267289 | -0.915145589819379 | -0.7636742447924425:-0.05723953273720106 | 0.4832041547366188 | 0.16873431609895562
-0.05723953273720106 | 0.4832041547366188 | 0.16873431609895562 | -0.915145589819379 | -0.7636742447924425:-0.06337994923550028 | 0.49503484926675156 | 0.14552108170995126
-0.06337994923550028 | 0.49503484926675156 | 0.14552108170995126 | -0.915145589819379 | -0.7636742447924425:-0.06864693796759536 | 0.5058018659801702 | 0.12132659148440794
-0.06864693796759536 | 0.5058018659801702 | 0.12132659148440794 | -0.915145589819379 | -0.7636742447924425:-0.072995823096349 | 0.5154501199812209 | 0.09623558431990986
-0.072995823096349 | 0.5154501199812209 | 0.09623558431990986 | 0.3996558748402239 | -0.7224173985141109:-0.0774774324976617 | 0.5179880250420688 | 0.10473299241312972
-0.0774774324976617 | 0.5179880250420688 | 0.10473299241312972 | 0.3996558748402239 | -0.7224173985141109:-0.08229373247865457 | 0.520290839747739 | 0.11316780488351341
-0.08229373247865457 | 0.520290839747739 | 0.11316780488351341 | 0.3996558748402239 | -0.7224173985141109:-0.08744371513166804 | 0.5223594185290459 | 0.12152037197483523
-0.08744371513166804 | 0.5223594185290459 | 0.12152037197483523 | 0.3996558748402239 | -0.7224173985141109:-0.0929255421295645 | 0.5241950705993492 | 0.1297710784133308
-0.0929255421295645 | 0.5241950705993492 | 0.1297710784133308 | 0.3996558748402239 | -0.7224173985141109:-0.09873654690962397 | 0.5257995592457263 | 0.13790038843757202
-0.09873654690962397 | 0.5257995592457263 | 0.13790038843757202 | 0.9691482530435658 | 0.3473779100813308:-0.09666377836606799 | 0.5227027097848751 | 0.16623339588128871
-0.09666377836606799 | 0.5227027097848751 | 0.16623339588128871 | 0.9691482530435658 | 0.3473779100813308:-0.09406809601139798 | 0.5181261540734603 | 0.19454251733742467
-0.09406809601139798 | 0.5181261540734603 | 0.19454251733742467 | 0.9691482530435658 | 0.3473779100813308:-0.09094825027709419 | 0.512064451484175 | 0.22273887150989324
-0.09094825027709419 | 0.512064451484175 | 0.22273887150989324 | 0.9691482530435658 | 0.3473779100813308:-0.08730471576760568 | 0.5045169577244444 | 0.25073305102034027
-0.08730471576760568 | 0.5045169577244444 | 0.25073305102034027 | 0.9691482530435658 | 0.3473779100813308:-0.08313970004481952 | 0.49548785647557203 | 0.27843541568982033
-0.08313970004481952 | 0.49548785647557203 | 0.27843541568982033 | -0.06903674501013146 | -0.8393633409718952:-0.09537813394727657 | 0.5001242700259763 | 0.2750141969879891
-0.09537813394727657 | 0.5001242700259763 | 0.2750141969879891 | -0.06903674501013146 | -0.8393633409718952:-0.10753743963078755 | 0.5047189542535087 | 0.2710028503627271
-0.10753743963078755 | 0.5047189542535087 | 0.2710028503627271 | -0.06903674501013146 | -0.8393633409718952:-0.11958946749562838 | 0.5092699538117635 | 0.26640300679700957
-0.11958946749562838 | 0.5092699538117635 | 0.26640300679700957 | -0.06903674501013146 | -0.8393633409718952:-0.13150610125470585 | 0.5137753101300451 | 0.2612176529320891
-0.13150610125470585 | 0.5137753101300451 | 0.2612176529320891 | -0.06903674501013146 | -0.8393633409718952:-0.14325932247063733 | 0.5182330667602209 | 0.2554511291675752
-0.14325932247063733 | 0.5182330667602209 | 0.2554511291675752 | -0.06903674501013146 | -0.8393633409718952:-0.15482127490042608 | 0.5226412747126687 | 0.24910912470790691
-0.15482127490042608 | 0.5226412747126687 | 0.24910912470790691 | -0.06903674501013146 | -0.8393633409718952:-0.16616432850670826 | 0.5269979977696657 | 0.2421986695719447
-0.16616432850670826 | 0.5269979977696657 | 0.2421986695719447 | -0.06903674501013146 | -0.8393633409718952:-0.17726114299579354 | 0.5313013177647186 | 0.23472812358883743
-0.17726114299579354 | 0.5313013177647186 | 0.23472812358883743 | -0.06903674501013146 | -0.8393633409718952:-0.1880847307441691 | 0.5355493398164128 | 0.22670716240956068
-0.1880847307441691 | 0.5355493398164128 | 0.22670716240956068 | -0.06903674501013146 | -0.8393633409718952:-0.19860851897695841 | 0.5397401975054663 | 0.218146760569919
-0.19860851897695841 | 0.5397401975054663 | 0.218146760569919 | -0.06903674501013146 | -0.8393633409718952:-0.20880641106385012 | 0.5438720579839007 | 0.20905917164687082
-0.20880641106385012 | 0.5438720579839007 | 0.20905917164687082 | -0.06903674501013146 | -0.8393633409718952:-0.2186528468003459 | 0.5479431270053325 | 0.19945790555605214
-0.2186528468003459 | 0.5479431270053325 | 0.19945790555605214 | -0.06903674501013146 | -0.8393633409718952:-0.22812286154475814 | 0.5519516538656859 | 0.18935770304441135
-0.22812286154475814 | 0.5519516538656859 | 0.18935770304441135 | -0.06903674501013146 | -0.8393633409718952:-0.2371921440842213 | 0.5558959362438003 | 0.17877450743746337
-0.2371921440842213 | 0.5558959362438003 | 0.17877450743746337 | -0.06903674501013146 | -0.8393633409718952:-0.24583709310607604 | 0.5597743249316132 | 0.16772543370645465
-0.24583709310607604 | 0.5597743249316132 | 0.16772543370645465 | 0.46755481644494923 | 0.9339131838638173:-0.23850038049026967 | 0.558909119049229 | 0.1931517764787749
-0.23850038049026967 | 0.558909119049229 | 0.1931517764787749 | 0.46755481644494923 | 0.9339131838638173:-0.22991620519355105 | 0.5573911814439363 | 0.21830564620229964
-0.22991620519355105 | 0.5573911814439363 | 0.21830564620229964 | 0.46755481644494923 | 0.9339131838638173:-0.22009442359156428 | 0.5552247723241841 | 0.24310794267831426
-0.22009442359156428 | 0.5552247723241841 | 0.24310794267831426 | 0.46755481644494923 | 0.9339131838638173:-0.20904890226152206 | 0.5524161620999841 | 0.2674800204394714
-0.20904890226152206 | 0.5524161620999841 | 0.2674800204394714 | 0.46755481644494923 | 0.9339131838638173:-0.19679749614164388 | 0.5489736234574742 | 0.2913439438747929
-0.19679749614164388 | 0.5489736234574742 | 0.2913439438747929 | -0.8306642754584483 | 0.27470363644978124:-0.19412496566208914 | 0.5635905438365363 | 0.27242317599874255
-0.19412496566208914 | 0.5635905438365363 | 0.27242317599874255 | -0.8306642754584483 | 0.27470363644978124:-0.19169229699742563 | 0.5774362318715518 | 0.2527520917712742
-0.19169229699742563 | 0.5774362318715518 | 0.2527520917712742 | -0.8306642754584483 | 0.27470363644978124:-0.1895113220728153 | 0.5904747733972471 | 0.23236659466554244
-0.1895113220728153 | 0.5904747733972471 | 0.23236659466554244 | -0.8306642754584483 | 0.27470363644978124:-0.1875933370306968 | 0.6026718295887683 | 0.21130445893441774
-0.1875933370306968 | 0.6026718295887683 | 0.21130445893441774 | -0.8306642754584483 | 0.27470363644978124:-0.18594907433675156 | 0.6139947230389353 | 0.1896052498085652
-0.18594907433675156 | 0.6139947230389353 | 0.1896052498085652 | 0.3309501673288977 | -0.8140524329778303:-0.19488232858634144 | 0.6137956760211658 | 0.19295708582356141
-0.19488232858634144 | 0.6137956760211658 | 0.19295708582356141 | 0.3309501673288977 | -0.8140524329778303:-0.20397432412416713 | 0.6134949965867236 | 0.19593929259506382
-0.20397432412416713 | 0.6134949965867236 | 0.19593929259506382 | 0.3309501673288977 | -0.8140524329778303:-0.2132094842667393 | 0.6130992764548715 | 0.19854212198226762
-0.2132094842667393 | 0.6130992764548715 | 0.19854212198226762 | 0.3309501673288977 | -0.8140524329778303:-0.22257177787096005 | 0.6126152952551536 | 0.20075662077523404
-0.22257177787096005 | 0.6126152952551536 | 0.20075662077523404 | 0.3309501673288977 | -0.8140524329778303:-0.23204475473146247 | 0.6120500063697456 | 0.20257465453848056
-0.23204475473146247 | 0.6120500063697456 | 0.20257465453848056 | -0.4320529885970519 | -0.15230547859187604:-0.23455234958626225 | 0.6191145032648997 | 0.18839557835148213
-0.23455234958626225 | 0.6191145032648997 | 0.18839557835148213 | -0.4320529885970519 | -0.15230547859187604:-0.2369460335517506 | 0.6258605267075161 | 0.1739710532916412
-0.2369460335517506 | 0.6258605267075161 | 0.1739710532916412 | -0.4320529885970519 | -0.15230547859187604:-0.23922345874689221 | 0.6322813001011411 | 0.15930994630609874
-0.23922345874689221 | 0.6322813001011411 | 0.15930994630609874 | -0.4320529885970519 | -0.15230547859187604:-0.24138235955669773 | 0.638370278394568 | 0.144421312594595
-0.24138235955669773 | 0.638370278394568 | 0.144421312594595 | -0.4320529885970519 | -0.15230547859187604:-0.2434205540809915 | 0.6441211522639918 | 0.12931438873797418
-0.2434205540809915 | 0.6441211522639918 | 0.12931438873797418 | -0.4320529885970519 | -0.15230547859187604:-0.24533594552054527 | 0.6495278521184673 | 0.11399858573530608
-0.24533594552054527 | 0.6495278521184673 | 0.11399858573530608 | -0.4320529885970519 | -0.15230547859187604:-0.2471265235000728 | 0.6545845519271793 | 0.0984834819545668
-0.2471265235000728 | 0.6545845519271793 | 0.0984834819545668 | -0.4320529885970519 | -0.15230547859187604:-0.248790365327626 | 0.65928567286727 | 0.08277881600168158
-0.248790365327626 | 0.65928567286727 | 0.08277881600168158 | -0.4320529885970519 | -0.15230547859187604:-0.25032563718996403 | 0.6636258867907969 | 0.0668944795130102
-0.25032563718996403 | 0.6636258867907969 | 0.0668944795130102 | -0.4320529885970519 | -0.15230547859187604:-0.25173059528352404 | 0.6676001195098351 | 0.05084050987602495
-0.25173059528352404 | 0.6676001195098351 | 0.05084050987602495 | -0.4320529885970519 | -0.15230547859187604:-0.25300358688063973 | 0.6712035538986356 | 0.03462708288328287
-0.25300358688063973 | 0.6712035538986356 | 0.03462708288328287 | -0.4320529885970519 | -0.15230547859187604:-0.2541430513307139 | 0.674431632811924 | 0.018264505324545155
-0.2541430513307139 | 0.674431632811924 | 0.018264505324545155 | -0.4320529885970519 | -0.15230547859187604:-0.25514752099607607 | 0.6772800618185784 | 0.001763207522031962
-0.25514752099607607 | 0.6772800618185784 | 0.001763207522031962 | -0.4320529885970519 | -0.15230547859187604:-0.256015622122308 | 0.6797448117498917 | -0.014866264186242262
-0.256015622122308 | 0.6797448117498917 | -0.014866264186242262 | -0.4320529885970519 | -0.15230547859187604:-0.2567460756428446 | 0.6818221210620621 | -0.031613255010093155
-0.2567460756428446 | 0.6818221210620621 | -0.031613255010093155 | -0.4320529885970519 | -0.15230547859187604:-0.2573376979177189 | 0.6835084980121735 | -0.04846700931279102
-0.2573376979177189 | 0.6835084980121735 | -0.04846700931279102 | -0.4320529885970519 | -0.15230547859187604:-0.25778940140632933 | 0.6848007226475161 | -0.06541667825377218
-0.25778940140632933 | 0.6848007226475161 | -0.06541667825377218 | -0.4320529885970519 | -0.15230547859187604:-0.25810019527417616 | 0.6856958486079634 | -0.0824513274634846
-0.25810019527417616 | 0.6856958486079634 | -0.0824513274634846 | -0.4320529885970519 | -0.15230547859187604:-0.2582691859335329 | 0.6861912047411636 | -0.09955994474544028
-0.2582691859335329 | 0.6861912047411636 | -0.09955994474544028 | -0.4320529885970519 | -0.15230547859187604:-0.2582955775180613 | 0.6862843965306809 | -0.11673144780059275
-0.2582955775180613 | 0.6862843965306809 | -0.11673144780059275 | -0.4320529885970519 | -0.15230547859187604:-0.25817867229142255 | 0.6859733073370577 | -0.1339546919691017
-0.25817867229142255 | 0.6859733073370577 | -0.1339546919691017 | -0.4320529885970519 | -0.15230547859187604:-0.2579178709899699 | 0.685256099452026 | -0.1512184779846919
-0.2579178709899699 | 0.685256099452026 | -0.1512184779846919 | -0.4320529885970519 | -0.15230547859187604:-0.2575126730996429 | 0.684131214966186 | -0.1685115597366753
-0.2575126730996429 | 0.684131214966186 | -0.1685115597366753 | -0.4320529885970519 | -0.15230547859187604:-0.25696267706722864 | 0.6825973764505306 | -0.1858226520348616
-0.25696267706722864 | 0.6825973764505306 | -0.1858226520348616 | -0.4320529885970519 | -0.15230547859187604:-0.2562675804461847 | 0.6806535874522908 | -0.2031404383725608
-0.2562675804461847 | 0.6806535874522908 | -0.2031404383725608 | 0.5141231776712512 | 0.09044720838241171:-0.2579379130387469 | 0.6878734322396554 | -0.1850154383460989
-0.2579379130387469 | 0.6878734322396554 | -0.1850154383460989 | 0.5141231776712512 | 0.09044720838241171:-0.2595195240176542 | 0.6946172753053688 | -0.16663699646139918
-0.2595195240176542 | 0.6946172753053688 | -0.16663699646139918 | 0.5141231776712512 | 0.09044720838241171:-0.2610110864644968 | 0.7008771476735305 | -0.14801874585972996
-0.2610110864644968 | 0.7008771476735305 | -0.14801874585972996 | 0.5141231776712512 | 0.09044720838241171:-0.262411342672662 | 0.706645473243448 | -0.12917455853099824
-0.262411342672662 | 0.706645473243448 | -0.12917455853099824 | 0.5141231776712512 | 0.09044720838241171:-0.2637191052559196 | 0.7119150752189398 | -0.11011853344051659
-0.2637191052559196 | 0.7119150752189398 | -0.11011853344051659 | 0.25761850743539694 | -0.042103396662223735:-0.26430590035819534 | 0.7154395544101035 | -0.1018025633864923
-0.26430590035819534 | 0.7154395544101035 | -0.1018025633864923 | 0.25761850743539694 | -0.042103396662223735:-0.2649017103833202 | 0.7188387261354308 | -0.09341409051583582
-0.2649017103833202 | 0.7188387261354308 | -0.09341409051583582 | 0.25761850743539694 | -0.042103396662223735:-0.26550683045081946 | 0.7221114769604924 | -0.08495525732492482
-0.26550683045081946 | 0.7221114769604924 | -0.08495525732492482 | 0.25761850743539694 | -0.042103396662223735:-0.26612154862593584 | 0.7252567294730881 | -0.07642821874130945
-0.26612154862593584 | 0.7252567294730881 | -0.07642821874130945 | 0.25761850743539694 | -0.042103396662223735:-0.2667461459247189 | 0.7282734423264046 | -0.06783514155600301
-0.2667461459247189 | 0.7282734423264046 | -0.06783514155600301 | 0.25761850743539694 | -0.042103396662223735:-0.2673808963201818 | 0.7311606102748698 | -0.05917820385767669
-0.2673808963201818 | 0.7311606102748698 | -0.05917820385767669 | 0.25761850743539694 | -0.042103396662223735:-0.26802606674952045 | 0.7339172642028018 | -0.05045959446884396
-0.26802606674952045 | 0.7339172642028018 | -0.05045959446884396 | 0.25761850743539694 | -0.042103396662223735:-0.2686819171224002 | 0.7365424711458601 | -0.04168151238406992
-0.2686819171224002 | 0.7365424711458601 | -0.04168151238406992 | 0.25761850743539694 | -0.042103396662223735:-0.269348700330287 | 0.7390353343054201 | -0.032846166210315886
-0.269348700330287 | 0.7390353343054201 | -0.032846166210315886 | 0.25761850743539694 | -0.042103396662223735:-0.2700266622568144 | 0.7413949930558204 | -0.02395577360945822
-0.2700266622568144 | 0.7413949930558204 | -0.02395577360945822 | 0.5940922543525997 | -0.16175093841676103:-0.2707225766652268 | 0.743758356293803 | -0.004120322510399177
-0.2707225766652268 | 0.743758356293803 | -0.004120322510399177 | 0.5940922543525997 | -0.16175093841676103:-0.27157253995874164 | 0.7455112278892742 | 0.015822824509069022
-0.27157253995874164 | 0.7455112278892742 | 0.015822824509069022 | 0.5940922543525997 | -0.16175093841676103:-0.2725777553073332 | 0.7466493461246699 | 0.03585314643353854
-0.2725777553073332 | 0.7466493461246699 | 0.03585314643353854 | 0.5940922543525997 | -0.16175093841676103:-0.2737392450062899 | 0.7471691066846375 | 0.05594996405915964
-0.2737392450062899 | 0.7471691066846375 | 0.05594996405915964 | 0.5940922543525997 | -0.16175093841676103:-0.2750578492588929 | 0.7470675675132057 | 0.0760924628519497
-0.2750578492588929 | 0.7470675675132057 | 0.0760924628519497 | 0.5940922543525997 | -0.16175093841676103:-0.27653422516058335 | 0.7463424529324101 | 0.09625971594461191
-0.27653422516058335 | 0.7463424529324101 | 0.09625971594461191 | 0.5940922543525997 | -0.16175093841676103:-0.27816884588536617 | 0.7449921570193254 | 0.11643070724642612
-0.27816884588536617 | 0.7449921570193254 | 0.11643070724642612 | 0.5940922543525997 | -0.16175093841676103:-0.2799620000749581 | 0.7430157462393083 | 0.13658435464078522
-0.2799620000749581 | 0.7430157462393083 | 0.13658435464078522 | 0.5940922543525997 | -0.16175093841676103:-0.2819137914309451 | 0.7404129613338881 | 0.15669953324496788
-0.2819137914309451 | 0.7404129613338881 | 0.15669953324496788 | 0.5940922543525997 | -0.16175093841676103:-0.2840241385100626 | 0.7371842184628008 | 0.17675509870661443
-0.2840241385100626 | 0.7371842184628008 | 0.17675509870661443 | -0.21982482960167382 | -0.8957405060456658:-0.2919750989360814 | 0.7408212604197217 | 0.15612301315348276
-0.2919750989360814 | 0.7408212604197217 | 0.15612301315348276 | -0.21982482960167382 | -0.8957405060456658:-0.29900047259293494 | 0.7442178099185952 | 0.13506361800438071
-0.29900047259293494 | 0.7442178099185952 | 0.13506361800438071 | -0.21982482960167382 | -0.8957405060456658:-0.30507973217001805 | 0.7473687405049816 | 0.11362183634402001
-0.30507973217001805 | 0.7473687405049816 | 0.11362183634402001 | -0.21982482960167382 | -0.8957405060456658:-0.3101944289044063 | 0.7502694284747804 | 0.0918436276855985
-0.3101944289044063 | 0.7502694284747804 | 0.0918436276855985 | -0.21982482960167382 | -0.8957405060456658:-0.31432824098292045 | 0.7529157653322471 | 0.06977588502844512
-0.31432824098292045 | 0.7529157653322471 | 0.06977588502844512 | -0.624504691631357 | -0.23124970516929233:-0.3155382179480135 | 0.7563965422149437 | 0.04269251846739053
-0.3155382179480135 | 0.7563965422149437 | 0.04269251846739053 | -0.624504691631357 | -0.23124970516929233:-0.3164273375040487 | 0.7590154880448097 | 0.015440951314641183
-0.3164273375040487 | 0.7590154880448097 | 0.015440951314641183 | -0.624504691631357 | -0.23124970516929233:-0.31699336644462406 | 0.7607660528385196 | -0.011946944282488658
-0.31699336644462406 | 0.7607660528385196 | -0.011946944282488658 | -0.624504691631357 | -0.23124970516929233:-0.31723446260683374 | 0.7616427388660156 | -0.03943903558535311
-0.31723446260683374 | 0.7616427388660156 | -0.03943903558535311 | -0.624504691631357 | -0.23124970516929233:-0.3171491778029214 | 0.7616411091894122 | -0.06700296918528892
-0.3171491778029214 | 0.7616411091894122 | -0.06700296918528892 | -0.624504691631357 | -0.23124970516929233:-0.3167364602561946 | 0.760757794867402 | -0.09460621120991419
-0.3167364602561946 | 0.760757794867402 | -0.09460621120991419 | -0.624504691631357 | -0.23124970516929233:-0.31599565653861816 | 0.7589905008177595 | -0.12221608776388848
-0.31599565653861816 | 0.7589905008177595 | -0.12221608776388848 | -0.624504691631357 | -0.23124970516929233:-0.3149265130082597 | 0.7563380103316604 | -0.14979982555330196
-0.3149265130082597 | 0.7563380103316604 | -0.14979982555330196 | -0.624504691631357 | -0.23124970516929233:-0.3135291767452806 | 0.7528001882359661 | -0.17732459264292189
-0.3135291767452806 | 0.7528001882359661 | -0.17732459264292189 | -0.624504691631357 | -0.23124970516929233:-0.31180419598580755 | 0.74837798270066 | -0.20475753929527585
-0.31180419598580755 | 0.74837798270066 | -0.20475753929527585 | -0.624504691631357 | -0.23124970516929233:-0.30975252005368503 | 0.7430734256907243 | -0.2320658388406791
-0.30975252005368503 | 0.7430734256907243 | -0.2320658388406791 | -0.624504691631357 | -0.23124970516929233:-0.3073754987906483 | 0.7368896320630114 | -0.2592167285273632
-0.3073754987906483 | 0.7368896320630114 | -0.2592167285273632 | -0.624504691631357 | -0.23124970516929233:-0.30467488148616084 | 0.7298307973108251 | -0.2861775503009234
-0.30467488148616084 | 0.7298307973108251 | -0.2861775503009234 | -0.624504691631357 | -0.23124970516929233:-0.3016528153086746 | 0.721902193959977 | -0.312915791462558
-0.3016528153086746 | 0.721902193959977 | -0.312915791462558 | -0.624504691631357 | -0.23124970516929233:-0.2983118432407359 | 0.7131101666223856 | -0.33939912515581483
-0.2983118432407359 | 0.7131101666223856 | -0.33939912515581483 | -0.05945356352062703 | 0.37408554752291234:-0.30520927772331774 | 0.7134120919962612 | -0.33649812869099804
-0.30520927772331774 | 0.7134120919962612 | -0.33649812869099804 | -0.05945356352062703 | 0.37408554752291234:-0.31205709421494277 | 0.7137076700354754 | -0.33345669550737966
-0.31205709421494277 | 0.7137076700354754 | -0.33345669550737966 | -0.05945356352062703 | 0.37408554752291234:-0.3188523763744371 | 0.7139975058211121 | -0.3302757387400206
-0.3188523763744371 | 0.7139975058211121 | -0.3302757387400206 | -0.05945356352062703 | 0.37408554752291234:-0.32559222813290134 | 0.7142821999029536 | -0.3269562339902059
-0.32559222813290134 | 0.7142821999029536 | -0.3269562339902059 | -0.05945356352062703 | 0.37408554752291234:-0.33227377494758414 | 0.714562348113347 | -0.32349921880323507
-0.33227377494758414 | 0.714562348113347 | -0.32349921880323507 | 0.3993797697073924 | -0.14873730612165592:-0.330539215901549 | 0.7221330780390787 | -0.3121710357045764
-0.330539215901549 | 0.7221330780390787 | -0.3121710357045764 | 0.3993797697073924 | -0.14873730612165592:-0.32888049857474044 | 0.7294740303284328 | -0.3006552608498829
-0.32888049857474044 | 0.7294740303284328 | -0.3006552608498829 | 0.3993797697073924 | -0.14873730612165592:-0.3272992692093517 | 0.7365810102305375 | -0.2889573262488021
-0.3272992692093517 | 0.7365810102305375 | -0.2889573262488021 | 0.3993797697073924 | -0.14873730612165592:-0.32579712828571417 | 0.7434499420340615 | -0.2770827681488335
-0.32579712828571417 | 0.7434499420340615 | -0.2770827681488335 | 0.3993797697073924 | -0.14873730612165592:-0.32437562974510925 | 0.7500768712127694 | -0.26503722397049145
-0.32437562974510925 | 0.7500768712127694 | -0.26503722397049145 | 0.3993797697073924 | -0.14873730612165592:-0.3230362802382736 | 0.756457966502154 | -0.25282642919594167
-0.3230362802382736 | 0.756457966502154 | -0.25282642919594167 | 0.3993797697073924 | -0.14873730612165592:-0.32178053839997744 | 0.7625895219063779 | -0.24045621421286967
-0.32178053839997744 | 0.7625895219063779 | -0.24045621421286967 | 0.3993797697073924 | -0.14873730612165592:-0.32060981414990763 | 0.7684679586346022 | -0.2279325011153226
-0.32060981414990763 | 0.7684679586346022 | -0.2279325011153226 | 0.3993797697073924 | -0.14873730612165592:-0.31952546802012805 | 0.7740898269661614 | -0.21526130046323644
-0.31952546802012805 | 0.7740898269661614 | -0.21526130046323644 | 0.3993797697073924 | -0.14873730612165592:-0.3185288105094024 | 0.7794518080437882 | -0.20244870800248904
