0.0 | 0.0 | 0.0 | 0.7879564577490541 | -0.3836073675860565:-1.9164309432559288E-4 | -3.938763153750191E-4 | 0.009990402112657124
-1.9164309432559288E-4 | -3.938763153750191E-4 | 0.009990402112657124 | 0.8731468116082888 | 0.8067738465903445:4.1854904339564406E-4 | -0.001650738570887711 | 0.019826998735785924
4.1854904339564406E-4 | -0.001650738570887711 | 0.019826998735785924 | 0.8731468116082888 | 0.8067738465903445:0.0018120888093068176 | -0.0037529001450962163 | 0.029407167079610413
0.0018120888093068176 | -0.0037529001450962163 | 0.029407167079610413 | 0.8731468116082888 | 0.8067738465903445:0.00396521393761463 | -0.00667690095293505 | 0.038631211474839125
0.00396521393761463 | -0.00667690095293505 | 0.038631211474839125 | 0.8731468116082888 | 0.8067738465903445:0.00684908401175473 | -0.010393708154200487 | 0.04740291222920512
0.00684908401175473 | -0.010393708154200487 | 0.04740291222920512 | 0.8731468116082888 | 0.8067738465903445:0.010430001336485657 | -0.014868943755357966 | 0.05563005031320925
0.010430001336485657 | -0.014868943755357966 | 0.05563005031320925 | -0.07677992156596525 | -0.5904912793122261:0.010194366341899956 | -0.017013043229676006 | 0.06497498141554661
0.010194366341899956 | -0.017013043229676006 | 0.06497498141554661 | -0.07677992156596525 | -0.5904912793122261:0.009404566996348881 | -0.019063433941408414 | 0.07427329159939111
0.009404566996348881 | -0.019063433941408414 | 0.07427329159939111 | -0.07677992156596525 | -0.5904912793122261:0.008066418416395708 | -0.021021040438723215 | 0.08350039063148756
0.008066418416395708 | -0.021021040438723215 | 0.08350039063148756 | -0.07677992156596525 | -0.5904912793122261:0.0061866458763405255 | -0.02288690420546291 | 0.09263208196036954
0.0061866458763405255 | -0.02288690420546291 | 0.09263208196036954 | -0.07677992156596525 | -0.5904912793122261:0.0037728647584460637 | -0.024662181134472272 | 0.10164459323947361
0.0037728647584460637 | -0.024662181134472272 | 0.10164459323947361 | -0.03618386792341899 | -0.7288865824217978:7.076757818710172E-5 | -0.026572259581113533 | 0.11046405473123011
7.076757818710172E-5 | -0.026572259581113533 | 0.11046405473123011 | -0.03618386792341899 | -0.7288865824217978:-0.004264548693648139 | -0.028429843627857165 | 0.11905737030085306
-0.004264548693648139 | -0.028429843627857165 | 0.11905737030085306 | -0.03618386792341899 | -0.7288865824217978:-0.009217864703116273 | -0.03023586703081138 | 0.12739107104065905
-0.009217864703116273 | -0.03023586703081138 | 0.12739107104065905 | -0.03618386792341899 | -0.7288865824217978:-0.014772444645651618 | -0.031991337571406486 | 0.13543261536752094
-0.014772444645651618 | -0.031991337571406486 | 0.13543261536752094 | -0.03618386792341899 | -0.7288865824217978:-0.02091008692287657 | -0.03369733461901747 | 0.14315045117831127
-0.02091008692287657 | -0.03369733461901747 | 0.14315045117831127 | -0.0035738645450380524 | -0.33829260239686954:-0.024665625558863785 | -0.035601850097431775 | 0.15096673703126973
-0.024665625558863785 | -0.035601850097431775 | 0.15096673703126973 | -0.0035738645450380524 | -0.33829260239686954:-0.028676325784054855 | -0.037484219962823584 | 0.15861367136127935
-0.028676325784054855 | -0.037484219962823584 | 0.15861367136127935 | -0.0035738645450380524 | -0.33829260239686954:-0.032936275120719206 | -0.03934470055104211 | 0.16608595262373904
-0.032936275120719206 | -0.03934470055104211 | 0.16608595262373904 | -0.0035738645450380524 | -0.33829260239686954:-0.037439485964609984 | -0.041183547062521475 | 0.1733784407510739
-0.037439485964609984 | -0.041183547062521475 | 0.1733784407510739 | -0.0035738645450380524 | -0.33829260239686954:-0.04217989920389474 | -0.04300101354352104 | 0.18048615755510422
-0.04217989920389474 | -0.04300101354352104 | 0.18048615755510422 | -0.34444039944784843 | 0.10569133931061292:-0.04297599697065407 | -0.04158387420397536 | 0.18914086839494182
-0.04297599697065407 | -0.04158387420397536 | 0.18914086839494182 | -0.34444039944784843 | 0.10569133931061292:-0.04366837782156649 | -0.03986904959547233 | 0.19773364806908367
-0.04366837782156649 | -0.03986904959547233 | 0.19773364806908367 | -0.34444039944784843 | 0.10569133931061292:-0.04425820375321718 | -0.03785984833036382 | 0.20625640017413005
-0.04425820375321718 | -0.03785984833036382 | 0.20625640017413005 | -0.34444039944784843 | 0.10569133931061292:-0.04474668367413648 | -0.035559737119818635 | 0.2147011591384156
-0.04474668367413648 | -0.035559737119818635 | 0.2147011591384156 | -0.34444039944784843 | 0.10569133931061292:-0.045135072304854085 | -0.03297233717083725 | 0.22306009284656314
-0.045135072304854085 | -0.03297233717083725 | 0.22306009284656314 | -0.34444039944784843 | 0.10569133931061292:-0.04542466907018888 | -0.030101420557600456 | 0.231325505174377
-0.04542466907018888 | -0.030101420557600456 | 0.231325505174377 | -0.34444039944784843 | 0.10569133931061292:-0.045616816984302866 | -0.026950906568867783 | 0.23948983843418237
-0.045616816984302866 | -0.026950906568867783 | 0.23948983843418237 | -0.34444039944784843 | 0.10569133931061292:-0.04571290152904367 | -0.02352485803313553 | 0.2475456757307386
-0.04571290152904367 | -0.02352485803313553 | 0.2475456757307386 | -0.34444039944784843 | 0.10569133931061292:-0.04571434952609543 | -0.019827477623242773 | 0.2554857432278883
-0.04571434952609543 | -0.019827477623242773 | 0.2554857432278883 | -0.34444039944784843 | 0.10569133931061292:-0.04562262800345407 | -0.0158631041421069 | 0.2633029123261368
-0.04562262800345407 | -0.0158631041421069 | 0.2633029123261368 | -0.34444039944784843 | 0.10569133931061292:-0.04543924305673719 | -0.011636208791249159 | 0.27099020175137767
-0.04543924305673719 | -0.011636208791249159 | 0.27099020175137767 | -0.34444039944784843 | 0.10569133931061292:-0.04516573870583651 | -0.0071513914237602005 | 0.2785407795550121
-0.04516573870583651 | -0.0071513914237602005 | 0.2785407795550121 | -0.34444039944784843 | 0.10569133931061292:-0.044803695747412386 | -0.002413376783340304 | 0.2859479650257377
-0.044803695747412386 | -0.002413376783340304 | 0.2859479650257377 | -0.34444039944784843 | 0.10569133931061292:-0.0443547306037293 | 0.002572989268971426 | 0.2932052305133057
-0.0443547306037293 | 0.002572989268971426 | 0.2932052305133057 | -0.34444039944784843 | 0.10569133931061292:-0.04382049416832279 | 0.0078027435387728605 | 0.3003062031645838
-0.04382049416832279 | 0.0078027435387728605 | 0.3003062031645838 | 0.040657535247536014 | 0.26137443123277704:-0.040807150539892256 | 0.007357228853233089 | 0.30777023559137007
-0.040807150539892256 | 0.007357228853233089 | 0.30777023559137007 | 0.040657535247536014 | 0.26137443123277704:-0.03759800826550863 | 0.006881001293644884 | 0.315135886158151
-0.03759800826550863 | 0.006881001293644884 | 0.315135886158151 | 0.040657535247536014 | 0.26137443123277704:-0.03419610774951587 | 0.0063745319655656996 | 0.3223998157262997
-0.03419610774951587 | 0.0063745319655656996 | 0.3223998157262997 | 0.040657535247536014 | 0.26137443123277704:-0.030604524635049035 | 0.005838297512849477 | 0.32955875648883026
-0.030604524635049035 | 0.005838297512849477 | 0.32955875648883026 | 0.040657535247536014 | 0.26137443123277704:-0.026826368558029334 | 0.005272779924037296 | 0.33660951202217326
-0.026826368558029334 | 0.005272779924037296 | 0.33660951202217326 | -0.31663118827322556 | 0.0849584871200193:-0.025894816441415336 | 0.010808840043653234 | 0.34319557082512375
-0.025894816441415336 | 0.010808840043653234 | 0.34319557082512375 | -0.31663118827322556 | 0.0849584871200193:-0.02490294477077515 | 0.016549816473426127 | 0.34962109823980025
-0.02490294477077515 | 0.016549816473426127 | 0.34962109823980025 | -0.31663118827322556 | 0.0849584871200193:-0.02385207015703017 | 0.02249104962469084 | 0.3558815791811316
-0.02385207015703017 | 0.02249104962469084 | 0.3558815791811316 | -0.31663118827322556 | 0.0849584871200193:-0.022743526071935083 | 0.028627813956321857 | 0.36197262443516287
-0.022743526071935083 | 0.028627813956321857 | 0.36197262443516287 | -0.31663118827322556 | 0.0849584871200193:-0.021578662136093163 | 0.034955320645104315 | 0.3678899712068482
-0.021578662136093163 | 0.034955320645104315 | 0.3678899712068482 | 0.8875779543925395 | 0.7774398133939391:-0.00734198490008553 | 0.01891616978276467 | 0.37592738935904
-0.00734198490008553 | 0.01891616978276467 | 0.37592738935904 | 0.8875779543925395 | 0.7774398133939391:0.007411914395297758 | 0.002256542245047566 | 0.38263142547635454
0.007411914395297758 | 0.002256542245047566 | 0.38263142547635454 | 0.8875779543925395 | 0.7774398133939391:0.022624594682873367 | -0.014958306613882533 | 0.38793579129441014
0.022624594682873367 | -0.014958306613882533 | 0.38793579129441014 | 0.8875779543925395 | 0.7774398133939391:0.03823445620385013 | -0.03265938273739377 | 0.39178016549611705
0.03823445620385013 | -0.03265938273739377 | 0.39178016549611705 | 0.8875779543925395 | 0.7774398133939391:0.05417701687582599 | -0.05077426143209762 | 0.39411053014101505
0.05417701687582599 | -0.05077426143209762 | 0.39411053014101505 | -0.7694391764444675 | -0.10419250678623149:0.052892793594393805 | -0.036109584643484904 | 0.4019636352180136
0.052892793594393805 | -0.036109584643484904 | 0.4019636352180136 | -0.7694391764444675 | -0.10419250678623149:0.05153226192491134 | -0.020922777654294622 | 0.4092007854692863
0.05153226192491134 | -0.020922777654294622 | 0.4092007854692863 | -0.7694391764444675 | -0.10419250678623149:0.05009936680216154 | -0.005241893480043558 | 0.4157933966063556
0.05009936680216154 | -0.005241893480043558 | 0.4157933966063556 | -0.7694391764444675 | -0.10419250678623149:0.04859823332462987 | 0.010903652587767265 | 0.42171425212473856
0.04859823332462987 | 0.010903652587767265 | 0.42171425212473856 | -0.7694391764444675 | -0.10419250678623149:0.04703315766012228 | 0.02748314903647442 | 0.4269375639466091
0.04703315766012228 | 0.02748314903647442 | 0.4269375639466091 | -0.7694391764444675 | -0.10419250678623149:0.04540859762555327 | 0.04446465665469601 | 0.43143902985778837
0.04540859762555327 | 0.04446465665469601 | 0.43143902985778837 | -0.7694391764444675 | -0.10419250678623149:0.0437291629613088 | 0.06181507937351571 | 0.4351958876439035
0.0437291629613088 | 0.06181507937351571 | 0.4351958876439035 | -0.7694391764444675 | -0.10419250678623149:0.0419996053210242 | 0.07950023727419908 | 0.43818696583736916
0.0419996053210242 | 0.07950023727419908 | 0.43818696583736916 | -0.7694391764444675 | -0.10419250678623149:0.04022480799801165 | 0.09748494160719146 | 0.44039273099379805
0.04022480799801165 | 0.09748494160719146 | 0.44039273099379805 | -0.7694391764444675 | -0.10419250678623149:0.03840977540991797 | 0.11573307166442248 | 0.44179533142348504
0.03840977540991797 | 0.11573307166442248 | 0.44179533142348504 | -0.7694391764444675 | -0.10419250678623149:0.03655962236351129 | 0.13420765334450357 | 0.4423786373107248
0.03655962236351129 | 0.13420765334450357 | 0.4423786373107248 | -0.7694391764444675 | -0.10419250678623149:0.034679563121757295 | 0.15287093924829187 | 0.4421282771609025
0.034679563121757295 | 0.15287093924829187 | 0.4421282771609025 | -0.7694391764444675 | -0.10419250678623149:0.032774900295577225 | 0.17168449014046527 | 0.4410316705225483
0.032774900295577225 | 0.17168449014046527 | 0.4410316705225483 | -0.7694391764444675 | -0.10419250678623149:0.03085101358286374 | 0.1906092576112527 | 0.4390780569388326
0.03085101358286374 | 0.1906092576112527 | 0.4390780569388326 | -0.7694391764444675 | -0.10419250678623149:0.02891334837747328 | 0.20960566777125744 | 0.4362585210902665
0.02891334837747328 | 0.20960566777125744 | 0.4362585210902665 | -0.7694391764444675 | -0.10419250678623149:0.026967404271019013 | 0.2286337058114153 | 0.4325660140977554
0.026967404271019013 | 0.2286337058114153 | 0.4325660140977554 | -0.7694391764444675 | -0.10419250678623149:0.02501872347034445 | 0.24765300125954626 | 0.4279953709623783
0.02501872347034445 | 0.24765300125954626 | 0.4279953709623783 | -0.7694391764444675 | -0.10419250678623149:0.023072879153581527 | 0.26662291376466957 | 0.42254332412577256
0.023072879153581527 | 0.26662291376466957 | 0.42254332412577256 | -0.7694391764444675 | -0.10419250678623149:0.021135463787671394 | 0.28550261924027537 | 0.4162085131420774
0.021135463787671394 | 0.28550261924027537 | 0.4162085131420774 | -0.7694391764444675 | -0.10419250678623149:0.019212077430166508 | 0.3042511961980683 | 0.40899149045987215
0.019212077430166508 | 0.3042511961980683 | 0.40899149045987215 | -0.7694391764444675 | -0.10419250678623149:0.01730831603802821 | 0.32282771210431593 | 0.4008947233196096
0.01730831603802821 | 0.32282771210431593 | 0.4008947233196096 | -0.7694391764444675 | -0.10419250678623149:0.01542975980599215 | 0.34119130959185195 | 0.3919225917793092
0.01542975980599215 | 0.34119130959185195 | 0.3919225917793092 | -0.7694391764444675 | -0.10419250678623149:0.013581961556891758 | 0.3593012923619865 | 0.38208138288831606
0.013581961556891758 | 0.3593012923619865 | 0.38208138288831606 | -0.7694391764444675 | -0.10419250678623149:0.011770435206110041 | 0.37711721061207615 | 0.3713792810359635
0.011770435206110041 | 0.37711721061207615 | 0.3713792810359635 | -0.7694391764444675 | -0.10419250678623149:0.010000644322070762 | 0.3945989458262731 | 0.35982635450889333
0.010000644322070762 | 0.3945989458262731 | 0.35982635450889333 | -0.13118581470140978 | -0.3712233132819114:0.0033980739226125156 | 0.4004130128755028 | 0.3604714144095311
0.0033980739226125156 | 0.4004130128755028 | 0.3604714144095311 | -0.13118581470140978 | -0.3712233132819114:-0.0032717769624544535 | 0.4062167292114216 | 0.36090196817309916
-0.0032717769624544535 | 0.4062167292114216 | 0.36090196817309916 | -0.13118581470140978 | -0.3712233132819114:-0.010003350468678313 | 0.41200848417643376 | 0.3611164675825904
-0.010003350468678313 | 0.41200848417643376 | 0.3611164675825904 | -0.13118581470140978 | -0.3712233132819114:-0.01679106959224938 | 0.417786656380184 | 0.361113512711011
-0.01679106959224938 | 0.417786656380184 | 0.361113512711011 | -0.13118581470140978 | -0.3712233132819114:-0.023629341490768258 | 0.4235496149011473 | 0.36089185181780437
-0.023629341490768258 | 0.4235496149011473 | 0.36089185181780437 | -0.13118581470140978 | -0.3712233132819114:-0.0305125607666224 | 0.4292957204819743 | 0.36045038116982653
-0.0305125607666224 | 0.4292957204819743 | 0.36045038116982653 | -0.13118581470140978 | -0.3712233132819114:-0.037435112731606546 | 0.4350233267181114 | 0.35978814478750465
-0.037435112731606546 | 0.4350233267181114 | 0.35978814478750465 | -0.13118581470140978 | -0.3712233132819114:-0.04439137665144505 | 0.44073078123921317 | 0.3589043341170779
-0.04439137665144505 | 0.44073078123921317 | 0.3589043341170779 | -0.13118581470140978 | -0.3712233132819114:-0.051375728968891976 | 0.44641642688289096 | 0.35779828762962396
-0.051375728968891976 | 0.44641642688289096 | 0.35779828762962396 | -0.13118581470140978 | -0.3712233132819114:-0.05838254650410979 | 0.45207860286033874 | 0.35646949034772746
-0.05838254650410979 | 0.45207860286033874 | 0.35646949034772746 | -0.3357894485576187 | -0.3550663176525062:-0.06503601312858281 | 0.46133429581534013 | 0.35026997175140195
-0.06503601312858281 | 0.46133429581534013 | 0.35026997175140195 | -0.3357894485576187 | -0.3550663176525062:-0.07161436554814438 | 0.47049287230476544 | 0.3437090752065757
-0.07161436554814438 | 0.47049287230476544 | 0.3437090752065757 | -0.3357894485576187 | -0.3550663176525062:-0.07810925723745088 | 0.4795467034340106 | 0.3367899780711632
-0.07810925723745088 | 0.4795467034340106 | 0.3367899780711632 | -0.3357894485576187 | -0.3550663176525062:-0.08451242401912096 | 0.4884882324613482 | 0.3295161927502832
-0.08451242401912096 | 0.4884882324613482 | 0.3295161927502832 | -0.3357894485576187 | -0.3550663176525062:-0.09081569079419982 | 0.49730998122630865 | 0.32189156262020546
-0.09081569079419982 | 0.49730998122630865 | 0.32189156262020546 | -0.3357894485576187 | -0.3550663176525062:-0.09701097816585469 | 0.506004556478814 | 0.3139202577116116
-0.09701097816585469 | 0.506004556478814 | 0.3139202577116116 | -0.3357894485576187 | -0.3550663176525062:-0.10309030895214766 | 0.5145646561051009 | 0.3056067701570555
-0.10309030895214766 | 0.5145646561051009 | 0.3056067701570555 | -0.3357894485576187 | -0.3550663176525062:-0.10904581458384444 | 0.5229830752465716 | 0.29695590940757555
-0.10904581458384444 | 0.5229830752465716 | 0.29695590940757555 | -0.3357894485576187 | -0.3550663176525062:-0.11486974138332329 | 0.5312527123078272 | 0.28797279722348534
-0.11486974138332329 | 0.5312527123078272 | 0.28797279722348534 | -0.3357894485576187 | -0.3550663176525062:-0.12055445672076259 | 0.539366574850197 | 0.2786628624445946
-0.12055445672076259 | 0.539366574850197 | 0.2786628624445946 | -0.857737418473216 | -0.0810306745288345:-0.12233628090988091 | 0.5542089525862366 | 0.2563600303898568
-0.12233628090988091 | 0.5542089525862366 | 0.2563600303898568 | -0.857737418473216 | -0.0810306745288345:-0.12402344619144645 | 0.5681110585313096 | 0.23327026779236704
-0.12402344619144645 | 0.5681110585313096 | 0.23327026779236704 | -0.857737418473216 | -0.0810306745288345:-0.12561228671430325 | 0.5810327323993736 | 0.20943554369798179
-0.12561228671430325 | 0.5810327323993736 | 0.20943554369798179 | -0.857737418473216 | -0.0810306745288345:-0.1270993233954789 | 0.5929357527383345 | 0.18489983079641448
-0.1270993233954789 | 0.5929357527383345 | 0.18489983079641448 | -0.857737418473216 | -0.0810306745288345:-0.12848127280161692 | 0.6037839329169774 | 0.1597090119494844
-0.12848127280161692 | 0.6037839329169774 | 0.1597090119494844 | -0.857737418473216 | -0.0810306745288345:-0.12975505559117995 | 0.6135432125585449 | 0.13391078223110142
-0.12975505559117995 | 0.6135432125585449 | 0.13391078223110142 | -0.857737418473216 | -0.0810306745288345:-0.13091780449887347 | 0.6221817442196702 | 0.10755454670442433
-0.13091780449887347 | 0.6221817442196702 | 0.10755454670442433 | -0.857737418473216 | -0.0810306745288345:-0.1319668718448006 | 0.629669975124493 | 0.08069131417036246
-0.1319668718448006 | 0.629669975124493 | 0.08069131417036246 | -0.857737418473216 | -0.0810306745288345:-0.13289983655194293 | 0.6359807237751234 | 0.053373587129801336
-0.13289983655194293 | 0.6359807237751234 | 0.053373587129801336 | -0.857737418473216 | -0.0810306745288345:-0.1337145106566946 | 0.6410892512713424 | 0.02565524820973053
-0.1337145106566946 | 0.6410892512713424 | 0.02565524820973053 | -0.857737418473216 | -0.0810306745288345:-0.13440894529832503 | 0.6449733271844558 | -0.002408556689545094
-0.13440894529832503 | 0.6449733271844558 | -0.002408556689545094 | -0.857737418473216 | -0.0810306745288345:-0.13498143617441904 | 0.6476132898426386 | -0.03076153826226502
-0.13498143617441904 | 0.6476132898426386 | -0.03076153826226502 | -0.857737418473216 | -0.0810306745288345:-0.1354305284505526 | 0.6489921008975266 | -0.05934638641042511
-0.1354305284505526 | 0.6489921008975266 | -0.05934638641042511 | -0.857737418473216 | -0.0810306745288345:-0.135755021113674 | 0.649095394054779 | -0.08810489532722343
-0.135755021113674 | 0.649095394054779 | -0.08810489532722343 | -0.857737418473216 | -0.0810306745288345:-0.13595397075991045 | 0.6479115178643227 | -0.11697809077086774
-0.13595397075991045 | 0.6479115178643227 | -0.11697809077086774 | -0.857737418473216 | -0.0810306745288345:-0.13602669480876894 | 0.645431572479108 | -0.14590635924475137
-0.13602669480876894 | 0.645431572479108 | -0.14590635924475137 | -0.857737418473216 | -0.0810306745288345:-0.13597277413696762 | 0.6416494403047039 | -0.17482957879648353
-0.13597277413696762 | 0.6416494403047039 | -0.17482957879648353 | -0.857737418473216 | -0.0810306745288345:-0.135792055126418 | 0.6365618104753707 | -0.20368725114536446
-0.135792055126418 | 0.6365618104753707 | -0.20368725114536446 | -0.857737418473216 | -0.0810306745288345:-0.13548465112215702 | 0.6301681971059594 | -0.2324186348456294
-0.13548465112215702 | 0.6301681971059594 | -0.2324186348456294 | -0.857737418473216 | -0.0810306745288345:-0.13505094329732392 | 0.6224709512824766 | -0.2609628791911973
-0.13505094329732392 | 0.6224709512824766 | -0.2609628791911973 | -0.857737418473216 | -0.0810306745288345:-0.13449158092356317 | 0.6134752667679102 | -0.2892591585665727
-0.13449158092356317 | 0.6134752667679102 | -0.2892591585665727 | -0.857737418473216 | -0.0810306745288345:-0.1338074810465315 | 0.603189179413512 | -0.3172468069483152
-0.1338074810465315 | 0.603189179413512 | -0.3172468069483152 | -0.857737418473216 | -0.0810306745288345:-0.1329998275674713 | 0.5916235602794195 | -0.3448654522615868
-0.1329998275674713 | 0.5916235602794195 | -0.3448654522615868 | -0.857737418473216 | -0.0810306745288345:-0.13207006973309454 | 0.578792102482037 | -0.37205515029735636
-0.13207006973309454 | 0.578792102482037 | -0.37205515029735636 | -0.857737418473216 | -0.0810306745288345:-0.13101992003729457 | 0.564711301799143 | -0.39875651789716926
-0.13101992003729457 | 0.564711301799143 | -0.39875651789716926 | -0.857737418473216 | -0.0810306745288345:-0.12985135153946992 | 0.5494004310770819 | -0.42491086511470755
-0.12985135153946992 | 0.5494004310770819 | -0.42491086511470755 | -0.857737418473216 | -0.0810306745288345:-0.12856659460547348 | 0.5328815084976419 | -0.45046032606587616
-0.12856659460547348 | 0.5328815084976419 | -0.45046032606587616 | -0.857737418473216 | -0.0810306745288345:-0.12716813307846753 | 0.5151792597753762 | -0.47534798818274737
-0.12716813307846753 | 0.5151792597753762 | -0.47534798818274737 | -0.857737418473216 | -0.0810306745288345:-0.12565869988812484 | 0.4963210743689501 | -0.4995180195903579
-0.12565869988812484 | 0.4963210743689501 | -0.4995180195903579 | -0.857737418473216 | -0.0810306745288345:-0.12404127210786431 | 0.476336955802946 | -0.5229157943300997
-0.12404127210786431 | 0.476336955802946 | -0.5229157943300997 | 0.09193043475686968 | 0.6988940489232052:-0.14271622759692182 | 0.4806144861371422 | -0.5180946864497216
-0.14271622759692182 | 0.4806144861371422 | -0.5180946864497216 | 0.09193043475686968 | 0.6988940489232052:-0.16127450134482224 | 0.4848602187650002 | -0.5125551209219523
-0.16127450134482224 | 0.4848602187650002 | -0.5125551209219523 | 0.09193043475686968 | 0.6988940489232052:-0.17968868658270765 | 0.48907072310805333 | -0.5063001258099504
-0.17968868658270765 | 0.48907072310805333 | -0.5063001258099504 | 0.09193043475686968 | 0.6988940489232052:-0.19793146814744134 | 0.49324257636264335 | -0.4993338009789099
-0.19793146814744134 | 0.49324257636264335 | -0.4993338009789099 | 0.09193043475686968 | 0.6988940489232052:-0.21597566367743237 | 0.4973723689451006 | -0.4916613142450821
-0.21597566367743237 | 0.4973723689451006 | -0.4916613142450821 | 0.26111744925990776 | -0.877589132794661:-0.1951997709386495 | 0.5055936302733741 | -0.4959424134536654
-0.1951997709386495 | 0.5055936302733741 | -0.4959424134536654 | 0.26111744925990776 | -0.877589132794661:-0.17417547692281765 | 0.5138748678723672 | -0.49918759240101807
-0.17417547692281765 | 0.5138748678723672 | -0.49918759240101807 | 0.26111744925990776 | -0.877589132794661:-0.15294998813600635 | 0.5222023376610991 | -0.501382632462569
-0.15294998813600635 | 0.5222023376610991 | -0.501382632462569 | 0.26111744925990776 | -0.877589132794661:-0.13157122234960106 | 0.5305620664028936 | -0.5025156876518508
-0.13157122234960106 | 0.5305620664028936 | -0.5025156876518508 | 0.26111744925990776 | -0.877589132794661:-0.11008769746908431 | 0.5389398845442344 | -0.5025773218312182
-0.11008769746908431 | 0.5389398845442344 | -0.5025773218312182 | 0.6614377388351849 | -0.5779009720802164:-0.09637314754055915 | 0.5571629924547779 | -0.489127993850456
-0.09637314754055915 | 0.5571629924547779 | -0.489127993850456 | 0.6614377388351849 | -0.5779009720802164:-0.08302078500823562 | 0.5749659892675325 | -0.47462206259839235
-0.08302078500823562 | 0.5749659892675325 | -0.47462206259839235 | 0.6614377388351849 | -0.5779009720802164:-0.07006314356464927 | 0.5923114776411467 | -0.4590831331255565
-0.07006314356464927 | 0.5923114776411467 | -0.4590831331255565 | 0.6614377388351849 | -0.5779009720802164:-0.05753204701985126 | 0.6091628318433777 | -0.44253714473236627
-0.05753204701985126 | 0.6091628318433777 | -0.44253714473236627 | 0.6614377388351849 | -0.5779009720802164:-0.04545853751156326 | 0.6254842807481964 | -0.42501232228556773
-0.04545853751156326 | 0.6254842807481964 | -0.42501232228556773 | -0.7978613385777684 | 0.30276287130025437:-0.05242670509047631 | 0.6099817179642244 | -0.450316750112016
-0.05242670509047631 | 0.6099817179642244 | -0.450316750112016 | -0.7978613385777684 | 0.30276287130025437:-0.0597884377461213 | 0.5934045843459614 | -0.47493310529307564
-0.0597884377461213 | 0.5934045843459614 | -0.47493310529307564 | -0.7978613385777684 | 0.30276287130025437:-0.06753325377433761 | 0.5757796994670628 | -0.49880918346264735
-0.06753325377433761 | 0.5757796994670628 | -0.49880918346264735 | -0.7978613385777684 | 0.30276287130025437:-0.07564983187966323 | 0.5571361183174943 | -0.5218940321662533
-0.07564983187966323 | 0.5571361183174943 | -0.5218940321662533 | -0.7978613385777684 | 0.30276287130025437:-0.08412603198660928 | 0.5375050786496303 | -0.5441380597410834
-0.08412603198660928 | 0.5375050786496303 | -0.5441380597410834 | -0.7978613385777684 | 0.30276287130025437:-0.09294891778101277 | 0.5169199437116418 | -0.565493141549398
-0.09294891778101277 | 0.5169199437116418 | -0.565493141549398 | -0.7978613385777684 | 0.30276287130025437:-0.10210478093506925 | 0.4954161404859576 | -0.5859127233449044
-0.10210478093506925 | 0.4954161404859576 | -0.5859127233449044 | -0.7978613385777684 | 0.30276287130025437:-0.11157916696628334 | 0.4730310935597615 | -0.6053519215578689
-0.11157916696628334 | 0.4730310935597615 | -0.6053519215578689 | -0.7978613385777684 | 0.30276287130025437:-0.1213569026772312 | 0.44980415476326385 | -0.6237676202912965
-0.1213569026772312 | 0.44980415476326385 | -0.6237676202912965 | -0.7978613385777684 | 0.30276287130025437:-0.13142212511988838 | 0.4257765287200783 | -0.641118564827428
-0.13142212511988838 | 0.4257765287200783 | -0.641118564827428 | -0.7978613385777684 | 0.30276287130025437:-0.1417583120251873 | 0.40099119446220044 | -0.6573654514512057
-0.1417583120251873 | 0.40099119446220044 | -0.6573654514512057 | -0.7978613385777684 | 0.30276287130025437:-0.15234831363552104 | 0.37549282326995836 | -0.6724710134050458
-0.15234831363552104 | 0.37549282326995836 | -0.6724710134050458 | -0.7978613385777684 | 0.30276287130025437:-0.16317438587514665 | 0.34932769290497134 | -0.6864001027973465
-0.16317438587514665 | 0.34932769290497134 | -0.6864001027973465 | -0.7978613385777684 | 0.30276287130025437:-0.1742182247907369 | 0.3225435984112224 | -0.6991197682956276
-0.1742182247907369 | 0.3225435984112224 | -0.6991197682956276 | -0.7978613385777684 | 0.30276287130025437:-0.1854610021917953 | 0.2951897596662434 | -0.7105993284438874
-0.1854610021917953 | 0.2951897596662434 | -0.7105993284438874 | -0.06697646597240503 | 0.9303607953764119:-0.21892508614895512 | 0.29357972941824073 | -0.7040395914104831
-0.21892508614895512 | 0.29357972941824073 | -0.7040395914104831 | -0.06697646597240503 | 0.9303607953764119:-0.25212658651068587 | 0.29197782615164414 | -0.6958810676230494
-0.25212658651068587 | 0.29197782615164414 | -0.6958810676230494 | -0.06697646597240503 | 0.9303607953764119:-0.2849885232253371 | 0.29038968967496004 | -0.6861345469214308
-0.2849885232253371 | 0.29038968967496004 | -0.6861345469214308 | -0.06697646597240503 | 0.9303607953764119:-0.3174343878218213 | 0.288820931335799 | -0.6748145766226541
-0.3174343878218213 | 0.288820931335799 | -0.6748145766226541 | -0.06697646597240503 | 0.9303607953764119:-0.3493883267453537 | 0.28727712079496825 | -0.6619394388083384
-0.3493883267453537 | 0.28727712079496825 | -0.6619394388083384 | 0.8891132074133175 | -0.9107370832100357:-0.3202950178504764 | 0.31719306971999117 | -0.6653923568039986
-0.3202950178504764 | 0.31719306971999117 | -0.6653923568039986 | 0.8891132074133175 | -0.9107370832100357:-0.2910543137079813 | 0.3472965438782012 | -0.6661673240713641
-0.2910543137079813 | 0.3472965438782012 | -0.6661673240713641 | 0.8891132074133175 | -0.9107370832100357:-0.26179038273495436 | 0.37746683525299574 | -0.664248497642979
-0.26179038273495436 | 0.37746683525299574 | -0.664248497642979 | 0.8891132074133175 | -0.9107370832100357:-0.23262799781318222 | 0.40758239362737925 | -0.6596313024441622
-0.23262799781318222 | 0.40758239362737925 | -0.6596313024441622 | 0.8891132074133175 | -0.9107370832100357:-0.2036920080731086 | 0.43752134088519057 | -0.6523224935887919
-0.2036920080731086 | 0.43752134088519057 | -0.6523224935887919 | -0.23365463251425056 | 0.0359298638575174:-0.20534874132991554 | 0.43086964832846775 | -0.6585490510985424
-0.20534874132991554 | 0.43086964832846775 | -0.6585490510985424 | -0.23365463251425056 | 0.0359298638575174:-0.20701449199108524 | 0.42411795396959917 | -0.6646898225378803
-0.20701449199108524 | 0.42411795396959917 | -0.6646898225378803 | -0.23365463251425056 | 0.0359298638575174:-0.20868911522299705 | 0.4172675998139894 | -0.6707433594949548
-0.20868911522299705 | 0.4172675998139894 | -0.6707433594949548 | -0.23365463251425056 | 0.0359298638575174:-0.210372463031554 | 0.4103199444661101 | -0.6767082361462237
-0.210372463031554 | 0.4103199444661101 | -0.6767082361462237 | -0.23365463251425056 | 0.0359298638575174:-0.21206438432062846 | 0.4032763627910825 | -0.682583049386909
-0.21206438432062846 | 0.4032763627910825 | -0.682583049386909 | 0.42778616744543485 | -0.13659761778215196:-0.20791077308737016 | 0.4186958187082084 | -0.6767097722212774
-0.20791077308737016 | 0.4186958187082084 | -0.6767097722212774 | 0.42778616744543485 | -0.13659761778215196:-0.20378523072516153 | 0.4340080355886897 | -0.6704484437910407
-0.20378523072516153 | 0.4340080355886897 | -0.6704484437910407 | 0.42778616744543485 | -0.13659761778215196:-0.19969075013736237 | 0.44920384991823425 | -0.6638014077936956
-0.19969075013736237 | 0.44920384991823425 | -0.6638014077936956 | 0.42778616744543485 | -0.13659761778215196:-0.1956303047018153 | 0.4642741544232223 | -0.6567712474559633
-0.1956303047018153 | 0.4642741544232223 | -0.6567712474559633 | 0.42778616744543485 | -0.13659761778215196:-0.1916068465055094 | 0.4792099036414328 | -0.6493607837949726
-0.1916068465055094 | 0.4792099036414328 | -0.6493607837949726 | 0.4145633622055789 | 0.9972005364544785:-0.22368940976884488 | 0.49357869881880134 | -0.6302378308391088
-0.22368940976884488 | 0.49357869881880134 | -0.6302378308391088 | 0.4145633622055789 | 0.9972005364544785:-0.2548219836402321 | 0.5075642420686037 | -0.6091881310652614
-0.2548219836402321 | 0.5075642420686037 | -0.6091881310652614 | 0.4145633622055789 | 0.9972005364544785:-0.2849066033605929 | 0.5211253212234297 | -0.5862672651410445
-0.2849066033605929 | 0.5211253212234297 | -0.5862672651410445 | 0.4145633622055789 | 0.9972005364544785:-0.3138481553707475 | 0.5342218473981006 | -0.5615366992963695
-0.3138481553707475 | 0.5342218473981006 | -0.5615366992963695 | 0.4145633622055789 | 0.9972005364544785:-0.3415546782355854 | 0.5468149818587662 | -0.5350636135959572
-0.3415546782355854 | 0.5468149818587662 | -0.5350636135959572 | 0.9373648858848667 | -0.6271432791096871:-0.32606297463126843 | 0.572388599805592 | -0.5203206384859271
-0.32606297463126843 | 0.572388599805592 | -0.5203206384859271 | 0.9373648858848667 | -0.6271432791096871:-0.3110420029539416 | 0.5972777737388313 | -0.5038744881457937
-0.3110420029539416 | 0.5972777737388313 | -0.5038744881457937 | 0.9373648858848667 | -0.6271432791096871:-0.2965456388783245 | 0.6214010681917657 | -0.4857724649328148
-0.2965456388783245 | 0.6214010681917657 | -0.4857724649328148 | 0.9373648858848667 | -0.6271432791096871:-0.2826261771472751 | 0.6446792771198488 | -0.4660674901318078
-0.2826261771472751 | 0.6446792771198488 | -0.4660674901318078 | 0.9373648858848667 | -0.6271432791096871:-0.26933415311525266 | 0.6670356944332667 | -0.4448179438208921
-0.26933415311525266 | 0.6670356944332667 | -0.4448179438208921 | 0.20521318800938038 | -0.9717941549276716:-0.24819650753472544 | 0.6727891799704224 | -0.4513367357731184
-0.24819650753472544 | 0.6727891799704224 | -0.4513367357731184 | 0.20521318800938038 | -0.9717941549276716:-0.22672613195979352 | 0.6786052837622307 | -0.45676193993720915
-0.22672613195979352 | 0.6786052837622307 | -0.45676193993720915 | 0.20521318800938038 | -0.9717941549276716:-0.2049770486233342 | 0.6844728224501111 | -0.4610760283604556
-0.2049770486233342 | 0.6844728224501111 | -0.4610760283604556 | 0.20521318800938038 | -0.9717941549276716:-0.18300415602794828 | 0.6903804119475083 | -0.4642642793724008
-0.18300415602794828 | 0.6903804119475083 | -0.4642642793724008 | 0.20521318800938038 | -0.9717941549276716:-0.160863088232297 | 0.6963164969290503 | -0.4663148229776741
-0.160863088232297 | 0.6963164969290503 | -0.4663148229776741 | 0.7741162173457494 | 0.6529873850363432:-0.17540952336524285 | 0.7150664404272504 | -0.43428080090024324
-0.17540952336524285 | 0.7150664404272504 | -0.43428080090024324 | 0.7741162173457494 | 0.6529873850363432:-0.18889895937790158 | 0.7325781138745953 | -0.4010227211367816
-0.18889895937790158 | 0.7325781138745953 | -0.4010227211367816 | 0.7741162173457494 | 0.6529873850363432:-0.2012912708187713 | 0.7488024194611782 | -0.3666240668804175
-0.2012912708187713 | 0.7488024194611782 | -0.3666240668804175 | 0.7741162173457494 | 0.6529873850363432:-0.21254915107854444 | 0.7636935367841247 | -0.33117160542654744
-0.21254915107854444 | 0.7636935367841247 | -0.33117160542654744 | 0.7741162173457494 | 0.6529873850363432:-0.22263821961946206 | 0.7772090543522268 | -0.29475516235061505
-0.22263821961946206 | 0.7772090543522268 | -0.29475516235061505 | 0.3116129527767264 | 0.5867857796303122:-0.2312069425608776 | 0.7829740172638395 | -0.27640499772858895
-0.2312069425608776 | 0.7829740172638395 | -0.27640499772858895 | 0.3116129527767264 | 0.5867857796303122:-0.2392396188531727 | 0.7884464611647246 | -0.25768869608454814
-0.2392396188531727 | 0.7884464611647246 | -0.25768869608454814 | 0.3116129527767264 | 0.5867857796303122:-0.24672476771148766 | 0.7936202354339343 | -0.23862695428347713
-0.24672476771148766 | 0.7936202354339343 | -0.23862695428347713 | 0.3116129527767264 | 0.5867857796303122:-0.25365154114685495 | 0.798489520836597 | -0.219240927627812
