0.0 | 0.0 | 0.0 | 0.04819546826639276 | 0.05403605918909804:2.701791827697697E-5 | -2.4097710810577766E-5 | 0.009999934466406553
2.701791827697697E-5 | -2.4097710810577766E-5 | 0.009999934466406553 | 0.04819546826639276 | 0.05403605918909804:1.0753045394127584E-4 | -9.590843552764738E-5 | 0.019899478354305417
1.0753045394127584E-4 | -9.590843552764738E-5 | 0.019899478354305417 | 0.04819546826639276 | 0.05403605918909804:2.4073285120931529E-4 | -2.1471486400459483E-4 | 0.029699248243373513
2.4073285120931529E-4 | -2.1471486400459483E-4 | 0.029699248243373513 | 0.04819546826639276 | 0.05403605918909804:4.2582970449740395E-4 | -3.798080163845974E-4 | 0.03939985841159277
4.2582970449740395E-4 | -3.798080163845974E-4 | 0.03939985841159277 | 0.04819546826639276 | 0.05403605918909804:6.620348586907006E-4 | -5.904871542927737E-4 | 0.04900192081511687
6.620348586907006E-4 | -5.904871542927737E-4 | 0.04900192081511687 | 0.04819546826639276 | 0.05403605918909804:9.485713103612051E-4 | -8.460596928738795E-4 | 0.05850604506881779
9.485713103612051E-4 | -8.460596928738795E-4 | 0.05850604506881779 | 0.04819546826639276 | 0.05403605918909804:0.0012846711099271024 | -0.0011458411136688884 | 0.06791283842750101
0.0012846711099271024 | -0.0011458411136688884 | 0.06791283842750101 | 0.04819546826639276 | 0.05403605918909804:0.001669575264745822 | -0.0014891548783202424 | 0.0772229057677783
0.001669575264745822 | -0.0014891548783202424 | 0.0772229057677783 | 0.5421290600305892 | -0.6132047820000945:-7.79583501629595E-4 | -0.00400937913617927 | 0.08638624665600525
-7.79583501629595E-4 | -0.00400937913617927 | 0.08638624665600525 | 0.5421290600305892 | -0.6132047820000945:-0.0037847053167382556 | -0.00701991487210063 | 0.09528475418699367
-0.0037847053167382556 | -0.00701991487210063 | 0.09528475418699367 | 0.5421290600305892 | -0.6132047820000945:-0.007330439852374884 | -0.010507833287856316 | 0.10387459320150638
-0.007330439852374884 | -0.010507833287856316 | 0.10387459320150638 | 0.5421290600305892 | -0.6132047820000945:-0.011399768179679724 | -0.014458711571655902 | 0.11211328342394422
-0.011399768179679724 | -0.014458711571655902 | 0.11211328342394422 | 0.5421290600305892 | -0.6132047820000945:-0.015974065250932014 | -0.018856686733948802 | 0.11995980331759482
-0.015974065250932014 | -0.018856686733948802 | 0.11995980331759482 | -0.658138324923951 | 0.7712787320191998:-0.012126536670149596 | -0.01596719584021722 | 0.1297137518964886
-0.012126536670149596 | -0.01596719584021722 | 0.1297137518964886 | -0.658138324923951 | 0.7712787320191998:-0.007568806004291592 | -0.012464636211106939 | 0.13917977628052713
-0.007568806004291592 | -0.012464636211106939 | 0.13917977628052713 | -0.658138324923951 | 0.7712787320191998:-0.0023185252035790582 | -0.008362951607256308 | 0.1482885000578178
-0.0023185252035790582 | -0.008362951607256308 | 0.1482885000578178 | -0.658138324923951 | 0.7712787320191998:0.003603225611728017 | -0.003679040585117699 | 0.1569723604014499
0.003603225611728017 | -0.003679040585117699 | 0.1569723604014499 | -0.658138324923951 | 0.7712787320191998:0.010172045956052214 | 0.001567331004287853 | 0.16516588056856496
0.010172045956052214 | 0.001567331004287853 | 0.16516588056856496 | -0.658138324923951 | 0.7712787320191998:0.01736033445624304 | 0.0073536276408303625 | 0.17280593244244002
0.01736033445624304 | 0.0073536276408303625 | 0.17280593244244002 | -0.658138324923951 | 0.7712787320191998:0.025137419482799475 | 0.013654651455323963 | 0.179831988285172
0.025137419482799475 | 0.013654651455323963 | 0.179831988285172 | -0.658138324923951 | 0.7712787320191998:0.033469700382853566 | 0.020442658786387513 | 0.18618636091199647
0.033469700382853566 | 0.020442658786387513 | 0.18618636091199647 | -0.658138324923951 | 0.7712787320191998:0.04232079873308518 | 0.02768748548988209 | 0.1918144315437913
0.04232079873308518 | 0.02768748548988209 | 0.1918144315437913 | -0.658138324923951 | 0.7712787320191998:0.05165171900275545 | 0.03535668049203611 | 0.1966648646417708
0.05165171900275545 | 0.03535668049203611 | 0.1966648646417708 | -0.658138324923951 | 0.7712787320191998:0.061421017991260096 | 0.0434156470545598 | 0.20068980907759482
0.061421017991260096 | 0.0434156470545598 | 0.20068980907759482 | -0.658138324923951 | 0.7712787320191998:0.07158498238107253 | 0.051827791199130946 | 0.2038450850429414
0.07158498238107253 | 0.051827791199130946 | 0.2038450850429414 | -0.658138324923951 | 0.7712787320191998:0.08209781372571823 | 0.0605546767196643 | 0.20609035615482663
0.08209781372571823 | 0.0605546767196643 | 0.20609035615482663 | -0.658138324923951 | 0.7712787320191998:0.09291182017354382 | 0.06955618619378456 | 0.2073892862664728
0.09291182017354382 | 0.06955618619378456 | 0.2073892862664728 | -0.658138324923951 | 0.7712787320191998:0.10397761421154883 | 0.07879068738995387 | 0.2077096805480836
0.10397761421154883 | 0.07879068738995387 | 0.2077096805480836 | -0.9582235761646425 | 0.08459044173598773:0.10806405780249417 | 0.09137574949108485 | 0.20951033793317464
0.10806405780249417 | 0.09137574949108485 | 0.20951033793317464 | -0.9582235761646425 | 0.08459044173598773:0.11214884611917308 | 0.10429876530634713 | 0.21047636324278862
0.11214884611917308 | 0.10429876530634713 | 0.21047636324278862 | -0.9582235761646425 | 0.08459044173598773:0.11622750922026925 | 0.11750633297409585 | 0.2105823205063122
0.11622750922026925 | 0.11750633297409585 | 0.2105823205063122 | -0.9582235761646425 | 0.08459044173598773:0.12029544918534008 | 0.1309435542367146 | 0.20980611554244355
0.12029544918534008 | 0.1309435542367146 | 0.20980611554244355 | -0.9582235761646425 | 0.08459044173598773:0.12434795799705733 | 0.1445542348790059 | 0.20812907232715183
0.12434795799705733 | 0.1445542348790059 | 0.20812907232715183 | 0.9173090194448279 | -0.18327872410726664:0.12548844337883303 | 0.1382887239808253 | 0.22115224086723106
0.12548844337883303 | 0.1382887239808253 | 0.22115224086723106 | 0.9173090194448279 | -0.18327872410726664:0.12642992651983298 | 0.13114592107424433 | 0.23400745857097416
0.12642992651983298 | 0.13114592107424433 | 0.23400745857097416 | 0.9173090194448279 | -0.18327872410726664:0.12717415265289866 | 0.12313202802451437 | 0.2466377358528158
0.12717415265289866 | 0.12313202802451437 | 0.2466377358528158 | 0.9173090194448279 | -0.18327872410726664:0.12772352582988655 | 0.11425656651872762 | 0.25898650201214224
0.12772352582988655 | 0.11425656651872762 | 0.25898650201214224 | 0.9173090194448279 | -0.18327872410726664:0.12808110145442164 | 0.1045323449398371 | 0.27099779604384366
0.12808110145442164 | 0.1045323449398371 | 0.27099779604384366 | 0.5369616598087201 | -0.9013149909922018:0.11810646878159226 | 0.09931014449410047 | 0.2852016950437921
0.11810646878159226 | 0.09931014449410047 | 0.2852016950437921 | 0.5369616598087201 | -0.9013149909922018:0.1072111097510573 | 0.09352733192004847 | 0.2988948188816831
0.1072111097510573 | 0.09352733192004847 | 0.2988948188816831 | 0.5369616598087201 | -0.9013149909922018:0.09541875383709963 | 0.08719708854295616 | 0.31200216186390595
0.09541875383709963 | 0.08719708854295616 | 0.31200216186390595 | 0.5369616598087201 | -0.9013149909922018:0.08275733470635149 | 0.08033512216678262 | 0.3244504031040112
0.08275733470635149 | 0.08033512216678262 | 0.3244504031040112 | 0.5369616598087201 | -0.9013149909922018:0.06925888977026906 | 0.07295961134418727 | 0.3361682119389915
0.06925888977026906 | 0.07295961134418727 | 0.3361682119389915 | 0.5178953082992181 | -0.24436737275943377:0.06632939148870198 | 0.06541929798967061 | 0.3450321640655103
0.06632939148870198 | 0.06541929798967061 | 0.3450321640655103 | 0.5178953082992181 | -0.24436737275943377:0.06320595032199394 | 0.057479100505568814 | 0.35364128916113025
0.06320595032199394 | 0.057479100505568814 | 0.35364128916113025 | 0.5178953082992181 | -0.24436737275943377:0.059893007252027175 | 0.04914805471482042 | 0.3619776794439389
0.059893007252027175 | 0.04914805471482042 | 0.3619776794439389 | 0.5178953082992181 | -0.24436737275943377:0.056395270072485015 | 0.04043576886355571 | 0.3700238511254259
0.056395270072485015 | 0.04043576886355571 | 0.3700238511254259 | 0.5178953082992181 | -0.24436737275943377:0.05271770590436864 | 0.03135240800352457 | 0.37776276446539114
0.05271770590436864 | 0.03135240800352457 | 0.37776276446539114 | 0.5178953082992181 | -0.24436737275943377:0.0488655334686805 | 0.021908677851373515 | 0.38517784316100645
0.0488655334686805 | 0.021908677851373515 | 0.38517784316100645 | 0.5178953082992181 | -0.24436737275943377:0.044844215126577325 | 0.012115808146434093 | 0.3922529930552443
0.044844215126577325 | 0.012115808146434093 | 0.3922529930552443 | 0.5178953082992181 | -0.24436737275943377:0.04065944869744609 | 0.0019855355289690735 | 0.39897262015062296
0.04065944869744609 | 0.0019855355289690735 | 0.39897262015062296 | 0.5178953082992181 | -0.24436737275943377:0.03631715906546118 | -0.008469914038888415 | 0.40532164791510006
0.03631715906546118 | -0.008469914038888415 | 0.40532164791510006 | 0.5178953082992181 | -0.24436737275943377:0.031823489585314224 | -0.019237843287032375 | 0.4112855338676855
0.031823489585314224 | -0.019237843287032375 | 0.4112855338676855 | 0.5178953082992181 | -0.24436737275943377:0.027184793297896803 | -0.030305102063410416 | 0.41685028543226466
0.027184793297896803 | -0.030305102063410416 | 0.41685028543226466 | 0.5178953082992181 | -0.24436737275943377:0.022407623966805623 | -0.04165810614927068 | 0.422002475048874
0.022407623966805623 | -0.04165810614927068 | 0.422002475048874 | 0.5178953082992181 | -0.24436737275943377:0.017498726946632903 | -0.05328285644054587 | 0.42672925453253363
0.017498726946632903 | -0.05328285644054587 | 0.42672925453253363 | 0.5178953082992181 | -0.24436737275943377:0.012465029894061619 | -0.06516495847212145 | 0.431018368670566
0.012465029894061619 | -0.06516495847212145 | 0.431018368670566 | 0.5178953082992181 | -0.24436737275943377:0.00731363333284607 | -0.07728964226161816 | 0.43485816805018196
0.00731363333284607 | -0.07728964226161816 | 0.43485816805018196 | -0.24491656080389212 | 0.983545935592683:0.029089288561752635 | -0.07286820167512997 | 0.44038177764201336
0.029089288561752635 | -0.07286820167512997 | 0.44038177764201336 | -0.24491656080389212 | 0.983545935592683:0.05137139299906002 | -0.06830366166866353 | 0.44470517909599216
0.05137139299906002 | -0.06830366166866353 | 0.44470517909599216 | -0.24491656080389212 | 0.983545935592683:0.07409391471133597 | -0.06361232536595973 | 0.44779027842930397
0.07409391471133597 | -0.06361232536595973 | 0.44779027842930397 | -0.24491656080389212 | 0.983545935592683:0.09718847880102599 | -0.05881110254368993 | 0.44960295012203133
0.09718847880102599 | -0.05881110254368993 | 0.44960295012203133 | -0.24491656080389212 | 0.983545935592683:0.12058459510064035 | -0.05391745381694435 | 0.45011317824359587
0.12058459510064035 | -0.05391745381694435 | 0.45011317824359587 | -0.40004365061843505 | 0.38968285928107926:0.130814423408117 | -0.04541223154765095 | 0.4537444308224057
0.130814423408117 | -0.04541223154765095 | 0.4537444308224057 | -0.40004365061843505 | 0.38968285928107926:0.14119293301523372 | -0.03673035388836288 | 0.456933967856596
0.14119293301523372 | -0.03673035388836288 | 0.456933967856596 | -0.40004365061843505 | 0.38968285928107926:0.1517091666978625 | -0.027883173240578984 | 0.45967257073919043
0.1517091666978625 | -0.027883173240578984 | 0.45967257073919043 | -0.40004365061843505 | 0.38968285928107926:0.16235196099798133 | -0.018882257438879113 | 0.4619515883647516
0.16235196099798133 | -0.018882257438879113 | 0.4619515883647516 | -0.40004365061843505 | 0.38968285928107926:0.17310996013186575 | -0.009739375573758757 | 0.46376294525193273
0.17310996013186575 | -0.009739375573758757 | 0.46376294525193273 | -0.66258164230604 | 0.26263706016206556:0.18101304373251148 | 0.005684581610973016 | 0.4662241523030062
0.18101304373251148 | 0.005684581610973016 | 0.4662241523030062 | -0.66258164230604 | 0.26263706016206556:0.18898373448101236 | 0.02133531990820764 | 0.467993517113797
0.18898373448101236 | 0.02133531990820764 | 0.467993517113797 | -0.66258164230604 | 0.26263706016206556:0.19701136818272413 | 0.037185697336741486 | 0.4690582888043622
0.19701136818272413 | 0.037185697336741486 | 0.4690582888043622 | -0.66258164230604 | 0.26263706016206556:0.20508508045883733 | 0.05320805058966138 | 0.46940696822451144
0.20508508045883733 | 0.05320805058966138 | 0.46940696822451144 | -0.66258164230604 | 0.26263706016206556:0.21319382658601338 | 0.0693742446929152 | 0.46902932920509954
0.21319382658601338 | 0.0693742446929152 | 0.46902932920509954 | -0.7087191421750945 | 0.24628873854970856:0.22094139660634227 | 0.08674153067608437 | 0.467898362514962
0.22094139660634227 | 0.08674153067608437 | 0.467898362514962 | -0.7087191421750945 | 0.24628873854970856:0.22869833874427759 | 0.10419960032437414 | 0.4659592441570517
0.22869833874427759 | 0.10419960032437414 | 0.4659592441570517 | -0.7087191421750945 | 0.24628873854970856:0.23645309159523809 | 0.121714811842492 | 0.46320490755865507
0.23645309159523809 | 0.121714811842492 | 0.46320490755865507 | -0.7087191421750945 | 0.24628873854970856:0.24419398792539582 | 0.1392531958591705 | 0.4596298642352643
0.24419398792539582 | 0.1392531958591705 | 0.4596298642352643 | -0.7087191421750945 | 0.24628873854970856:0.2519092775437439 | 0.15678052096796313 | 0.4552302169005671
0.2519092775437439 | 0.15678052096796313 | 0.4552302169005671 | -0.7087191421750945 | 0.24628873854970856:0.2595871502838394 | 0.17426235963727588 | 0.4500036695788765
0.2595871502838394 | 0.17426235963727588 | 0.4500036695788765 | -0.7087191421750945 | 0.24628873854970856:0.26721575905371164 | 0.1916641543702866 | 0.4439495347139619
0.26721575905371164 | 0.1916641543702866 | 0.4439495347139619 | -0.7087191421750945 | 0.24628873854970856:0.27478324291252765 | 0.20895128399560714 | 0.43706873727337836
0.27478324291252765 | 0.20895128399560714 | 0.43706873727337836 | -0.7087191421750945 | 0.24628873854970856:0.2822777501328071 | 0.2260891299699701 | 0.4293638158526285
0.2822777501328071 | 0.2260891299699701 | 0.4293638158526285 | -0.7087191421750945 | 0.24628873854970856:0.2896874612071798 | 0.24304314257481918 | 0.42083892078852614
0.2896874612071798 | 0.24304314257481918 | 0.42083892078852614 | -0.9992269643878033 | -0.43328437844715784:0.2829323442686862 | 0.26578115657715395 | 0.4175358694482405
0.2829323442686862 | 0.26578115657715395 | 0.4175358694482405 | -0.9992269643878033 | -0.43328437844715784:0.2761868748142966 | 0.2884603305549116 | 0.41286578233746596
0.2761868748142966 | 0.2884603305549116 | 0.41286578233746596 | -0.9992269643878033 | -0.43328437844715784:0.26948354238518313 | 0.3110064910453856 | 0.40682633316981764
0.26948354238518313 | 0.3110064910453856 | 0.40682633316981764 | -0.9992269643878033 | -0.43328437844715784:0.26285492273069977 | 0.33334513733733395 | 0.39942005159933913
0.26285492273069977 | 0.33334513733733395 | 0.39942005159933913 | -0.9992269643878033 | -0.43328437844715784:0.2563335612443023 | 0.35540170981481145 | 0.3906543467854071
0.2563335612443023 | 0.35540170981481145 | 0.3906543467854071 | -0.9992269643878033 | -0.43328437844715784:0.2499518560794627 | 0.3771018594780893 | 0.38054151336008957
0.2499518560794627 | 0.3771018594780893 | 0.38054151336008957 | -0.9992269643878033 | -0.43328437844715784:0.24374194136444238 | 0.39837171767654045 | 0.36909871975770514
0.24374194136444238 | 0.39837171767654045 | 0.36909871975770514 | -0.9992269643878033 | -0.43328437844715784:0.2377355709340705 | 0.4191381650884827 | 0.3563479789289232
0.2377355709340705 | 0.4191381650884827 | 0.3563479789289232 | -0.9992269643878033 | -0.43328437844715784:0.23196400299447006 | 0.43932909898646777 | 0.3423161015235223
0.23196400299447006 | 0.43932909898646777 | 0.3423161015235223 | -0.9992269643878033 | -0.43328437844715784:0.22645788613306372 | 0.4588736978332948 | 0.327034631687809
0.22645788613306372 | 0.4588736978332948 | 0.327034631687809 | -0.9992269643878033 | -0.43328437844715784:0.22124714708118987 | 0.47770268226410106 | 0.31053976568358266
0.22124714708118987 | 0.47770268226410106 | 0.31053976568358266 | -0.9992269643878033 | -0.43328437844715784:0.216360880630166 | 0.49574857152325347 | 0.2928722535956716
0.216360880630166 | 0.49574857152325347 | 0.2928722535956716 | -0.9992269643878033 | -0.43328437844715784:0.21182724209389647 | 0.512945934441241 | 0.2740772844541901
0.21182724209389647 | 0.512945934441241 | 0.2740772844541901 | -0.9992269643878033 | -0.43328437844715784:0.20767334270193416 | 0.5292316340564494 | 0.25420435515551176
0.20767334270193416 | 0.5292316340564494 | 0.25420435515551176 | -0.9992269643878033 | -0.43328437844715784:0.203925148296495 | 0.5445450650093386 | 0.2333071236223141
0.203925148296495 | 0.5445450650093386 | 0.2333071236223141 | -0.9992269643878033 | -0.43328437844715784:0.20060738169516767 | 0.5588283828622398 | 0.21144324669785775
0.20060738169516767 | 0.5588283828622398 | 0.21144324669785775 | -0.9992269643878033 | -0.43328437844715784:0.1977434290682023 | 0.5720267245264381 | 0.18867420332258433
0.1977434290682023 | 0.5720267245264381 | 0.18867420332258433 | -0.9992269643878033 | -0.43328437844715784:0.19535525066506843 | 0.5840884190094897 | 0.16506510359213422
0.19535525066506843 | 0.5840884190094897 | 0.16506510359213422 | -0.9992269643878033 | -0.43328437844715784:0.19346329620984015 | 0.5949651877296418 | 0.1406844843446926
0.19346329620984015 | 0.5949651877296418 | 0.1406844843446926 | -0.9992269643878033 | -0.43328437844715784:0.19208642526858277 | 0.6046123336805866 | 0.11560409197204535
0.19208642526858277 | 0.6046123336805866 | 0.11560409197204535 | -0.9992269643878033 | -0.43328437844715784:0.1912418328746952 | 0.6129889187686413 | 0.08989865319291823
0.1912418328746952 | 0.6129889187686413 | 0.08989865319291823 | -0.9992269643878033 | -0.43328437844715784:0.1909449806798449 | 0.6200579286854762 | 0.06364563456842731
0.1909449806798449 | 0.6200579286854762 | 0.06364563456842731 | -0.9992269643878033 | -0.43328437844715784:0.1912095338790678 | 0.6257864247226799 | 0.03692499157844864
0.1912095338790678 | 0.6257864247226799 | 0.03692499157844864 | -0.9992269643878033 | -0.43328437844715784:0.19204730413856552 | 0.6301456819795668 | 0.009818908113334857
0.19204730413856552 | 0.6301456819795668 | 0.009818908113334857 | -0.9992269643878033 | -0.43328437844715784:0.1934681987341378 | 0.6331113134625852 | -0.01758847273145392
0.1934681987341378 | 0.6331113134625852 | -0.01758847273145392 | 0.7798469168388507 | -0.5682418850213056:0.19417355787614987 | 0.6365457219494282 | 0.012662619529766772
0.19417355787614987 | 0.6365457219494282 | 0.012662619529766772 | 0.7798469168388507 | -0.5682418850213056:0.19400050749802844 | 0.6387610474797505 | 0.04318398122459044
0.19400050749802844 | 0.6387610474797505 | 0.04318398122459044 | 0.7798469168388507 | -0.5682418850213056:0.19293902275287245 | 0.6397422304643605 | 0.07389927554914522
0.19293902275287245 | 0.6397422304643605 | 0.07389927554914522 | 0.7798469168388507 | -0.5682418850213056:0.19098141481103248 | 0.6394773947310313 | 0.10473109827697868
0.19098141481103248 | 0.6394773947310313 | 0.10473109827697868 | 0.7798469168388507 | -0.5682418850213056:0.1881223629333295 | 0.6379578955904606 | 0.13560118432436852
0.1881223629333295 | 0.6379578955904606 | 0.13560118432436852 | 0.19031342362659975 | -0.8735684004488338:0.18261723836116595 | 0.6396512087195916 | 0.15045329011755726
0.18261723836116595 | 0.6396512087195916 | 0.15045329011755726 | 0.19031342362659975 | -0.8735684004488338:0.17642689911741272 | 0.6411661843505563 | 0.16512402148124394
0.17642689911741272 | 0.6411661843505563 | 0.16512402148124394 | 0.19031342362659975 | -0.8735684004488338:0.1695579630416102 | 0.6425043834698982 | 0.17957917803273915
0.1695579630416102 | 0.6425043834698982 | 0.17957917803273915 | 0.19031342362659975 | -0.8735684004488338:0.1620186761570661 | 0.6436677202282937 | 0.19378483842226757
0.1620186761570661 | 0.6436677202282937 | 0.19378483842226757 | 0.19031342362659975 | -0.8735684004488338:0.15381889977149044 | 0.6446584595453544 | 0.20770744154738807
0.15381889977149044 | 0.6446584595453544 | 0.20770744154738807 | 0.19031342362659975 | -0.8735684004488338:0.14497009372960967 | 0.6454792138726866 | 0.22131386706799816
0.14497009372960967 | 0.6454792138726866 | 0.22131386706799816 | 0.19031342362659975 | -0.8735684004488338:0.13548529585722413 | 0.6461329391227686 | 0.2345715150326697
0.13548529585722413 | 0.6461329391227686 | 0.2345715150326697 | 0.19031342362659975 | -0.8735684004488338:0.1253790976448954 | 0.6466229297734145 | 0.24744838442943262
0.1253790976448954 | 0.6466229297734145 | 0.24744838442943262 | 0.19031342362659975 | -0.8735684004488338:0.11466761622808619 | 0.6469528131591886 | 0.25991315047688346
0.11466761622808619 | 0.6469528131591886 | 0.25991315047688346 | 0.19031342362659975 | -0.8735684004488338:0.10336846272911515 | 0.6471265429632354 | 0.27193524047467577
0.10336846272911515 | 0.6471265429632354 | 0.27193524047467577 | 0.19031342362659975 | -0.8735684004488338:0.09150070703451618 | 0.6471483919246772 | 0.28348490803610105
0.09150070703451618 | 0.6471483919246772 | 0.28348490803610105 | 0.19031342362659975 | -0.8735684004488338:0.07908483908958885 | 0.6470229437785946 | 0.2945333055293631
0.07908483908958885 | 0.6470229437785946 | 0.2945333055293631 | 0.19031342362659975 | -0.8735684004488338:0.06614272679978939 | 0.6467550844472889 | 0.3050525545585572
0.06614272679978939 | 0.6467550844472889 | 0.3050525545585572 | 0.19031342362659975 | -0.8735684004488338:0.052697570636349056 | 0.6463499925032785 | 0.3150158143202333
0.052697570636349056 | 0.6463499925032785 | 0.3150158143202333 | 0.19031342362659975 | -0.8735684004488338:0.03877385505090025 | 0.6458131289261111 | 0.32439734767618233
0.03877385505090025 | 0.6458131289261111 | 0.32439734767618233 | 0.19031342362659975 | -0.8735684004488338:0.024397296811144997 | 0.6451502261766358 | 0.3331725847889828
0.024397296811144997 | 0.6451502261766358 | 0.3331725847889828 | 0.19031342362659975 | -0.8735684004488338:0.009594790376493023 | 0.6443672766139557 | 0.3413181841722661
0.009594790376493023 | 0.6443672766139557 | 0.3413181841722661 | 0.19031342362659975 | -0.8735684004488338:-0.00560564956077414 | 0.6434705202817455 | 0.34881209101394006
-0.00560564956077414 | 0.6434705202817455 | 0.34881209101394006 | 0.19031342362659975 | -0.8735684004488338:-0.02117494823687771 | 0.6424664320920215 | 0.3556335926369556
-0.02117494823687771 | 0.6424664320920215 | 0.3556335926369556 | 0.19031342362659975 | -0.8735684004488338:-0.037083033542550936 | 0.6413617084357917 | 0.36176337096900824
-0.037083033542550936 | 0.6413617084357917 | 0.36176337096900824 | -0.8085908215823172 | 0.7047084101650769:-0.02532933203733556 | 0.6577951088335254 | 0.3378424842997845
-0.02532933203733556 | 0.6577951088335254 | 0.3378424842997845 | -0.8085908215823172 | 0.7047084101650769:-0.01440886158301602 | 0.6732709871368492 | 0.31277415459106095
-0.01440886158301602 | 0.6732709871368492 | 0.31277415459106095 | -0.8085908215823172 | 0.7047084101650769:-0.004364204649544234 | 0.6877393418655053 | 0.28662696327076276
-0.004364204649544234 | 0.6877393418655053 | 0.28662696327076276 | -0.8085908215823172 | 0.7047084101650769:0.004764579108373468 | 0.7011529880216187 | 0.2594732438431535
0.004764579108373468 | 0.7011529880216187 | 0.2594732438431535 | -0.8085908215823172 | 0.7047084101650769:0.012940090750163336 | 0.7134677196395103 | 0.23138886953934446
0.012940090750163336 | 0.7134677196395103 | 0.23138886953934446 | -0.8085908215823172 | 0.7047084101650769:0.020127721866652237 | 0.724642463304555 | 0.20245302897299666
0.020127721866652237 | 0.724642463304555 | 0.20245302897299666 | -0.8085908215823172 | 0.7047084101650769:0.026295775884374706 | 0.7346394221318775 | 0.1727479905005822
0.026295775884374706 | 0.7346394221318775 | 0.1727479905005822 | -0.8085908215823172 | 0.7047084101650769:0.03141558045262016 | 0.7434242097263137 | 0.14235885602231946
0.03141558045262016 | 0.7434242097263137 | 0.14235885602231946 | -0.8085908215823172 | 0.7047084101650769:0.03546159053736275 | 0.7509659736765428 | 0.11137330499398246
0.03546159053736275 | 0.7509659736765428 | 0.11137330499398246 | -0.8085908215823172 | 0.7047084101650769:0.03841148187568599 | 0.7572375081699221 | 0.07988132945167337
0.03841148187568599 | 0.7572375081699221 | 0.07988132945167337 | -0.8085908215823172 | 0.7047084101650769:0.040246234474961895 | 0.7622153553487934 | 0.04797496088074382
0.040246234474961895 | 0.7622153553487934 | 0.04797496088074382 | -0.8085908215823172 | 0.7047084101650769:0.04095020587269538 | 0.7658798950649697 | 0.015747989786461858
0.04095020587269538 | 0.7658798950649697 | 0.015747989786461858 | -0.8085908215823172 | 0.7047084101650769:0.04051119390538638 | 0.7682154227259161 | -0.016704321151991053
0.04051119390538638 | 0.7682154227259161 | -0.016704321151991053 | -0.8085908215823172 | 0.7047084101650769:0.03892048876810428 | 0.7692102149637705 | -0.049285529441831955
0.03892048876810428 | 0.7692102149637705 | -0.049285529441831955 | -0.8085908215823172 | 0.7047084101650769:0.0361729141804048 | 0.7688565828970866 | -0.08189830973076084
0.0361729141804048 | 0.7688565828970866 | -0.08189830973076084 | -0.630835900213653 | 0.6034242621722841:0.03305182889103975 | 0.7681270221940295 | -0.10746036148891136
0.03305182889103975 | 0.7681270221940295 | -0.10746036148891136 | -0.630835900213653 | 0.6034242621722841:0.029149673481672522 | 0.7665584625883426 | -0.13295013938946454
0.029149673481672522 | 0.7665584625883426 | -0.13295013938946454 | -0.630835900213653 | 0.6034242621722841:0.024467875972330688 | 0.7641517881626783 | -0.1583155369491962
0.024467875972330688 | 0.7641517881626783 | -0.1583155369491962 | -0.630835900213653 | 0.6034242621722841:0.01900952025482283 | 0.7609096124605799 | -0.1835044785036004
0.01900952025482283 | 0.7609096124605799 | -0.1835044785036004 | -0.630835900213653 | 0.6034242621722841:0.012779344460447817 | 0.7568362785472971 | -0.20846502990832505
0.012779344460447817 | 0.7568362785472971 | -0.20846502990832505 | -0.630835900213653 | 0.6034242621722841:0.0057837357840888615 | 0.7519378553640976 | -0.23314550912910192
0.0057837357840888615 | 0.7519378553640976 | -0.23314550912910192 | -0.630835900213653 | 0.6034242621722841:-0.0019692782256228725 | 0.7462221303823071 | -0.2574945964830917
-0.0019692782256228725 | 0.7462221303823071 | -0.2574945964830917 | -0.630835900213653 | 0.6034242621722841:-0.010470041892936877 | 0.7396985985713584 | -0.2814614442957222
-0.010470041892936877 | 0.7396985985713584 | -0.2814614442957222 | -0.630835900213653 | 0.6034242621722841:-0.019707287133790885 | 0.7323784477029278 | -0.30499578573832764
-0.019707287133790885 | 0.7323784477029278 | -0.30499578573832764 | -0.630835900213653 | 0.6034242621722841:-0.02966815263474487 | 0.7242745400208435 | -0.32804804261389364
-0.02966815263474487 | 0.7242745400208435 | -0.32804804261389364 | -0.630835900213653 | 0.6034242621722841:-0.04033820645273778 | 0.7154013903144403 | -0.3505694318606558
-0.04033820645273778 | 0.7154013903144403 | -0.3505694318606558 | -0.630835900213653 | 0.6034242621722841:-0.05170147198899144 | 0.7057751404403447 | -0.37251207054602986
-0.05170147198899144 | 0.7057751404403447 | -0.37251207054602986 | -0.630835900213653 | 0.6034242621722841:-0.06374045728347433 | 0.6954135303453555 | -0.393829079126931
-0.06374045728347433 | 0.6954135303453555 | -0.393829079126931 | -0.630835900213653 | 0.6034242621722841:-0.07643618756911152 | 0.6843358656504535 | -0.41447468275607946
-0.07643618756911152 | 0.6843358656504535 | -0.41447468275607946 | -0.630835900213653 | 0.6034242621722841:-0.08976824101828207 | 0.6725629818630452 | -0.43440431041846495
-0.08976824101828207 | 0.6725629818630452 | -0.43440431041846495 | -0.630835900213653 | 0.6034242621722841:-0.10371478760726482 | 0.6601172052918614 | -0.4535746916866401
-0.10371478760726482 | 0.6601172052918614 | -0.4535746916866401 | -0.630835900213653 | 0.6034242621722841:-0.11825263101789396 | 0.6470223107456476 | -0.4719439508887575
-0.11825263101789396 | 0.6470223107456476 | -0.4719439508887575 | -0.630835900213653 | 0.6034242621722841:-0.1333572534892209 | 0.6333034761036842 | -0.48947169848882055
-0.1333572534892209 | 0.6333034761036842 | -0.48947169848882055 | -0.630835900213653 | 0.6034242621722841:-0.14900286352588665 | 0.6189872338525433 | -0.5061191194846728
-0.14900286352588665 | 0.6189872338525433 | -0.5061191194846728 | -0.630835900213653 | 0.6034242621722841:-0.16516244636391697 | 0.6041014196899681 | -0.5218490586355244
-0.16516244636391697 | 0.6041014196899681 | -0.5218490586355244 | -0.630835900213653 | 0.6034242621722841:-0.18180781708887928 | 0.5886751183028309 | -0.5366261023377312
-0.18180781708887928 | 0.5886751183028309 | -0.5366261023377312 | -0.630835900213653 | 0.6034242621722841:-0.19890967629589973 | 0.572738606431983 | -0.550416656974491
-0.19890967629589973 | 0.572738606431983 | -0.550416656974491 | -0.630835900213653 | 0.6034242621722841:-0.2164376681756579 | 0.5563232933424231 | -0.5631890235728605
-0.2164376681756579 | 0.5563232933424231 | -0.5631890235728605 | -0.630835900213653 | 0.6034242621722841:-0.23436044090552777 | 0.539461658822681 | -0.5749134686091004
-0.23436044090552777 | 0.539461658822681 | -0.5749134686091004 | -0.630835900213653 | 0.6034242621722841:-0.25264570922022855 | 0.522187188842409 | -0.5855622908116231
-0.25264570922022855 | 0.522187188842409 | -0.5855622908116231 | 0.810405894351323 | 0.4974111598352209:-0.2671597679006368 | 0.5466422953668797 | -0.5586597021371666
-0.2671597679006368 | 0.5466422953668797 | -0.5586597021371666 | 0.810405894351323 | 0.4974111598352209:-0.2809984593566348 | 0.5700226192725495 | -0.5303623831163371
-0.2809984593566348 | 0.5700226192725495 | -0.5303623831163371 | 0.810405894351323 | 0.4974111598352209:-0.294126339084114 | 0.5922692026263974 | -0.5007310966815481
-0.294126339084114 | 0.5922692026263974 | -0.5007310966815481 | 0.810405894351323 | 0.4974111598352209:-0.3065095396464823 | 0.61332558803079 | -0.4698300038988279
-0.3065095396464823 | 0.61332558803079 | -0.4698300038988279 | 0.810405894351323 | 0.4974111598352209:-0.31811585700909717 | 0.6331379622580684 | -0.4377265178977332
-0.31811585700909717 | 0.6331379622580684 | -0.4377265178977332 | 0.23789769025665297 | 0.6952613262787899:-0.333542479275458 | 0.6395806524099399 | -0.4196887928171371
-0.333542479275458 | 0.6395806524099399 | -0.4196887928171371 | 0.23789769025665297 | 0.6952613262787899:-0.34835155688371167 | 0.6458053341443701 | -0.401003459749532
-0.34835155688371167 | 0.6458053341443701 | -0.401003459749532 | 0.23789769025665297 | 0.6952613262787899:-0.36251920371469204 | 0.6518037963070782 | -0.3816948142979193
-0.36251920371469204 | 0.6518037963070782 | -0.3816948142979193 | 0.23789769025665297 | 0.6952613262787899:-0.376022408819388 | 0.6575681202701986 | -0.36178813512494656
-0.376022408819388 | 0.6575681202701986 | -0.36178813512494656 | 0.23789769025665297 | 0.6952613262787899:-0.3888390722608115 | 0.6630906924186775 | -0.34130964814854536
-0.3888390722608115 | 0.6630906924186775 | -0.34130964814854536 | 0.23789769025665297 | 0.6952613262787899:-0.40094803961684633 | 0.6683642161871148 | -0.32028648929125225
-0.40094803961684633 | 0.6683642161871148 | -0.32028648929125225 | 0.23789769025665297 | 0.6952613262787899:-0.412329135092941 | 0.6733817236291344 | -0.2987466658394311
-0.412329135092941 | 0.6733817236291344 | -0.2987466658394311 | 0.23789769025665297 | 0.6952613262787899:-0.4229631931955602 | 0.6781365865020774 | -0.27671901647075714
-0.4229631931955602 | 0.6781365865020774 | -0.27671901647075714 | 0.23789769025665297 | 0.6952613262787899:-0.4328320889196018 | 0.682622526850821 | -0.2542331700100213
-0.4328320889196018 | 0.682622526850821 | -0.2542331700100213 | 0.23789769025665297 | 0.6952613262787899:-0.4419187664051716 | 0.6868336270748756 | -0.23131950297534587
-0.4419187664051716 | 0.6868336270748756 | -0.23131950297534587 | 0.23789769025665297 | 0.6952613262787899:-0.4502072660214971 | 0.6907643394642662 | -0.208009095978408
-0.4502072660214971 | 0.6907643394642662 | -0.208009095978408 | 0.23789769025665297 | 0.6952613262787899:-0.45768274983808155 | 0.6944094951896602 | -0.18433368904399927
-0.45768274983808155 | 0.6944094951896602 | -0.18433368904399927 | 0.23789769025665297 | 0.6952613262787899:-0.46433152544569367 | 0.6977643127341366 | -0.16032563591578608
-0.46433152544569367 | 0.6977643127341366 | -0.16032563591578608 | 0.23789769025665297 | 0.6952613262787899:-0.4701410680922171 | 0.700824405753707 | -0.13601785741643013
-0.4701410680922171 | 0.700824405753707 | -0.13601785741643013 | 0.23789769025665297 | 0.6952613262787899:-0.47510004110096116 | 0.7035857903554046 | -0.11144379393170567
-0.47510004110096116 | 0.7035857903554046 | -0.11144379393170567 | -0.018528720267358745 | -0.2157818119745729:-0.4746585073587619 | 0.7046632228923642 | -0.11741162297479946
-0.4746585073587619 | 0.7046632228923642 | -0.11741162297479946 | -0.018528720267358745 | -0.2157818119745729:-0.4741424880525509 | 0.7057231353769282 | -0.12338293726427807
-0.4741424880525509 | 0.7057231353769282 | -0.12338293726427807 | -0.018528720267358745 | -0.2157818119745729:-0.47355197075255084 | 0.7067656375294717 | -0.12935672127364128
-0.47355197075255084 | 0.7067656375294717 | -0.12935672127364128 | -0.018528720267358745 | -0.2157818119745729:-0.47288695586395146 | 0.7077908390610332 | -0.13533196179384532
-0.47288695586395146 | 0.7077908390610332 | -0.13533196179384532 | -0.018528720267358745 | -0.2157818119745729:-0.47214745655780765 | 0.7087988496784448 | -0.14130764806779794
-0.47214745655780765 | 0.7087988496784448 | -0.14130764806779794 | -0.018528720267358745 | -0.2157818119745729:-0.47133349870096986 | 0.7097897790894905 | -0.14728277192367045
-0.47133349870096986 | 0.7097897790894905 | -0.14728277192367045 | -0.018528720267358745 | -0.2157818119745729:-0.47044512078505285 | 0.7107637370076674 | -0.1532563279070729
