0.0 | 0.0 | 0.0 | -0.3357894485576187 | -0.3550663176525062:-1.774988129617417E-4 | 1.6788683651713932E-4 | 0.009997014963553942
-1.774988129617417E-4 | 1.6788683651713932E-4 | 0.009997014963553942 | -0.3357894485576187 | -0.3550663176525062:-7.061846010790265E-4 | 6.680427935393807E-4 | 0.01987624265637746
-7.061846010790265E-4 | 6.680427935393807E-4 | 0.01987624265637746 | -0.857737418473216 | -0.0810306745288345:-0.001173887643822268 | 0.0022680177544275315 | 0.029591003434579287
-0.001173887643822268 | 0.0022680177544275315 | 0.029591003434579287 | -0.857737418473216 | -0.0810306745288345:-0.0017157570384349432 | 0.004689326697880913 | 0.03908632524075016
-0.0017157570384349432 | 0.004689326697880913 | 0.03908632524075016 | -0.857737418473216 | -0.0810306745288345:-0.0023297790948812683 | 0.007911433859746908 | 0.048311039654062485
-0.0023297790948812683 | 0.007911433859746908 | 0.048311039654062485 | -0.857737418473216 | -0.0810306745288345:-0.003013684652098206 | 0.011911068644593903 | 0.05721553165610507
-0.003013684652098206 | 0.011911068644593903 | 0.05721553165610507 | -0.857737418473216 | -0.0810306745288345:-0.0037649589329342027 | 0.016662327052462067 | 0.06575187371040023
-0.0037649589329342027 | 0.016662327052462067 | 0.06575187371040023 | -0.857737418473216 | -0.0810306745288345:-0.004580851956697151 | 0.022136779139807827 | 0.07387395375706945
-0.004580851956697151 | 0.022136779139807827 | 0.07387395375706945 | -0.857737418473216 | -0.0810306745288345:-0.005458389476937681 | 0.02830358217735718 | 0.08153759686827583
-0.005458389476937681 | 0.02830358217735718 | 0.08153759686827583 | -0.857737418473216 | -0.0810306745288345:-0.006394384411206072 | 0.03512959915779457 | 0.0887006803279225
-0.006394384411206072 | 0.03512959915779457 | 0.0887006803279225 | -0.857737418473216 | -0.0810306745288345:-0.00738544872871838 | 0.04257952229733042 | 0.09532324191727692
-0.00738544872871838 | 0.04257952229733042 | 0.09532324191727692 | -0.857737418473216 | -0.0810306745288345:-0.008428005761150485 | 0.05061600116720055 | 0.10136758120667755
-0.008428005761150485 | 0.05061600116720055 | 0.10136758120667755 | -0.857737418473216 | -0.0810306745288345:-0.009518302901148627 | 0.05919977508408103 | 0.10679835367221502
-0.009518302901148627 | 0.05919977508408103 | 0.10679835367221502 | -0.857737418473216 | -0.0810306745288345:-0.010652424652601564 | 0.06828980938224094 | 0.11158265747522744
-0.010652424652601564 | 0.06828980938224094 | 0.11158265747522744 | -0.857737418473216 | -0.0810306745288345:-0.011826305996263622 | 0.0778434351850179 | 0.11569011276155805
-0.011826305996263622 | 0.0778434351850179 | 0.11569011276155805 | -0.857737418473216 | -0.0810306745288345:-0.013035746033948914 | 0.08781649228888583 | 0.1190929333567563
-0.013035746033948914 | 0.08781649228888583 | 0.1190929333567563 | -0.857737418473216 | -0.0810306745288345:-0.01427642187423564 | 0.0981634747699881 | 0.1217659907527111
-0.01427642187423564 | 0.0981634747699881 | 0.1217659907527111 | -0.857737418473216 | -0.0810306745288345:-0.015543902722424244 | 0.10883767892053059 | 0.12368687030055314
-0.015543902722424244 | 0.10883767892053059 | 0.12368687030055314 | -0.857737418473216 | -0.0810306745288345:-0.01683366413738517 | 0.11979135312086991 | 0.12483591954399387
-0.01683366413738517 | 0.11979135312086991 | 0.12483591954399387 | -0.857737418473216 | -0.0810306745288345:-0.018141102417908922 | 0.13097584925247463 | 0.12519628864656807
-0.018141102417908922 | 0.13097584925247463 | 0.12519628864656807 | -0.857737418473216 | -0.0810306745288345:-0.019461549081233265 | 0.14234177525718372 | 0.12475396288542884
-0.019461549081233265 | 0.14234177525718372 | 0.12475396288542884 | -0.857737418473216 | -0.0810306745288345:-0.020790285396568575 | 0.1538391484493245 | 0.12349778720342486
-0.020790285396568575 | 0.1538391484493245 | 0.12349778720342486 | -0.857737418473216 | -0.0810306745288345:-0.022122556936670812 | 0.1654175491892651 | 0.12141948283007276
-0.022122556936670812 | 0.1654175491892651 | 0.12141948283007276 | -0.857737418473216 | -0.0810306745288345:-0.023453588110821016 | 0.17702627452985775 | 0.11851365600072317
-0.023453588110821016 | 0.17702627452985775 | 0.11851365600072317 | -0.857737418473216 | -0.0810306745288345:-0.02477859664296131 | 0.18861449145096132 | 0.11477779882165295
-0.02477859664296131 | 0.18861449145096132 | 0.11477779882165295 | -0.857737418473216 | -0.0810306745288345:-0.026092807959203823 | 0.20013138930179597 | 0.11021228234696068
-0.026092807959203823 | 0.20013138930179597 | 0.11021228234696068 | -0.857737418473216 | -0.0810306745288345:-0.02739146944947407 | 0.21152633107626184 | 0.1048203419509619
-0.02739146944947407 | 0.21152633107626184 | 0.1048203419509619 | -0.857737418473216 | -0.0810306745288345:-0.028669864568669545 | 0.2227490031525341 | 0.09860805509724146
-0.028669864568669545 | 0.2227490031525341 | 0.09860805509724146 | -0.857737418473216 | -0.0810306745288345:-0.02992332674340409 | 0.2337495631351938 | 0.09158431162259628
-0.02992332674340409 | 0.2337495631351938 | 0.09158431162259628 | -0.857737418473216 | -0.0810306745288345:-0.031147253051171775 | 0.244478785445861 | 0.08376077667072801
-0.031147253051171775 | 0.244478785445861 | 0.08376077667072801 | -0.857737418473216 | -0.0810306745288345:-0.03233711763959102 | 0.2548882043167269 | 0.075151846426738
-0.03233711763959102 | 0.2548882043167269 | 0.075151846426738 | -0.857737418473216 | -0.0810306745288345:-0.03348848485428674 | 0.26493025385051094 | 0.06577459681916098
-0.03348848485428674 | 0.26493025385051094 | 0.06577459681916098 | 0.09193043475686968 | 0.6988940489232052:-0.031948066454950574 | 0.2716009142857372 | 0.06991649759674168
-0.031948066454950574 | 0.2716009142857372 | 0.06991649759674168 | 0.09193043475686968 | 0.6988940489232052:-0.030190889636798612 | 0.2781744635425074 | 0.07407369477933612
-0.030190889636798612 | 0.2781744635425074 | 0.07407369477933612 | 0.09193043475686968 | 0.6988940489232052:-0.02821592336083989 | 0.28465142640321073 | 0.07823488171257909
-0.02821592336083989 | 0.28465142640321073 | 0.07823488171257909 | 0.09193043475686968 | 0.6988940489232052:-0.026022652277272962 | 0.2910323885857582 | 0.08238874035655641
-0.026022652277272962 | 0.2910323885857582 | 0.08238874035655641 | 0.09193043475686968 | 0.6988940489232052:-0.023611074997551995 | 0.29731799663629443 | 0.08652396362391013
-0.023611074997551995 | 0.29731799663629443 | 0.08652396362391013 | 0.26111744925990776 | -0.877589132794661:-0.028165415675120653 | 0.30273811152289287 | 0.09125749470821365
-0.028165415675120653 | 0.30273811152289287 | 0.09125749470821365 | 0.26111744925990776 | -0.877589132794661:-0.033009188779727805 | 0.30800404327157693 | 0.09589344298654146
-0.033009188779727805 | 0.30800404327157693 | 0.09589344298654146 | 0.26111744925990776 | -0.877589132794661:-0.03813836827443917 | 0.3131175347515516 | 0.10041200586047516
-0.03813836827443917 | 0.3131175347515516 | 0.10041200586047516 | 0.26111744925990776 | -0.877589132794661:-0.043547832174966605 | 0.31808064980144835 | 0.10479363710022138
-0.043547832174966605 | 0.31808064980144835 | 0.10479363710022138 | 0.26111744925990776 | -0.877589132794661:-0.04923137918803144 | 0.32289576875482773 | 0.10901910932987535
-0.04923137918803144 | 0.32289576875482773 | 0.10901910932987535 | 0.6614377388351849 | -0.5779009720802164:-0.05367008159237663 | 0.32519064740792736 | 0.12041399668744734
-0.05367008159237663 | 0.32519064740792736 | 0.12041399668744734 | 0.6614377388351849 | -0.5779009720802164:-0.058497775743747815 | 0.32696978451224723 | 0.13189100505152274
-0.058497775743747815 | 0.32696978451224723 | 0.13189100505152274 | 0.6614377388351849 | -0.5779009720802164:-0.06371958590597748 | 0.3282274355004331 | 0.1434139655241493
-0.06371958590597748 | 0.3282274355004331 | 0.1434139655241493 | 0.6614377388351849 | -0.5779009720802164:-0.06933932259149678 | 0.3289593453060391 | 0.15494628583459136
-0.06933932259149678 | 0.3289593453060391 | 0.15494628583459136 | 0.6614377388351849 | -0.5779009720802164:-0.0753594718682058 | 0.3291627624258515 | 0.16645105624102996
-0.0753594718682058 | 0.3291627624258515 | 0.16645105624102996 | -0.7978613385777684 | 0.30276287130025437:-0.074241471718681 | 0.3410966304652927 | 0.15686978288453712
-0.074241471718681 | 0.3410966304652927 | 0.15686978288453712 | -0.7978613385777684 | 0.30276287130025437:-0.07322854382738542 | 0.35267984023445553 | 0.14657527775739876
-0.07322854382738542 | 0.35267984023445553 | 0.14657527775739876 | -0.7978613385777684 | 0.30276287130025437:-0.07233518517149284 | 0.36387473648943747 | 0.13558393757781406
-0.07233518517149284 | 0.36387473648943747 | 0.13558393757781406 | -0.7978613385777684 | 0.30276287130025437:-0.07157557228166667 | 0.3746444571013221 | 0.12391429685624811
-0.07157557228166667 | 0.3746444571013221 | 0.12391429685624811 | -0.7978613385777684 | 0.30276287130025437:-0.07096352350983848 | 0.3849530335507243 | 0.11158697973413734
-0.07096352350983848 | 0.3849530335507243 | 0.11158697973413734 | -0.7978613385777684 | 0.30276287130025437:-0.07051246230552954 | 0.3947654888660015 | 0.09862464667894866
-0.07051246230552954 | 0.3947654888660015 | 0.09862464667894866 | -0.7978613385777684 | 0.30276287130025437:-0.07023538158346754 | 0.4040479327839286 | 0.08505193618925855
-0.07023538158346754 | 0.4040479327839286 | 0.08505193618925855 | -0.7978613385777684 | 0.30276287130025437:-0.07014480926222566 | 0.41276765391950754 | 0.07089540167394137
-0.07014480926222566 | 0.41276765391950754 | 0.07089540167394137 | -0.7978613385777684 | 0.30276287130025437:-0.0702527750504407 | 0.4208932087396171 | 0.05618344367951256
-0.0702527750504407 | 0.4208932087396171 | 0.05618344367951256 | -0.7978613385777684 | 0.30276287130025437:-0.07057077855384697 | 0.4283945071438833 | 0.04094623764917227
-0.07057077855384697 | 0.4283945071438833 | 0.04094623764917227 | -0.7978613385777684 | 0.30276287130025437:-0.07110975877290593 | 0.4352428944649773 | 0.025215657406143066
-0.07110975877290593 | 0.4352428944649773 | 0.025215657406143066 | -0.7978613385777684 | 0.30276287130025437:-0.07188006505722999 | 0.4414112297099084 | 0.009025194562457983
-0.07188006505722999 | 0.4414112297099084 | 0.009025194562457983 | -0.7978613385777684 | 0.30276287130025437:-0.07289142957929329 | 0.4468739598734164 | -0.007590125937622538
-0.07289142957929329 | 0.4468739598734164 | -0.007590125937622538 | -0.7978613385777684 | 0.30276287130025437:-0.07415294138610973 | 0.45160719016450024 | -0.02459383392279424
-0.07415294138610973 | 0.45160719016450024 | -0.02459383392279424 | -0.7978613385777684 | 0.30276287130025437:-0.07567302208363902 | 0.4555887499973075 | -0.04194810552474326
-0.07567302208363902 | 0.4555887499973075 | -0.04194810552474326 | -0.06697646597240503 | 0.9303607953764119:-0.07851026500005398 | 0.46071257957087397 | -0.04036913356774452
-0.07851026500005398 | 0.46071257957087397 | -0.04036913356774452 | -0.06697646597240503 | 0.9303607953764119:-0.08128393386733901 | 0.4657874402344593 | -0.03864809520487267
-0.08128393386733901 | 0.4657874402344593 | -0.03864809520487267 | -0.06697646597240503 | 0.9303607953764119:-0.0839860065513478 | 0.4708144467020201 | -0.03678752086794823
-0.0839860065513478 | 0.4708144467020201 | -0.03678752086794823 | -0.06697646597240503 | 0.9303607953764119:-0.08660858471359756 | 0.47579470019778114 | -0.03479038973209203
-0.08660858471359756 | 0.47579470019778114 | -0.03479038973209203 | -0.06697646597240503 | 0.9303607953764119:-0.08914391801175414 | 0.48072928675593296 | -0.03266012270708263
-0.08914391801175414 | 0.48072928675593296 | -0.03266012270708263 | 0.8891132074133175 | -0.9107370832100357:-0.08946024401225561 | 0.4867191665333266 | -0.015469350100860702
-0.08946024401225561 | 0.4867191665333266 | -0.015469350100860702 | 0.8891132074133175 | -0.9107370832100357:-0.09056283627924744 | 0.49189112583001204 | 0.0021188852721563123
-0.09056283627924744 | 0.49189112583001204 | 0.0021188852721563123 | 0.8891132074133175 | -0.9107370832100357:-0.0924754210655494 | 0.49622088487974025 | 0.020027724344810593
-0.0924754210655494 | 0.49622088487974025 | 0.020027724344810593 | 0.8891132074133175 | -0.9107370832100357:-0.09521787334226994 | 0.499687858956424 | 0.03817766079065965
-0.09521787334226994 | 0.499687858956424 | 0.03817766079065965 | 0.8891132074133175 | -0.9107370832100357:-0.09880608247151423 | 0.5022752979380627 | 0.05648691742296652
-0.09880608247151423 | 0.5022752979380627 | 0.05648691742296652 | -0.23365463251425056 | 0.0359298638575174:-0.09964460706119294 | 0.5076368216399096 | 0.05127099350153319
-0.09964460706119294 | 0.5076368216399096 | 0.05127099350153319 | -0.23365463251425056 | 0.0359298638575174:-0.10048256267474365 | 0.5128948978157837 | 0.045936368113142834
-0.10048256267474365 | 0.5128948978157837 | 0.045936368113142834 | -0.23365463251425056 | 0.0359298638575174:-0.10132036304743641 | 0.5180479010417187 | 0.040485309999660934
-0.10132036304743641 | 0.5180479010417187 | 0.040485309999660934 | -0.23365463251425056 | 0.0359298638575174:-0.10215841389951708 | 0.5230942471614064 | 0.03492010007713553
-0.10215841389951708 | 0.5230942471614064 | 0.03492010007713553 | -0.23365463251425056 | 0.0359298638575174:-0.10299711296773717 | 0.5280323931925324 | 0.02924303083653612
-0.10299711296773717 | 0.5280323931925324 | 0.02924303083653612 | 0.42778616744543485 | -0.13659761778215196:-0.10415557961548849 | 0.531800012570109 | 0.040166255891315394
-0.10415557961548849 | 0.531800012570109 | 0.040166255891315394 | 0.42778616744543485 | -0.13659761778215196:-0.10538325269776028 | 0.5352797684133748 | 0.05124549532839673
-0.10538325269776028 | 0.5352797684133748 | 0.05124549532839673 | 0.42778616744543485 | -0.13659761778215196:-0.10668178735316536 | 0.5384671125776883 | 0.062472107770184415
-0.10668178735316536 | 0.5384671125776883 | 0.062472107770184415 | 0.42778616744543485 | -0.13659761778215196:-0.10805275914138868 | 0.5413577376106282 | 0.07383733433512152
-0.10805275914138868 | 0.5413577376106282 | 0.07383733433512152 | 0.42778616744543485 | -0.13659761778215196:-0.10949766340986855 | 0.543947578884481 | 0.0853323057677251
-0.10949766340986855 | 0.543947578884481 | 0.0853323057677251 | 0.4145633622055789 | 0.9972005364544785:-0.10536453801842693 | 0.546297293226079 | 0.10272182399947738
-0.10536453801842693 | 0.546297293226079 | 0.10272182399947738 | 0.4145633622055789 | 0.9972005364544785:-0.1003148358561532 | 0.548226481969845 | 0.12004663708276375
-0.1003148358561532 | 0.548226481969845 | 0.12004663708276375 | 0.4145633622055789 | 0.9972005364544785:-0.09434818798234268 | 0.5497347641468586 | 0.1372472763354864
-0.09434818798234268 | 0.5497347641468586 | 0.1372472763354864 | 0.4145633622055789 | 0.9972005364544785:-0.08746750476831355 | 0.5508231161788828 | 0.15426410062557494
-0.08746750476831355 | 0.5508231161788828 | 0.15426410062557494 | 0.4145633622055789 | 0.9972005364544785:-0.07967898683135743 | 0.55149387866512 | 0.1710375089337326
-0.07967898683135743 | 0.55149387866512 | 0.1710375089337326 | 0.9373648858848667 | -0.6271432791096871:-0.08642042616980739 | 0.5467599121538811 | 0.19548196086575764
-0.08642042616980739 | 0.5467599121538811 | 0.19548196086575764 | 0.9373648858848667 | -0.6271432791096871:-0.09395941367224481 | 0.5407783981129342 | 0.21959949655353128
-0.09395941367224481 | 0.5407783981129342 | 0.21959949655353128 | 0.9373648858848667 | -0.6271432791096871:-0.10228738162814022 | 0.5335604906059217 | 0.24329923710416868
-0.10228738162814022 | 0.5335604906059217 | 0.24329923710416868 | 0.9373648858848667 | -0.6271432791096871:-0.11139264071072752 | 0.5251220203888387 | 0.2664909538915934
-0.11139264071072752 | 0.5251220203888387 | 0.2664909538915934 | 0.9373648858848667 | -0.6271432791096871:-0.1212604036388285 | 0.5154834677517677 | 0.28908541687138367
-0.1212604036388285 | 0.5154834677517677 | 0.28908541687138367 | 0.20521318800938038 | -0.9717941549276716:-0.13630482723860027 | 0.5158597450954012 | 0.2900165728709325
-0.13630482723860027 | 0.5158597450954012 | 0.2900165728709325 | 0.20521318800938038 | -0.9717941549276716:-0.15145971129806224 | 0.5161733344544466 | 0.2901898403741594
-0.15145971129806224 | 0.5161733344544466 | 0.2901898403741594 | 0.20521318800938038 | -0.9717941549276716:-0.16668569733495087 | 0.5164328528564717 | 0.2895959608749781
-0.16668569733495087 | 0.5164328528564717 | 0.2895959608749781 | 0.20521318800938038 | -0.9717941549276716:-0.18194285378924846 | 0.516647045967666 | 0.2882278575269783
-0.18194285378924846 | 0.516647045967666 | 0.2882278575269783 | 0.20521318800938038 | -0.9717941549276716:-0.1971907928714769 | 0.5168247636289216 | 0.28608066841663593
-0.1971907928714769 | 0.5168247636289216 | 0.28608066841663593 | 0.7741162173457494 | 0.6529873850363432:-0.18823451740468666 | 0.508428699510123 | 0.31403030401309806
-0.18823451740468666 | 0.508428699510123 | 0.31403030401309806 | 0.7741162173457494 | 0.6529873850363432:-0.17830510993648563 | 0.49885206430209195 | 0.3414595662289024
-0.17830510993648563 | 0.49885206430209195 | 0.3414595662289024 | 0.7741162173457494 | 0.6529873850363432:-0.1674182150703194 | 0.48811193274477915 | 0.3682836877820268
-0.1674182150703194 | 0.48811193274477915 | 0.3682836877820268 | 0.7741162173457494 | 0.6529873850363432:-0.15559251124435036 | 0.4762289961388575 | 0.3944190123314897
-0.15559251124435036 | 0.4762289961388575 | 0.3944190123314897 | 0.7741162173457494 | 0.6529873850363432:-0.14284967017672745 | 0.46322751936215667 | 0.41978325688604734
-0.14284967017672745 | 0.46322751936215667 | 0.41978325688604734 | 0.3116129527767264 | 0.5867857796303122:-0.13099235754905791 | 0.4591856870696631 | 0.4333671445159748
-0.13099235754905791 | 0.4591856870696631 | 0.4333671445159748 | 0.3116129527767264 | 0.5867857796303122:-0.11866479448032141 | 0.45486966741049173 | 0.44656788200802744
-0.11866479448032141 | 0.45486966741049173 | 0.44656788200802744 | 0.3116129527767264 | 0.5867857796303122:-0.10587837683565393 | 0.4502855593742723 | 0.45936398608273166
-0.10587837683565393 | 0.4502855593742723 | 0.45936398608273166 | 0.3116129527767264 | 0.5867857796303122:-0.09264523006001557 | 0.4454398509335533 | 0.4717344494140008
-0.09264523006001557 | 0.4454398509335533 | 0.4717344494140008 | 0.3116129527767264 | 0.5867857796303122:-0.07897819257296224 | 0.4403394104874039 | 0.48365877141889513
-0.07897819257296224 | 0.4403394104874039 | 0.48365877141889513 | -0.9800616564439883 | -0.5848235095851446:-0.09291623991949027 | 0.46590227643964255 | 0.4613793175862533
-0.09291623991949027 | 0.46590227643964255 | 0.4613793175862533 | -0.9800616564439883 | -0.5848235095851446:-0.10622143952829077 | 0.4904315402917945 | 0.43731919545717446
-0.10622143952829077 | 0.4904315402917945 | 0.43731919545717446 | -0.9800616564439883 | -0.5848235095851446:-0.11883822729674787 | 0.5138325782076052 | 0.4115462139624384
-0.11883822729674787 | 0.5138325782076052 | 0.4115462139624384 | -0.9800616564439883 | -0.5848235095851446:-0.13071312480054864 | 0.5360140944996701 | 0.3841349507264482
-0.13071312480054864 | 0.5360140944996701 | 0.3841349507264482 | -0.9800616564439883 | -0.5848235095851446:-0.14179494997363573 | 0.5568884805236038 | 0.35516651664198484
-0.14179494997363573 | 0.5568884805236038 | 0.35516651664198484 | 0.27412951835772503 | -0.2600263932190725:-0.14720285401966038 | 0.5546191550778872 | 0.3626250043242365
-0.14720285401966038 | 0.5546191550778872 | 0.3626250043242365 | 0.27412951835772503 | -0.2600263932190725:-0.1527225342247327 | 0.5521975424724275 | 0.36999002513267776
-0.1527225342247327 | 0.5521975424724275 | 0.36999002513267776 | 0.27412951835772503 | -0.2600263932190725:-0.1583526913264226 | 0.5496253196655303 | 0.37725707718903934
-0.1583526913264226 | 0.5496253196655303 | 0.37725707718903934 | 0.27412951835772503 | -0.2600263932190725:-0.1640919559051408 | 0.5469042345838346 | 0.3844217150386555
-0.1640919559051408 | 0.5469042345838346 | 0.3844217150386555 | 0.27412951835772503 | -0.2600263932190725:-0.169938889461962 | 0.5440361050335056 | 0.3914795516477554
-0.169938889461962 | 0.5440361050335056 | 0.3914795516477554 | 0.27412951835772503 | -0.2600263932190725:-0.17589198552034446 | 0.5410228175856489 | 0.39842626036176654
-0.17589198552034446 | 0.5410228175856489 | 0.39842626036176654 | 0.27412951835772503 | -0.2600263932190725:-0.1819496707511572 | 0.5378663264365571 | 0.40525757682423347
-0.1819496707511572 | 0.5378663264365571 | 0.40525757682423347 | 0.27412951835772503 | -0.2600263932190725:-0.18811030612039303 | 0.5345686522434292 | 0.4119693008557874
-0.18811030612039303 | 0.5345686522434292 | 0.4119693008557874 | 0.27412951835772503 | -0.2600263932190725:-0.19437218805891554 | 0.5311318809362362 | 0.4185572982926793
-0.19437218805891554 | 0.5311318809362362 | 0.4185572982926793 | 0.27412951835772503 | -0.2600263932190725:-0.2007335496536431 | 0.5275581625064163 | 0.4250175027844598
-0.2007335496536431 | 0.5275581625064163 | 0.4250175027844598 | 0.576947090173201 | 0.21137032146786994:-0.19688590766146774 | 0.5172187275128977 | 0.4439902070775972
-0.19688590766146774 | 0.5172187275128977 | 0.4439902070775972 | 0.576947090173201 | 0.21137032146786994:-0.19281317029142997 | 0.5062616558941144 | 0.4626654631332059
-0.19281317029142997 | 0.5062616558941144 | 0.4626654631332059 | 0.576947090173201 | 0.21137032146786994:-0.18851845822115898 | 0.4946951233609056 | 0.48102026511223883
-0.18851845822115898 | 0.4946951233609056 | 0.48102026511223883 | 0.576947090173201 | 0.21137032146786994:-0.18400516581885995 | 0.4825280570067463 | 0.4990318965385896
-0.18400516581885995 | 0.4825280570067463 | 0.4990318965385896 | 0.576947090173201 | 0.21137032146786994:-0.1792769573778461 | 0.46977012542149055 | 0.5166779575776594
-0.1792769573778461 | 0.46977012542149055 | 0.5166779575776594 | 0.576947090173201 | 0.21137032146786994:-0.17433776304136472 | 0.4564317279537775 | 0.533936391907357
-0.17433776304136472 | 0.4564317279537775 | 0.533936391907357 | 0.576947090173201 | 0.21137032146786994:-0.16919177442325228 | 0.4425239831369012 | 0.5507855131524337
-0.16919177442325228 | 0.4425239831369012 | 0.5507855131524337 | 0.576947090173201 | 0.21137032146786994:-0.16384343993035344 | 0.428058716293819 | 0.5672040308536062
-0.16384343993035344 | 0.428058716293819 | 0.5672040308536062 | 0.576947090173201 | 0.21137032146786994:-0.15829745979286436 | 0.41304844633784654 | 0.5831710759435786
-0.15829745979286436 | 0.41304844633784654 | 0.5831710759435786 | 0.576947090173201 | 0.21137032146786994:-0.1525587808090858 | 0.39750637178619996 | 0.5986662257027469
-0.1525587808090858 | 0.39750637178619996 | 0.5986662257027469 | 0.2292071371919575 | 0.1419777532720472:-0.14880864444900155 | 0.39203049500845566 | 0.6064328547497517
-0.14880864444900155 | 0.39203049500845566 | 0.6064328547497517 | 0.2292071371919575 | 0.1419777532720472:-0.1449830961878824 | 0.38642700595314494 | 0.6141071529908118
-0.1449830961878824 | 0.38642700595314494 | 0.6141071529908118 | 0.2292071371919575 | 0.1419777532720472:-0.14108303139645706 | 0.3806973888477927 | 0.6216865653759562
-0.14108303139645706 | 0.3806973888477927 | 0.6216865653759562 | 0.2292071371919575 | 0.1419777532720472:-0.1371093650978974 | 0.3748431593172086 | 0.6291685724995979
-0.1371093650978974 | 0.3748431593172086 | 0.6291685724995979 | 0.2292071371919575 | 0.1419777532720472:-0.13306303161028055 | 0.3688658638139941 | 0.6365506910118377
-0.13306303161028055 | 0.3688658638139941 | 0.6365506910118377 | 0.2292071371919575 | 0.1419777532720472:-0.12894498418781808 | 0.36276707904688976 | 0.6438304740189906
-0.12894498418781808 | 0.36276707904688976 | 0.6438304740189906 | 0.2292071371919575 | 0.1419777532720472:-0.12475619466090215 | 0.3565484114071751 | 0.6510055114733859
-0.12475619466090215 | 0.3565484114071751 | 0.6510055114733859 | 0.2292071371919575 | 0.1419777532720472:-0.12049765307508586 | 0.3502114963931646 | 0.6580734305524487
-0.12049765307508586 | 0.3502114963931646 | 0.6580734305524487 | 0.2292071371919575 | 0.1419777532720472:-0.11617036732900665 | 0.3437579980329204 | 0.6650318960270951
-0.11617036732900665 | 0.3437579980329204 | 0.6650318960270951 | 0.2292071371919575 | 0.1419777532720472:-0.11177536281138067 | 0.33718960830531586 | 0.6718786106194834
-0.11177536281138067 | 0.33718960830531586 | 0.6718786106194834 | -0.612876708966307 | 0.6325537900166665:-0.09109646392703041 | 0.35874628839675893 | 0.666534055645915
-0.09109646392703041 | 0.35874628839675893 | 0.666534055645915 | -0.612876708966307 | 0.6325537900166665:-0.07055014104884982 | 0.3801809202360076 | 0.6598323648298035
-0.07055014104884982 | 0.3801809202360076 | 0.6598323648298035 | -0.612876708966307 | 0.6325537900166665:-0.05018137430740843 | 0.40144997377431935 | 0.651779625669036
-0.05018137430740843 | 0.40144997377431935 | 0.651779625669036 | -0.612876708966307 | 0.6325537900166665:-0.03003495983371529 | 0.4225100511165394 | 0.6423848416518183
-0.03003495983371529 | 0.4225100511165394 | 0.6423848416518183 | -0.612876708966307 | 0.6325537900166665:-0.010155411764401379 | 0.4433179816340811 | 0.6316599222957677
-0.010155411764401379 | 0.4433179816340811 | 0.6316599222957677 | -0.612876708966307 | 0.6325537900166665:0.009413135313478094 | 0.4638309167499344 | 0.6196196667890135
0.009413135313478094 | 0.4638309167499344 | 0.6196196667890135 | -0.612876708966307 | 0.6325537900166665:0.028627023263796403 | 0.48400642418742024 | 0.606281741266713
0.028627023263796403 | 0.48400642418742024 | 0.606281741266713 | -0.612876708966307 | 0.6325537900166665:0.04744316643614255 | 0.503802581476144 | 0.5916666497700049
0.04744316643614255 | 0.503802581476144 | 0.5916666497700049 | -0.612876708966307 | 0.6325537900166665:0.06581914662347188 | 0.5231780685099352 | 0.5757976989484277
0.06581914662347188 | 0.5231780685099352 | 0.5757976989484277 | -0.612876708966307 | 0.6325537900166665:0.08371330673451638 | 0.5420922589542201 | 0.5587009565801608
0.08371330673451638 | 0.5420922589542201 | 0.5587009565801608 | 0.09719142571686712 | 0.11631063463618019:0.08721740662839572 | 0.5408660246848811 | 0.5623870554941988
0.08721740662839572 | 0.5408660246848811 | 0.5623870554941988 | 0.09719142571686712 | 0.11631063463618019:0.09074942638989114 | 0.5395994430157245 | 0.5660369255298434
0.09074942638989114 | 0.5395994430157245 | 0.5660369255298434 | 0.09719142571686712 | 0.11631063463618019:0.09430903086546927 | 0.5382929623130153 | 0.569650161562798
0.09430903086546927 | 0.5382929623130153 | 0.569650161562798 | 0.09719142571686712 | 0.11631063463618019:0.0978958835273751 | 0.5369470304145736 | 0.5732263651020162
0.0978958835273751 | 0.5369470304145736 | 0.5732263651020162 | 0.09719142571686712 | 0.11631063463618019:0.10150964651685968 | 0.5355620946104693 | 0.576765144252434
0.10150964651685968 | 0.5355620946104693 | 0.576765144252434 | -0.3402343615510419 | 0.24635054805096535:0.10877502611078071 | 0.5467141681554253 | 0.5677507718169039
0.10877502611078071 | 0.5467141681554253 | 0.5677507718169039 | -0.3402343615510419 | 0.24635054805096535:0.115941322146071 | 0.5577217034725166 | 0.5584168317784588
0.115941322146071 | 0.5577217034725166 | 0.5584168317784588 | -0.3402343615510419 | 0.24635054805096535:0.12300396869853714 | 0.5685784660595701 | 0.5487671504287164
0.12300396869853714 | 0.5685784660595701 | 0.5487671504287164 | -0.3402343615510419 | 0.24635054805096535:0.12995845645719228 | 0.5792782970094308 | 0.5388057366594978
0.12995845645719228 | 0.5792782970094308 | 0.5388057366594978 | -0.3402343615510419 | 0.24635054805096535:0.13680033512993361 | 0.5898151163641216 | 0.5285367794658455
0.13680033512993361 | 0.5898151163641216 | 0.5285367794658455 | 0.9641571521062575 | 0.055311661742847074:0.13867629661041825 | 0.5650367664800768 | 0.5573228363007559
0.13867629661041825 | 0.5650367664800768 | 0.5573228363007559 | 0.9641571521062575 | 0.055311661742847074:0.1406289813629975 | 0.5388198978560297 | 0.5849257133214536
0.1406289813629975 | 0.5388198978560297 | 0.5849257133214536 | 0.9641571521062575 | 0.055311661742847074:0.14265504893784176 | 0.5112217251222333 | 0.6112728792457318
0.14265504893784176 | 0.5112217251222333 | 0.6112728792457318 | 0.9641571521062575 | 0.055311661742847074:0.1447509527996953 | 0.48230311692199734 | 0.6362946319085481
0.1447509527996953 | 0.48230311692199734 | 0.6362946319085481 | 0.9641571521062575 | 0.055311661742847074:0.14691294873457217 | 0.4521284538609791 | 0.6599242826436011
0.14691294873457217 | 0.4521284538609791 | 0.6599242826436011 | -0.5749453900369084 | -0.12454144097772657:0.14321129215840855 | 0.4719908643493085 | 0.649044489020774
0.14321129215840855 | 0.4719908643493085 | 0.649044489020774 | -0.5749453900369084 | -0.12454144097772657:0.13956873053714958 | 0.4915633891074833 | 0.6375312187799622
0.13956873053714958 | 0.4915633891074833 | 0.6375312187799622 | -0.5749453900369084 | -0.12454144097772657:0.13598955471915453 | 0.5108263579132171 | 0.6253929484453522
0.13598955471915453 | 0.5108263579132171 | 0.6253929484453522 | -0.5749453900369084 | -0.12454144097772657:0.13247799795709803 | 0.529760354620251 | 0.6126387956402439
0.13247799795709803 | 0.529760354620251 | 0.6126387956402439 | -0.5749453900369084 | -0.12454144097772657:0.1290382316522436 | 0.5483462369555809 | 0.5992785105257923
0.1290382316522436 | 0.5483462369555809 | 0.5992785105257923 | 0.3320127759565592 | -0.5283916385713048:0.11316781388308073 | 0.5394846417332815 | 0.6128147177034222
0.11316781388308073 | 0.5394846417332815 | 0.6128147177034222 | 0.3320127759565592 | -0.5283916385713048:0.09691175217124126 | 0.5303661004364386 | 0.6257896733405133
0.09691175217124126 | 0.5303661004364386 | 0.6257896733405133 | 0.3320127759565592 | -0.5283916385713048:0.08028521686145673 | 0.521000113327446 | 0.6381875460507445
0.08028521686145673 | 0.521000113327446 | 0.6381875460507445 | 0.3320127759565592 | -0.5283916385713048:0.06330382913845511 | 0.5113964678288596 | 0.6499930928980788
0.06330382913845511 | 0.5113964678288596 | 0.6499930928980788 | 0.3320127759565592 | -0.5283916385713048:0.04598364416946943 | 0.5015652280881397 | 0.6611916770747897
0.04598364416946943 | 0.5015652280881397 | 0.6611916770747897 | 0.3320127759565592 | -0.5283916385713048:0.028341133767474602 | 0.49151672423555226 | 0.6717692849016856
0.028341133767474602 | 0.49151672423555226 | 0.6717692849016856 | 0.3320127759565592 | -0.5283916385713048:0.010393168594976743 | 0.4812615413475214 | 0.6817125421326935
0.010393168594976743 | 0.4812615413475214 | 0.6817125421326935 | 0.3320127759565592 | -0.5283916385713048:-0.00784300007146399 | 0.47081050812788305 | 0.6910087295468585
-0.00784300007146399 | 0.47081050812788305 | 0.6910087295468585 | 0.3320127759565592 | -0.5283916385713048:-0.026349758995298345 | 0.4601746853201121 | 0.6996457978117192
-0.026349758995298345 | 0.4601746853201121 | 0.6996457978117192 | 0.3320127759565592 | -0.5283916385713048:-0.0451091520316087 | 0.4493653538634135 | 0.707612381602658
-0.0451091520316087 | 0.4493653538634135 | 0.707612381602658 | -0.714259413110252 | -0.7057878858915558:-0.06959793928547775 | 0.4752515898918688 | 0.69041249956868
-0.06959793928547775 | 0.4752515898918688 | 0.69041249956868 | -0.714259413110252 | -0.7057878858915558:-0.09347587142326574 | 0.5005441330072813 | 0.6713950577329086
-0.09347587142326574 | 0.5005441330072813 | 0.6713950577329086 | -0.714259413110252 | -0.7057878858915558:-0.11667768469495954 | 0.5251762515281797 | 0.6506028392494514
-0.11667768469495954 | 0.5251762515281797 | 0.6506028392494514 | -0.714259413110252 | -0.7057878858915558:-0.13913969748059074 | 0.549082728132575 | 0.6280834411755478
-0.13913969748059074 | 0.549082728132575 | 0.6280834411755478 | -0.714259413110252 | -0.7057878858915558:-0.16079998416727825 | 0.572200037870445 | 0.6038891602346439
-0.16079998416727825 | 0.572200037870445 | 0.6038891602346439 | 0.414843088538132 | -0.2869700502868704:-0.16992208924961005 | 0.5605601511946929 | 0.6143615713212327
-0.16992208924961005 | 0.5605601511946929 | 0.6143615713212327 | 0.414843088538132 | -0.2869700502868704:-0.17920292005989147 | 0.5486725762658295 | 0.6244633348401152
-0.17920292005989147 | 0.5486725762658295 | 0.6244633348401152 | 0.414843088538132 | -0.2869700502868704:-0.18863700003482364 | 0.5365452888715367 | 0.6341862428601743
-0.18863700003482364 | 0.5365452888715367 | 0.6341862428601743 | 0.414843088538132 | -0.2869700502868704:-0.19821872563084852 | 0.5241864496420305 | 0.6435223492629021
-0.19821872563084852 | 0.5241864496420305 | 0.6435223492629021 | 0.414843088538132 | -0.2869700502868704:-0.20794237049182485 | 0.5116043981008715 | 0.652463975665448
-0.20794237049182485 | 0.5116043981008715 | 0.652463975665448 | 0.414843088538132 | -0.2869700502868704:-0.21780208970085724 | 0.4988076465920841 | 0.6610037171402752
-0.21780208970085724 | 0.4988076465920841 | 0.6610037171402752 | 0.414843088538132 | -0.2869700502868704:-0.22779192411301175 | 0.48580487408786155 | 0.6691344477278491
-0.22779192411301175 | 0.48580487408786155 | 0.6691344477278491 | 0.414843088538132 | -0.2869700502868704:-0.2379058047656546 | 0.47260491988188846 | 0.6768493257388215
-0.2379058047656546 | 0.47260491988188846 | 0.6768493257388215 | 0.414843088538132 | -0.2869700502868704:-0.24813755736306575 | 0.4592167771728555 | 0.6841417988426173
-0.24813755736306575 | 0.4592167771728555 | 0.6841417988426173 | 0.414843088538132 | -0.2869700502868704:-0.25848090683198954 | 0.4456495865430128 | 0.6910056089391077
-0.25848090683198954 | 0.4456495865430128 | 0.6910056089391077 | -0.6007221032060346 | -0.6072106165579869:-0.2793689679909228 | 0.46694743352556145 | 0.6702238099989586
-0.2793689679909228 | 0.46694743352556145 | 0.6702238099989586 | -0.6007221032060346 | -0.6072106165579869:-0.29962427714261075 | 0.4876356332406573 | 0.6481402580798914
-0.29962427714261075 | 0.4876356332406573 | 0.6481402580798914 | -0.6007221032060346 | -0.6072106165579869:-0.31920645996268426 | 0.5076737089034111 | 0.6247926414143166
