0.0 | 0.0 | 0.0 | -0.9148005804379935 | 0.0740109996295677:3.6966711659473266E-5 | 4.5724081521325566E-4 | 0.009989472673726688
3.6966711659473266E-5 | 4.5724081521325566E-4 | 0.009989472673726688 | -0.9148005804379935 | 0.0740109996295677:1.4689560559006884E-4 | 0.0018179088859534565 | 0.01981624659120465
1.4689560559006884E-4 | 0.0018179088859534565 | 0.01981624659120465 | -0.9148005804379935 | 0.0740109996295677:3.281156781642497E-4 | 0.0040627493770923895 | 0.0294199899490241
3.281156781642497E-4 | 0.0040627493770923895 | 0.0294199899490241 | 0.25561569451140564 | -0.3674721081433694:-2.830761672008847E-4 | 0.004890729200730304 | 0.039098274433647176
-2.830761672008847E-4 | 0.004890729200730304 | 0.039098274433647176 | 0.25561569451140564 | -0.3674721081433694:-0.0012468335906927197 | 0.005460992333534254 | 0.04868878903335644
-0.0012468335906927197 | 0.005460992333534254 | 0.04868878903335644 | 0.25561569451140564 | -0.3674721081433694:-0.002558076660825837 | 0.005777103595831279 | 0.058177781256848
-0.002558076660825837 | 0.005777103595831279 | 0.058177781256848 | 0.25561569451140564 | -0.3674721081433694:-0.004211436271980016 | 0.005842829521578774 | 0.06755177349786701
-0.004211436271980016 | 0.005842829521578774 | 0.06755177349786701 | 0.25561569451140564 | -0.3674721081433694:-0.006201262096063533 | 0.005662132887002569 | 0.07679757052551395
-0.006201262096063533 | 0.005662132887002569 | 0.07679757052551395 | 0.456610117005932 | -0.13077384086895671:-0.0075047275551428545 | 0.004374195619668342 | 0.08604540638412822
-0.0075047275551428545 | 0.004374195619668342 | 0.08604540638412822 | 0.456610117005932 | -0.13077384086895671:-0.008919884271443052 | 0.0026632041351730695 | 0.0951637041520576
-0.008919884271443052 | 0.0026632041351730695 | 0.0951637041520576 | 0.456610117005932 | -0.13077384086895671:-0.010444696868383663 | 5.364149345139513E-4 | 0.10413789698260045
-0.010444696868383663 | 5.364149345139513E-4 | 0.10413789698260045 | 0.456610117005932 | -0.13077384086895671:-0.012077020465469601 | -0.001998532531631736 | 0.11295374637149957
-0.012077020465469601 | -0.001998532531631736 | 0.11295374637149957 | 0.456610117005932 | -0.13077384086895671:-0.013814603986439376 | -0.004933627278025043 | 0.12159735131078608
-0.013814603986439376 | -0.004933627278025043 | 0.12159735131078608 | -0.3594543243174195 | -0.41062842380928544:-0.017478021880767414 | -0.0029443636141998075 | 0.13005195553977233
-0.017478021880767414 | -0.0029443636141998075 | 0.13005195553977233 | -0.3594543243174195 | -0.41062842380928544:-0.02147831254243071 | -6.467784867446591E-4 | 0.13828205911694447
-0.02147831254243071 | -6.467784867446591E-4 | 0.13828205911694447 | -0.3594543243174195 | -0.41062842380928544:-0.025806699497336827 | 0.0019514873458399418 | 0.14627029680114667
-0.025806699497336827 | 0.0019514873458399418 | 0.14627029680114667 | -0.3594543243174195 | -0.41062842380928544:-0.03045399499177945 | 0.004842429572885165 | 0.15399982327688222
-0.03045399499177945 | 0.004842429572885165 | 0.15399982327688222 | -0.3594543243174195 | -0.41062842380928544:-0.03541061549507357 | 0.008017693756791178 | 0.16145432805125082
-0.03541061549507357 | 0.008017693756791178 | 0.16145432805125082 | -0.3594543243174195 | -0.41062842380928544:-0.040666597453557496 | 0.011468588984989592 | 0.16861804961942073
-0.040666597453557496 | 0.011468588984989592 | 0.16861804961942073 | -0.3594543243174195 | -0.41062842380928544:-0.04621161327791465 | 0.01518610173288415 | 0.17547578889302584
-0.04621161327791465 | 0.01518610173288415 | 0.17547578889302584 | -0.3594543243174195 | -0.41062842380928544:-0.0520349875457603 | 0.019160909922007474 | 0.18201292188660667
-0.0520349875457603 | 0.019160909922007474 | 0.18201292188660667 | -0.3594543243174195 | -0.41062842380928544:-0.05812571340144812 | 0.023383397157632824 | 0.1882154116579393
-0.05812571340144812 | 0.023383397157632824 | 0.1882154116579393 | -0.3594543243174195 | -0.41062842380928544:-0.0644724691350737 | 0.02784366713009656 | 0.1940698194988002
-0.0644724691350737 | 0.02784366713009656 | 0.1940698194988002 | -0.3594543243174195 | -0.41062842380928544:-0.07106363492269174 | 0.03253155816410924 | 0.19956331537344196
-0.07106363492269174 | 0.03253155816410924 | 0.19956331537344196 | -0.3594543243174195 | -0.41062842380928544:-0.07788730970981617 | 0.037436657900379755 | 0.20468368760275002
-0.07788730970981617 | 0.037436657900379755 | 0.20468368760275002 | -0.3594543243174195 | -0.41062842380928544:-0.08493132822034055 | 0.04254831809392523 | 0.20941935179275095
-0.08493132822034055 | 0.04254831809392523 | 0.20941935179275095 | -0.3594543243174195 | -0.41062842380928544:-0.09218327807309667 | 0.047855669513505394 | 0.21375935900683896
-0.09218327807309667 | 0.047855669513505394 | 0.21375935900683896 | -0.3594543243174195 | -0.41062842380928544:-0.099630516988368 | 0.05334763692670186 | 0.21769340318177166
-0.099630516988368 | 0.05334763692670186 | 0.21769340318177166 | -0.07705496233018594 | 0.8774861403913252:-0.09276477384792314 | 0.055853237741778305 | 0.22846676443495095
-0.09276477384792314 | 0.055853237741778305 | 0.22846676443495095 | -0.07705496233018594 | 0.8774861403913252:-0.08510735930708058 | 0.05840965471137316 | 0.23895804075710547
-0.08510735930708058 | 0.05840965471137316 | 0.23895804075710547 | -0.07705496233018594 | 0.8774861403913252:-0.0766732906690355 | 0.061015856599051066 | 0.24911795928807656
-0.0766732906690355 | 0.061015856599051066 | 0.24911795928807656 | -0.07705496233018594 | 0.8774861403913252:-0.06748034635471112 | 0.06367056598677584 | 0.25889819909112344
-0.06748034635471112 | 0.06367056598677584 | 0.25889819909112344 | -0.07705496233018594 | 0.8774861403913252:-0.05754900422471998 | 0.06637226442937211 | 0.26825153653709854
-0.05754900422471998 | 0.06637226442937211 | 0.26825153653709854 | -0.7029208340993247 | -0.5244339864678702:-0.06613690657150806 | 0.07768360636232119 | 0.27087008165203663
-0.06613690657150806 | 0.07768360636232119 | 0.27087008165203663 | -0.7029208340993247 | -0.5244339864678702:-0.07493556676280444 | 0.08929319027731486 | 0.27268050279604683
-0.07493556676280444 | 0.08929319027731486 | 0.27268050279604683 | -0.7029208340993247 | -0.5244339864678702:-0.08391691007809343 | 0.10116380293930945 | 0.2736581286072415
-0.08391691007809343 | 0.10116380293930945 | 0.2736581286072415 | -0.7029208340993247 | -0.5244339864678702:-0.0930520898770899 | 0.11325715017357839 | 0.27378092842931334
-0.0930520898770899 | 0.11325715017357839 | 0.27378092842931334 | -0.7029208340993247 | -0.5244339864678702:-0.10231157490479337 | 0.12553397279803485 | 0.27302957433776776
-0.10231157490479337 | 0.12553397279803485 | 0.27302957433776776 | -0.7029208340993247 | -0.5244339864678702:-0.11166523805509332 | 0.13795416464610855 | 0.2713874954566666
-0.11166523805509332 | 0.13795416464610855 | 0.2713874954566666 | -0.7029208340993247 | -0.5244339864678702:-0.12108244635539034 | 0.1504768923633436 | 0.26884092447712415
-0.12108244635539034 | 0.1504768923633436 | 0.26884092447712415 | -0.7029208340993247 | -0.5244339864678702:-0.13053215193352918 | 0.16306071665897381 | 0.26537893630845666
-0.13053215193352918 | 0.16306071665897381 | 0.26537893630845666 | -0.7029208340993247 | -0.5244339864678702:-0.13998298372774176 | 0.17566371469257946 | 0.2609934788125736
-0.13998298372774176 | 0.17566371469257946 | 0.2609934788125736 | -0.7029208340993247 | -0.5244339864678702:-0.14940333970025632 | 0.18824360327553746 | 0.25567939559185415
-0.14940333970025632 | 0.18824360327553746 | 0.25567939559185415 | -0.7029208340993247 | -0.5244339864678702:-0.15876147931575968 | 0.20075786256732808 | 0.2494344408202709
-0.15876147931575968 | 0.20075786256732808 | 0.2494344408202709 | -0.7029208340993247 | -0.5244339864678702:-0.16802561604695976 | 0.2131638599478629 | 0.24225928612697079
-0.16802561604695976 | 0.2131638599478629 | 0.24225928612697079 | -0.7029208340993247 | -0.5244339864678702:-0.17716400967112778 | 0.2254189737488339 | 0.2341575195607266
-0.17716400967112778 | 0.2254189737488339 | 0.2341575195607266 | -0.7029208340993247 | -0.5244339864678702:-0.18614505812365367 | 0.2374807165296331 | 0.22513563668273484
-0.18614505812365367 | 0.2374807165296331 | 0.22513563668273484 | -0.7029208340993247 | -0.5244339864678702:-0.19493738867732802 | 0.2493068575866737 | 0.21520302385397905
-0.19493738867732802 | 0.2493068575866737 | 0.21520302385397905 | -0.6156318268342702 | -0.7738950073211615:-0.20608715841094627 | 0.2599381106428398 | 0.20295335218239607
-0.20608715841094627 | 0.2599381106428398 | 0.20295335218239607 | -0.6156318268342702 | -0.7738950073211615:-0.21682559026756643 | 0.2702422842648584 | 0.18967334604152875
-0.21682559026756643 | 0.2702422842648584 | 0.18967334604152875 | -0.6156318268342702 | -0.7738950073211615:-0.227101594887968 | 0.28017850240613384 | 0.17538858896281617
-0.227101594887968 | 0.28017850240613384 | 0.17538858896281617 | -0.6156318268342702 | -0.7738950073211615:-0.23686523531792192 | 0.28970674315691536 | 0.16012862649202475
-0.23686523531792192 | 0.28970674315691536 | 0.16012862649202475 | -0.6156318268342702 | -0.7738950073211615:-0.24606790653671062 | 0.29878798293132336 | 0.14392687761853473
-0.24606790653671062 | 0.29878798293132336 | 0.14392687761853473 | -0.6156318268342702 | -0.7738950073211615:-0.25466251043207233 | 0.30738433723053316 | 0.12682053330775567
-0.25466251043207233 | 0.30738433723053316 | 0.12682053330775567 | -0.6156318268342702 | -0.7738950073211615:-0.2626036256777109 | 0.3154591975438663 | 0.1088504425028134
-0.2626036256777109 | 0.3154591975438663 | 0.1088504425028134 | -0.6156318268342702 | -0.7738950073211615:-0.2698476719878755 | 0.3229773639635729 | 0.09006098599823176
-0.2698476719878755 | 0.3229773639635729 | 0.09006098599823176 | -0.6156318268342702 | -0.7738950073211615:-0.2763530682432762 | 0.32990517310428924 | 0.07049993862355208
-0.2763530682432762 | 0.32990517310428924 | 0.07049993862355208 | -0.6156318268342702 | -0.7738950073211615:-0.282080384003784 | 0.3362106209344482 | 0.050218320208527345
-0.282080384003784 | 0.3362106209344482 | 0.050218320208527345 | -0.9994457495722786 | 0.4504840836082402:-0.28481200619785874 | 0.34257484052363907 | 0.04020785208499511
-0.28481200619785874 | 0.34257484052363907 | 0.04020785208499511 | -0.9994457495722786 | 0.4504840836082402:-0.2877324215651642 | 0.34840785446865397 | 0.029818233609738343
-0.2877324215651642 | 0.34840785446865397 | 0.029818233609738343 | -0.9994457495722786 | 0.4504840836082402:-0.29085299725156943 | 0.3536848290797652 | 0.019082590497760066
-0.29085299725156943 | 0.3536848290797652 | 0.019082590497760066 | -0.9994457495722786 | 0.4504840836082402:-0.29418424186529624 | 0.35838277788054906 | 0.008035876383855722
-0.29418424186529624 | 0.35838277788054906 | 0.008035876383855722 | -0.9994457495722786 | 0.4504840836082402:-0.29773575918635053 | 0.36248066765946074 | -0.0032852557156584083
-0.29773575918635053 | 0.36248066765946074 | -0.0032852557156584083 | 0.6568392612796425 | 0.6413532383496594:-0.3006711585323334 | 0.3664945198392333 | 0.018366110168447136
-0.3006711585323334 | 0.3664945198392333 | 0.018366110168447136 | 0.6568392612796425 | 0.6413532383496594:-0.3028608515377682 | 0.3697453765055405 | 0.04045831645009912
-0.3028608515377682 | 0.3697453765055405 | 0.04045831645009912 | 0.6568392612796425 | 0.6413532383496594:-0.3042848913344516 | 0.3722119689678358 | 0.06293623727843567
-0.3042848913344516 | 0.3722119689678358 | 0.06293623727843567 | 0.6568392612796425 | 0.6413532383496594:-0.3049253925483679 | 0.3738751116895145 | 0.0857430738717273
-0.3049253925483679 | 0.3738751116895145 | 0.0857430738717273 | 0.6568392612796425 | 0.6413532383496594:-0.30476659110705207 | 0.3747177661309795 | 0.10882051191280695
-0.30476659110705207 | 0.3747177661309795 | 0.10882051191280695 | -0.261080784811879 | -0.658996299394147:-0.3111657234507046 | 0.379941639400208 | 0.09477995494479963
-0.3111657234507046 | 0.379941639400208 | 0.09477995494479963 | -0.261080784811879 | -0.658996299394147:-0.3170930953108293 | 0.3849554745599182 | 0.08030710645429906
-0.3170930953108293 | 0.3849554745599182 | 0.08030710645429906 | -0.261080784811879 | -0.658996299394147:-0.3225295736112379 | 0.38975181646802426 | 0.06542269699236236
-0.3225295736112379 | 0.38975181646802426 | 0.06542269699236236 | -0.261080784811879 | -0.658996299394147:-0.3274568487432745 | 0.39432352781851776 | 0.05014834306303406
-0.3274568487432745 | 0.39432352781851776 | 0.05014834306303406 | -0.261080784811879 | -0.658996299394147:-0.3318574673976791 | 0.39866380242438915 | 0.03450650872821015
-0.3318574673976791 | 0.39866380242438915 | 0.03450650872821015 | -0.261080784811879 | -0.658996299394147:-0.3357148638487697 | 0.40276617789576363 | 0.01852046589088907
-0.3357148638487697 | 0.40276617789576363 | 0.01852046589088907 | -0.261080784811879 | -0.658996299394147:-0.3390133896482901 | 0.4066245476959569 | 0.002214253327268878
-0.3390133896482901 | 0.4066245476959569 | 0.002214253327268878 | -0.261080784811879 | -0.658996299394147:-0.3417383416890374 | 0.410233172559165 | -0.014387365460397206
-0.3417383416890374 | 0.410233172559165 | -0.014387365460397206 | -0.261080784811879 | -0.658996299394147:-0.3438759886010647 | 0.41358669125455805 | -0.03125894549686059
-0.3438759886010647 | 0.41358669125455805 | -0.03125894549686059 | -0.261080784811879 | -0.658996299394147:-0.3454135954460913 | 0.41668013068271037 | -0.048374404618327205
-0.3454135954460913 | 0.41668013068271037 | -0.048374404618327205 | -0.261080784811879 | -0.658996299394147:-0.3463394466785257 | 0.41950891529131873 | -0.06570706871261756
-0.3463394466785257 | 0.41950891529131873 | -0.06570706871261756 | -0.261080784811879 | -0.658996299394147:-0.34664286734435557 | 0.42206887579837016 | -0.08322971783835698
-0.34664286734435557 | 0.42206887579837016 | -0.08322971783835698 | -0.261080784811879 | -0.658996299394147:-0.34631424249202425 | 0.42435625721196146 | -0.10091463314561189
-0.34631424249202425 | 0.42435625721196146 | -0.10091463314561189 | -0.261080784811879 | -0.658996299394147:-0.3453450347722615 | 0.42636772613716367 | -0.1187336445196383
-0.3453450347722615 | 0.42636772613716367 | -0.1187336445196383 | -0.261080784811879 | -0.658996299394147:-0.34372780020680693 | 0.42810037736145645 | -0.13665817886875153
-0.34372780020680693 | 0.42810037736145645 | -0.13665817886875153 | -0.261080784811879 | -0.658996299394147:-0.3414562021087413 | 0.4295517397113766 | -0.15465930897674873
-0.3414562021087413 | 0.4295517397113766 | -0.15465930897674873 | -0.261080784811879 | -0.658996299394147:-0.3385250231401944 | 0.43071978117422205 | -0.17270780284001042
-0.3385250231401944 | 0.43071978117422205 | -0.17270780284001042 | -0.261080784811879 | -0.658996299394147:-0.33493017549599813 | 0.43160291327974853 | -0.19077417340898783
-0.33493017549599813 | 0.43160291327974853 | -0.19077417340898783 | -0.261080784811879 | -0.658996299394147:-0.33066870920480085 | 0.4321999947380135 | -0.2088287286536925
-0.33066870920480085 | 0.4321999947380135 | -0.2088287286536925 | -0.261080784811879 | -0.658996299394147:-0.3257388185420993 | 0.43251033433057984 | -0.22684162187274737
-0.3257388185420993 | 0.43251033433057984 | -0.22684162187274737 | -0.23779108733087884 | -0.0259342506075535:-0.3277269807023089 | 0.43280600959106863 | -0.23402472166715604
-0.3277269807023089 | 0.43280600959106863 | -0.23402472166715604 | -0.23779108733087884 | -0.0259342506075535:-0.3296807841191036 | 0.4329665771965523 | -0.2412354616650596
-0.3296807841191036 | 0.4329665771965523 | -0.2412354616650596 | -0.23779108733087884 | -0.0259342506075535:-0.33160041791416006 | 0.4329919587396205 | -0.24847134988524644
-0.33160041791416006 | 0.4329919587396205 | -0.24847134988524644 | -0.23779108733087884 | -0.0259342506075535:-0.3334860732861529 | 0.43288211289952727 | -0.2557299054071773
-0.3334860732861529 | 0.43288211289952727 | -0.2557299054071773 | -0.23779108733087884 | -0.0259342506075535:-0.33533794349242996 | 0.4326370350968354 | -0.2630086587835567
-0.33533794349242996 | 0.4326370350968354 | -0.2630086587835567 | -0.23779108733087884 | -0.0259342506075535:-0.3371562238302275 | 0.43225675714566236 | -0.2703051524465536
-0.3371562238302275 | 0.43225675714566236 | -0.2703051524465536 | -0.23779108733087884 | -0.0259342506075535:-0.33894111161745144 | 0.43174134690361043 | -0.27761694110769763
-0.33894111161745144 | 0.43174134690361043 | -0.27761694110769763 | -0.23779108733087884 | -0.0259342506075535:-0.340692806173017 | 0.4310909079194509 | -0.2849415921514833
-0.340692806173017 | 0.4310909079194509 | -0.2849415921514833 | -0.23779108733087884 | -0.0259342506075535:-0.3424115087967827 | 0.4303055790786203 | -0.2922766860226895
-0.3424115087967827 | 0.4303055790786203 | -0.2922766860226895 | -0.23779108733087884 | -0.0259342506075535:-0.3440974227490301 | 0.42938553424664505 | -0.29961981660745796
-0.3440974227490301 | 0.42938553424664505 | -0.29961981660745796 | -0.8586054224762183 | -0.9082785809445182:-0.3312793261695468 | 0.41861157196921894 | -0.33505087602222083
-0.3312793261695468 | 0.41861157196921894 | -0.33505087602222083 | -0.8586054224762183 | -0.9082785809445182:-0.31677284334285716 | 0.40621551880921913 | -0.36953878052316025
-0.31677284334285716 | 0.40621551880921913 | -0.36953878052316025 | -0.8586054224762183 | -0.9082785809445182:-0.3006195169082879 | 0.3922333474059201 | -0.4029272277271305
-0.3006195169082879 | 0.3922333474059201 | -0.4029272277271305 | -0.8586054224762183 | -0.9082785809445182:-0.2828684816783209 | 0.37670827846691424 | -0.4350632606108791
-0.2828684816783209 | 0.37670827846691424 | -0.4350632606108791 | -0.8586054224762183 | -0.9082785809445182:-0.26357630047991876 | 0.3596906407422438 | -0.46579797303077797
-0.26357630047991876 | 0.3596906407422438 | -0.46579797303077797 | -0.8586054224762183 | -0.9082785809445182:-0.24280676577046734 | 0.3412376983309926 | -0.4949872005963094
-0.24280676577046734 | 0.3412376983309926 | -0.4949872005963094 | -0.8586054224762183 | -0.9082785809445182:-0.2206306678174208 | 0.32141344599854804 | -0.5224921937425888
-0.2206306678174208 | 0.32141344599854804 | -0.5224921937425888 | -0.8586054224762183 | -0.9082785809445182:-0.19712553038167258 | 0.3002883733270849 | -0.5481802699229776
-0.19712553038167258 | 0.3002883733270849 | -0.5481802699229776 | -0.8586054224762183 | -0.9082785809445182:-0.1723753149914451 | 0.27793919866230254 | -0.5719254419323194
-0.1723753149914451 | 0.27793919866230254 | -0.5719254419323194 | -0.8586054224762183 | -0.9082785809445182:-0.1464700950352089 | 0.2544485739558908 | -0.5936090194740689
-0.1464700950352089 | 0.2544485739558908 | -0.5936090194740689 | -0.8586054224762183 | -0.9082785809445182:-0.11950570103861935 | 0.22990476173442786 | -0.6131201812001121
-0.11950570103861935 | 0.22990476173442786 | -0.6131201812001121 | -0.8586054224762183 | -0.9082785809445182:-0.09158333862066215 | 0.2044012855514552 | -0.6303565145799068
-0.09158333862066215 | 0.2044012855514552 | -0.6303565145799068 | -0.8586054224762183 | -0.9082785809445182:-0.06280918074801534 | 0.17803655539931995 | -0.6452245210950536
-0.06280918074801534 | 0.17803655539931995 | -0.6452245210950536 | -0.8586054224762183 | -0.9082785809445182:-0.03329393602296804 | 0.15091346967072994 | -0.6576400844060153
-0.03329393602296804 | 0.15091346967072994 | -0.6576400844060153 | -0.8586054224762183 | -0.9082785809445182:-0.003152394849237794 | 0.12313899536639994 | -0.6675288992986483
-0.003152394849237794 | 0.12313899536639994 | -0.6675288992986483 | 0.7421968925672904 | 0.556596916483473:-0.021688229672484738 | 0.14851989556519385 | -0.6652896950842304
-0.021688229672484738 | 0.14851989556519385 | -0.6652896950842304 | 0.7421968925672904 | 0.556596916483473:-0.040212898274042175 | 0.17390785793114105 | -0.6615326514384434
-0.040212898274042175 | 0.17390785793114105 | -0.6615326514384434 | 0.7421968925672904 | 0.556596916483473:-0.05868146495418358 | 0.19924309420797215 | -0.656253869987089
-0.05868146495418358 | 0.19924309420797215 | -0.656253869987089 | 0.7421968925672904 | 0.556596916483473:-0.07704884298807713 | 0.22446554479043002 | -0.6494531885255874
-0.07704884298807713 | 0.22446554479043002 | -0.6494531885255874 | 0.7421968925672904 | 0.556596916483473:-0.09526990756586784 | 0.24951502902603195 | -0.6411341978610965
-0.09526990756586784 | 0.24951502902603195 | -0.6411341978610965 | 0.7421968925672904 | 0.556596916483473:-0.11329960908157233 | 0.2743313961576277 | -0.6313042491845202
-0.11329960908157233 | 0.2743313961576277 | -0.6313042491845202 | 0.7421968925672904 | 0.556596916483473:-0.13109308648540008 | 0.29885467652662 | -0.6199744519506964
-0.13109308648540008 | 0.29885467652662 | -0.6199744519506964 | 0.7421968925672904 | 0.556596916483473:-0.14860578041443873 | 0.32302523265668626 | -0.6071596622687023
-0.14860578041443873 | 0.32302523265668626 | -0.6071596622687023 | 0.7421968925672904 | 0.556596916483473:-0.16579354581740802 | 0.3467839098384182 | -0.5928784618278069
-0.16579354581740802 | 0.3467839098384182 | -0.5928784618278069 | 0.7421968925672904 | 0.556596916483473:-0.1826127637909103 | 0.370072185837067 | -0.5771531274081152
-0.1826127637909103 | 0.370072185837067 | -0.5771531274081152 | 0.4478412074206004 | 0.8549791930814119:-0.20759729814768235 | 0.3844696583814624 | -0.5626931288265133
-0.20759729814768235 | 0.3844696583814624 | -0.5626931288265133 | 0.4478412074206004 | 0.8549791930814119:-0.23201375597385976 | 0.39857455167047817 | -0.5467640381511707
-0.23201375597385976 | 0.39857455167047817 | -0.5467640381511707 | 0.4478412074206004 | 0.8549791930814119:-0.2557951289136682 | 0.4123515586387896 | -0.5293950365481646
-0.2557951289136682 | 0.4123515586387896 | -0.5293950365481646 | 0.4478412074206004 | 0.8549791930814119:-0.27887566595392954 | 0.4257659856504361 | -0.5106192303798025
-0.27887566595392954 | 0.4257659856504361 | -0.5106192303798025 | 0.4478412074206004 | 0.8549791930814119:-0.3011910532902675 | 0.4387838475069792 | -0.49047358042309597
-0.3011910532902675 | 0.4387838475069792 | -0.49047358042309597 | 0.7821108728058261 | 0.009137294760735992:-0.3025575514161005 | 0.4593704647909682 | -0.47461112275340334
-0.3025575514161005 | 0.4593704647909682 | -0.47461112275340334 | 0.7821108728058261 | 0.009137294760735992:-0.303905720276731 | 0.47937225133447114 | -0.45786778424945496
-0.303905720276731 | 0.47937225133447114 | -0.45786778424945496 | 0.7821108728058261 | 0.009137294760735992:-0.3052352349184382 | 0.49875127826654975 | -0.4402660813734549
-0.3052352349184382 | 0.49875127826654975 | -0.4402660813734549 | 0.7821108728058261 | 0.009137294760735992:-0.3065457802810023 | 0.5174705285063546 | -0.42183015981437144
-0.3065457802810023 | 0.5174705285063546 | -0.42183015981437144 | 0.7821108728058261 | 0.009137294760735992:-0.30783705200961364 | 0.5354939660607769 | -0.40258575573631816
-0.30783705200961364 | 0.5354939660607769 | -0.40258575573631816 | 0.7821108728058261 | 0.009137294760735992:-0.30910875724610776 | 0.5527866036145568 | -0.38256015412306965
-0.30910875724610776 | 0.5527866036145568 | -0.38256015412306965 | 0.7821108728058261 | 0.009137294760735992:-0.3103606153980749 | 0.5693145682934571 | -0.3617821442955069
-0.3103606153980749 | 0.5693145682934571 | -0.3617821442955069 | 0.7821108728058261 | 0.009137294760735992:-0.31159235888453907 | 0.5850451654846651 | -0.34028197268358085
-0.31159235888453907 | 0.5850451654846651 | -0.34028197268358085 | 0.7821108728058261 | 0.009137294760735992:-0.3128037338569136 | 0.599946940602031 | -0.318091292939064
-0.3128037338569136 | 0.599946940602031 | -0.318091292939064 | 0.7821108728058261 | 0.009137294760735992:-0.31399450089400105 | 0.6139897386878772 | -0.2952431134797937
-0.31399450089400105 | 0.6139897386878772 | -0.2952431134797937 | 0.7821108728058261 | 0.009137294760735992:-0.3151644356698142 | 0.6271447617468837 | -0.27177174256045156
-0.3151644356698142 | 0.6271447617468837 | -0.27177174256045156 | 0.7821108728058261 | 0.009137294760735992:-0.31631332959309333 | 0.6393846237118765 | -0.24771273096908963
-0.31631332959309333 | 0.6393846237118765 | -0.24771273096908963 | 0.7821108728058261 | 0.009137294760735992:-0.3174409904174098 | 0.650683402945667 | -0.2231028124524741
-0.3174409904174098 | 0.650683402945667 | -0.2231028124524741 | 0.7821108728058261 | 0.009137294760735992:-0.3185472428208378 | 0.6610166921875731 | -0.1979798419772063
-0.3185472428208378 | 0.6610166921875731 | -0.1979798419772063 | 0.7821108728058261 | 0.009137294760735992:-0.3196319289541627 | 0.670361645857831 | -0.17238273193702547
-0.3196319289541627 | 0.670361645857831 | -0.17238273193702547 | 0.0190686400004616 | 0.2535724751548587:-0.32278644154711955 | 0.6726152865641524 | -0.16819986214019522
-0.32278644154711955 | 0.6726152865641524 | -0.16819986214019522 | 0.0190686400004616 | 0.2535724751548587:-0.325884067750426 | 0.6748445345472689 | -0.16395536217570594
-0.325884067750426 | 0.6748445345472689 | -0.16395536217570594 | 0.0190686400004616 | 0.2535724751548587:-0.32892381849035246 | 0.6770495163898289 | -0.15965024546417972
-0.32892381849035246 | 0.6770495163898289 | -0.15965024546417972 | 0.0190686400004616 | 0.2535724751548587:-0.33190472307313357 | 0.6792303580363708 | -0.15528553759588704
-0.33190472307313357 | 0.6792303580363708 | -0.15528553759588704 | 0.0190686400004616 | 0.2535724751548587:-0.33482582928075644 | 0.6813871848208706 | -0.15086227603210745
-0.33482582928075644 | 0.6813871848208706 | -0.15086227603210745 | 0.7339622209320353 | -0.580397729123441:-0.33200210689492593 | 0.688467333223592 | -0.13581828673032703
-0.33200210689492593 | 0.688467333223592 | -0.13581828673032703 | 0.7339622209320353 | -0.580397729123441:-0.32960402888966556 | 0.6949837373406211 | -0.12039978640068583
-0.32960402888966556 | 0.6949837373406211 | -0.12039978640068583 | 0.7339622209320353 | -0.580397729123441:-0.3276432864235943 | 0.7009213172815905 | -0.10464045770215336
-0.3276432864235943 | 0.7009213172815905 | -0.10464045770215336 | 0.7339622209320353 | -0.580397729123441:-0.32613054730829916 | 0.7062662664446151 | -0.08857494465631888
-0.32613054730829916 | 0.7062662664446151 | -0.08857494465631888 | 0.7339622209320353 | -0.580397729123441:-0.32507542717419824 | 0.71100608948786 | -0.07223877230086728
-0.32507542717419824 | 0.71100608948786 | -0.07223877230086728 | 0.6313153741847572 | -0.6354810219795644:-0.3242153325721624 | 0.7148829535903687 | -0.06022955376953476
-0.3242153325721624 | 0.7148829535903687 | -0.06022955376953476 | 0.6313153741847572 | -0.6354810219795644:-0.32372836448163156 | 0.7183635315070873 | -0.04804784883565105
-0.32372836448163156 | 0.7183635315070873 | -0.04804784883565105 | 0.6313153741847572 | -0.6354810219795644:-0.32362062781487566 | 0.7214416470899323 | -0.035718653776093845
-0.32362062781487566 | 0.7214416470899323 | -0.035718653776093845 | 0.6313153741847572 | -0.6354810219795644:-0.3238973961007545 | 0.7241119405703955 | -0.023267390626898532
-0.3238973961007545 | 0.7241119405703955 | -0.023267390626898532 | 0.6313153741847572 | -0.6354810219795644:-0.32456309757560575 | 0.7263698832727954 | -0.01071985225429728
-0.32456309757560575 | 0.7263698832727954 | -0.01071985225429728 | 0.6313153741847572 | -0.6354810219795644:-0.3256213031324009 | 0.7282117904958625 | 0.0018978535032054822
-0.3256213031324009 | 0.7282117904958625 | 0.0018978535032054822 | 0.6313153741847572 | -0.6354810219795644:-0.32707471615611894 | 0.7296348325328239 | 0.014559360497450768
-0.32707471615611894 | 0.7296348325328239 | 0.014559360497450768 | 0.6313153741847572 | -0.6354810219795644:-0.3289251642693358 | 0.730637043804272 | 0.02723810161175777
-0.3289251642693358 | 0.730637043804272 | 0.02723810161175777 | 0.6313153741847572 | -0.6354810219795644:-0.331173593007712 | 0.7312173300822238 | 0.039907366653210374
-0.331173593007712 | 0.7312173300822238 | 0.039907366653210374 | 0.6313153741847572 | -0.6354810219795644:-0.3338200614405906 | 0.731375473788205 | 0.052540360667276076
-0.3338200614405906 | 0.731375473788205 | 0.052540360667276076 | 0.6313153741847572 | -0.6354810219795644:-0.3368637397478196 | 0.7311121373522482 | 0.06511026254529995
-0.3368637397478196 | 0.7311121373522482 | 0.06511026254529995 | 0.6313153741847572 | -0.6354810219795644:-0.340302908759476 | 0.7304288646242512 | 0.07759028379470223
-0.340302908759476 | 0.7304288646242512 | 0.07759028379470223 | 0.6313153741847572 | -0.6354810219795644:-0.3441349614606892 | 0.7293280803332394 | 0.0899537273413813
-0.3441349614606892 | 0.7293280803332394 | 0.0899537273413813 | 0.6313153741847572 | -0.6354810219795644:-0.348356406459736 | 0.727813087594555 | 0.10217404623393023
-0.348356406459736 | 0.727813087594555 | 0.10217404623393023 | 0.6313153741847572 | -0.6354810219795644:-0.3529628734127499 | 0.725888063469263 | 0.11422490211939973
-0.3529628734127499 | 0.725888063469263 | 0.11422490211939973 | -0.6781369228404828 | 0.9125068241046748:-0.3493012392401056 | 0.730996518806414 | 0.10579595801301878
-0.3493012392401056 | 0.730996518806414 | 0.10579595801301878 | -0.6781369228404828 | 0.9125068241046748:-0.34601855057415776 | 0.7358068498227368 | 0.09701808753660401
-0.34601855057415776 | 0.7358068498227368 | 0.09701808753660401 | -0.6781369228404828 | 0.9125068241046748:-0.34313104710285103 | 0.7403067426837282 | 0.08791904483521051
-0.34313104710285103 | 0.7403067426837282 | 0.08791904483521051 | -0.6781369228404828 | 0.9125068241046748:-0.34065366184264434 | 0.744484832108455 | 0.07852777485029172
-0.34065366184264434 | 0.744484832108455 | 0.07852777485029172 | -0.6781369228404828 | 0.9125068241046748:-0.3385999662308947 | 0.7483307438016027 | 0.06887431850018721
-0.3385999662308947 | 0.7483307438016027 | 0.06887431850018721 | 0.3955311697041055 | 0.17528170077147154:-0.3385741471521797 | 0.7484147757032531 | 0.0868082591111321
-0.3385741471521797 | 0.7484147757032531 | 0.0868082591111321 | 0.3955311697041055 | 0.17528170077147154:-0.33838206614459665 | 0.7481242946853612 | 0.10477497354437126
-0.33838206614459665 | 0.7481242946853612 | 0.10477497354437126 | 0.3955311697041055 | 0.17528170077147154:-0.33802329389984465 | 0.7474582325275705 | 0.12276476006775638
-0.33802329389984465 | 0.7474582325275705 | 0.12276476006775638 | 0.3955311697041055 | 0.17528170077147154:-0.337497495757205 | 0.7464157343734001 | 0.14076789132687928
-0.337497495757205 | 0.7464157343734001 | 0.14076789132687928 | 0.3955311697041055 | 0.17528170077147154:-0.3368044318151533 | 0.7449961590369156 | 0.15877461992934627
-0.3368044318151533 | 0.7449961590369156 | 0.15877461992934627 | 0.3955311697041055 | 0.17528170077147154:-0.3359439569900857 | 0.7431990791902194 | 0.17677518402565973
-0.3359439569900857 | 0.7431990791902194 | 0.17677518402565973 | 0.3955311697041055 | 0.17528170077147154:-0.3349160210224511 | 0.7410242814319332 | 0.19475981288373667
-0.3349160210224511 | 0.7410242814319332 | 0.19475981288373667 | 0.3955311697041055 | 0.17528170077147154:-0.3337206684303524 | 0.7384717662373106 | 0.21271873245419215
-0.3337206684303524 | 0.7384717662373106 | 0.21271873245419215 | 0.3955311697041055 | 0.17528170077147154:-0.33235803841101585 | 0.7355417477903501 | 0.23064217092346162
-0.33235803841101585 | 0.7355417477903501 | 0.23064217092346162 | 0.3955311697041055 | 0.17528170077147154:-0.33082836469013444 | 0.7322346536983559 | 0.2485203642518954
-0.33082836469013444 | 0.7322346536983559 | 0.2485203642518954 | 0.14647193448412188 | -0.9543588793823781:-0.343209014902186 | 0.7317752682328376 | 0.23825620677571457
-0.343209014902186 | 0.7317752682328376 | 0.23825620677571457 | 0.14647193448412188 | -0.9543588793823781:-0.35510032221385757 | 0.7313739670110238 | 0.22738450531331544
-0.35510032221385757 | 0.7313739670110238 | 0.22738450531331544 | 0.14647193448412188 | -0.9543588793823781:-0.3664725094918495 | 0.7310355547892584 | 0.21592921119690978
-0.3664725094918495 | 0.7310355547892584 | 0.21592921119690978 | 0.14647193448412188 | -0.9543588793823781:-0.37729696835260285 | 0.7307646609994691 | 0.20391577673710337
-0.37729696835260285 | 0.7307646609994691 | 0.20391577673710337 | 0.14647193448412188 | -0.9543588793823781:-0.38754633293309837 | 0.7305657282273188 | 0.1913710960632713
-0.38754633293309837 | 0.7305657282273188 | 0.1913710960632713 | 0.14647193448412188 | -0.9543588793823781:-0.3971945506940102 | 0.7304430011320164 | 0.17832344226161823
-0.3971945506940102 | 0.7304430011320164 | 0.17832344226161823 | 0.14647193448412188 | -0.9543588793823781:-0.40621695007492775 | 0.7304005158360667 | 0.16480240096464627
-0.40621695007492775 | 0.7304005158360667 | 0.16480240096464627 | 0.14647193448412188 | -0.9543588793823781:-0.4145903048290762 | 0.7304420898119304 | 0.15083880055474275
-0.4145903048290762 | 0.7304420898119304 | 0.15083880055474275 | 0.14647193448412188 | -0.9543588793823781:-0.4222928948733369 | 0.7305713122915449 | 0.13646463915309326
-0.4222928948733369 | 0.7305713122915449 | 0.13646463915309326 | 0.14647193448412188 | -0.9543588793823781:-0.4293045634980004 | 0.7307915352232186 | 0.12171300857323608
-0.4293045634980004 | 0.7307915352232186 | 0.12171300857323608 | 0.34546156100993053 | 0.040763861780517274:-0.42975014705670134 | 0.7298033786170635 | 0.13541892474298756
-0.42975014705670134 | 0.7298033786170635 | 0.13541892474298756 | 0.34546156100993053 | 0.040763861780517274:-0.4301601289710675 | 0.7285623452405048 | 0.14912667277220315
-0.4301601289710675 | 0.7285623452405048 | 0.14912667277220315 | 0.34546156100993053 | 0.040763861780517274:-0.4305345516317587 | 0.7270682634181043 | 0.1628313142983977
-0.4305345516317587 | 0.7270682634181043 | 0.1628313142983977 | 0.34546156100993053 | 0.040763861780517274:-0.43087346813818783 | 0.7253210571123105 | 0.17652791091502706
-0.43087346813818783 | 0.7253210571123105 | 0.17652791091502706 | 0.34546156100993053 | 0.040763861780517274:-0.43117694228419623 | 0.7233207457694704 | 0.1902115260016881
-0.43117694228419623 | 0.7233207457694704 | 0.1902115260016881 | 0.9335837726842262 | -0.7701345205182153:-0.44016718449594805 | 0.7147872013505037 | 0.20731888211528116
-0.44016718449594805 | 0.7147872013505037 | 0.20731888211528116 | 0.9335837726842262 | -0.7701345205182153:-0.449800319320083 | 0.7054370245253949 | 0.2236727089464594
