0.0 | 0.0 | 0.0 | 0.5396676949502315 | 0.8296846036935137:4.1457235404028785E-4 | -2.698011041923909E-4 | 0.009987759364714492
4.1457235404028785E-4 | -2.698011041923909E-4 | 0.009987759364714492 | 0.5396676949502315 | 0.8296846036935137:0.0016476775750782317 | -0.0010729557409068224 | 0.019802624184350914
0.0016476775750782317 | -0.0010729557409068224 | 0.019802624184350914 | 0.5396676949502315 | 0.8296846036935137:0.0036805680573395562 | -0.0023982320811795077 | 0.029374330675950612
0.0036805680573395562 | -0.0023982320811795077 | 0.029374330675950612 | 0.5396676949502315 | 0.8296846036935137:0.006490821401000154 | -0.00423198101592126 | 0.038634621806629625
0.006490821401000154 | -0.00423198101592126 | 0.038634621806629625 | 0.5396676949502315 | 0.8296846036935137:0.01005247312870728 | -0.006558219073054872 | 0.04751749946483852
0.01005247312870728 | -0.006558219073054872 | 0.04751749946483852 | 0.5396676949502315 | 0.8296846036935137:0.014336160665985136 | -0.009358718809041822 | 0.0559594656313088
0.014336160665985136 | -0.009358718809041822 | 0.0559594656313088 | 0.5396676949502315 | 0.8296846036935137:0.019309277978446705 | -0.01261310628916279 | 0.06389975186718386
0.019309277978446705 | -0.01261310628916279 | 0.06389975186718386 | 0.5175978629413691 | 0.47016565776005614:0.023651267055065123 | -0.016219224358115847 | 0.07173518360572123
0.023651267055065123 | -0.016219224358115847 | 0.07173518360572123 | 0.5175978629413691 | 0.47016565776005614:0.02834482403135745 | -0.0202283928067013 | 0.07916217251879204
0.02834482403135745 | -0.0202283928067013 | 0.07916217251879204 | 0.5175978629413691 | 0.47016565776005614:0.03337328664124836 | -0.024622489263538716 | 0.08615535004194397
0.03337328664124836 | -0.024622489263538716 | 0.08615535004194397 | 0.5175978629413691 | 0.47016565776005614:0.03871932450597637 | -0.029382640138545968 | 0.09269064348629097
0.03871932450597637 | -0.029382640138545968 | 0.09269064348629097 | 0.5175978629413691 | 0.47016565776005614:0.04436498095525476 | -0.03448926620626103 | 0.09874531055373692
0.04436498095525476 | -0.03448926620626103 | 0.09874531055373692 | -0.9506936193032631 | 0.23187576840672564:0.04907617321316021 | -0.03207988200907974 | 0.10753376307120832
0.04907617321316021 | -0.03207988200907974 | 0.10753376307120832 | -0.9506936193032631 | 0.23187576840672564:0.05394222958287753 | -0.028863717865816874 | 0.11612399977725008
0.05394222958287753 | -0.028863717865816874 | 0.11612399977725008 | -0.9506936193032631 | 0.23187576840672564:0.05895942181783015 | -0.024856335953273634 | 0.12445727478773017
0.05895942181783015 | -0.024856335953273634 | 0.12445727478773017 | -0.9506936193032631 | 0.23187576840672564:0.0641231467289402 | -0.020076901064608466 | 0.1324761633854299
0.0641231467289402 | -0.020076901064608466 | 0.1324761633854299 | -0.9506936193032631 | 0.23187576840672564:0.06942795139597818 | -0.01454808252158335 | 0.14012477783868738
0.06942795139597818 | -0.01454808252158335 | 0.14012477783868738 | 0.3308435733232631 | 0.3028553601189605:0.07537737776494069 | -0.017769064693800907 | 0.14624707316930308
0.07537737776494069 | -0.017769064693800907 | 0.14624707316930308 | 0.3308435733232631 | 0.3028553601189605:0.08149060959228704 | -0.021203696068232247 | 0.1520757415255216
0.08149060959228704 | -0.021203696068232247 | 0.1520757415255216 | 0.3308435733232631 | 0.3028553601189605:0.08776013757943035 | -0.024843511390924 | 0.15760343133646315
0.08776013757943035 | -0.024843511390924 | 0.15760343133646315 | 0.3308435733232631 | 0.3028553601189605:0.09417835409231368 | -0.02867993812292391 | 0.16282316451093437
0.09417835409231368 | -0.02867993812292391 | 0.16282316451093437 | 0.3308435733232631 | 0.3028553601189605:0.10073756051717397 | -0.032704304430379194 | 0.16772833803326215
0.10073756051717397 | -0.032704304430379194 | 0.16772833803326215 | 0.3308435733232631 | 0.3028553601189605:0.10742997459677028 | -0.03690784715594608 | 0.17231272527695696
0.10742997459677028 | -0.03690784715594608 | 0.17231272527695696 | 0.3308435733232631 | 0.3028553601189605:0.11424773774265984 | -0.041281719766672165 | 0.1765704770386054
0.11424773774265984 | -0.041281719766672165 | 0.1765704770386054 | 0.3308435733232631 | 0.3028553601189605:0.12118292231917449 | -0.04581700027356894 | 0.18049612229452405
0.12118292231917449 | -0.04581700027356894 | 0.18049612229452405 | 0.3308435733232631 | 0.3028553601189605:0.12822753889481642 | -0.05050469911817901 | 0.18408456868284695
0.12822753889481642 | -0.05050469911817901 | 0.18408456868284695 | 0.3308435733232631 | 0.3028553601189605:0.13537354345685726 | -0.05533576702150489 | 0.18733110271382714
0.13537354345685726 | -0.05533576702150489 | 0.18733110271382714 | 0.5589052178457787 | 0.8866305300733262:0.14807289987101635 | -0.06249073490988177 | 0.18528883518470574
0.14807289987101635 | -0.06249073490988177 | 0.18528883518470574 | 0.5589052178457787 | 0.8866305300733262:0.16086013302777458 | -0.06972497441313052 | 0.1821658459482629
0.16086013302777458 | -0.06972497441313052 | 0.1821658459482629 | 0.5589052178457787 | 0.8866305300733262:0.17367074303297558 | -0.07699793275378175 | 0.17794855149795152
0.17367074303297558 | -0.07699793275378175 | 0.17794855149795152 | 0.5589052178457787 | 0.8866305300733262:0.1864395419391256 | -0.08426855283820012 | 0.1726284857793603
0.1864395419391256 | -0.08426855283820012 | 0.1726284857793603 | 0.5589052178457787 | 0.8866305300733262:0.1991009327226374 | -0.09149544856373448 | 0.1662023378023063
0.1991009327226374 | -0.09149544856373448 | 0.1662023378023063 | -0.4392371753187536 | -0.2573324283989733:0.2021117470435394 | -0.09013868560551774 | 0.1752196087530491
0.2021117470435394 | -0.09013868560551774 | 0.1752196087530491 | -0.4392371753187536 | -0.2573324283989733:0.20489641186777607 | -0.08846268626575737 | 0.18431290726599148
0.20489641186777607 | -0.08846268626575737 | 0.18431290726599148 | -0.4392371753187536 | -0.2573324283989733:0.2074543126744679 | -0.08646558051866426 | 0.19346751959800113
0.2074543126744679 | -0.08646558051866426 | 0.19346751959800113 | -0.4392371753187536 | -0.2573324283989733:0.20978508303666032 | -0.08414592843728341 | 0.20266873423827647
0.20978508303666032 | -0.08414592843728341 | 0.20266873423827647 | -0.4392371753187536 | -0.2573324283989733:0.21188860324215142 | -0.0815027179404626 | 0.21190185712248688
0.21188860324215142 | -0.0815027179404626 | 0.21190185712248688 | -0.4392371753187536 | -0.2573324283989733:0.2137649986993 | -0.07853536217169799 | 0.22115222668711265
0.2137649986993 | -0.07853536217169799 | 0.22115222668711265 | -0.4392371753187536 | -0.2573324283989733:0.21541463813131756 | -0.0752436965157286 | 0.23040522875306202
0.21541463813131756 | -0.0752436965157286 | 0.23040522875306202 | -0.4392371753187536 | -0.2573324283989733:0.2168381315626866 | -0.07162797525893927 | 0.2396463112279381
0.2168381315626866 | -0.07162797525893927 | 0.2396463112279381 | -0.4392371753187536 | -0.2573324283989733:0.21803632810144435 | -0.06768886789987327 | 0.24886099861653044
0.21803632810144435 | -0.06768886789987327 | 0.24886099861653044 | -0.4392371753187536 | -0.2573324283989733:0.21901031352121247 | -0.06342745511632852 | 0.25803490632938164
0.21901031352121247 | -0.06342745511632852 | 0.25803490632938164 | -0.4392371753187536 | -0.2573324283989733:0.21976140764695362 | -0.05884522439573603 | 0.2671537547795442
0.21976140764695362 | -0.05884522439573603 | 0.2671537547795442 | -0.4392371753187536 | -0.2573324283989733:0.22029116154854744 | -0.053944065335684854 | 0.2762033832578865
0.22029116154854744 | -0.053944065335684854 | 0.2762033832578865 | -0.4392371753187536 | -0.2573324283989733:0.22060135454638718 | -0.04872626462166263 | 0.2851697635775938
0.22060135454638718 | -0.04872626462166263 | 0.2851697635775938 | -0.4392371753187536 | -0.2573324283989733:0.22069399103329346 | -0.04319450068923869 | 0.2940390134787636
0.22069399103329346 | -0.04319450068923869 | 0.2940390134787636 | -0.4392371753187536 | -0.2573324283989733:0.2205712971171554 | -0.03735183807809683 | 0.30279740978428205
0.2205712971171554 | -0.03735183807809683 | 0.30279740978428205 | -0.17305672036678343 | -0.5310854789787758:0.21596420594710874 | -0.03530562882671173 | 0.31397421955115856
0.21596420594710874 | -0.03530562882671173 | 0.31397421955115856 | -0.17305672036678343 | -0.5310854789787758:0.21089146222020272 | -0.033113193405173824 | 0.32505093289156317
0.21089146222020272 | -0.033113193405173824 | 0.32505093289156317 | -0.17305672036678343 | -0.5310854789787758:0.20535653822874522 | -0.030775521809041972 | 0.33600858093543273
0.20535653822874522 | -0.030775521809041972 | 0.33600858093543273 | -0.17305672036678343 | -0.5310854789787758:0.1993635434259966 | -0.02829381302248457 | 0.34682837606927386
0.1993635434259966 | -0.02829381302248457 | 0.34682837606927386 | -0.17305672036678343 | -0.5310854789787758:0.19291721601247236 | -0.025669472365282164 | 0.35749173376388477
0.19291721601247236 | -0.025669472365282164 | 0.35749173376388477 | 0.12882937098687908 | -0.5887338608963208:0.18497286100201293 | -0.028379187295335395 | 0.3681280781110505
0.18497286100201293 | -0.028379187295335395 | 0.3681280781110505 | 0.12882937098687908 | -0.5887338608963208:0.17653777422503314 | -0.031186984065943335 | 0.3785278839916888
0.17653777422503314 | -0.031186984065943335 | 0.3785278839916888 | 0.12882937098687908 | -0.5887338608963208:0.16762047861012164 | -0.03409116486672392 | 0.38867049797444153
0.16762047861012164 | -0.03409116486672392 | 0.38867049797444153 | 0.12882937098687908 | -0.5887338608963208:0.15823025270939706 | -0.03708986435104267 | 0.3985356370502515
0.15823025270939706 | -0.03708986435104267 | 0.3985356370502515 | 0.12882937098687908 | -0.5887338608963208:0.1483771149555979 | -0.04018105300459274 | 0.4081034153878935
0.1483771149555979 | -0.04018105300459274 | 0.4081034153878935 | -0.29120089769586044 | -0.2727322514687134:0.1446373564001595 | -0.0346776856005242 | 0.4159402572586348
0.1446373564001595 | -0.0346776856005242 | 0.4159402572586348 | -0.29120089769586044 | -0.2727322514687134:0.14070179037803499 | -0.02897979268619988 | 0.4236215875092011
0.14070179037803499 | -0.02897979268619988 | 0.4236215875092011 | -0.29120089769586044 | -0.2727322514687134:0.1365738305312041 | -0.023090806814058062 | 0.43113978010097753
0.1365738305312041 | -0.023090806814058062 | 0.43113978010097753 | -0.29120089769586044 | -0.2727322514687134:0.1322570098666116 | -0.017014290667898724 | 0.4384873622417409
0.1322570098666116 | -0.017014290667898724 | 0.4384873622417409 | -0.29120089769586044 | -0.2727322514687134:0.12775497771535882 | -0.01075393382544787 | 0.44565701781607814
0.12775497771535882 | -0.01075393382544787 | 0.44565701781607814 | -0.29120089769586044 | -0.2727322514687134:0.12307149665628181 | -0.004313549482228396 | 0.452641590700507
0.12307149665628181 | -0.004313549482228396 | 0.452641590700507 | -0.29120089769586044 | -0.2727322514687134:0.1182104394057859 | 0.002302928861308562 | 0.45943408796282803
0.1182104394057859 | 0.002302928861308562 | 0.45943408796282803 | -0.29120089769586044 | -0.2727322514687134:0.11317578567570408 | 0.009091450747456875 | 0.4660276829453114
0.11317578567570408 | 0.009091450747456875 | 0.4660276829453114 | -0.29120089769586044 | -0.2727322514687134:0.10797161900105934 | 0.016047852141782837 | 0.472415718231332
0.10797161900105934 | 0.016047852141782837 | 0.472415718231332 | -0.29120089769586044 | -0.2727322514687134:0.10260212353950138 | 0.023167858844589162 | 0.4785917084951823
0.10260212353950138 | 0.023167858844589162 | 0.4785917084951823 | 0.3019226731539699 | 0.260792099610726:0.10997045617056145 | 0.016106512008532636 | 0.48247804319235854
0.10997045617056145 | 0.016106512008532636 | 0.48247804319235854 | 0.3019226731539699 | 0.260792099610726:0.11744019694497432 | 0.00891135540798027 | 0.4860981223440106
0.11744019694497432 | 0.00891135540798027 | 0.4860981223440106 | 0.3019226731539699 | 0.260792099610726:0.1250064819076666 | 0.0015881304187463918 | 0.48944748151089357
0.1250064819076666 | 0.0015881304187463918 | 0.48944748151089357 | 0.3019226731539699 | 0.260792099610726:0.13266438929316493 | -0.005857354540050874 | 0.4925218622426719
0.13266438929316493 | -0.005857354540050874 | 0.4925218622426719 | 0.3019226731539699 | 0.260792099610726:0.14040894295108686 | -0.013419227948424428 | 0.49531721326107103
0.14040894295108686 | -0.013419227948424428 | 0.49531721326107103 | 0.3594009675077898 | 0.23726503302355506:0.14764864616846296 | -0.022527623406812136 | 0.49794104936623285
0.14764864616846296 | -0.022527623406812136 | 0.49794104936623285 | 0.3594009675077898 | 0.23726503302355506:0.1549576537443098 | -0.03176220044023914 | 0.5002472985352604
0.1549576537443098 | -0.03176220044023914 | 0.5002472985352604 | 0.3594009675077898 | 0.23726503302355506:0.16233094896047362 | -0.04111521436888266 | 0.5022317256252897
0.16233094896047362 | -0.04111521436888266 | 0.5022317256252897 | 0.3594009675077898 | 0.23726503302355506:0.16976346524159425 | -0.05057884446744243 | 0.5038903578108282
0.16976346524159425 | -0.05057884446744243 | 0.5038903578108282 | 0.3594009675077898 | 0.23726503302355506:0.1772500900386973 | -0.06014519981796784 | 0.5052194858801045
0.1772500900386973 | -0.06014519981796784 | 0.5052194858801045 | 0.4109886897916879 | 0.25448283494015334:0.18521908370504114 | -0.07111737955898967 | 0.5058746639268072
0.18521908370504114 | -0.07111737955898967 | 0.5058746639268072 | 0.4109886897916879 | 0.25448283494015334:0.1932309704416202 | -0.08218188930870296 | 0.5061265556608667
0.1932309704416202 | -0.08218188930870296 | 0.5061265556608667 | 0.4109886897916879 | 0.25448283494015334:0.2012792271746804 | -0.09332804269926953 | 0.5059714897934029
0.2012792271746804 | -0.09332804269926953 | 0.5059714897934029 | 0.4109886897916879 | 0.25448283494015334:0.2093572848723717 | -0.10454507709399641 | 0.5054061781349333
0.2093572848723717 | -0.10454507709399641 | 0.5054061781349333 | 0.4109886897916879 | 0.25448283494015334:0.21745853446939378 | -0.11582216312336335 | 0.5044277169129359
0.21745853446939378 | -0.11582216312336335 | 0.5044277169129359 | 0.6714874267448143 | 0.5639470942368521:0.23328466489952504 | -0.13372627711069374 | 0.49778483254975114
0.23328466489952504 | -0.13372627711069374 | 0.49778483254975114 | 0.6714874267448143 | 0.5639470942368521:0.24898826341909874 | -0.15151461438350733 | 0.48997418626752065
0.24898826341909874 | -0.15151461438350733 | 0.48997418626752065 | 0.6714874267448143 | 0.5639470942368521:0.2645320122389876 | -0.16914257567334356 | 0.48099928268558045
0.2645320122389876 | -0.16914257567334356 | 0.48099928268558045 | 0.6714874267448143 | 0.5639470942368521:0.27987866371930004 | -0.18656559745889467 | 0.47086653511237486
0.27987866371930004 | -0.18656559745889467 | 0.47086653511237486 | 0.6714874267448143 | 0.5639470942368521:0.2949911333962323 | -0.20373926279216192 | 0.45958526153950885
0.2949911333962323 | -0.20373926279216192 | 0.45958526153950885 | -0.6459055413819981 | -0.04704025755899566:0.29599763073314556 | -0.1901442147934489 | 0.4699560285843347
0.29599763073314556 | -0.1901442147934489 | 0.4699560285843347 | -0.6459055413819981 | -0.04704025755899566:0.2969518680075893 | -0.17610043564703837 | 0.4798977087062539
0.2969518680075893 | -0.17610043564703837 | 0.4798977087062539 | -0.6459055413819981 | -0.04704025755899566:0.297855156247568 | -0.16162287206314296 | 0.48939184451136697
0.297855156247568 | -0.16162287206314296 | 0.48939184451136697 | -0.6459055413819981 | -0.04704025755899566:0.29870885545750525 | -0.14672718002891827 | 0.49842054484124887
0.29870885545750525 | -0.14672718002891827 | 0.49842054484124887 | -0.6459055413819981 | -0.04704025755899566:0.2995143729918617 | -0.13142970261671927 | 0.5069665106346903
0.2995143729918617 | -0.13142970261671927 | 0.5069665106346903 | -0.6459055413819981 | -0.04704025755899566:0.3002731618650376 | -0.11574744690565364 | 0.5150130599088065
0.3002731618650376 | -0.11574744690565364 | 0.5150130599088065 | -0.6459055413819981 | -0.04704025755899566:0.30098671900003815 | -0.09969806005069515 | 0.5225441518306511
0.30098671900003815 | -0.09969806005069515 | 0.5225441518306511 | -0.6459055413819981 | -0.04704025755899566:0.3016565834185503 | -0.08329980453447927 | 0.52954440985188
0.3016565834185503 | -0.08329980453447927 | 0.52954440985188 | -0.6459055413819981 | -0.04704025755899566:0.30228433437504876 | -0.06657153263772031 | 0.5359991438802716
0.30228433437504876 | -0.06657153263772031 | 0.5359991438802716 | -0.6459055413819981 | -0.04704025755899566:0.30287158943763615 | -0.04953266016499125 | 0.5418943714632789
0.30287158943763615 | -0.04953266016499125 | 0.5418943714632789 | -0.6459055413819981 | -0.04704025755899566:0.3034200025183953 | -0.03220313946329867 | 0.5472168379601747
0.3034200025183953 | -0.03220313946329867 | 0.5472168379601747 | -0.6459055413819981 | -0.04704025755899566:0.3039312618560306 | -0.014603431771592845 | 0.5519540356807262
0.3039312618560306 | -0.014603431771592845 | 0.5519540356807262 | -0.6459055413819981 | -0.04704025755899566:0.30440708795367755 | 0.0032455210600410567 | 0.556094221969726
0.30440708795367755 | 0.0032455210600410567 | 0.556094221969726 | -0.6459055413819981 | -0.04704025755899566:0.30484923147473353 | 0.02132232544217505 | 0.5596264362182168
0.30484923147473353 | 0.02132232544217505 | 0.5596264362182168 | -0.6459055413819981 | -0.04704025755899566:0.30525947109967433 | 0.039605165468953984 | 0.5625405157835317
0.30525947109967433 | 0.039605165468953984 | 0.5625405157835317 | -0.6459055413819981 | -0.04704025755899566:0.3056396113467663 | 0.05807183285181239 | 0.5648271108019287
0.3056396113467663 | 0.05807183285181239 | 0.5648271108019287 | -0.6459055413819981 | -0.04704025755899566:0.305991480359733 | 0.07669975732322332 | 0.5664776978788666
0.305991480359733 | 0.07669975732322332 | 0.5664776978788666 | -0.6459055413819981 | -0.04704025755899566:0.30631692766529284 | 0.09546603746935833 | 0.5674845926435026
0.30631692766529284 | 0.09546603746935833 | 0.5674845926435026 | -0.6459055413819981 | -0.04704025755899566:0.3066178219036999 | 0.11434747195019579 | 0.5678409611556177
0.3066178219036999 | 0.11434747195019579 | 0.5678409611556177 | -0.6459055413819981 | -0.04704025755899566:0.3068960485352683 | 0.13332059106537297 | 0.5675408301543925
0.3068960485352683 | 0.13332059106537297 | 0.5675408301543925 | -0.6459055413819981 | -0.04704025755899566:0.3071535075259746 | 0.1523616886238166 | 0.5665790961401242
0.3071535075259746 | 0.1523616886238166 | 0.5665790961401242 | -0.6459055413819981 | -0.04704025755899566:0.3073921110152469 | 0.17144685407506088 | 0.5649515332814943
0.3073921110152469 | 0.17144685407506088 | 0.5649515332814943 | -0.6459055413819981 | -0.04704025755899566:0.3076137809689321 | 0.19055200486002022 | 0.5626548001422762
0.3076137809689321 | 0.19055200486002022 | 0.5626548001422762 | -0.6459055413819981 | -0.04704025755899566:0.30782044682065646 | 0.20965291893891358 | 0.5596864452231785
0.30782044682065646 | 0.20965291893891358 | 0.5596864452231785 | -0.6459055413819981 | -0.04704025755899566:0.30801404310452796 | 0.22872526745404986 | 0.5560449113156096
0.30801404310452796 | 0.22872526745404986 | 0.5560449113156096 | -0.6459055413819981 | -0.04704025755899566:0.30819650708240687 | 0.24774464748518454 | 0.551729538666045
0.30819650708240687 | 0.24774464748518454 | 0.551729538666045 | -0.6459055413819981 | -0.04704025755899566:0.3083697763686608 | 0.2666866148552627 | 0.5467405669507954
0.3083697763686608 | 0.2666866148552627 | 0.5467405669507954 | -0.6459055413819981 | -0.04704025755899566:0.3085357865556233 | 0.2855267169444984 | 0.541079136062713
0.3085357865556233 | 0.2855267169444984 | 0.541079136062713 | -0.6459055413819981 | -0.04704025755899566:0.30869646884268676 | 0.3042405254709104 | 0.5347472857126121
0.30869646884268676 | 0.3042405254709104 | 0.5347472857126121 | -0.6459055413819981 | -0.04704025755899566:0.3088537476720994 | 0.3228036691956797 | 0.5277479538497758
0.3088537476720994 | 0.3228036691956797 | 0.5277479538497758 | -0.5792043816656844 | -0.9866187312345454:0.28418859203821967 | 0.3394578874036531 | 0.5351563804153372
0.28418859203821967 | 0.3394578874036531 | 0.5351563804153372 | -0.5792043816656844 | -0.9866187312345454:0.2590840347212193 | 0.35637208743661386 | 0.5408456060863429
0.2590840347212193 | 0.35637208743661386 | 0.5408456060863429 | -0.5792043816656844 | -0.9866187312345454:0.23362767727301303 | 0.3734955697575293 | 0.5447816111628399
0.23362767727301303 | 0.3734955697575293 | 0.5447816111628399 | -0.5792043816656844 | -0.9866187312345454:0.20790896911810108 | 0.39077646028022106 | 0.546936425046681
0.20790896911810108 | 0.39077646028022106 | 0.546936425046681 | -0.5792043816656844 | -0.9866187312345454:0.18201889112313907 | 0.40816189416308535 | 0.5472882621474184
0.18201889112313907 | 0.40816189416308535 | 0.5472882621474184 | -0.5792043816656844 | -0.9866187312345454:0.15604963227672286 | 0.42559820396990755 | 0.5458216354730112
0.15604963227672286 | 0.42559820396990755 | 0.5458216354730112 | -0.5792043816656844 | -0.9866187312345454:0.13009426066135177 | 0.443031111510823 | 0.5425274474339616
0.13009426066135177 | 0.443031111510823 | 0.5425274474339616 | -0.5792043816656844 | -0.9866187312345454:0.1042463899215349 | 0.46040592266232166 | 0.5374030574732345
0.1042463899215349 | 0.46040592266232166 | 0.5374030574732345 | -0.5792043816656844 | -0.9866187312345454:0.07859984244962703 | 0.4776677244536186 | 0.5304523262196383
0.07859984244962703 | 0.4776677244536186 | 0.5304523262196383 | -0.5792043816656844 | -0.9866187312345454:0.053248310524189435 | 0.49476158369775597 | 0.5216856359485149
0.053248310524189435 | 0.49476158369775597 | 0.5216856359485149 | -0.5792043816656844 | -0.9866187312345454:0.028285016644137073 | 0.5116327464394999 | 0.5111198872205946
0.028285016644137073 | 0.5116327464394999 | 0.5111198872205946 | -0.5792043816656844 | -0.9866187312345454:0.003802374306065559 | 0.5282268374884482 | 0.4987784716575234
0.003802374306065559 | 0.5282268374884482 | 0.4987784716575234 | -0.5792043816656844 | -0.9866187312345454:-0.020108349528374703 | 0.5444900593048128 | 0.4846912208998546
-0.020108349528374703 | 0.5444900593048128 | 0.4846912208998546 | -0.5792043816656844 | -0.9866187312345454:-0.04335736903330556 | 0.560369389507041 | 0.4688943318810601
-0.04335736903330556 | 0.560369389507041 | 0.4688943318810601 | -0.5792043816656844 | -0.9866187312345454:-0.06585670995546167 | 0.5758127762748355 | 0.451430268637651
-0.06585670995546167 | 0.5758127762748355 | 0.451430268637651 | -0.5792043816656844 | -0.9866187312345454:-0.08752053466900733 | 0.5907693309281492 | 0.4323476409617797
-0.08752053466900733 | 0.5907693309281492 | 0.4323476409617797 | -0.5792043816656844 | -0.9866187312345454:-0.10826546064872744 | 0.605189516972378 | 0.41170106028752684
-0.10826546064872744 | 0.605189516972378 | 0.41170106028752684 | -0.5792043816656844 | -0.9866187312345454:-0.1280108711849941 | 0.6190253349122177 | 0.3895509732856084
-0.1280108711849941 | 0.6190253349122177 | 0.3895509732856084 | -0.5792043816656844 | -0.9866187312345454:-0.14667921719100718 | 0.6322305021513772 | 0.3659634737228359
-0.14667921719100718 | 0.6322305021513772 | 0.3659634737228359 | -0.5792043816656844 | -0.9866187312345454:-0.1641963089841063 | 0.6447606273126194 | 0.34101009322252906
-0.1641963089841063 | 0.6447606273126194 | 0.34101009322252906 | -0.5792043816656844 | -0.9866187312345454:-0.1804915969584151 | 0.6565733783322116 | 0.3147675716393792
-0.1804915969584151 | 0.6565733783322116 | 0.3147675716393792 | -0.5792043816656844 | -0.9866187312345454:-0.1954984401053217 | 0.6676286437048695 | 0.28731760783696103
-0.1954984401053217 | 0.6676286437048695 | 0.28731760783696103 | -0.5792043816656844 | -0.9866187312345454:-0.20915436138140464 | 0.6778886862795268 | 0.2587465917282117
-0.20915436138140464 | 0.6778886862795268 | 0.2587465917282117 | -0.5792043816656844 | -0.9866187312345454:-0.22140128897002143 | 0.6873182890326515 | 0.22914531850768327
-0.22140128897002143 | 0.6873182890326515 | 0.22914531850768327 | -0.5792043816656844 | -0.9866187312345454:-0.23218578253306532 | 0.6958848922743268 | 0.19860868607020166
-0.23218578253306532 | 0.6958848922743268 | 0.19860868607020166 | 0.5592496927862534 | 0.8700169953850383:-0.2231890546322468 | 0.692239031924947 | 0.2285976401589096
-0.2231890546322468 | 0.692239031924947 | 0.2285976401589096 | 0.5592496927862534 | 0.8700169953850383:-0.212860372655026 | 0.6877135890635877 | 0.2581357886091098
-0.212860372655026 | 0.6877135890635877 | 0.2581357886091098 | 0.5592496927862534 | 0.8700169953850383:-0.20121862105209587 | 0.6823196739699888 | 0.2871373560918826
-0.20121862105209587 | 0.6823196739699888 | 0.2871373560918826 | 0.5592496927862534 | 0.8700169953850383:-0.18828658428466127 | 0.6760709174121828 | 0.31551767573086664
-0.18828658428466127 | 0.6760709174121828 | 0.31551767573086664 | 0.5592496927862534 | 0.8700169953850383:-0.17409089544488054 | 0.6689834411676454 | 0.3431934414140301
-0.17409089544488054 | 0.6689834411676454 | 0.3431934414140301 | -0.30346778483626435 | -0.36891196740843446:-0.18073628579879752 | 0.6761071529562805 | 0.33071100773673834
-0.18073628579879752 | 0.6761071529562805 | 0.33071100773673834 | -0.30346778483626435 | -0.36891196740843446:-0.18716017806172047 | 0.6830351359915934 | 0.31795179769563475
-0.18716017806172047 | 0.6830351359915934 | 0.31795179769563475 | -0.30346778483626435 | -0.36891196740843446:-0.19335653410612963 | 0.6897625226093052 | 0.30492332268240574
-0.19335653410612963 | 0.6897625226093052 | 0.30492332268240574 | -0.30346778483626435 | -0.36891196740843446:-0.1993194742452964 | 0.6962845723348075 | 0.2916333023875026
-0.1993194742452964 | 0.6962845723348075 | 0.2916333023875026 | -0.30346778483626435 | -0.36891196740843446:-0.20504328129117866 | 0.702596675279878 | 0.27808965911933115
-0.20504328129117866 | 0.702596675279878 | 0.27808965911933115 | 0.6160229101762174 | 0.34526864096152976:-0.20039492884318122 | 0.6956223161860748 | 0.3039302528257011
-0.20039492884318122 | 0.6956223161860748 | 0.3039302528257011 | 0.6160229101762174 | 0.34526864096152976:-0.19528412729552258 | 0.6878097215204306 | 0.32951891442625936
-0.19528412729552258 | 0.6878097215204306 | 0.32951891442625936 | 0.6160229101762174 | 0.34526864096152976:-0.18971496445085023 | 0.679165722489163 | 0.3548196257342795
-0.18971496445085023 | 0.679165722489163 | 0.3548196257342795 | 0.6160229101762174 | 0.34526864096152976:-0.18369219457056118 | 0.6696983427625973 | 0.37979664359441756
-0.18369219457056118 | 0.6696983427625973 | 0.37979664359441756 | 0.6160229101762174 | 0.34526864096152976:-0.17722123283488855 | 0.6594167893979126 | 0.4044145517123354
-0.17722123283488855 | 0.6594167893979126 | 0.4044145517123354 | 0.6160229101762174 | 0.34526864096152976:-0.1703081488504452 | 0.6483314420552304 | 0.42863831203437996
-0.1703081488504452 | 0.6483314420552304 | 0.42863831203437996 | 0.6160229101762174 | 0.34526864096152976:-0.16295965921550248 | 0.6364538405242932 | 0.4524333156046296
-0.16295965921550248 | 0.6364538405242932 | 0.4524333156046296 | 0.6160229101762174 | 0.34526864096152976:-0.155183119154497 | 0.6237966705811537 | 0.4757654328271954
-0.155183119154497 | 0.6237966705811537 | 0.4757654328271954 | 0.6160229101762174 | 0.34526864096152976:-0.14698651323464418 | 0.6103737481967322 | 0.49860106306290675
-0.14698651323464418 | 0.6103737481967322 | 0.49860106306290675 | 0.6160229101762174 | 0.34526864096152976:-0.13837844517871645 | 0.596200002121261 | 0.5209071834904293
-0.13837844517871645 | 0.596200002121261 | 0.5209071834904293 | 0.6160229101762174 | 0.34526864096152976:-0.12936812678931275 | 0.5812914548709323 | 0.5426513971632474
-0.12936812678931275 | 0.5812914548709323 | 0.5426513971632474 | 0.6160229101762174 | 0.34526864096152976:-0.11996536600117835 | 0.5656652021451585 | 0.5638019801948744
-0.11996536600117835 | 0.5656652021451585 | 0.5638019801948744 | 0.6160229101762174 | 0.34526864096152976:-0.11018055407926397 | 0.5493393907051285 | 0.5843279280064237
-0.11018055407926397 | 0.5493393907051285 | 0.5843279280064237 | 0.6160229101762174 | 0.34526864096152976:-0.10002465198139276 | 0.5323331947462897 | 0.6041990005717821
-0.10002465198139276 | 0.5323331947462897 | 0.6041990005717821 | 0.6160229101762174 | 0.34526864096152976:-0.08950917590562213 | 0.5146667907994811 | 0.6233857665973161
-0.08950917590562213 | 0.5146667907994811 | 0.6233857665973161 | 0.28692436485730943 | -0.2106908513054857:-0.09636894868462775 | 0.506831498832593 | 0.6311722874775612
-0.09636894868462775 | 0.506831498832593 | 0.6311722874775612 | 0.28692436485730943 | -0.2106908513054857:-0.10332220066860032 | 0.4988530589036593 | 0.6387724160020625
-0.10332220066860032 | 0.4988530589036593 | 0.6387724160020625 | 0.28692436485730943 | -0.2106908513054857:-0.11036680070778715 | 0.4907344925609003 | 0.6461825547082469
-0.11036680070778715 | 0.4907344925609003 | 0.6461825547082469 | 0.28692436485730943 | -0.2106908513054857:-0.11750057566203154 | 0.4824788776492923 | 0.6533991846757914
-0.11750057566203154 | 0.4824788776492923 | 0.6533991846757914 | 0.28692436485730943 | -0.2106908513054857:-0.12472131141363008 | 0.4740893469545462 | 0.6604188667601534
-0.12472131141363008 | 0.4740893469545462 | 0.6604188667601534 | 0.7879564577490541 | -0.3836073675860565:-0.13801021797120683 | 0.44867545142056287 | 0.6775219775233694
-0.13801021797120683 | 0.44867545142056287 | 0.6775219775233694 | 0.7879564577490541 | -0.3836073675860565:-0.15163063246738773 | 0.42254032031707567 | 0.6933690449281471
-0.15163063246738773 | 0.42254032031707567 | 0.6933690449281471 | 0.7879564577490541 | -0.3836073675860565:-0.1655578736548442 | 0.3957340847436406 | 0.7079232322158759
-0.1655578736548442 | 0.3957340847436406 | 0.7079232322158759 | 0.7879564577490541 | -0.3836073675860565:-0.17976653459949077 | 0.36830841471259745 | 0.7211502254014874
-0.17976653459949077 | 0.36830841471259745 | 0.7211502254014874 | 0.7879564577490541 | -0.3836073675860565:-0.19423053380783806 | 0.34031641566764037 | 0.7330183110639439
-0.19423053380783806 | 0.34031641566764037 | 0.7330183110639439 | 0.8731468116082888 | 0.8067738465903445:-0.16427372491898673 | 0.30862627270594345 | 0.7559297912509351
-0.16427372491898673 | 0.30862627270594345 | 0.7559297912509351 | 0.8731468116082888 | 0.8067738465903445:-0.13340816872196548 | 0.2758933375958783 | 0.7762330874312937
-0.13340816872196548 | 0.2758933375958783 | 0.7762330874312937 | 0.8731468116082888 | 0.8067738465903445:-0.1017414706445674 | 0.24223227001122183 | 0.7938446397375287
-0.1017414706445674 | 0.24223227001122183 | 0.7938446397375287 | 0.8731468116082888 | 0.8067738465903445:-0.06938455521415321 | 0.2077615301120872 | 0.8086904372548247
-0.06938455521415321 | 0.2077615301120872 | 0.8086904372548247 | 0.8731468116082888 | 0.8067738465903445:-0.036451266408599636 | 0.17260295262440195 | 0.820706321024602
-0.036451266408599636 | 0.17260295262440195 | 0.820706321024602 | -0.07677992156596525 | -0.5904912793122261:-0.060759099230873304 | 0.17608849407339022 | 0.8201698241972935
-0.060759099230873304 | 0.17608849407339022 | 0.8201698241972935 | -0.07677992156596525 | -0.5904912793122261:-0.08508461298519165 | 0.1795745367067454 | 0.8188816065673024
-0.08508461298519165 | 0.1795745367067454 | 0.8188816065673024 | -0.07677992156596525 | -0.5904912793122261:-0.10940453050206145 | 0.18305808894221798 | 0.8168403861788818
-0.10940453050206145 | 0.18305808894221798 | 0.8168403861788818 | -0.07677992156596525 | -0.5904912793122261:-0.13369552662386042 | 0.18653615120893363 | 0.8140456235865088
-0.13369552662386042 | 0.18653615120893363 | 0.8140456235865088 | -0.07677992156596525 | -0.5904912793122261:-0.15793425162697083 | 0.19000571899346852 | 0.8104975231355382
-0.15793425162697083 | 0.19000571899346852 | 0.8104975231355382 | -0.03618386792341899 | -0.7288865824217978:-0.18768589197637375 | 0.19181676942250192 | 0.8053084333098752
-0.18768589197637375 | 0.19181676942250192 | 0.8053084333098752 | -0.03618386792341899 | -0.7288865824217978:-0.21727721574773717 | 0.193617572495711 | 0.7990072504061487
-0.21727721574773717 | 0.193617572495711 | 0.7990072504061487 | -0.03618386792341899 | -0.7288865824217978:-0.24666627295382781 | 0.19540607423371625 | 0.7915991228930892
-0.24666627295382781 | 0.19540607423371625 | 0.7915991228930892 | -0.03618386792341899 | -0.7288865824217978:-0.27581129320442344 | 0.197180227795144 | 0.7830907990057341
-0.27581129320442344 | 0.197180227795144 | 0.7830907990057341 | -0.03618386792341899 | -0.7288865824217978:-0.3046707468199781 | 0.19893799651978128 | 0.7734906196690048
-0.3046707468199781 | 0.19893799651978128 | 0.7734906196690048 | -0.0035738645450380524 | -0.33829260239686954:-0.3182489075123236 | 0.19941436185249728 | 0.7694961194211629
-0.3182489075123236 | 0.19941436185249728 | 0.7694961194211629 | -0.0035738645450380524 | -0.33829260239686954:-0.33177393740802863 | 0.19988686270858835 | 0.7652501173394057
-0.33177393740802863 | 0.19988686270858835 | 0.7652501173394057 | -0.0035738645450380524 | -0.33829260239686954:-0.34524105029751695 | 0.20035548170303485 | 0.7607535015574172
-0.34524105029751695 | 0.20035548170303485 | 0.7607535015574172 | -0.0035738645450380524 | -0.33829260239686954:-0.35864548036363253 | 0.2008202013256124 | 0.7560072505531963
-0.35864548036363253 | 0.2008202013256124 | 0.7560072505531963 | -0.0035738645450380524 | -0.33829260239686954:-0.3719824838185968 | 0.20128100396154736 | 0.7510124326163634
-0.3719824838185968 | 0.20128100396154736 | 0.7510124326163634 | -0.34444039944784843 | 0.10569133931061292:-0.36861702478677394 | 0.214527593583675 | 0.7505906221573042
-0.36861702478677394 | 0.214527593583675 | 0.7505906221573042 | -0.34444039944784843 | 0.10569133931061292:-0.36524289401557475 | 0.22778194095038629 | 0.7499080131263582
-0.36524289401557475 | 0.22778194095038629 | 0.7499080131263582 | -0.34444039944784843 | 0.10569133931061292:-0.36186167183022455 | 0.24103912618640777 | 0.7489642672829291
