0.0 | 0.0 | 0.0 | -0.2231554131836928 | -0.8259748058440723:-4.1284431531359635E-4 | 1.1157539144612816E-4 | 0.0099908513402681
-4.1284431531359635E-4 | 1.1157539144612816E-4 | 0.0099908513402681 | -0.2231554131836928 | -0.8259748058440723:-0.0016415659533534038 | 4.438531045866112E-4 | 0.019827209981294388
-0.0016415659533534038 | 4.438531045866112E-4 | 0.019827209981294388 | -0.2231554131836928 | -0.8259748058440723:-0.0036693673044684203 | 9.925930134240257E-4 | 0.029456746318875755
-0.0036693673044684203 | 9.925930134240257E-4 | 0.029456746318875755 | -0.2231554131836928 | -0.8259748058440723:-0.00647674487631 | 0.0017528162368012357 | 0.03882851837203294
-0.00647674487631 | 0.0017528162368012357 | 0.03882851837203294 | -0.2231554131836928 | -0.8259748058440723:-0.010041579871496568 | 0.002718828843957355 | 0.047893108608714374
-0.010041579871496568 | 0.002718828843957355 | 0.047893108608714374 | -0.2231554131836928 | -0.8259748058440723:-0.014339234731353484 | 0.0038842472033636666 | 0.056602755101775676
-0.014339234731353484 | 0.0038842472033636666 | 0.056602755101775676 | -0.2231554131836928 | -0.8259748058440723:-0.019342655338395236 | 0.005242024893272523 | 0.06491147675470552
-0.019342655338395236 | 0.005242024893272523 | 0.06491147675470552 | -0.2231554131836928 | -0.8259748058440723:-0.025022478560456488 | 0.006784481089679439 | 0.07277519235337493
-0.025022478560456488 | 0.006784481089679439 | 0.07277519235337493 | -0.2231554131836928 | -0.8259748058440723:-0.03134714481043477 | 0.008503330344888482 | 0.08015183321724562
-0.03134714481043477 | 0.008503330344888482 | 0.08015183321724562 | -0.14910721364324986 | -0.47830133862090607:-0.03676580776137152 | 0.010061950835208333 | 0.08769161935251069
-0.03676580776137152 | 0.010061950835208333 | 0.08769161935251069 | -0.14910721364324986 | -0.47830133862090607:-0.04252497640629435 | 0.011728934991777074 | 0.09491121897444932
-0.04252497640629435 | 0.011728934991777074 | 0.09491121897444932 | -0.14910721364324986 | -0.47830133862090607:-0.04861102088749791 | 0.013500065673600736 | 0.10179938236573005
-0.04861102088749791 | 0.013500065673600736 | 0.10179938236573005 | -0.14910721364324986 | -0.47830133862090607:-0.055010050723680176 | 0.015371042593329332 | 0.10834539757733841
-0.055010050723680176 | 0.015371042593329332 | 0.10834539757733841 | -0.14910721364324986 | -0.47830133862090607:-0.06170793190727242 | 0.017337487628211412 | 0.11453909519524397
-0.06170793190727242 | 0.017337487628211412 | 0.11453909519524397 | 0.08893277820432055 | -0.2446032007689487:-0.06728184188823583 | 0.01794181659551286 | 0.12138743376100669
-0.06728184188823583 | 0.01794181659551286 | 0.12138743376100669 | 0.08893277820432055 | -0.2446032007689487:-0.07298834110419555 | 0.018471365544319274 | 0.12804805537722208
-0.07298834110419555 | 0.018471365544319274 | 0.12804805537722208 | 0.08893277820432055 | -0.2446032007689487:-0.07882314867273399 | 0.01892794912391893 | 0.1345194576249733
-0.07882314867273399 | 0.01892794912391893 | 0.1345194576249733 | 0.08893277820432055 | -0.2446032007689487:-0.084781990942008 | 0.019313376926595183 | 0.14080022241814483
-0.084781990942008 | 0.019313376926595183 | 0.14080022241814483 | 0.08893277820432055 | -0.2446032007689487:-0.09086060255489181 | 0.019629453125297736 | 0.14688901528901832
-0.09086060255489181 | 0.019629453125297736 | 0.14688901528901832 | 0.08893277820432055 | -0.2446032007689487:-0.09705472749672561 | 0.019877976116992824 | 0.15278458466497002
-0.09705472749672561 | 0.019877976116992824 | 0.15278458466497002 | 0.08893277820432055 | -0.2446032007689487:-0.10336012012670759 | 0.020060738171683412 | 0.158485761136534
-0.10336012012670759 | 0.020060738171683412 | 0.158485761136534 | 0.08893277820432055 | -0.2446032007689487:-0.10977254619296906 | 0.020179525087085315 | 0.1639914567171068
-0.10977254619296906 | 0.020179525087085315 | 0.1639914567171068 | 0.08893277820432055 | -0.2446032007689487:-0.11628778383137472 | 0.020236115848949576 | 0.16930066409455335
-0.11628778383137472 | 0.020236115848949576 | 0.16930066409455335 | 0.08893277820432055 | -0.2446032007689487:-0.12290162454809406 | 0.02023228229701668 | 0.17441245587498466
-0.12290162454809406 | 0.02023228229701668 | 0.17441245587498466 | 0.08893277820432055 | -0.2446032007689487:-0.12960987418598768 | 0.020169788796588817 | 0.17932598381895648
-0.12960987418598768 | 0.020169788796588817 | 0.17932598381895648 | 0.08893277820432055 | -0.2446032007689487:-0.13640835387486128 | 0.020050391915706123 | 0.18404047807035928
-0.13640835387486128 | 0.020050391915706123 | 0.18404047807035928 | 0.08893277820432055 | -0.2446032007689487:-0.14329290096563518 | 0.019875840107910547 | 0.18855524637824272
-0.14329290096563518 | 0.019875840107910547 | 0.18855524637824272 | 0.08893277820432055 | -0.2446032007689487:-0.15025936994848488 | 0.01964787340058116 | 0.1928696733118329
-0.15025936994848488 | 0.01964787340058116 | 0.1928696733118329 | 0.08893277820432055 | -0.2446032007689487:-0.1573036333550062 | 0.019368223088824132 | 0.19698321946898556
-0.1573036333550062 | 0.019368223088824132 | 0.19698321946898556 | 0.7559971779868304 | -0.17867904055114048:-0.1637631613470103 | 0.01226220093390451 | 0.2019583150753892
-0.1637631613470103 | 0.01226220093390451 | 0.2019583150753892 | 0.7559971779868304 | -0.17867904055114048:-0.17026860777369146 | 0.004752587363105243 | 0.20651271151809292
-0.17026860777369146 | 0.004752587363105243 | 0.20651271151809292 | 0.7559971779868304 | -0.17867904055114048:-0.1768151615705853 | -0.0031386745554718987 | 0.21062374740436507
-0.1768151615705853 | -0.0031386745554718987 | 0.21062374740436507 | 0.7559971779868304 | -0.17867904055114048:-0.18339776342833813 | -0.011388588916760978 | 0.2142699527213785
-0.18339776342833813 | -0.011388588916760978 | 0.2142699527213785 | 0.7559971779868304 | -0.17867904055114048:-0.19001112007238508 | -0.01997316632744972 | 0.21743109510412495
-0.19001112007238508 | -0.01997316632744972 | 0.21743109510412495 | 0.7559971779868304 | -0.17867904055114048:-0.19664971894325944 | -0.02886748500862446 | 0.2200882231058321
-0.19664971894325944 | -0.02886748500862446 | 0.2200882231058321 | 0.7559971779868304 | -0.17867904055114048:-0.20330784324482698 | -0.03804575351514139 | 0.22222370640779499
-0.20330784324482698 | -0.03804575351514139 | 0.22222370640779499 | 0.7559971779868304 | -0.17867904055114048:-0.20997958732732735 | -0.04748137493264559 | 0.22382127291189846
-0.20997958732732735 | -0.04748137493264559 | 0.22382127291189846 | 0.7559971779868304 | -0.17867904055114048:-0.2166588723717613 | -0.05714701241155795 | 0.22486604266551602
-0.2166588723717613 | -0.05714701241155795 | 0.22486604266551602 | 0.7559971779868304 | -0.17867904055114048:-0.2233394623418694 | -0.06701465589600908 | 0.2253445585749354
-0.2233394623418694 | -0.06701465589600908 | 0.2253445585749354 | -0.8927516330869218 | 0.7861400886053509:-0.21866656751015423 | -0.058077954310295055 | 0.24164349794875228
-0.21866656751015423 | -0.058077954310295055 | 0.24164349794875228 | -0.8927516330869218 | 0.7861400886053509:-0.21313127620619898 | -0.048191917713607646 | 0.25749954953697607
-0.21313127620619898 | -0.048191917713607646 | 0.25749954953697607 | -0.8927516330869218 | 0.7861400886053509:-0.20674977962078156 | -0.03737236881643213 | 0.2728157016218331
-0.20674977962078156 | -0.03737236881643213 | 0.2728157016218331 | -0.8927516330869218 | 0.7861400886053509:-0.1995429221470495 | -0.02564045032370954 | 0.2874963564050468
-0.1995429221470495 | -0.02564045032370954 | 0.2874963564050468 | -0.8927516330869218 | 0.7861400886053509:-0.1915361255366692 | -0.013022549870179256 | 0.30144782761488287
-0.1915361255366692 | -0.013022549870179256 | 0.30144782761488287 | 0.028132209844236034 | -0.5199175258246069:-0.20289012637580317 | -0.01368833586837126 | 0.30167735518422223
-0.20289012637580317 | -0.01368833586837126 | 0.30167735518422223 | 0.028132209844236034 | -0.5199175258246069:-0.21434630869126536 | -0.014359446311142943 | 0.301463115932326
-0.21434630869126536 | -0.014359446311142943 | 0.301463115932326 | 0.028132209844236034 | -0.5199175258246069:-0.2258882696183102 | -0.015035001379264168 | 0.3008015403454545
-0.2258882696183102 | -0.015035001379264168 | 0.3008015403454545 | 0.028132209844236034 | -0.5199175258246069:-0.23749954185937128 | -0.01571411731869299 | 0.299689623366338
-0.23749954185937128 | -0.01571411731869299 | 0.299689623366338 | 0.028132209844236034 | -0.5199175258246069:-0.24916361163314615 | -0.016395907412595667 | 0.29812492389363143
-0.24916361163314615 | -0.016395907412595667 | 0.29812492389363143 | 0.12551269528704712 | -0.48497163484370986:-0.26034405159247953 | -0.018553547734680986 | 0.2964741939276099
-0.26034405159247953 | -0.018553547734680986 | 0.2964741939276099 | 0.12551269528704712 | -0.48497163484370986:-0.27154945945982156 | -0.020726407918215672 | 0.2943936001876679
-0.27154945945982156 | -0.020726407918215672 | 0.2943936001876679 | 0.12551269528704712 | -0.48497163484370986:-0.28276519456958216 | -0.022910627702564357 | 0.2918822735853013
-0.28276519456958216 | -0.022910627702564357 | 0.2918822735853013 | 0.12551269528704712 | -0.48497163484370986:-0.2939766362879963 | -0.02510235121195903 | 0.2889398358706803
-0.2939766362879963 | -0.02510235121195903 | 0.2889398358706803 | 0.12551269528704712 | -0.48497163484370986:-0.3051691982063538 | -0.027297730629805006 | 0.28556639688737384
-0.3051691982063538 | -0.027297730629805006 | 0.28556639688737384 | 0.12551269528704712 | -0.48497163484370986:-0.3163283421893075 | -0.02949292983682006 | 0.28176255142328976
-0.3163283421893075 | -0.02949292983682006 | 0.28176255142328976 | 0.12551269528704712 | -0.48497163484370986:-0.3274395922683775 | -0.031684128010434076 | 0.27752937566399183
-0.3274395922683775 | -0.031684128010434076 | 0.27752937566399183 | 0.12551269528704712 | -0.48497163484370986:-0.3384885483709752 | -0.033867523182925297 | 0.27286842325474936
-0.3384885483709752 | -0.033867523182925297 | 0.27286842325474936 | 0.12551269528704712 | -0.48497163484370986:-0.3494608998755062 | -0.036039335755819524 | 0.2677817209779203
-0.3494608998755062 | -0.036039335755819524 | 0.2677817209779203 | 0.12551269528704712 | -0.48497163484370986:-0.36034243898327567 | -0.03819581196814381 | 0.26227176405250674
-0.36034243898327567 | -0.03819581196814381 | 0.26227176405250674 | -0.21925992119910043 | 0.8822025237332849:-0.35271385776186115 | -0.03575466629800683 | 0.28174748430371643
-0.35271385776186115 | -0.03575466629800683 | 0.28174748430371643 | -0.21925992119910043 | 0.8822025237332849:-0.3440376236050344 | -0.03305844940450986 | 0.30099472098141433
-0.3440376236050344 | -0.03305844940450986 | 0.30099472098141433 | -0.21925992119910043 | 0.8822025237332849:-0.33432038330122893 | -0.030108421444592803 | 0.31995393921614657
-0.33432038330122893 | -0.030108421444592803 | 0.31995393921614657 | -0.21925992119910043 | 0.8822025237332849:-0.3235719229283234 | -0.026906624840245197 | 0.33856587817204975
-0.3235719229283234 | -0.026906624840245197 | 0.33856587817204975 | -0.21925992119910043 | 0.8822025237332849:-0.3118051506804935 | -0.02345588094684037 | 0.35677172296330717
-0.3118051506804935 | -0.02345588094684037 | 0.35677172296330717 | -0.9737445420740181 | -0.9328773046964722:-0.3317701537826814 | -0.006131913475829309 | 0.3463584543612619
-0.3317701537826814 | -0.006131913475829309 | 0.3463584543612619 | -0.9737445420740181 | -0.9328773046964722:-0.35132403429983583 | 0.010848345296581074 | 0.33398465717411874
-0.35132403429983583 | 0.010848345296581074 | 0.33398465717411874 | -0.9737445420740181 | -0.9328773046964722:-0.37036507631891524 | 0.027377666624610608 | 0.31967818582454477
-0.37036507631891524 | 0.027377666624610608 | 0.31967818582454477 | -0.9737445420740181 | -0.9328773046964722:-0.388792796193977 | 0.04334983981640539 | 0.3034780653321274
-0.388792796193977 | 0.04334983981640539 | 0.3034780653321274 | -0.9737445420740181 | -0.9328773046964722:-0.40650852374745305 | 0.05866028145629265 | 0.285434385034792
-0.40650852374745305 | 0.05866028145629265 | 0.285434385034792 | -0.9737445420740181 | -0.9328773046964722:-0.42341597684220744 | 0.07320663924141657 | 0.2656081293188386
-0.42341597684220744 | 0.07320663924141657 | 0.2656081293188386 | -0.9737445420740181 | -0.9328773046964722:-0.43942182610493674 | 0.08688938705385674 | 0.24407094611143876
-0.43942182610493674 | 0.08688938705385674 | 0.24407094611143876 | -0.9737445420740181 | -0.9328773046964722:-0.4544362466336729 | 0.09961240793550696 | 0.22090485423112582
-0.4544362466336729 | 0.09961240793550696 | 0.22090485423112582 | -0.9737445420740181 | -0.9328773046964722:-0.46837345359135085 | 0.11128356169708775 | 0.19620189102708707
-0.46837345359135085 | 0.11128356169708775 | 0.19620189102708707 | -0.9737445420740181 | -0.9328773046964722:-0.48115221867328195 | 0.1218152339742804 | 0.17006370206526533
-0.48115221867328195 | 0.1218152339742804 | 0.17006370206526533 | 0.09409450165931998 | 0.7806869649443988:-0.4784223439230537 | 0.12211016637102345 | 0.19099652397772537
-0.4784223439230537 | 0.12211016637102345 | 0.19099652397772537 | 0.09409450165931998 | 0.7806869649443988:-0.47476496509515265 | 0.1222876495247689 | 0.21196062140201555
-0.47476496509515265 | 0.1222876495247689 | 0.21196062140201555 | 0.09409450165931998 | 0.7806869649443988:-0.4701749092171852 | 0.12234701668413073 | 0.23291313969789762
-0.4701749092171852 | 0.12234701668413073 | 0.23291313969789762 | 0.09409450165931998 | 0.7806869649443988:-0.4646489651786645 | 0.12228783627102191 | 0.2538109345664239
-0.4646489651786645 | 0.12228783627102191 | 0.2538109345664239 | 0.09409450165931998 | 0.7806869649443988:-0.45818589497116236 | 0.1221099134535027 | 0.2746106623915807
-0.45818589497116236 | 0.1221099134535027 | 0.2746106623915807 | 0.09409450165931998 | 0.7806869649443988:-0.4507864408972324 | 0.1218132912334558 | 0.2952688708820297
-0.4507864408972324 | 0.1218132912334558 | 0.2952688708820297 | 0.09409450165931998 | 0.7806869649443988:-0.44245332874773524 | 0.12139825104863872 | 0.315742089834508
-0.44245332874773524 | 0.12139825104863872 | 0.315742089834508 | 0.09409450165931998 | 0.7806869649443988:-0.4331912669549851 | 0.12086531288957884 | 0.33598692184099477
-0.4331912669549851 | 0.12086531288957884 | 0.33598692184099477 | 0.09409450165931998 | 0.7806869649443988:-0.42300694173656694 | 0.1202152349326897 | 0.3559601327627995
-0.42300694173656694 | 0.1202152349326897 | 0.3559601327627995 | 0.09409450165931998 | 0.7806869649443988:-0.4119090082521737 | 0.1194490126918887 | 0.37561874179599286
-0.4119090082521737 | 0.1194490126918887 | 0.37561874179599286 | 0.09409450165931998 | 0.7806869649443988:-0.39990807780317894 | 0.11856787769189098 | 0.39492011095419244
-0.39990807780317894 | 0.11856787769189098 | 0.39492011095419244 | 0.09409450165931998 | 0.7806869649443988:-0.38701670111198894 | 0.11757329566723501 | 0.41382203379661675
-0.38701670111198894 | 0.11757329566723501 | 0.41382203379661675 | 0.09409450165931998 | 0.7806869649443988:-0.3732493477253698 | 0.1164669642919679 | 0.43228282323153167
-0.3732493477253698 | 0.1164669642919679 | 0.43228282323153167 | 0.09409450165931998 | 0.7806869649443988:-0.35862238159295856 | 0.11525081044577445 | 0.45026139822773814
-0.35862238159295856 | 0.11525081044577445 | 0.45026139822773814 | 0.09409450165931998 | 0.7806869649443988:-0.3431540328791911 | 0.11392698702317194 | 0.46771736926947227
-0.3431540328791911 | 0.11392698702317194 | 0.46771736926947227 | -0.700143636483866 | 0.1658402126817624:-0.34164576883468456 | 0.13112787254325053 | 0.46949725668110176
-0.34164576883468456 | 0.13112787254325053 | 0.46949725668110176 | -0.700143636483866 | 0.1658402126817624:-0.34007806111913297 | 0.14848269006532866 | 0.470615223196436
-0.34007806111913297 | 0.14848269006532866 | 0.470615223196436 | -0.700143636483866 | 0.1658402126817624:-0.33845734955698603 | 0.16596549166977081 | 0.47106236038279903
-0.33845734955698603 | 0.16596549166977081 | 0.47106236038279903 | -0.700143636483866 | 0.1658402126817624:-0.3367901585180242 | 0.18354994226866905 | 0.47083086442671984
-0.3367901585180242 | 0.18354994226866905 | 0.47083086442671984 | -0.700143636483866 | 0.1658402126817624:-0.33508308631022743 | 0.20120936423062186 | 0.46991405152369836
-0.33508308631022743 | 0.20120936423062186 | 0.46991405152369836 | 0.14480058612459001 | 0.2863075490355207:-0.33038957596325247 | 0.1990601126372118 | 0.47913529760631945
-0.33038957596325247 | 0.1990601126372118 | 0.47913529760631945 | 0.14480058612459001 | 0.2863075490355207:-0.3255006309876656 | 0.196809834887955 | 0.48828055267918913
-0.3255006309876656 | 0.196809834887955 | 0.48828055267918913 | 0.14480058612459001 | 0.2863075490355207:-0.32041790854552943 | 0.19445937098220645 | 0.4973450621606652
-0.32041790854552943 | 0.19445937098220645 | 0.4973450621606652 | 0.14480058612459001 | 0.2863075490355207:-0.31514314563559154 | 0.19200960129576483 | 0.5063241240903267
-0.31514314563559154 | 0.19200960129576483 | 0.5063241240903267 | 0.14480058612459001 | 0.2863075490355207:-0.3096781578907972 | 0.1894614459797621 | 0.5152130905458137
-0.3096781578907972 | 0.1894614459797621 | 0.5152130905458137 | 0.9494156314378528 | -0.8155535689038844:-0.3327072928539856 | 0.1657663781035823 | 0.5135585239130016
-0.3327072928539856 | 0.1657663781035823 | 0.5135585239130016 | 0.9494156314378528 | -0.8155535689038844:-0.35570566352306443 | 0.14202506803553305 | 0.5097762299229096
-0.35570566352306443 | 0.14202506803553305 | 0.5097762299229096 | 0.9494156314378528 | -0.8155535689038844:-0.37858240552316147 | 0.11834344490485371 | 0.5038590447756413
-0.37858240552316147 | 0.11834344490485371 | 0.5038590447756413 | 0.9494156314378528 | -0.8155535689038844:-0.4012462788093458 | 0.0948280919417952 | 0.49580906769860533
-0.4012462788093458 | 0.0948280919417952 | 0.49580906769860533 | 0.9494156314378528 | -0.8155535689038844:-0.42360607226978786 | 0.07158577682636702 | 0.48563771796746735
-0.42360607226978786 | 0.07158577682636702 | 0.48563771796746735 | 0.9494156314378528 | -0.8155535689038844:-0.4455710102319941 | 0.04872297883274079 | 0.47336575028900185
-0.4455710102319941 | 0.04872297883274079 | 0.47336575028900185 | 0.9494156314378528 | -0.8155535689038844:-0.467051159046445 | 0.026345414890072583 | 0.4590232283492348
-0.467051159046445 | 0.026345414890072583 | 0.4590232283492348 | 0.9494156314378528 | -0.8155535689038844:-0.48795783191922126 | 0.0045575666881507715 | 0.44264945651779186
-0.48795783191922126 | 0.0045575666881507715 | 0.44264945651779186 | 0.9494156314378528 | -0.8155535689038844:-0.5082039901706636 | -0.01653778904556713 | 0.4242928698869157
-0.5082039901706636 | -0.01653778904556713 | 0.4242928698869157 | 0.9494156314378528 | -0.8155535689038844:-0.5277046391105067 | -0.03684004498224214 | 0.4040108830102369
-0.5277046391105067 | -0.03684004498224214 | 0.4040108830102369 | 0.7908038586395865 | 0.29202122806947495:-0.5243966316748718 | -0.053046906427471896 | 0.4119598613067126
-0.5243966316748718 | -0.053046906427471896 | 0.4119598613067126 | 0.7908038586395865 | 0.29202122806947495:-0.5209262848171079 | -0.06963304968841477 | 0.4192180041992124
-0.5209262848171079 | -0.06963304968841477 | 0.4192180041992124 | 0.7908038586395865 | 0.29202122806947495:-0.5173044507306841 | -0.08657023223369364 | 0.4257646559623538
-0.5173044507306841 | -0.08657023223369364 | 0.4257646559623538 | 0.7908038586395865 | 0.29202122806947495:-0.5135423161463386 | -0.10382927103104933 | 0.43158052919033807
-0.5135423161463386 | -0.10382927103104933 | 0.43158052919033807 | 0.7908038586395865 | 0.29202122806947495:-0.5096513801092932 | -0.12138010188933013 | 0.4366477512690565
-0.5096513801092932 | -0.12138010188933013 | 0.4366477512690565 | 0.7908038586395865 | 0.29202122806947495:-0.5056434310533859 | -0.13919184076275348 | 0.44094990787458954
-0.5056434310533859 | -0.13919184076275348 | 0.44094990787458954 | 0.7908038586395865 | 0.29202122806947495:-0.5015305232212341 | -0.15723284688624783 | 0.44447208340822186
-0.5015305232212341 | -0.15723284688624783 | 0.44447208340822186 | 0.7908038586395865 | 0.29202122806947495:-0.4973249524807173 | -0.1754707876071704 | 0.44720089828452814
-0.4973249524807173 | -0.1754707876071704 | 0.44720089828452814 | 0.7908038586395865 | 0.29202122806947495:-0.4930392315893073 | -0.19387270477548002 | 0.4491245429959534
-0.4930392315893073 | -0.19387270477548002 | 0.4491245429959534 | 0.7908038586395865 | 0.29202122806947495:-0.48868606495880584 | -0.2124050825515067 | 0.4502328088840528
-0.48868606495880584 | -0.2124050825515067 | 0.4502328088840528 | 0.7908038586395865 | 0.29202122806947495:-0.48427832297378615 | -0.23103391648783655 | 0.45051711555462504
-0.48427832297378615 | -0.23103391648783655 | 0.45051711555462504 | 0.7908038586395865 | 0.29202122806947495:-0.4798290159181988 | -0.24972478373947848 | 0.449970534880876
-0.4798290159181988 | -0.24972478373947848 | 0.449970534880876 | 0.7908038586395865 | 0.29202122806947495:-0.47535126756491053 | -0.26844291425446887 | 0.44858781154623273
-0.47535126756491053 | -0.26844291425446887 | 0.44858781154623273 | 0.7908038586395865 | 0.29202122806947495:-0.47085828848381084 | -0.2871532627953286 | 0.44636538008523985
-0.47085828848381084 | -0.2871532627953286 | 0.44636538008523985 | 0.7908038586395865 | 0.29202122806947495:-0.46636334912442123 | -0.30582058164038073 | 0.44330137838871764
-0.46636334912442123 | -0.30582058164038073 | 0.44330137838871764 | 0.7908038586395865 | 0.29202122806947495:-0.461879752729466 | -0.3244094938128269 | 0.4393956576463509
-0.461879752729466 | -0.3244094938128269 | 0.4393956576463509 | 0.7908038586395865 | 0.29202122806947495:-0.45742080813587194 | -0.3428845666846832 | 0.4346497887074321
-0.45742080813587194 | -0.3428845666846832 | 0.4346497887074321 | 0.7908038586395865 | 0.29202122806947495:-0.4529998025200186 | -0.3612103858021975 | 0.4290670648479704
-0.4529998025200186 | -0.3612103858021975 | 0.4290670648479704 | 0.7908038586395865 | 0.29202122806947495:-0.4486299741439481 | -0.3793516287791904 | 0.42265250093943507
-0.4486299741439481 | -0.3793516287791904 | 0.42265250093943507 | 0.7908038586395865 | 0.29202122806947495:-0.4443244851591217 | -0.3972731391049027 | 0.4154128290222232
-0.4443244851591217 | -0.3972731391049027 | 0.4154128290222232 | 0.9956857314338723 | -0.18978940408170208:-0.44974064509873557 | -0.4190248841684001 | 0.39236570774436785
-0.44974064509873557 | -0.4190248841684001 | 0.39236570774436785 | 0.9956857314338723 | -0.18978940408170208:-0.4549239889626975 | -0.43965762092385474 | 0.3681045357585475
-0.4549239889626975 | -0.43965762092385474 | 0.3681045357585475 | 0.9956857314338723 | -0.18978940408170208:-0.4598625319576186 | -0.45910629256894664 | 0.34268733684641006
-0.4598625319576186 | -0.45910629256894664 | 0.34268733684641006 | 0.9956857314338723 | -0.18978940408170208:-0.46454487011676093 | -0.4773088077126464 | 0.316175733931928
-0.46454487011676093 | -0.4773088077126464 | 0.316175733931928 | 0.9956857314338723 | -0.18978940408170208:-0.46896021601633464 | -0.4942062317306686 | 0.2886347878844475
-0.46896021601633464 | -0.4942062317306686 | 0.2886347878844475 | 0.15674627791247175 | -0.28641131997324476:-0.47465240498604544 | -0.4981982218885035 | 0.2789851883892638
-0.47465240498604544 | -0.4981982218885035 | 0.2789851883892638 | 0.15674627791247175 | -0.28641131997324476:-0.4802022483879824 | -0.5021045416289072 | 0.2691770692766866
-0.4802022483879824 | -0.5021045416289072 | 0.2691770692766866 | 0.15674627791247175 | -0.28641131997324476:-0.4856068668288316 | -0.5059236860029026 | 0.2592137591373742
-0.4856068668288316 | -0.5059236860029026 | 0.2592137591373742 | 0.15674627791247175 | -0.28641131997324476:-0.49086344394754633 | -0.5096541834926063 | 0.24909864412992277
-0.49086344394754633 | -0.5096541834926063 | 0.24909864412992277 | 0.15674627791247175 | -0.28641131997324476:-0.4959692271487981 | -0.5132945964268485 | 0.23883516649019754
-0.4959692271487981 | -0.5132945964268485 | 0.23883516649019754 | 0.4883173963198959 | -0.6235298399194:-0.5044324418390929 | -0.5206778376925465 | 0.21135495631207135
-0.5044324418390929 | -0.5206778376925465 | 0.21135495631207135 | 0.4883173963198959 | -0.6235298399194:-0.5120323378082787 | -0.5273871660158909 | 0.18335266660363203
-0.5120323378082787 | -0.5273871660158909 | 0.18335266660363203 | 0.4883173963198959 | -0.6235298399194:-0.5187504759051578 | -0.5334076366090139 | 0.15487307075162704
-0.5187504759051578 | -0.5334076366090139 | 0.15487307075162704 | 0.4883173963198959 | -0.6235298399194:-0.5245698979912916 | -0.5387254512981032 | 0.12596198934325287
-0.5245698979912916 | -0.5387254512981032 | 0.12596198934325287 | 0.4883173963198959 | -0.6235298399194:-0.5294751616657152 | -0.5433279866945284 | 0.09666621045607116
-0.5294751616657152 | -0.5433279866945284 | 0.09666621045607116 | 0.4883173963198959 | -0.6235298399194:-0.5334523722801592 | -0.5472038202665548 | 0.06703340810683756
-0.5334523722801592 | -0.5472038202665548 | 0.06703340810683756 | 0.4883173963198959 | -0.6235298399194:-0.5364892121882505 | -0.5503427542655839 | 0.03711205900707171
-0.5364892121882505 | -0.5503427542655839 | 0.03711205900707171 | 0.4883173963198959 | -0.6235298399194:-0.5385749671773752 | -0.5527358374647626 | 0.006951357775967892
-0.5385749671773752 | -0.5527358374647626 | 0.006951357775967892 | 0.4883173963198959 | -0.6235298399194:-0.5397005500365495 | -0.5543753846717561 | -0.02339886923621748
-0.5397005500365495 | -0.5543753846717561 | -0.02339886923621748 | 0.4883173963198959 | -0.6235298399194:-0.5398585212192941 | -0.555254993981519 | -0.053888251359033745
-0.5398585212192941 | -0.555254993981519 | -0.053888251359033745 | 0.15744963815594004 | 0.0351121890497097:-0.5415158239393705 | -0.5564122143618775 | -0.057475035674173114
-0.5415158239393705 | -0.5564122143618775 | -0.057475035674173114 | 0.15744963815594004 | 0.0351121890497097:-0.5431641848284059 | -0.5575238396671249 | -0.06107600239738531
-0.5431641848284059 | -0.5575238396671249 | -0.06107600239738531 | 0.15744963815594004 | 0.0351121890497097:-0.5448037945502193 | -0.5585898703004766 | -0.06469061807931098
-0.5448037945502193 | -0.5585898703004766 | -0.06469061807931098 | 0.15744963815594004 | 0.0351121890497097:-0.5464348408394741 | -0.5596103112336763 | -0.06831835143305653
-0.5464348408394741 | -0.5596103112336763 | -0.06831835143305653 | 0.15744963815594004 | 0.0351121890497097:-0.5480575085298227 | -0.5605851719668227 | -0.07195867335671124
-0.5480575085298227 | -0.5605851719668227 | -0.07195867335671124 | 0.15744963815594004 | 0.0351121890497097:-0.5496719795817739 | -0.561514466488406 | -0.07561105695547354
-0.5496719795817739 | -0.561514466488406 | -0.07561105695547354 | 0.15744963815594004 | 0.0351121890497097:-0.5512784331102694 | -0.562398213235527 | -0.07927497756340074
-0.5512784331102694 | -0.562398213235527 | -0.07927497756340074 | 0.15744963815594004 | 0.0351121890497097:-0.5528770454121528 | -0.5632364350543302 | -0.0829499127647324
-0.5528770454121528 | -0.5632364350543302 | -0.0829499127647324 | 0.15744963815594004 | 0.0351121890497097:-0.5544679899932703 | -0.5640291591606292 | -0.08663534241485138
-0.5544679899932703 | -0.5640291591606292 | -0.08663534241485138 | 0.15744963815594004 | 0.0351121890497097:-0.5560514375954781 | -0.5647764171007204 | -0.0903307486608611
-0.5560514375954781 | -0.5647764171007204 | -0.0903307486608611 | 0.9785226108319116 | -0.8384652038418738:-0.5520203116412219 | -0.5611021884369443 | -0.14140277026530867
-0.5520203116412219 | -0.5611021884369443 | -0.14140277026530867 | 0.9785226108319116 | -0.8384652038418738:-0.5458294589692514 | -0.5549014028429404 | -0.19214266182275708
-0.5458294589692514 | -0.5549014028429404 | -0.19214266182275708 | 0.9785226108319116 | -0.8384652038418738:-0.5374952160115143 | -0.5461877773270061 | -0.2423326950593534
-0.5374952160115143 | -0.5461877773270061 | -0.2423326950593534 | 0.9785226108319116 | -0.8384652038418738:-0.5270432369240012 | -0.5349859380826949 | -0.2917565407057978
-0.5270432369240012 | -0.5349859380826949 | -0.2917565407057978 | 0.9785226108319116 | -0.8384652038418738:-0.5145084181298998 | -0.5213313556457564 | -0.34020021770041353
-0.5145084181298998 | -0.5213313556457564 | -0.34020021770041353 | 0.1417260101773563 | 0.8382804591355968:-0.529724848957116 | -0.5201436369826169 | -0.32279223880018293
-0.529724848957116 | -0.5201436369826169 | -0.32279223880018293 | 0.1417260101773563 | 0.8382804591355968:-0.5442166575662455 | -0.5190615318712801 | -0.3047020664248805
-0.5442166575662455 | -0.5190615318712801 | -0.3047020664248805 | 0.1417260101773563 | 0.8382804591355968:-0.5579535675082212 | -0.5180904142253304 | -0.28596110104687966
-0.5579535675082212 | -0.5180904142253304 | -0.28596110104687966 | 0.1417260101773563 | 0.8382804591355968:-0.5709066584890721 | -0.517235432165176 | -0.2666021267073333
-0.5709066584890721 | -0.517235432165176 | -0.2666021267073333 | 0.1417260101773563 | 0.8382804591355968:-0.5830484273160295 | -0.5165014975125928 | -0.24665924966483743
-0.5830484273160295 | -0.5165014975125928 | -0.24665924966483743 | 0.23125916719838213 | -0.048004232933672286:-0.5837446492804972 | -0.514765034746965 | -0.2545824234606755
-0.5837446492804972 | -0.514765034746965 | -0.2545824234606755 | 0.23125916719838213 | -0.048004232933672286:-0.5844074723099908 | -0.5129189864373807 | -0.26249717494465585
-0.5844074723099908 | -0.5129189864373807 | -0.26249717494465585 | 0.23125916719838213 | -0.048004232933672286:-0.5850370395482969 | -0.5109635187542985 | -0.27040180999410524
-0.5850370395482969 | -0.5109635187542985 | -0.27040180999410524 | 0.23125916719838213 | -0.048004232933672286:-0.5856334978257536 | -0.5088988208042622 | -0.278294641356041
-0.5856334978257536 | -0.5088988208042622 | -0.278294641356041 | 0.23125916719838213 | -0.048004232933672286:-0.5861969976351133 | -0.5067251044637615 | -0.28617398891312007
-0.5861969976351133 | -0.5067251044637615 | -0.28617398891312007 | -0.4792442460485915 | -0.27151469057945476:-0.5836508231532775 | -0.5145178358204916 | -0.2824770633575042
-0.5836508231532775 | -0.5145178358204916 | -0.2824770633575042 | -0.4792442460485915 | -0.27151469057945476:-0.5811375812153727 | -0.5222227137428241 | -0.2785449548221379
-0.5811375812153727 | -0.5222227137428241 | -0.2785449548221379 | -0.4792442460485915 | -0.27151469057945476:-0.5786608407355018 | -0.5298337345436437 | -0.27438012415260005
-0.5786608407355018 | -0.5298337345436437 | -0.27438012415260005 | -0.4792442460485915 | -0.27151469057945476:-0.5762241331180178 | -0.5373449549986518 | -0.26998524025154325
-0.5762241331180178 | -0.5373449549986518 | -0.26998524025154325 | -0.4792442460485915 | -0.27151469057945476:-0.5738309492509046 | -0.5447504977126165 | -0.26536317784935903
-0.5738309492509046 | -0.5447504977126165 | -0.26536317784935903 | -0.20137174664566748 | 0.25063145188395586:-0.5781864177849059 | -0.548479984667118 | -0.2531546646466083
-0.5781864177849059 | -0.548479984667118 | -0.2531546646466083 | -0.20137174664566748 | 0.25063145188395586:-0.5823826424605443 | -0.5520804477635792 | -0.24082551808729136
-0.5823826424605443 | -0.5520804477635792 | -0.24082551808729136 | -0.20137174664566748 | 0.25063145188395586:-0.5864178229218453 | -0.5555504385245449 | -0.2283794795115739
-0.5864178229218453 | -0.5555504385245449 | -0.2283794795115739 | -0.20137174664566748 | 0.25063145188395586:-0.5902902145982125 | -0.558888552930469 | -0.21582032888745317
-0.5902902145982125 | -0.558888552930469 | -0.21582032888745317 | -0.20137174664566748 | 0.25063145188395586:-0.5939981291155476 | -0.5620934317585053 | -0.20315188346579305
-0.5939981291155476 | -0.5620934317585053 | -0.20315188346579305 | -0.20137174664566748 | 0.25063145188395586:-0.5975399346887826 | -0.565163760906298 | -0.1903779964302288
-0.5975399346887826 | -0.565163760906298 | -0.1903779964302288 | -0.20137174664566748 | 0.25063145188395586:-0.6009140564955828 | -0.5680982717007765 | -0.17750255554226868
-0.6009140564955828 | -0.5680982717007765 | -0.17750255554226868 | -0.20137174664566748 | 0.25063145188395586:-0.6041189770314617 | -0.5708957411919009 | -0.16452948178199023
-0.6041189770314617 | -0.5708957411919009 | -0.16452948178199023 | -0.20137174664566748 | 0.25063145188395586:-0.6071532364461518 | -0.5735549924314469 | -0.15146272798475025
-0.6071532364461518 | -0.5735549924314469 | -0.15146272798475025 | -0.20137174664566748 | 0.25063145188395586:-0.6100154328613883 | -0.5760748947367489 | -0.13830627747424273
-0.6100154328613883 | -0.5760748947367489 | -0.13830627747424273 | -0.20137174664566748 | 0.25063145188395586:-0.612704222669862 | -0.5784543639394784 | -0.12506414269235933
-0.612704222669862 | -0.5784543639394784 | -0.12506414269235933 | -0.20137174664566748 | 0.25063145188395586:-0.6152183208157567 | -0.5806923626194163 | -0.11174036382614361
-0.6152183208157567 | -0.5806923626194163 | -0.11174036382614361 | -0.20137174664566748 | 0.25063145188395586:-0.6175565010564412 | -0.5827879003232894 | -0.09833900743232249
-0.6175565010564412 | -0.5827879003232894 | -0.09833900743232249 | -0.20137174664566748 | 0.25063145188395586:-0.6197175962057457 | -0.5847400337686466 | -0.08486416505969885
-0.6197175962057457 | -0.5847400337686466 | -0.08486416505969885 | -0.20137174664566748 | 0.25063145188395586:-0.6217004983585355 | -0.5865478670327846 | -0.07131995186985307
-0.6217004983585355 | -0.5865478670327846 | -0.07131995186985307 | -0.47394023906421734 | 0.19366619558108478:-0.6232595750919074 | -0.5890488238499856 | -0.05146432908387766
-0.6232595750919074 | -0.5890488238499856 | -0.05146432908387766 | -0.47394023906421734 | 0.19366619558108478:-0.6246160172510145 | -0.5910705748707841 | -0.03150719362506038
-0.6246160172510145 | -0.5910705748707841 | -0.03150719362506038 | -0.47394023906421734 | 0.19366619558108478:-0.6257687390137079 | -0.5926101421420924 | -0.011462524656089101
-0.6257687390137079 | -0.5926101421420924 | -0.011462524656089101 | -0.47394023906421734 | 0.19366619558108478:-0.6267167990471876 | -0.5936649018179025 | 0.008655609946025322
-0.6267167990471876 | -0.5936649018179025 | 0.008655609946025322 | -0.47394023906421734 | 0.19366619558108478:-0.6274594013062682 | -0.5942325862221267 | 0.028833064132221864
-0.6274594013062682 | -0.5942325862221267 | 0.028833064132221864 | 0.9138480480833271 | -0.7921687228978447:-0.6280144285895517 | -0.5958605209230257 | -0.023223278145351856
