0.0 | 0.0 | 0.0 | -0.11556840995250184 | 0.827714974128986:4.137324486412665E-4 | 5.77838834062705E-5 | 0.009991270513991691
4.137324486412665E-4 | 5.77838834062705E-5 | 0.009991270513991691 | -0.11556840995250184 | 0.827714974128986:0.001645203942812919 | 2.298775559006483E-4 | 0.019830543620784728
0.001645203942812919 | 2.298775559006483E-4 | 0.019830543620784728 | -0.11556840995250184 | 0.827714974128986:0.0036778407807837627 | 5.141143103684076E-4 | 0.029467924505588765
0.0036778407807837627 | 5.141143103684076E-4 | 0.029467924505588765 | -0.11556840995250184 | 0.827714974128986:0.006492487358075855 | 9.079631840164248E-4 | 0.03885482773970046
0.006492487358075855 | 9.079631840164248E-4 | 0.03885482773970046 | -0.11556840995250184 | 0.827714974128986:0.01006749167983291 | 0.001408540538679115 | 0.04794410113488294
0.01006749167983291 | 0.001408540538679115 | 0.04794410113488294 | 0.10265795447875026 | 0.03183705854852881:0.012112116144809941 | 0.001387989219765906 | 0.057235854519258555
0.012112116144809941 | 0.001387989219765906 | 0.057235854519258555 | 0.10265795447875026 | 0.03183705854852881:0.01416650299044181 | 0.0012702215441746656 | 0.06642901237598547
0.01416650299044181 | 0.0012702215441746656 | 0.06642901237598547 | 0.10265795447875026 | 0.03183705854852881:0.016230394454837677 | 0.0010567240099141895 | 0.075523770226616
0.016230394454837677 | 0.0010567240099141895 | 0.075523770226616 | 0.10265795447875026 | 0.03183705854852881:0.018303535224689638 | 7.489686866948286E-4 | 0.08452032966683648
0.018303535224689638 | 7.489686866948286E-4 | 0.08452032966683648 | 0.10265795447875026 | 0.03183705854852881:0.0203856724203669 | 3.484133291438152E-4 | 0.09341889823661736
0.0203856724203669 | 3.484133291438152E-4 | 0.09341889823661736 | 0.8417531694271065 | -0.7046265233490534:0.018700761365583143 | -0.003921362094583936 | 0.10290279619759501
0.018700761365583143 | -0.003921362094583936 | 0.10290279619759501 | 0.8417531694271065 | -0.7046265233490534:0.01636300418354454 | -0.00895309267908273 | 0.11207359903442682
0.01636300418354454 | -0.00895309267908273 | 0.11207359903442682 | 0.8417531694271065 | -0.7046265233490534:0.01339104501817076 | -0.014726445424759538 | 0.12085078206487632
0.01339104501817076 | -0.014726445424759538 | 0.12085078206487632 | 0.8417531694271065 | -0.7046265233490534:0.00980715052708836 | -0.021216706398100582 | 0.12915623420428424
0.00980715052708836 | -0.021216706398100582 | 0.12915623420428424 | 0.8417531694271065 | -0.7046265233490534:0.005637078704197718 | -0.028394929676374803 | 0.13691462821064748
0.005637078704197718 | -0.028394929676374803 | 0.13691462821064748 | -0.3198257596832472 | -0.8810223643373947:-4.425283475386066E-4 | -0.027812280086461305 | 0.14591461548849805
-4.425283475386066E-4 | -0.027812280086461305 | 0.14591461548849805 | -0.3198257596832472 | -0.8810223643373947:-0.007281225298531202 | -0.026935737815006577 | 0.15455837179186327
-0.007281225298531202 | -0.026935737815006577 | 0.15455837179186327 | -0.3198257596832472 | -0.8810223643373947:-0.014855211699205367 | -0.025773653617836345 | 0.16279046843706202
-0.014855211699205367 | -0.025773653617836345 | 0.16279046843706202 | -0.3198257596832472 | -0.8810223643373947:-0.02313758448308635 | -0.024335517175409604 | 0.1705572693475923
-0.02313758448308635 | -0.024335517175409604 | 0.1705572693475923 | -0.3198257596832472 | -0.8810223643373947:-0.03209845244583755 | -0.022631917002759794 | 0.17780711194601118
-0.03209845244583755 | -0.022631917002759794 | 0.17780711194601118 | -0.3198257596832472 | -0.8810223643373947:-0.04170505941630967 | -0.020674497142385118 | 0.18449048029266546
-0.04170505941630967 | -0.020674497142385118 | 0.18449048029266546 | -0.3198257596832472 | -0.8810223643373947:-0.051921915676158344 | -0.018475910797465023 | 0.19056017002340386
-0.051921915676158344 | -0.018475910797465023 | 0.19056017002340386 | -0.3198257596832472 | -0.8810223643373947:-0.06271093716546483 | -0.016049771069936325 | 0.19597144466567906
-0.06271093716546483 | -0.016049771069936325 | 0.19597144466567906 | -0.3198257596832472 | -0.8810223643373947:-0.074031591994102 | -0.013410598974609167 | 0.20068218294061735
-0.074031591994102 | -0.013410598974609167 | 0.20068218294061735 | -0.3198257596832472 | -0.8810223643373947:-0.08584105376235901 | -0.010573768906626979 | 0.20465301668756375
-0.08584105376235901 | -0.010573768906626979 | 0.20465301668756375 | -0.49387791992300234 | -0.6019173785944563:-0.09518607749998947 | -0.005710535425396346 | 0.20925380576350427
-0.09518607749998947 | -0.005710535425396346 | 0.20925380576350427 | -0.49387791992300234 | -0.6019173785944563:-0.10483895039714652 | -5.601784021003198E-4 | 0.21328259681390982
-0.10483895039714652 | -5.601784021003198E-4 | 0.21328259681390982 | -0.49387791992300234 | -0.6019173785944563:-0.11477514973888459 | 0.00485719917602645 | 0.21671571398603096
-0.11477514973888459 | 0.00485719917602645 | 0.21671571398603096 | -0.49387791992300234 | -0.6019173785944563:-0.12496931263392608 | 0.010520786886910605 | 0.21953116823757757
-0.12496931263392608 | 0.010520786886910605 | 0.21953116823757757 | -0.49387791992300234 | -0.6019173785944563:-0.13539530231665542 | 0.016409120696312396 | 0.22170870186520908
-0.13539530231665542 | 0.016409120696312396 | 0.22170870186520908 | 0.4068192597784628 | -0.024091973770040243:-0.1395177816060421 | 0.012234328051693222 | 0.22813723004201325
-0.1395177816060421 | 0.012234328051693222 | 0.22813723004201325 | 0.4068192597784628 | -0.024091973770040243:-0.143616867805883 | 0.00779925947628457 | 0.2344124195581463
-0.143616867805883 | 0.00779925947628457 | 0.2344124195581463 | 0.4068192597784628 | -0.024091973770040243:-0.14769260297076148 | 0.0031096691743910387 | 0.24052708207725892
-0.14769260297076148 | 0.0031096691743910387 | 0.24052708207725892 | 0.4068192597784628 | -0.024091973770040243:-0.15174501604021162 | -0.0018285306211491825 | 0.2464742193926357
-0.15174501604021162 | -0.0018285306211491825 | 0.2464742193926357 | 0.4068192597784628 | -0.024091973770040243:-0.1557741232033163 | -0.007009275124345127 | 0.2522470261540022
-0.1557741232033163 | -0.007009275124345127 | 0.2522470261540022 | -0.6189908429795186 | -0.9022576357152534:-0.17095698342078824 | 8.187364182319357E-4 | 0.2508744181166298
-0.17095698342078824 | 8.187364182319357E-4 | 0.2508744181166298 | -0.6189908429795186 | -0.9022576357152534:-0.18626738096128514 | 0.008778409832554512 | 0.24833298729364728
-0.18626738096128514 | 0.008778409832554512 | 0.24833298729364728 | -0.6189908429795186 | -0.9022576357152534:-0.20163879910986804 | 0.016824169704192427 | 0.24460238583528682
-0.20163879910986804 | 0.016824169704192427 | 0.24460238583528682 | -0.6189908429795186 | -0.9022576357152534:-0.21700354917453524 | 0.02490955462335931 | 0.2396677353284531
-0.21700354917453524 | 0.02490955462335931 | 0.2396677353284531 | -0.6189908429795186 | -0.9022576357152534:-0.23229307006986044 | 0.032987421338098954 | 0.23351971277695505
-0.23229307006986044 | 0.032987421338098954 | 0.23351971277695505 | -0.6189908429795186 | -0.9022576357152534:-0.2474382312029606 | 0.04101015153560805 | 0.22615461315684193
-0.2474382312029606 | 0.04101015153560805 | 0.22615461315684193 | -0.6189908429795186 | -0.9022576357152534:-0.26236963744353714 | 0.04892986041842651 | 0.21757438838886056
-0.26236963744353714 | 0.04892986041842651 | 0.21757438838886056 | -0.6189908429795186 | -0.9022576357152534:-0.27701793495852733 | 0.056698606240003 | 0.20778666266081203
-0.27701793495852733 | 0.056698606240003 | 0.20778666266081203 | -0.6189908429795186 | -0.9022576357152534:-0.29131411669518537 | 0.06426859996499301 | 0.19680472412291206
-0.29131411669518537 | 0.06426859996499301 | 0.19680472412291206 | -0.6189908429795186 | -0.9022576357152534:-0.30518982630415037 | 0.07159241422356821 | 0.18464749306899808
-0.30518982630415037 | 0.07159241422356821 | 0.18464749306899808 | -0.5463880936765393 | -0.03900697696952382:-0.3108883545749972 | 0.07794916668841056 | 0.18521042740027838
-0.3108883545749972 | 0.07794916668841056 | 0.18521042740027838 | -0.5463880936765393 | -0.03900697696952382:-0.316540264472267 | 0.08439111114340647 | 0.18550883973448684
-0.316540264472267 | 0.08439111114340647 | 0.18550883973448684 | -0.5463880936765393 | -0.03900697696952382:-0.32214535222138707 | 0.09090809015752699 | 0.18553955752357343
-0.32214535222138707 | 0.09090809015752699 | 0.18553955752357343 | -0.5463880936765393 | -0.03900697696952382:-0.32770340339368786 | 0.09748986549452265 | 0.18529977581905754
-0.32770340339368786 | 0.09748986549452265 | 0.18529977581905754 | -0.5463880936765393 | -0.03900697696952382:-0.33321419384832573 | 0.10412613055771358 | 0.18478705839761922
-0.33321419384832573 | 0.10412613055771358 | 0.18478705839761922 | -0.5463880936765393 | -0.03900697696952382:-0.33867749067154573 | 0.11080652281018782 | 0.18399933848987082
-0.33867749067154573 | 0.11080652281018782 | 0.18399933848987082 | -0.5463880936765393 | -0.03900697696952382:-0.3440930531124389 | 0.11752063615862635 | 0.18293491911512128
-0.3440930531124389 | 0.11752063615862635 | 0.18293491911512128 | -0.5463880936765393 | -0.03900697696952382:-0.34946063351437484 | 0.12425803328911682 | 0.1815924730251819
-0.34946063351437484 | 0.12425803328911682 | 0.1815924730251819 | -0.5463880936765393 | -0.03900697696952382:-0.3547799782413117 | 0.13100825794346832 | 0.17997104226067862
-0.3547799782413117 | 0.13100825794346832 | 0.17997104226067862 | -0.5463880936765393 | -0.03900697696952382:-0.3600508285981565 | 0.13776084712469966 | 0.17807003732358595
-0.3600508285981565 | 0.13776084712469966 | 0.17807003732358595 | -0.5463880936765393 | -0.03900697696952382:-0.36527292174441595 | 0.1445053432205396 | 0.17588923597002726
-0.36527292174441595 | 0.1445053432205396 | 0.17588923597002726 | -0.5463880936765393 | -0.03900697696952382:-0.3704459916003442 | 0.15123130603395363 | 0.1734287816277078
-0.3704459916003442 | 0.15123130603395363 | 0.1734287816277078 | -0.5463880936765393 | -0.03900697696952382:-0.37556976974483547 | 0.15792832470989293 | 0.17068918144262746
-0.37556976974483547 | 0.15792832470989293 | 0.17068918144262746 | -0.5463880936765393 | -0.03900697696952382:-0.3806439863043032 | 0.1645860295476539 | 0.1676713039599882
-0.3806439863043032 | 0.1645860295476539 | 0.1676713039599882 | -0.5463880936765393 | -0.03900697696952382:-0.38566837083183714 | 0.17119410368842913 | 0.1643763764445545
-0.38566837083183714 | 0.17119410368842913 | 0.1643763764445545 | -0.5232971083205873 | -0.11490676668526723:-0.3912512741060503 | 0.17755563853164025 | 0.1595274438067733
-0.3912512741060503 | 0.17755563853164025 | 0.1595274438067733 | -0.5232971083205873 | -0.11490676668526723:-0.3967690077842807 | 0.18381555040185438 | 0.15438055850668242
-0.3967690077842807 | 0.18381555040185438 | 0.15438055850668242 | -0.5232971083205873 | -0.11490676668526723:-0.4022196608522641 | 0.18996317483360325 | 0.14893940466265043
-0.4022196608522641 | 0.18996317483360325 | 0.14893940466265043 | -0.5232971083205873 | -0.11490676668526723:-0.4076013507805367 | 0.1959879915165419 | 0.1432080258619557
-0.4076013507805367 | 0.1959879915165419 | 0.1432080258619557 | -0.5232971083205873 | -0.11490676668526723:-0.4129122259059166 | 0.20187963502841066 | 0.13719081918845255
-0.4129122259059166 | 0.20187963502841066 | 0.13719081918845255 | -0.5232971083205873 | -0.11490676668526723:-0.4181504677625867 | 0.20762790534440034 | 0.13089252894006442
-0.4181504677625867 | 0.20762790534440034 | 0.13089252894006442 | -0.5232971083205873 | -0.11490676668526723:-0.4233142933610683 | 0.21322277811508084 | 0.12431824004426417
-0.4233142933610683 | 0.21322277811508084 | 0.12431824004426417 | -0.5232971083205873 | -0.11490676668526723:-0.42840195741346143 | 0.218654414705314 | 0.11747337117986589
-0.42840195741346143 | 0.218654414705314 | 0.11747337117986589 | -0.5232971083205873 | -0.11490676668526723:-0.43341175450337666 | 0.22391317198683902 | 0.11036366761372207
-0.43341175450337666 | 0.22391317198683902 | 0.11036366761372207 | -0.5232971083205873 | -0.11490676668526723:-0.43834202119903587 | 0.228989611877489 | 0.1029951937609539
-0.43834202119903587 | 0.228989611877489 | 0.1029951937609539 | 0.4734141479543137 | 0.21313877368719303:-0.44144437640641065 | 0.22870631748178427 | 0.11415873360720852
-0.44144437640641065 | 0.22870631748178427 | 0.11415873360720852 | 0.4734141479543137 | 0.21313877368719303:-0.4443723955845922 | 0.2281101283167195 | 0.1254305867554848
-0.4443723955845922 | 0.2281101283167195 | 0.1254305867554848 | 0.4734141479543137 | 0.21313877368719303:-0.44712467778268916 | 0.22719706091044856 | 0.13679884212618454
-0.44712467778268916 | 0.22719706091044856 | 0.13679884212618454 | 0.4734141479543137 | 0.21313877368719303:-0.4496999813284539 | 0.22596349150760187 | 0.14825147156590823
-0.4496999813284539 | 0.22596349150760187 | 0.14825147156590823 | 0.4734141479543137 | 0.21313877368719303:-0.4520972247672095 | 0.2244061582297392 | 0.15977634234741522
-0.4520972247672095 | 0.2244061582297392 | 0.15977634234741522 | -0.40726660697591477 | 0.9301235508819372:-0.44834461441535645 | 0.22963620031688592 | 0.17758848093834523
-0.44834461441535645 | 0.22963620031688592 | 0.17758848093834523 | -0.40726660697591477 | 0.9301235508819372:-0.4436592772025385 | 0.23523874068894646 | 0.19522025771939688
-0.4436592772025385 | 0.23523874068894646 | 0.19522025771939688 | -0.40726660697591477 | 0.9301235508819372:-0.43804654853932234 | 0.24121240639699604 | 0.21261411655835438
-0.43804654853932234 | 0.24121240639699604 | 0.21261411655835438 | -0.40726660697591477 | 0.9301235508819372:-0.4315147982014125 | 0.24755449048329847 | 0.22971267790010685
-0.4315147982014125 | 0.24755449048329847 | 0.22971267790010685 | -0.40726660697591477 | 0.9301235508819372:-0.42407542135765297 | 0.2542609540117917 | 0.2464589288202248
-0.42407542135765297 | 0.2542609540117917 | 0.2464589288202248 | -0.40726660697591477 | 0.9301235508819372:-0.41574281971637816 | 0.261326432431928 | 0.26279641233730544
-0.41574281971637816 | 0.261326432431928 | 0.26279641233730544 | -0.40726660697591477 | 0.9301235508819372:-0.40653437285323335 | 0.2687442462543803 | 0.27866941537983614
-0.40653437285323335 | 0.2687442462543803 | 0.27866941537983614 | -0.40726660697591477 | 0.9301235508819372:-0.39647039981414167 | 0.2765064160037163 | 0.294023154808853
-0.39647039981414167 | 0.2765064160037163 | 0.294023154808853 | -0.40726660697591477 | 0.9301235508819372:-0.3855741111170943 | 0.28460368139989267 | 0.3088039609050579
-0.3855741111170943 | 0.28460368139989267 | 0.3088039609050579 | -0.40726660697591477 | 0.9301235508819372:-0.37387155130620897 | 0.29302552470735854 | 0.3229594577381629
-0.37387155130620897 | 0.29302552470735854 | 0.3229594577381629 | -0.40726660697591477 | 0.9301235508819372:-0.3613915322403649 | 0.3017601981777549 | 0.3364387398471109
-0.3613915322403649 | 0.3017601981777549 | 0.3364387398471109 | -0.40726660697591477 | 0.9301235508819372:-0.3481655573272171 | 0.3107947554996029 | 0.34919254467241245
-0.3481655573272171 | 0.3107947554996029 | 0.34919254467241245 | -0.40726660697591477 | 0.9301235508819372:-0.33422773694103114 | 0.32011508715617065 | 0.3611734201960122
-0.33422773694103114 | 0.32011508715617065 | 0.3611734201960122 | -0.40726660697591477 | 0.9301235508819372:-0.31961469528958375 | 0.3297059595807541 | 0.37233588725996647
-0.31961469528958375 | 0.3297059595807541 | 0.37233588725996647 | -0.40726660697591477 | 0.9301235508819372:-0.3043654690213309 | 0.3395510579871086 | 0.38263659605257416
-0.3043654690213309 | 0.3395510579871086 | 0.38263659605257416 | -0.40726660697591477 | 0.9301235508819372:-0.2885213978890455 | 0.3496330327416075 | 0.3920344762694654
-0.2885213978890455 | 0.3496330327416075 | 0.3920344762694654 | -0.40726660697591477 | 0.9301235508819372:-0.2721260078100336 | 0.35993354913304465 | 0.4004908804774523
-0.2721260078100336 | 0.35993354913304465 | 0.4004908804774523 | -0.40726660697591477 | 0.9301235508819372:-0.2552248866859479 | 0.37043334038575715 | 0.4079697202306001
-0.2552248866859479 | 0.37043334038575715 | 0.4079697202306001 | -0.40726660697591477 | 0.9301235508819372:-0.23786555336679527 | 0.3811122637519997 | 0.41443759451096085
-0.23786555336679527 | 0.3811122637519997 | 0.41443759451096085 | -0.40726660697591477 | 0.9301235508819372:-0.22009732016433858 | 0.3919493595103578 | 0.41986391009053037
-0.22009732016433858 | 0.3919493595103578 | 0.41986391009053037 | 0.004874683341579367 | -0.2912648970309042:-0.22760509952817998 | 0.39429896224620187 | 0.41931720337594314
-0.22760509952817998 | 0.39429896224620187 | 0.41931720337594314 | 0.004874683341579367 | -0.2912648970309042:-0.23512742890878613 | 0.39662354940804256 | 0.4186156305786888
-0.23512742890878613 | 0.39662354940804256 | 0.4186156305786888 | 0.004874683341579367 | -0.2912648970309042:-0.24266115033794833 | 0.398923421370041 | 0.4177591146411679
-0.24266115033794833 | 0.398923421370041 | 0.4177591146411679 | 0.004874683341579367 | -0.2912648970309042:-0.25020311596230727 | 0.40119887586880587 | 0.41674763637183077
-0.25020311596230727 | 0.40119887586880587 | 0.41674763637183077 | 0.004874683341579367 | -0.2912648970309042:-0.25775018894486834 | 0.4034502080130107 | 0.4155812340140628
-0.25775018894486834 | 0.4034502080130107 | 0.4155812340140628 | 0.9238773509323803 | 0.5537360853183142:-0.2470615481443339 | 0.38604545699131165 | 0.44328200975472853
-0.2470615481443339 | 0.38604545699131165 | 0.44328200975472853 | 0.9238773509323803 | 0.5537360853183142:-0.23554603167608335 | 0.36723928858328136 | 0.4699543782202369
-0.23554603167608335 | 0.36723928858328136 | 0.4699543782202369 | 0.9238773509323803 | 0.5537360853183142:-0.2232322304243013 | 0.3470771676218565 | 0.4955021553002652
-0.2232322304243013 | 0.3470771676218565 | 0.4955021553002652 | 0.9238773509323803 | 0.5537360853183142:-0.21015162718869362 | 0.3256094523952875 | 0.5198320874293039
-0.21015162718869362 | 0.3256094523952875 | 0.5198320874293039 | 0.9238773509323803 | 0.5537360853183142:-0.19633850723192126 | 0.30289125309595555 | 0.5428541855305795
-0.19633850723192126 | 0.30289125309595555 | 0.5428541855305795 | 0.9238773509323803 | 0.5537360853183142:-0.18182985893662718 | 0.2789822735361476 | 0.5644820490221107
-0.18182985893662718 | 0.2789822735361476 | 0.5644820490221107 | 0.9238773509323803 | 0.5537360853183142:-0.16666526489506595 | 0.2539466366439864 | 0.5846331787673229
-0.16666526489506595 | 0.2539466366439864 | 0.5846331787673229 | 0.9238773509323803 | 0.5537360853183142:-0.1508867837865644 | 0.2278526943072947 | 0.6032292778904456
-0.1508867837865644 | 0.2278526943072947 | 0.6032292778904456 | 0.9238773509323803 | 0.5537360853183142:-0.1345388234289402 | 0.20077282218576364 | 0.6201965394176874
-0.1345388234289402 | 0.20077282218576364 | 0.6201965394176874 | 0.9238773509323803 | 0.5537360853183142:-0.1176680054197341 | 0.17278320016224136 | 0.6354659197498798
-0.1176680054197341 | 0.17278320016224136 | 0.6354659197498798 | -0.9068675241068547 | -0.08812771856662072:-0.12102551026487873 | 0.20240656639855814 | 0.6295562712029046
-0.12102551026487873 | 0.20240656639855814 | 0.6295562712029046 | -0.9068675241068547 | -0.08812771856662072:-0.12435839941901605 | 0.23185974214722016 | 0.6222137017029397
-0.12435839941901605 | 0.23185974214722016 | 0.6222137017029397 | -0.9068675241068547 | -0.08812771856662072:-0.12765994554846927 | 0.26107288182742217 | 0.613442637781958
-0.12765994554846927 | 0.26107288182742217 | 0.613442637781958 | -0.9068675241068547 | -0.08812771856662072:-0.13092343908862603 | 0.28997624902518204 | 0.6032509802468482
-0.13092343908862603 | 0.28997624902518204 | 0.6032509802468482 | -0.9068675241068547 | -0.08812771856662072:-0.1341422049395291 | 0.31850038837455585 | 0.5916500998193044
-0.1341422049395291 | 0.31850038837455585 | 0.5916500998193044 | 0.8581501010667263 | 0.016277986398090638:-0.134263992009096 | 0.2941741988059903 | 0.6076554846279265
-0.134263992009096 | 0.2941741988059903 | 0.6076554846279265 | 0.8581501010667263 | 0.016277986398090638:-0.1343651890930353 | 0.26905116332470413 | 0.6226300800343125
-0.1343651890930353 | 0.26905116332470413 | 0.6226300800343125 | 0.8581501010667263 | 0.016277986398090638:-0.13444672905753663 | 0.2431765187765862 | 0.6365346985246703
-0.13444672905753663 | 0.2431765187765862 | 0.6365346985246703 | 0.8581501010667263 | 0.016277986398090638:-0.1345095791575197 | 0.21659739037754733 | 0.6493322069409189
-0.1345095791575197 | 0.21659739037754733 | 0.6493322069409189 | 0.8581501010667263 | 0.016277986398090638:-0.1345547391884807 | 0.1893626958628687 | 0.6609876153568486
-0.1345547391884807 | 0.1893626958628687 | 0.6609876153568486 | 0.8581501010667263 | 0.016277986398090638:-0.13458323956291451 | 0.16152304556432284 | 0.6714681613986713
-0.13458323956291451 | 0.16152304556432284 | 0.6714681613986713 | 0.8581501010667263 | 0.016277986398090638:-0.134596139315466 | 0.13313063863326136 | 0.680743389828578
-0.134596139315466 | 0.13313063863326136 | 0.680743389828578 | 0.8581501010667263 | 0.016277986398090638:-0.1345945240412867 | 0.10423915563589858 | 0.688785227220329
-0.1345945240412867 | 0.10423915563589858 | 0.688785227220329 | 0.8581501010667263 | 0.016277986398090638:-0.13457950377194905 | 0.07490364775409475 | 0.6955680515667595
-0.13457950377194905 | 0.07490364775409475 | 0.6955680515667595 | 0.8581501010667263 | 0.016277986398090638:-0.1345522107936432 | 0.045180422832054035 | 0.7010687566701677
-0.1345522107936432 | 0.045180422832054035 | 0.7010687566701677 | 0.8581501010667263 | 0.016277986398090638:-0.1345137974123496 | 0.015126928515364568 | 0.7052668111778928
-0.1345137974123496 | 0.015126928515364568 | 0.7052668111778928 | 0.8581501010667263 | 0.016277986398090638:-0.13446543367082953 | -0.015198367265142565 | 0.7081443121370015
-0.13446543367082953 | -0.015198367265142565 | 0.7081443121370015 | 0.8581501010667263 | 0.016277986398090638:-0.1344083050223368 | -0.045736098207310505 | 0.7096860329539894
-0.1344083050223368 | -0.045736098207310505 | 0.7096860329539894 | 0.8581501010667263 | 0.016277986398090638:-0.13434360996612682 | -0.07642612368700696 | 0.7098794656572878
-0.13434360996612682 | -0.07642612368700696 | 0.7098794656572878 | 0.8581501010667263 | 0.016277986398090638:-0.13427255764980117 | -0.10720765467664606 | 0.708714857372712
-0.13427255764980117 | -0.10720765467664606 | 0.708714857372712 | -0.2602508633968754 | 0.505407160378029:-0.11672013812582094 | -0.0983404234436307 | 0.7158639389499868
-0.11672013812582094 | -0.0983404234436307 | 0.7158639389499868 | -0.2602508633968754 | 0.505407160378029:-0.09892480561646622 | -0.08934313762689072 | 0.7224392248504259
-0.09892480561646622 | -0.08934313762689072 | 0.7224392248504259 | -0.2602508633968754 | 0.505407160378029:-0.0809022219515434 | -0.08022381081893926 | 0.7284309848298918
-0.0809022219515434 | -0.08022381081893926 | 0.7284309848298918 | -0.2602508633968754 | 0.505407160378029:-0.06266832955584789 | -0.07099060460785722 | 0.7338300477581328
-0.06266832955584789 | -0.07099060460785722 | 0.7338300477581328 | -0.2602508633968754 | 0.505407160378029:-0.044239335359296916 | -0.061651820355848486 | 0.7386278111784534
-0.044239335359296916 | -0.061651820355848486 | 0.7386278111784534 | -0.2602508633968754 | 0.505407160378029:-0.025631694473222666 | -0.05221589085359213 | 0.7428162502843065
-0.025631694473222666 | -0.05221589085359213 | 0.7428162502843065 | -0.2602508633968754 | 0.505407160378029:-0.006862093649356638 | -0.04269137185884375 | 0.7463879263062623
-0.006862093649356638 | -0.04269137185884375 | 0.7463879263062623 | -0.2602508633968754 | 0.505407160378029:0.012052565461942777 | -0.03308693352777681 | 0.7493359943032516
0.012052565461942777 | -0.03308693352777681 | 0.7493359943032516 | -0.2602508633968754 | 0.505407160378029:0.031095183237393798 | -0.02341135174769704 | 0.7516542103525765
0.031095183237393798 | -0.02341135174769704 | 0.7516542103525765 | -0.2602508633968754 | 0.505407160378029:0.05024847917373876 | -0.013673499379674325 | 0.7533369381339625
0.05024847917373876 | -0.013673499379674325 | 0.7533369381339625 | 0.8930857859699559 | -0.9332992425558237:0.015164614185536607 | -0.04744175693432595 | 0.7559443447542549
0.015164614185536607 | -0.04744175693432595 | 0.7559443447542549 | 0.8930857859699559 | -0.9332992425558237:-0.020045202463261802 | -0.0813990408432268 | 0.755369986891651
-0.020045202463261802 | -0.0813990408432268 | 0.755369986891651 | 0.8930857859699559 | -0.9332992425558237:-0.055229126840341536 | -0.11540046088569511 | 0.7515966935066132
-0.055229126840341536 | -0.11540046088569511 | 0.7515966935066132 | 0.8930857859699559 | -0.9332992425558237:-0.09023458275596852 | -0.14930011431865964 | 0.7446212460907233
-0.09023458275596852 | -0.14930011431865964 | 0.7446212460907233 | 0.8930857859699559 | -0.9332992425558237:-0.12490893730012687 | -0.1829517304817152 | 0.7344544600615848
-0.12490893730012687 | -0.1829517304817152 | 0.7344544600615848 | 0.8930857859699559 | -0.9332992425558237:-0.1591001792419462 | -0.216209319542358 | 0.7211212034040884
-0.1591001792419462 | -0.216209319542358 | 0.7211212034040884 | 0.8930857859699559 | -0.9332992425558237:-0.19265759723278464 | -0.24892782246055845 | 0.704660352294951
-0.19265759723278464 | -0.24892782246055845 | 0.704660352294951 | 0.8930857859699559 | -0.9332992425558237:-0.22543245474952656 | -0.28096375924074835 | 0.685124683732937
-0.22543245474952656 | -0.28096375924074835 | 0.685124683732937 | 0.8930857859699559 | -0.9332992425558237:-0.25727865872397615 | -0.3121758725418502 | 0.6625807054819575
-0.25727865872397615 | -0.3121758725418502 | 0.6625807054819575 | 0.8930857859699559 | -0.9332992425558237:-0.288053418826987 | -0.34242576373150513 | 0.6371084239189955
-0.288053418826987 | -0.34242576373150513 | 0.6371084239189955 | 0.8930857859699559 | -0.9332992425558237:-0.31761789441290844 | -0.3715785184995486 | 0.6088010506599986
-0.31761789441290844 | -0.3715785184995486 | 0.6088010506599986 | 0.8930857859699559 | -0.9332992425558237:-0.34583782618001635 | -0.39950331918767645 | 0.5777646491152026
-0.34583782618001635 | -0.39950331918767645 | 0.5777646491152026 | 0.8930857859699559 | -0.9332992425558237:-0.3725841496663662 | -0.4260740410470536 | 0.5441177223984397
-0.3725841496663662 | -0.4260740410470536 | 0.5441177223984397 | 0.8930857859699559 | -0.9332992425558237:-0.3977335877771395 | -0.4511698297030069 | 0.5079907442817557
-0.3977335877771395 | -0.4511698297030069 | 0.5079907442817557 | 0.8930857859699559 | -0.9332992425558237:-0.42116921962891496 | -0.4746756571857258 | 0.46952563514625467
-0.42116921962891496 | -0.4746756571857258 | 0.46952563514625467 | 0.8930857859699559 | -0.9332992425558237:-0.4427810230980924 | -0.4964828539775592 | 0.42887518513106926
-0.4427810230980924 | -0.4964828539775592 | 0.42887518513106926 | 0.8930857859699559 | -0.9332992425558237:-0.462466388574164 | -0.5164896146308671 | 0.3862024269236102
-0.462466388574164 | -0.5164896146308671 | 0.3862024269236102 | 0.8930857859699559 | -0.9332992425558237:-0.4801306015435145 | -0.5346014746246759 | 0.3416799608647736
-0.4801306015435145 | -0.5346014746246759 | 0.3416799608647736 | 0.8930857859699559 | -0.9332992425558237:-0.49568729176507276 | -0.5507317562533718 | 0.2954892352615275
-0.49568729176507276 | -0.5507317562533718 | 0.2954892352615275 | 0.8930857859699559 | -0.9332992425558237:-0.5090588469450381 | -0.5648019814756999 | 0.2478197850051771
-0.5090588469450381 | -0.5648019814756999 | 0.2478197850051771 | 0.7836844941612366 | 0.055635902846743024:-0.5097028479287005 | -0.5755142560947988 | 0.2274873963389723
-0.5097028479287005 | -0.5755142560947988 | 0.2274873963389723 | 0.7836844941612366 | 0.055635902846743024:-0.510390384479706 | -0.5854283729160734 | 0.20669447512428718
-0.510390384479706 | -0.5854283729160734 | 0.20669447512428718 | 0.7836844941612366 | 0.055635902846743024:-0.5111229524164926 | -0.5945245693180734 | 0.18547309931193467
-0.5111229524164926 | -0.5945245693180734 | 0.18547309931193467 | 0.7836844941612366 | 0.055635902846743024:-0.5119019520305343 | -0.6027843925662708 | 0.16385618821157522
-0.5119019520305343 | -0.6027843925662708 | 0.16385618821157522 | 0.7836844941612366 | 0.055635902846743024:-0.5127286856953717 | -0.6101907347609759 | 0.14187744782992695
-0.5127286856953717 | -0.6101907347609759 | 0.14187744782992695 | 0.7836844941612366 | 0.055635902846743024:-0.5136043556404459 | -0.6167278654905157 | 0.11957131478497018
-0.5136043556404459 | -0.6167278654905157 | 0.11957131478497018 | 0.7836844941612366 | 0.055635902846743024:-0.5145300618934172 | -0.6223814621334887 | 0.09697289889349747
-0.5145300618934172 | -0.6223814621334887 | 0.09697289889349747 | 0.7836844941612366 | 0.055635902846743024:-0.5155068003947463 | -0.6271386377580503 | 0.07411792453164168
-0.5155068003947463 | -0.6271386377580503 | 0.07411792453164168 | 0.7836844941612366 | 0.055635902846743024:-0.5165354612875603 | -0.6309879665703599 | 0.051042670869691165
-0.5165354612875603 | -0.6309879665703599 | 0.051042670869691165 | 0.7836844941612366 | 0.055635902846743024:-0.5176168273859645 | -0.6339195068685708 | 0.027783911084647173
-0.5176168273859645 | -0.6339195068685708 | 0.027783911084647173 | 0.37724811443517803 | -0.07925678719589291:-0.5188205136661708 | -0.6357338588523707 | 0.013801539822516418
-0.5188205136661708 | -0.6357338588523707 | 0.013801539822516418 | 0.37724811443517803 | -0.07925678719589291:-0.5199572112597437 | -0.6372704534433153 | -2.4822659757006704E-4
-0.5199572112597437 | -0.6372704534433153 | -2.4822659757006704E-4 | 0.37724811443517803 | -0.07925678719589291:-0.5210266683626585 | -0.6385276295167359 | -0.014359254776429964
-0.5210266683626585 | -0.6385276295167359 | -0.014359254776429964 | 0.37724811443517803 | -0.07925678719589291:-0.5220286601101094 | -0.6395038579118886 | -0.028525378176865956
-0.5220286601101094 | -0.6395038579118886 | -0.028525378176865956 | 0.37724811443517803 | -0.07925678719589291:-0.5229629886790477 | -0.6401977419072287 | -0.04274040005368107
-0.5229629886790477 | -0.6401977419072287 | -0.04274040005368107 | 0.4956299108109812 | 0.8352378632555895:-0.5260455611874093 | -0.6402717104355419 | -0.03678243164349482
-0.5260455611874093 | -0.6402717104355419 | -0.03678243164349482 | 0.4956299108109812 | 0.8352378632555895:-0.5288695061242095 | -0.640477714564578 | -0.030691204428194396
-0.5288695061242095 | -0.640477714564578 | -0.030691204428194396 | 0.4956299108109812 | 0.8352378632555895:-0.5314291333080092 | -0.6408195053504735 | -0.02448101382041301
-0.5314291333080092 | -0.6408195053504735 | -0.02448101382041301 | 0.4956299108109812 | 0.8352378632555895:-0.5337193668441884 | -0.6413004716648809 | -0.01816650028187894
-0.5337193668441884 | -0.6413004716648809 | -0.01816650028187894 | 0.4956299108109812 | 0.8352378632555895:-0.5357357598136971 | -0.6419236310543908 | -0.011762613421772983
-0.5357357598136971 | -0.6419236310543908 | -0.011762613421772983 | 0.24049792389863556 | 0.38968694217620947:-0.537063650835897 | -0.6429929250075692 | -0.009056850733209387
-0.537063650835897 | -0.6429929250075692 | -0.009056850733209387 | 0.24049792389863556 | 0.38968694217620947:-0.5383287628467954 | -0.6440818051610053 | -0.006333308738263099
-0.5383287628467954 | -0.6440818051610053 | -0.006333308738263099 | 0.24049792389863556 | 0.38968694217620947:-0.5395307599857517 | -0.6451906786771322 | -0.0035935477657318415
-0.5395307599857517 | -0.6451906786771322 | -0.0035935477657318415 | 0.24049792389863556 | 0.38968694217620947:-0.5406693389274793 | -0.6463199308092542 | -8.391406122569833E-4
-0.5406693389274793 | -0.6463199308092542 | -8.391406122569833E-4 | 0.24049792389863556 | 0.38968694217620947:-0.5417442291205248 | -0.6474699247674911 | 0.001928328448215666
-0.5417442291205248 | -0.6474699247674911 | 0.001928328448215666 | 0.24049792389863556 | 0.38968694217620947:-0.5427551930045098 | -0.6486410015975572 | 0.004707264660090971
-0.5427551930045098 | -0.6486410015975572 | 0.004707264660090971 | 0.24049792389863556 | 0.38968694217620947:-0.5437020262061623 | -0.6498334800724468 | 0.007496063786106788
-0.5437020262061623 | -0.6498334800724468 | 0.007496063786106788 | 0.24049792389863556 | 0.38968694217620947:-0.54458455771411 | -0.6510476565970205 | 0.0102931131112598
-0.54458455771411 | -0.6510476565970205 | 0.0102931131112598 | 0.24049792389863556 | 0.38968694217620947:-0.5454026500323153 | -0.6522838051255446 | 0.013096792449871941
-0.5454026500323153 | -0.6522838051255446 | 0.013096792449871941 | 0.24049792389863556 | 0.38968694217620947:-0.5461561993122217 | -0.6535421770921905 | 0.015905475155314264
-0.5461561993122217 | -0.6535421770921905 | 0.015905475155314264 | 0.24049792389863556 | 0.38968694217620947:-0.5468451354635633 | -0.6548230013544973 | 0.018717529131727417
-0.5468451354635633 | -0.6548230013544973 | 0.018717529131727417 | 0.24049792389863556 | 0.38968694217620947:-0.5474694222438927 | -0.6561264841498069 | 0.02153131784718454
-0.5474694222438927 | -0.6561264841498069 | 0.02153131784718454 | 0.24049792389863556 | 0.38968694217620947:-0.5480290573267013 | -0.6574528090646599 | 0.024345201347649947
-0.5480290573267013 | -0.6574528090646599 | 0.024345201347649947 | 0.24049792389863556 | 0.38968694217620947:-0.5485240723484139 | -0.6588021370171511 | 0.02715753727117942
-0.5485240723484139 | -0.6588021370171511 | 0.02715753727117942 | 0.24049792389863556 | 0.38968694217620947:-0.5489545329340118 | -0.6601746062522071 | 0.02996668186168705
-0.5489545329340118 | -0.6601746062522071 | 0.02996668186168705 | 0.5812801637071898 | 0.4741256754419565:-0.5494445550437135 | -0.6618502011116636 | 0.023817828532422425
-0.5494445550437135 | -0.6618502011116636 | 0.023817828532422425 | 0.5812801637071898 | 0.4741256754419565:-0.5500718634902455 | -0.6633362361856978 | 0.01762576317001674
-0.5500718634902455 | -0.6633362361856978 | 0.01762576317001674 | 0.5812801637071898 | 0.4741256754419565:-0.5508376485450555 | -0.6646313404295121 | 0.011399460784346616
-0.5508376485450555 | -0.6646313404295121 | 0.011399460784346616 | 0.5812801637071898 | 0.4741256754419565:-0.5517428786637311 | -0.6657344115001411 | 0.005147969652007589
-0.5517428786637311 | -0.6657344115001411 | 0.005147969652007589 | 0.5812801637071898 | 0.4741256754419565:-0.5527882988129065 | -0.6666446180277159 | -0.0011196023179564918
