0.0 | 0.0 | 0.0 | 0.33079068039511195 | 0.06264225485405062:3.131679227691759E-5 | -1.6538779948094273E-4 | 0.009998583206350005
3.131679227691759E-5 | -1.6538779948094273E-4 | 0.009998583206350005 | 0.33079068039511195 | 0.06264225485405062:1.2461464914678707E-4 | -6.581517965627004E-4 | 0.019888723121455013
1.2461464914678707E-4 | -6.581517965627004E-4 | 0.019888723121455013 | 0.33079068039511195 | 0.06264225485405062:2.788984285427851E-4 | -0.0014731054115446618 | 0.0296631349845736
2.788984285427851E-4 | -0.0014731054115446618 | 0.0296631349845736 | 0.33079068039511195 | 0.06264225485405062:4.931517612999148E-4 | -0.0026049485317660714 | 0.03931469791830121
4.931517612999148E-4 | -0.0026049485317660714 | 0.03931469791830121 | 0.33079068039511195 | 0.06264225485405062:7.663377862026714E-4 | -0.0040482713852287855 | 0.04883645599338127
7.663377862026714E-4 | -0.0040482713852287855 | 0.04883645599338127 | 0.33079068039511195 | 0.06264225485405062:0.001097399883290513 | -0.00579755840565066 | 0.058221619216219905
0.001097399883290513 | -0.00579755840565066 | 0.058221619216219905 | 0.33079068039511195 | 0.06264225485405062:0.0014852624051961616 | -0.007847192087755417 | 0.06746356443980622
0.0014852624051961616 | -0.007847192087755417 | 0.06746356443980622 | 0.33079068039511195 | 0.06264225485405062:0.001928831406295549 | -0.010191456831626367 | 0.07655583619875511
0.001928831406295549 | -0.010191456831626367 | 0.07655583619875511 | 0.33079068039511195 | 0.06264225485405062:0.002426995369452005 | -0.012824542774970249 | 0.08549214746919997
0.002426995369452005 | -0.012824542774970249 | 0.08549214746919997 | 0.44053472335540644 | -0.6218827885957845:-2.461442318698291E-4 | -0.016257617387388956 | 0.09422535152242345
-2.461442318698291E-4 | -0.016257617387388956 | 0.09422535152242345 | 0.44053472335540644 | -0.6218827885957845:-0.0034627858827305253 | -0.020062591134186514 | 0.10266246915268451
-0.0034627858827305253 | -0.020062591134186514 | 0.10266246915268451 | 0.44053472335540644 | -0.6218827885957845:-0.007206165150208104 | -0.024228147519376186 | 0.11076761903447996
-0.007206165150208104 | -0.024228147519376186 | 0.11076761903447996 | 0.44053472335540644 | -0.6218827885957845:-0.011458156356247948 | -0.028741990571089726 | 0.11850615358767869
-0.011458156356247948 | -0.028741990571089726 | 0.11850615358767869 | 0.44053472335540644 | -0.6218827885957845:-0.016199328585687005 | -0.03359088375486641 | 0.1258447295186258
-0.016199328585687005 | -0.03359088375486641 | 0.1258447295186258 | 0.5393628186545716 | -0.6557146708222965:-0.021627202849713992 | -0.039419164701487874 | 0.1325219138740369
-0.021627202849713992 | -0.039419164701487874 | 0.1325219138740369 | 0.5393628186545716 | -0.6557146708222965:-0.02751640550812539 | -0.04561964133697871 | 0.1386596174821646
-0.02751640550812539 | -0.04561964133697871 | 0.1386596174821646 | 0.5393628186545716 | -0.6557146708222965:-0.03383943436455161 | -0.05217032060224591 | 0.14422201924319555
-0.03383943436455161 | -0.05217032060224591 | 0.14422201924319555 | 0.5393628186545716 | -0.6557146708222965:-0.0405673896139134 | -0.0590480295044844 | 0.14917544121251658
-0.0405673896139134 | -0.0590480295044844 | 0.14917544121251658 | 0.5393628186545716 | -0.6557146708222965:-0.04767006877944274 | -0.06622849209777804 | 0.15348843186452688
-0.04767006877944274 | -0.06622849209777804 | 0.15348843186452688 | -0.22904468870012917 | -0.39959516785764704:-0.053153577648214545 | -0.06753029759552898 | 0.16053734601354686
-0.053153577648214545 | -0.06753029759552898 | 0.16053734601354686 | -0.22904468870012917 | -0.39959516785764704:-0.05889726028495634 | -0.06863787724766457 | 0.16740202707699625
-0.05889726028495634 | -0.06863787724766457 | 0.16740202707699625 | -0.22904468870012917 | -0.39959516785764704:-0.06489435409531308 | -0.06955548964576708 | 0.17407234034537522
-0.06489435409531308 | -0.06955548964576708 | 0.17407234034537522 | -0.22904468870012917 | -0.39959516785764704:-0.071137872655883 | -0.07028751897839869 | 0.18053844927266338
-0.071137872655883 | -0.07028751897839869 | 0.18053844927266338 | -0.22904468870012917 | -0.39959516785764704:-0.07762061419524946 | -0.0708384702441458 | 0.1867908207414697
-0.07762061419524946 | -0.0708384702441458 | 0.1867908207414697 | -0.2262278251774399 | -0.009143875452140016:-0.08055498842298958 | -0.07124035301616893 | 0.19441978881159905
-0.08055498842298958 | -0.07124035301616893 | 0.19441978881159905 | -0.2262278251774399 | -0.009143875452140016:-0.08346749014847221 | -0.07145357747836889 | 0.20200920559481084
-0.08346749014847221 | -0.07145357747836889 | 0.20200920559481084 | -0.2262278251774399 | -0.009143875452140016:-0.08635833428569217 | -0.07148010625710044 | 0.20955624050067456
-0.08635833428569217 | -0.07148010625710044 | 0.20955624050067456 | -0.2262278251774399 | -0.009143875452140016:-0.08922773181173882 | -0.07132192668478066 | 0.21705810908509537
-0.08922773181173882 | -0.07132192668478066 | 0.21705810908509537 | -0.2262278251774399 | -0.009143875452140016:-0.09207588982531423 | -0.07098105008142319 | 0.2245120730091954
-0.09207588982531423 | -0.07098105008142319 | 0.2245120730091954 | 0.4447177386240382 | 0.268973594120651:-0.09170249030399091 | -0.07819999353742801 | 0.2307191147195944
-0.09170249030399091 | -0.07819999353742801 | 0.2307191147195944 | 0.4447177386240382 | 0.268973594120651:-0.09113378540579697 | -0.08567793950360736 | 0.23667574809941216
-0.09113378540579697 | -0.08567793950360736 | 0.23667574809941216 | 0.4447177386240382 | 0.268973594120651:-0.0903755260625303 | -0.09340617596387135 | 0.24237030798054082
-0.0903755260625303 | -0.09340617596387135 | 0.24237030798054082 | 0.4447177386240382 | 0.268973594120651:-0.08943363770106028 | -0.10137569117948031 | 0.24779153720959002
-0.08943363770106028 | -0.10137569117948031 | 0.24779153720959002 | 0.4447177386240382 | 0.268973594120651:-0.08831421265895356 | -0.10957718619915235 | 0.2529285953576439
-0.08831421265895356 | -0.10957718619915235 | 0.2529285953576439 | -0.45112276246455063 | -0.7266170175916851:-0.0999246994650902 | -0.10639395248972461 | 0.2581446317696612
-0.0999246994650902 | -0.10639395248972461 | 0.2581446317696612 | -0.45112276246455063 | -0.7266170175916851:-0.1119132542341712 | -0.10292964153164785 | 0.2627657637438716
-0.1119132542341712 | -0.10292964153164785 | 0.2627657637438716 | -0.45112276246455063 | -0.7266170175916851:-0.12425206661459165 | -0.09920158457289885 | 0.26676270321726125
-0.12425206661459165 | -0.09920158457289885 | 0.26676270321726125 | -0.45112276246455063 | -0.7266170175916851:-0.13691200835914819 | -0.09522794765199638 | 0.27010798785314094
-0.13691200835914819 | -0.09522794765199638 | 0.27010798785314094 | -0.45112276246455063 | -0.7266170175916851:-0.14986271869284606 | -0.09102767948596346 | 0.2727760560180048
-0.14986271869284606 | -0.09102767948596346 | 0.2727760560180048 | -0.45112276246455063 | -0.7266170175916851:-0.16307269246715084 | -0.08662045756802117 | 0.2747433164367621
-0.16307269246715084 | -0.08662045756802117 | 0.2747433164367621 | -0.45112276246455063 | -0.7266170175916851:-0.17650937086715324 | -0.08202663261846954 | 0.27598821239194304
-0.17650937086715324 | -0.08202663261846954 | 0.27598821239194304 | -0.45112276246455063 | -0.7266170175916851:-0.1901392344340107 | -0.0772671715349369 | 0.2764912803461357
-0.1901392344340107 | -0.0772671715349369 | 0.2764912803461357 | -0.45112276246455063 | -0.7266170175916851:-0.20392789816146362 | -0.07236359899052625 | 0.2762352028807147
-0.20392789816146362 | -0.07236359899052625 | 0.2762352028807147 | -0.45112276246455063 | -0.7266170175916851:-0.2178402084222517 | -0.06733793783040731 | 0.2752048558578686
-0.2178402084222517 | -0.06733793783040731 | 0.2752048558578686 | -0.45112276246455063 | -0.7266170175916851:-0.23184034147781007 | -0.06221264841906926 | 0.27338734972693945
-0.23184034147781007 | -0.06221264841906926 | 0.27338734972693945 | -0.45112276246455063 | -0.7266170175916851:-0.2458919033227862 | -0.057010567091751785 | 0.27077206491020256
-0.2458919033227862 | -0.057010567091751785 | 0.27077206491020256 | -0.45112276246455063 | -0.7266170175916851:-0.25995803061460787 | -0.051754843864546096 | 0.267350681217307
-0.25995803061460787 | -0.051754843864546096 | 0.267350681217307 | -0.45112276246455063 | -0.7266170175916851:-0.27400149243760463 | -0.04646887955826928 | 0.26311720125172045
-0.27400149243760463 | -0.04646887955826928 | 0.26311720125172045 | -0.45112276246455063 | -0.7266170175916851:-0.28798479265101484 | -0.04117626249147488 | 0.2580679677866371
-0.28798479265101484 | -0.04117626249147488 | 0.2580679677866371 | -0.45112276246455063 | -0.7266170175916851:-0.3018702725705831 | -0.03590070489789987 | 0.25220167510179614
-0.3018702725705831 | -0.03590070489789987 | 0.25220167510179614 | -0.45112276246455063 | -0.7266170175916851:-0.3156202137343973 | -0.030665979223206463 | 0.24551937428664417
-0.3156202137343973 | -0.030665979223206463 | 0.24551937428664417 | -0.45112276246455063 | -0.7266170175916851:-0.32919694050506365 | -0.025495854455140687 | 0.23802447252904813
-0.32919694050506365 | -0.025495854455140687 | 0.23802447252904813 | -0.45112276246455063 | -0.7266170175916851:-0.3425629222623563 | -0.020414032640119206 | 0.22972272642251212
-0.3425629222623563 | -0.020414032640119206 | 0.22972272642251212 | -0.45112276246455063 | -0.7266170175916851:-0.3556808749429967 | -0.015444085737842617 | 0.22062222933827336
-0.3556808749429967 | -0.015444085737842617 | 0.22062222933827336 | -0.45112276246455063 | -0.7266170175916851:-0.3685138616872692 | -0.01060939296378871 | 0.2107333929220374
-0.3685138616872692 | -0.01060939296378871 | 0.2107333929220374 | -0.45112276246455063 | -0.7266170175916851:-0.3810253923557472 | -0.005933078767368372 | 0.20006892278811605
-0.3810253923557472 | -0.005933078767368372 | 0.20006892278811605 | -0.45112276246455063 | -0.7266170175916851:-0.39317952168345993 | -0.0014379515911637775 | 0.18864378849661456
-0.39317952168345993 | -0.0014379515911637775 | 0.18864378849661456 | -0.45112276246455063 | -0.7266170175916851:-0.4049409458433626 | 0.002853556446012373 | 0.17647518791180694
-0.4049409458433626 | 0.002853556446012373 | 0.17647518791180694 | -0.45112276246455063 | -0.7266170175916851:-0.41627509719597455 | 0.006919448802468864 | 0.163582506052105
-0.41627509719597455 | 0.006919448802468864 | 0.163582506052105 | -0.20632618070828568 | -0.717355926363058:-0.4270830077512908 | 0.008712957722876169 | 0.1503040098887567
-0.4270830077512908 | 0.008712957722876169 | 0.1503040098887567 | -0.20632618070828568 | -0.717355926363058:-0.43741679936417377 | 0.010387054448558697 | 0.1364229538068802
-0.43741679936417377 | 0.010387054448558697 | 0.1364229538068802 | -0.20632618070828568 | -0.717355926363058:-0.44724780162770195 | 0.011933250408747487 | 0.1219596672116019
-0.44724780162770195 | 0.011933250408747487 | 0.1219596672116019 | -0.20632618070828568 | -0.717355926363058:-0.45654823389888577 | 0.013343307238359525 | 0.10693584948925583
-0.45654823389888577 | 0.013343307238359525 | 0.10693584948925583 | -0.20632618070828568 | -0.717355926363058:-0.4652912617951923 | 0.014609253237331199 | 0.09137452634607968
-0.4652912617951923 | 0.014609253237331199 | 0.09137452634607968 | -0.20632618070828568 | -0.717355926363058:-0.47345105170485624 | 0.01572339927118316 | 0.07530000376033641
-0.47345105170485624 | 0.01572339927118316 | 0.07530000376033641 | -0.20632618070828568 | -0.717355926363058:-0.48100282322308985 | 0.01667835408704388 | 0.058737819643416955
-0.48100282322308985 | 0.01667835408704388 | 0.058737819643416955 | -0.20632618070828568 | -0.717355926363058:-0.48792289943043876 | 0.017467039020533814 | 0.0417146933087853
-0.48792289943043876 | 0.017467039020533814 | 0.0417146933087853 | -0.20632618070828568 | -0.717355926363058:-0.49418875493374514 | 0.018082702070112866 | 0.024258472850709367
-0.49418875493374514 | 0.018082702070112866 | 0.024258472850709367 | -0.20632618070828568 | -0.717355926363058:-0.4997790615945945 | 0.018518931316732434 | 0.006398080537758588
-0.4997790615945945 | 0.018518931316732434 | 0.006398080537758588 | 0.2839275821665488 | -0.15530753033410094:-0.5048106124903793 | 0.018610381004544596 | 0.0028069681989997264
-0.5048106124903793 | 0.018610381004544596 | 0.0028069681989997264 | 0.2839275821665488 | -0.15530753033410094:-0.5097642740126354 | 0.018750550432182322 | -8.57539845569022E-4
-0.5097642740126354 | 0.018750550432182322 | -8.57539845569022E-4 | 0.2839275821665488 | -0.15530753033410094:-0.5146397064476567 | 0.018941006576391306 | -0.004593420232039236
-0.5146397064476567 | 0.018941006576391306 | -0.004593420232039236 | 0.2839275821665488 | -0.15530753033410094:-0.5194365893158182 | 0.019183272098801663 | -0.00839862650780887
-0.5194365893158182 | 0.019183272098801663 | -0.00839862650780887 | 0.2839275821665488 | -0.15530753033410094:-0.5241546214984414 | 0.019478825199985117 | -0.012271090140142604
-0.5241546214984414 | 0.019478825199985117 | -0.012271090140142604 | -0.8442762655563611 | 0.6958973192021953:-0.5290425331509443 | 0.019115244898832984 | 0.005206687742891347
-0.5290425331509443 | 0.019115244898832984 | 0.005206687742891347 | -0.8442762655563611 | 0.6958973192021953:-0.533267773673364 | 0.019489658522247044 | 0.022999589243339003
-0.533267773673364 | 0.019489658522247044 | 0.022999589243339003 | -0.8442762655563611 | 0.6958973192021953:-0.5368160590317572 | 0.02062121924658955 | 0.041049390680312214
-0.5368160590317572 | 0.02062121924658955 | 0.041049390680312214 | -0.8442762655563611 | 0.6958973192021953:-0.5396753491180313 | 0.022526385887180478 | 0.059296254014284955
-0.5396753491180313 | 0.022526385887180478 | 0.059296254014284955 | -0.8442762655563611 | 0.6958973192021953:-0.5418359099324697 | 0.025218842991638013 | 0.07767894102718031
-0.5418359099324697 | 0.025218842991638013 | 0.07767894102718031 | 0.3062113429660027 | -0.09402927657986782:-0.5466698206062439 | 0.024224835791845756 | 0.07613057138276069
-0.5466698206062439 | 0.024224835791845756 | 0.07613057138276069 | 0.3062113429660027 | -0.09402927657986782:-0.5514544624910585 | 0.023243204110928506 | 0.07452033301077776
-0.5514544624910585 | 0.023243204110928506 | 0.07452033301077776 | 0.3062113429660027 | -0.09402927657986782:-0.5561898522119222 | 0.022275375127117414 | 0.07284892060677883
-0.5561898522119222 | 0.022275375127117414 | 0.07284892060677883 | 0.3062113429660027 | -0.09402927657986782:-0.5608760079690995 | 0.021322756318979508 | 0.07111705373089094
-0.5608760079690995 | 0.021322756318979508 | 0.07111705373089094 | 0.3062113429660027 | -0.09402927657986782:-0.5655129496856866 | 0.020386735128815836 | 0.06932547633691932
-0.5655129496856866 | 0.020386735128815836 | 0.06932547633691932 | -0.28290091198277567 | 0.0902155323792262:-0.5694576453357101 | 0.02152637863979523 | 0.07212011882981528
-0.5694576453357101 | 0.02152637863979523 | 0.07212011882981528 | -0.28290091198277567 | 0.0902155323792262:-0.5733447077528702 | 0.0227113683341158 | 0.07492744683622554
-0.5733447077528702 | 0.0227113683341158 | 0.07492744683622554 | -0.28290091198277567 | 0.0902155323792262:-0.5771744840965951 | 0.023941977716505303 | 0.07774615888052772
-0.5771744840965951 | 0.023941977716505303 | 0.07774615888052772 | -0.28290091198277567 | 0.0902155323792262:-0.5809473251838497 | 0.025218455276434515 | 0.08057495576797713
-0.5809473251838497 | 0.025218455276434515 | 0.08057495576797713 | -0.28290091198277567 | 0.0902155323792262:-0.5846635854792765 | 0.026541024651496326 | 0.0834125409920663
-0.5846635854792765 | 0.026541024651496326 | 0.0834125409920663 | -0.467139809987966 | -0.508357082761828:-0.5906347179849192 | 0.028678835521877666 | 0.06835333682731104
-0.5906347179849192 | 0.028678835521877666 | 0.06835333682731104 | -0.467139809987966 | -0.508357082761828:-0.5961898573401498 | 0.03047318882597727 | 0.05298984785150651
-0.5961898573401498 | 0.03047318882597727 | 0.05298984785150651 | -0.467139809987966 | -0.508357082761828:-0.6013191097478625 | 0.03191440099653864 | 0.0373425832637988
-0.6013191097478625 | 0.03191440099653864 | 0.0373425832637988 | -0.467139809987966 | -0.508357082761828:-0.6060131825152268 | 0.03299333767831625 | 0.021432623844210852
-0.6060131825152268 | 0.03299333767831625 | 0.021432623844210852 | -0.467139809987966 | -0.508357082761828:-0.6102633999562492 | 0.0337014286902928 | 0.005281589038133916
-0.6102633999562492 | 0.0337014286902928 | 0.005281589038133916 | -0.467139809987966 | -0.508357082761828:-0.6140617183107331 | 0.03403068209349858 | -0.011088396734200145
-0.6140617183107331 | 0.03403068209349858 | -0.011088396734200145 | -0.467139809987966 | -0.508357082761828:-0.6174007396612815 | 0.033973697346878495 | -0.027654738490371145
-0.6174007396612815 | 0.033973697346878495 | -0.027654738490371145 | -0.467139809987966 | -0.508357082761828:-0.620273724831403 | 0.03352367753502694 | -0.044394405766805534
-0.620273724831403 | 0.03352367753502694 | -0.044394405766805534 | -0.467139809987966 | -0.508357082761828:-0.6226746052493297 | 0.03267444065303948 | -0.0612839683138553
-0.6226746052493297 | 0.03267444065303948 | -0.0612839683138553 | -0.467139809987966 | -0.508357082761828:-0.6245979937637571 | 0.03142042993512151 | -0.078299632349907
-0.6245979937637571 | 0.03142042993512151 | -0.078299632349907 | -0.12985814454538747 | 0.6501064236620959:-0.6304963839705522 | 0.031092711497858083 | -0.05850252475985407
-0.6304963839705522 | 0.031092711497858083 | -0.05850252475985407 | -0.12985814454538747 | 0.6501064236620959:-0.6357205264126655 | 0.03088952961517366 | -0.03840172997474234
-0.6357205264126655 | 0.03088952961517366 | -0.03840172997474234 | -0.12985814454538747 | 0.6501064236620959:-0.6402573397752711 | 0.030813669756279083 | -0.018022273605676986
-0.6402573397752711 | 0.030813669756279083 | -0.018022273605676986 | -0.12985814454538747 | 0.6501064236620959:-0.64409467032214 | 0.030867732921975755 | 0.002610290922397951
-0.64409467032214 | 0.030867732921975755 | 0.002610290922397951 | -0.12985814454538747 | 0.6501064236620959:-0.6472213105561551 | 0.031054131809029162 | 0.023469918616926932
-0.6472213105561551 | 0.031054131809029162 | 0.023469918616926932 | 0.8324544910186131 | 0.8951162343044927:-0.648966463999102 | 0.03021359441033633 | 0.053965310056343085
-0.648966463999102 | 0.03021359441033633 | 0.053965310056343085 | 0.8324544910186131 | 0.8951162343044927:-0.6492965722668558 | 0.02809109059131698 | 0.08460521312786362
-0.6492965722668558 | 0.02809109059131698 | 0.08460521312786362 | 0.8324544910186131 | 0.8951162343044927:-0.648202566743656 | 0.024675345918995006 | 0.11526802796801938
-0.648202566743656 | 0.024675345918995006 | 0.11526802796801938 | 0.8324544910186131 | 0.8951162343044927:-0.6456811361901558 | 0.019960419595876466 | 0.14583101709349755
-0.6456811361901558 | 0.019960419595876466 | 0.14583101709349755 | 0.8324544910186131 | 0.8951162343044927:-0.6417347799051569 | 0.013945764504474045 | 0.1761708164146878
-0.6417347799051569 | 0.013945764504474045 | 0.1761708164146878 | -0.7710879778098076 | -0.736368524660447:-0.651014156659599 | 0.020829995151355973 | 0.15252346721768895
-0.651014156659599 | 0.020829995151355973 | 0.15252346721768895 | -0.7710879778098076 | -0.736368524660447:-0.6594005542829038 | 0.026825600424016383 | 0.12817170920418697
-0.6594005542829038 | 0.026825600424016383 | 0.12817170920418697 | -0.7710879778098076 | -0.736368524660447:-0.666865185799125 | 0.03190078062856072 | 0.10318433159108409
-0.666865185799125 | 0.03190078062856072 | 0.10318433159108409 | -0.7710879778098076 | -0.736368524660447:-0.6733819422875342 | 0.03602649446983186 | 0.07763267784432593
-0.6733819422875342 | 0.03602649446983186 | 0.07763267784432593 | -0.7710879778098076 | -0.736368524660447:-0.6789274934812255 | 0.039176568580910676 | 0.051590426823343805
-0.6789274934812255 | 0.039176568580910676 | 0.051590426823343805 | 0.8304859457865634 | 0.3438237058386433:-0.6810739071224461 | 0.037173676050579196 | 0.06513770031881805
-0.6810739071224461 | 0.037173676050579196 | 0.06513770031881805 | 0.8304859457865634 | 0.3438237058386433:-0.6829514191304966 | 0.03459583470565519 | 0.0786826163801333
-0.6829514191304966 | 0.03459583470565519 | 0.0786826163801333 | 0.8304859457865634 | 0.3438237058386433:-0.6845599302439354 | 0.031441427808689415 | 0.09219483505971304
-0.6845599302439354 | 0.031441427808689415 | 0.09219483505971304 | 0.8304859457865634 | 0.3438237058386433:-0.6858999025761747 | 0.027710199757841725 | 0.10564389778797789
-0.6858999025761747 | 0.027710199757841725 | 0.10564389778797789 | 0.8304859457865634 | 0.3438237058386433:-0.6869723614989027 | 0.02340326205571408 | 0.11899929930901543
-0.6869723614989027 | 0.02340326205571408 | 0.11899929930901543 | 0.8304859457865634 | 0.3438237058386433:-0.6877788961782585 | 0.018523096029715802 | 0.1322305598678053
-0.6877788961782585 | 0.018523096029715802 | 0.1322305598678053 | 0.8304859457865634 | 0.3438237058386433:-0.688321658762618 | 0.013073552297310442 | 0.14530729747792748
-0.688321658762618 | 0.013073552297310442 | 0.14530729747792748 | 0.8304859457865634 | 0.3438237058386433:-0.6886033622237022 | 0.007059846977097717 | 0.1581993000986639
-0.6886033622237022 | 0.007059846977097717 | 0.1581993000986639 | 0.8304859457865634 | 0.3438237058386433:-0.6886272768561525 | 4.885546543018648E-4 | 0.1708765975509241
-0.6886272768561525 | 4.885546543018648E-4 | 0.1708765975509241 | 0.8304859457865634 | 0.3438237058386433:-0.6883972254436443 | -0.0066324018832020215 | 0.1833095330022516
-0.6883972254436443 | -0.0066324018832020215 | 0.1833095330022516 | 0.8304859457865634 | 0.3438237058386433:-0.6879175771028301 | -0.014293765114681722 | 0.1954688338523809
-0.6879175771028301 | -0.014293765114681722 | 0.1954688338523809 | 0.8304859457865634 | 0.3438237058386433:-0.6871932398193508 | -0.02248495943108919 | 0.20732568185249178
-0.6871932398193508 | -0.02248495943108919 | 0.20732568185249178 | 0.8304859457865634 | 0.3438237058386433:-0.686229651693246 | -0.03119411091592683 | 0.21885178229325142
-0.686229651693246 | -0.03119411091592683 | 0.21885178229325142 | 0.8304859457865634 | 0.3438237058386433:-0.6850327709141553 | -0.0404080702167775 | 0.23001943209914266
-0.6850327709141553 | -0.0404080702167775 | 0.23001943209914266 | 0.8304859457865634 | 0.3438237058386433:-0.683609064489417 | -0.05011243845473334 | 0.24080158666930096
-0.683609064489417 | -0.05011243845473334 | 0.24080158666930096 | 0.8304859457865634 | 0.3438237058386433:-0.6819654957511858 | -0.060291596111958334 | 0.2511719253081708
-0.6819654957511858 | -0.060291596111958334 | 0.2511719253081708 | 0.8304859457865634 | 0.3438237058386433:-0.6801095106715209 | -0.07092873483081563 | 0.26110491509279043
-0.6801095106715209 | -0.07092873483081563 | 0.26110491509279043 | 0.8304859457865634 | 0.3438237058386433:-0.6780490230169107 | -0.08200589205132047 | 0.27057587302721586
-0.6780490230169107 | -0.08200589205132047 | 0.27057587302721586 | 0.8304859457865634 | 0.3438237058386433:-0.6757923983766005 | -0.09350398840721086 | 0.27956102633880064
-0.6757923983766005 | -0.09350398840721086 | 0.27956102633880064 | 0.8304859457865634 | 0.3438237058386433:-0.6733484371015237 | -0.10540286779464303 | 0.28803757077544745
-0.6733484371015237 | -0.10540286779464303 | 0.28803757077544745 | 0.7459856966117986 | 0.9272277718172452:-0.6617854093907738 | -0.1164786575500587 | 0.31591439258968634
-0.6617854093907738 | -0.1164786575500587 | 0.31591439258968634 | 0.7459856966117986 | 0.9272277718172452:-0.6488872166520352 | -0.12862277936230848 | 0.34287173316027264
-0.6488872166520352 | -0.12862277936230848 | 0.34287173316027264 | 0.7459856966117986 | 0.9272277718172452:-0.6346970328417214 | -0.1418027029769573 | 0.36880380695777504
-0.6346970328417214 | -0.1418027029769573 | 0.36880380695777504 | 0.7459856966117986 | 0.9272277718172452:-0.6192631256542214 | -0.1559817373748369 | 0.3936080800408135
-0.6192631256542214 | -0.1559817373748369 | 0.3936080800408135 | 0.7459856966117986 | 0.9272277718172452:-0.6026386963692403 | -0.17111915199739647 | 0.41718567953615704
-0.6026386963692403 | -0.17111915199739647 | 0.41718567953615704 | 0.7459856966117986 | 0.9272277718172452:-0.5848816999691238 | -0.1871703140811971 | 0.43944179042233955
-0.5848816999691238 | -0.1871703140811971 | 0.43944179042233955 | 0.7459856966117986 | 0.9272277718172452:-0.5660546461787987 | -0.20408684160576085 | 0.4602860380384435
-0.5660546461787987 | -0.20408684160576085 | 0.4602860380384435 | 0.7459856966117986 | 0.9272277718172452:-0.5462243821567654 | -0.2218167712973873 | 0.47963285479347206
-0.5462243821567654 | -0.2218167712973873 | 0.47963285479347206 | 0.7459856966117986 | 0.9272277718172452:-0.5254618576375591 | -0.24030474107216193 | 0.4974018296112064
-0.5254618576375591 | -0.24030474107216193 | 0.4974018296112064 | 0.7459856966117986 | 0.9272277718172452:-0.5038418733959205 | -0.25949218624429715 | 0.5135180387108633
-0.5038418733959205 | -0.25949218624429715 | 0.5135180387108633 | -0.6035284158133838 | -0.737074948270058:-0.5243080118671344 | -0.24463033927812372 | 0.5037400500304265
-0.5243080118671344 | -0.24463033927812372 | 0.5037400500304265 | -0.6035284158133838 | -0.737074948270058:-0.5444236051568865 | -0.23001630364410186 | 0.49271753073808
-0.5444236051568865 | -0.23001630364410186 | 0.49271753073808 | -0.6035284158133838 | -0.737074948270058:-0.5641408982046272 | -0.21568967635866976 | 0.48046980461636224
-0.5641408982046272 | -0.21568967635866976 | 0.48046980461636224 | -0.6035284158133838 | -0.737074948270058:-0.583412862169439 | -0.20168950474079939 | 0.46701930779563483
-0.583412862169439 | -0.20168950474079939 | 0.46701930779563483 | -0.6035284158133838 | -0.737074948270058:-0.6021933152585461 | -0.18805418681960617 | 0.45239154367270373
-0.6021933152585461 | -0.18805418681960617 | 0.45239154367270373 | -0.6035284158133838 | -0.737074948270058:-0.6204370416831111 | -0.1748213731563819 | 0.43661502996209123
-0.6204370416831111 | -0.1748213731563819 | 0.43661502996209123 | -0.6035284158133838 | -0.737074948270058:-0.6380999084377876 | -0.16202787033151012 | 0.41972123800666594
-0.6380999084377876 | -0.16202787033151012 | 0.41972123800666594 | -0.6035284158133838 | -0.737074948270058:-0.6551389796059937 | -0.14970954634251132 | 0.4017445244939104
-0.6551389796059937 | -0.14970954634251132 | 0.4017445244939104 | -0.6035284158133838 | -0.737074948270058:-0.6715126278991406 | -0.13790123815454258 | 0.3827220557431694
-0.6715126278991406 | -0.13790123815454258 | 0.3827220557431694 | -0.6035284158133838 | -0.737074948270058:-0.6871806431452256 | -0.1266366616392256 | 0.3626937247480875
-0.6871806431452256 | -0.1266366616392256 | 0.3626937247480875 | -0.6570102157078954 | 0.030344494007914058:-0.6884788441652745 | -0.11496561224463253 | 0.36869310040343706
-0.6884788441652745 | -0.11496561224463253 | 0.36869310040343706 | -0.6570102157078954 | 0.030344494007914058:-0.6897484659228326 | -0.10306824285260685 | 0.3743102646242562
-0.6897484659228326 | -0.10306824285260685 | 0.3743102646242562 | -0.6570102157078954 | 0.030344494007914058:-0.6909902981201981 | -0.09095752603167995 | 0.3795367353841037
-0.6909902981201981 | -0.09095752603167995 | 0.3795367353841037 | -0.6570102157078954 | 0.030344494007914058:-0.6922051424909483 | -0.07864674222027013 | 0.38436448523919253
-0.6922051424909483 | -0.07864674222027013 | 0.38436448523919253 | -0.6570102157078954 | 0.030344494007914058:-0.6933938120612879 | -0.06614946350903939 | 0.38878595215277656
-0.6933938120612879 | -0.06614946350903939 | 0.38878595215277656 | -0.6570102157078954 | 0.030344494007914058:-0.6945571303945854 | -0.05347953705771946 | 0.39279404973348164
-0.6945571303945854 | -0.05347953705771946 | 0.39279404973348164 | -0.6570102157078954 | 0.030344494007914058:-0.6956959308204489 | -0.0406510681675627 | 0.3963821768757718
-0.6956959308204489 | -0.0406510681675627 | 0.3963821768757718 | -0.6570102157078954 | 0.030344494007914058:-0.6968110556490075 | -0.02767840303092406 | 0.39954422679145196
-0.6968110556490075 | -0.02767840303092406 | 0.39954422679145196 | -0.6570102157078954 | 0.030344494007914058:-0.6979033553717642 | -0.01457611117983415 | 0.4022745954219218
-0.6979033553717642 | -0.01457611117983415 | 0.4022745954219218 | -0.6570102157078954 | 0.030344494007914058:-0.6989736878497013 | -0.001358967655719745 | 0.4045681892216493
-0.6989736878497013 | -0.001358967655719745 | 0.4045681892216493 | 0.6178054644364388 | 0.9313284355880138:-0.6810128537859157 | -0.0138865549778453 | 0.43747149015106146
-0.6810128537859157 | -0.0138865549778453 | 0.43747149015106146 | 0.6178054644364388 | 0.9313284355880138:-0.6614928337693158 | -0.027455839175840602 | 0.46916244659148987
-0.6614928337693158 | -0.027455839175840602 | 0.46916244659148987 | 0.6178054644364388 | 0.9313284355880138:-0.6404711596461823 | -0.042030432986840616 | 0.49953353089025043
-0.6404711596461823 | -0.042030432986840616 | 0.49953353089025043 | 0.6178054644364388 | 0.9313284355880138:-0.6180104931968629 | -0.05757048544397314 | 0.528481095653806
-0.6180104931968629 | -0.05757048544397314 | 0.528481095653806 | 0.6178054644364388 | 0.9313284355880138:-0.59417843621803 | -0.07403280234967369 | 0.5559057303926664
-0.59417843621803 | -0.07403280234967369 | 0.5559057303926664 | -0.06160885963871787 | -0.1006843952492884:-0.5983073483630363 | -0.07248196054923639 | 0.554371490236008
-0.5983073483630363 | -0.07248196054923639 | 0.554371490236008 | -0.06160885963871787 | -0.1006843952492884:-0.6024212515453087 | -0.07093045476544635 | 0.5527931380425954
-0.6024212515453087 | -0.07093045476544635 | 0.5527931380425954 | -0.06160885963871787 | -0.1006843952492884:-0.6065199033956219 | -0.06937853153527129 | 0.5511709536398683
-0.6065199033956219 | -0.06937853153527129 | 0.5511709536398683 | -0.06160885963871787 | -0.1006843952492884:-0.6106030641915083 | -0.06782643479866213 | 0.5495052172104664
-0.6106030641915083 | -0.06782643479866213 | 0.5495052172104664 | -0.06160885963871787 | -0.1006843952492884:-0.614670496838599 | -0.06627440591975642 | 0.5477962092757167
-0.614670496838599 | -0.06627440591975642 | 0.5477962092757167 | -0.06160885963871787 | -0.1006843952492884:-0.618721966851993 | -0.06472268370789891 | 0.5460442106793408
-0.618721966851993 | -0.06472268370789891 | 0.5460442106793408 | -0.06160885963871787 | -0.1006843952492884:-0.6227572423378831 | -0.06317150443846842 | 0.5442495025715104
-0.6227572423378831 | -0.06317150443846842 | 0.5442495025715104 | -0.06160885963871787 | -0.1006843952492884:-0.6267760939752378 | -0.061621101873527095 | 0.5424123663931439
-0.6267760939752378 | -0.061621101873527095 | 0.5424123663931439 | -0.06160885963871787 | -0.1006843952492884:-0.6307782949977536 | -0.06007170728228317 | 0.5405330838604812
-0.6307782949977536 | -0.06007170728228317 | 0.5405330838604812 | -0.06160885963871787 | -0.1006843952492884:-0.6347636211757788 | -0.058523549461371616 | 0.5386119369498843
-0.6347636211757788 | -0.058523549461371616 | 0.5386119369498843 | -0.41677590067006487 | -0.23117687432133227:-0.642230375286843 | -0.047381387955988785 | 0.5333969072445157
-0.642230375286843 | -0.047381387955988785 | 0.5333969072445157 | -0.41677590067006487 | -0.23117687432133227:-0.6496329868996185 | -0.03632758186637375 | 0.5278414367324658
-0.6496329868996185 | -0.03632758186637375 | 0.5278414367324658 | -0.41677590067006487 | -0.23117687432133227:-0.6569672806063238 | -0.025369922007181245 | 0.521947984685518
-0.6569672806063238 | -0.025369922007181245 | 0.521947984685518 | -0.41677590067006487 | -0.23117687432133227:-0.6642291119165833 | -0.014516143474745391 | 0.5157192403520838
-0.6642291119165833 | -0.014516143474745391 | 0.5157192403520838 | -0.41677590067006487 | -0.23117687432133227:-0.6714143701252624 | -0.003773920481179971 | 0.509158121105834
-0.6714143701252624 | -0.003773920481179971 | 0.509158121105834 | 0.5914333904782385 | 0.3002008976852113:-0.6649409290995152 | -0.018861888273441707 | 0.5198130641812071
-0.6649409290995152 | -0.018861888273441707 | 0.5198130641812071 | 0.5914333904782385 | 0.3002008976852113:-0.6582881508417984 | -0.034286291779961786 | 0.5299260962480474
-0.6582881508417984 | -0.034286291779961786 | 0.5299260962480474 | 0.5914333904782385 | 0.3002008976852113:-0.6514645129648216 | -0.0500308788909809 | 0.5394835823275272
-0.6514645129648216 | -0.0500308788909809 | 0.5394835823275272 | 0.5914333904782385 | 0.3002008976852113:-0.6444787068749065 | -0.06607896440877425 | 0.5484725213592512
-0.6444787068749065 | -0.06607896440877425 | 0.5484725213592512 | 0.5914333904782385 | 0.3002008976852113:-0.6373396275750878 | -0.08241344991411026 | 0.5568805630110489
-0.6373396275750878 | -0.08241344991411026 | 0.5568805630110489 | 0.5914333904782385 | 0.3002008976852113:-0.6300563632142513 | -0.09901684414486667 | 0.5646960236926617
-0.6300563632142513 | -0.09901684414486667 | 0.5646960236926617 | 0.5914333904782385 | 0.3002008976852113:-0.622638184395143 | -0.11587128386136669 | 0.5719079017545781
-0.622638184395143 | -0.11587128386136669 | 0.5719079017545781 | 0.5914333904782385 | 0.3002008976852113:-0.6150945332545632 | -0.13295855517259447 | 0.5785058918540571
-0.6150945332545632 | -0.13295855517259447 | 0.5785058918540571 | 0.5914333904782385 | 0.3002008976852113:-0.6074350123294323 | -0.15026011529682393 | 0.5844803984714844
-0.6074350123294323 | -0.15026011529682393 | 0.5844803984714844 | 0.5914333904782385 | 0.3002008976852113:-0.599669373222298 | -0.16775711472978294 | 0.5898225485613438
-0.599669373222298 | -0.16775711472978294 | 0.5898225485613438 | 0.05931179241474749 | 0.5131872303405005:-0.585321544385593 | -0.16978678802057345 | 0.6055169099889568
-0.585321544385593 | -0.16978678802057345 | 0.6055169099889568 | 0.05931179241474749 | 0.5131872303405005:-0.5705404652626527 | -0.17186312645714885 | 0.6208453430581429
-0.5705404652626527 | -0.17186312645714885 | 0.6208453430581429 | 0.05931179241474749 | 0.5131872303405005:-0.555335695300883 | -0.17398508278946423 | 0.6357956757161745
-0.555335695300883 | -0.17398508278946423 | 0.6357956757161745 | 0.05931179241474749 | 0.5131872303405005:-0.5397171291764664 | -0.17615157023961103 | 0.6503559996014374
-0.5397171291764664 | -0.17615157023961103 | 0.6503559996014374 | 0.05931179241474749 | 0.5131872303405005:-0.523694989359015 | -0.17836146335143255 | 0.6645146792317789
-0.523694989359015 | -0.17836146335143255 | 0.6645146792317789 | 0.8255056739165298 | 0.4219744347250327:-0.5105240684078609 | -0.20595163750852308 | 0.6685359393054213
