0.0 | 0.0 | 0.0 | -0.40726660697591477 | 0.9301235508819372:4.6479776801012075E-4 | 2.0361923050482567E-4 | 0.009987116813366179
4.6479776801012075E-4 | 2.0361923050482567E-4 | 0.009987116813366179 | -0.40726660697591477 | 0.9301235508819372:0.0018473198500042324 | 8.097984990226292E-4 | 0.01979751589878794
0.0018473198500042324 | 8.097984990226292E-4 | 0.01979751589878794 | 0.004874683341579367 | -0.2912648970309042:0.002326551284375173 | 0.0012014325301017426 | 0.02958535313287279
0.002326551284375173 | 0.0012014325301017426 | 0.02958535313287279 | 0.004874683341579367 | -0.2912648970309042:0.0025146816983179377 | 0.0015843605719468856 | 0.039291737114236946
0.0025146816983179377 | 0.0015843605719468856 | 0.039291737114236946 | 0.004874683341579367 | -0.2912648970309042:0.002415690242080973 | 0.0019586867923303553 | 0.04891117659092199
0.002415690242080973 | 0.0019586867923303553 | 0.04891117659092199 | 0.004874683341579367 | -0.2912648970309042:0.0020336258448187695 | 0.002324516157961365 | 0.05843829142509169
0.0020336258448187695 | 0.002324516157961365 | 0.05843829142509169 | 0.004874683341579367 | -0.2912648970309042:0.0013726049300074802 | 0.0026819544001166484 | 0.06786781292556965
0.0013726049300074802 | 0.0026819544001166484 | 0.06786781292556965 | 0.9238773509323803 | 0.5537360853183142:0.0036985232079365434 | -5.172765532057699E-4 | 0.07716498940635774
0.0036985232079365434 | -5.172765532057699E-4 | 0.07716498940635774 | 0.9238773509323803 | 0.5537360853183142:0.006526726628539498 | -0.004567326309930397 | 0.0861150849311591
0.006526726628539498 | -0.004567326309930397 | 0.0861150849311591 | 0.9238773509323803 | 0.5537360853183142:0.009839875249359507 | -0.00944100585062757 | 0.09464054016766471
0.009839875249359507 | -0.00944100585062757 | 0.09464054016766471 | 0.9238773509323803 | 0.5537360853183142:0.013617924517311378 | -0.015106549450293105 | 0.10266657351426389
0.013617924517311378 | -0.015106549450293105 | 0.10266657351426389 | 0.9238773509323803 | 0.5537360853183142:0.017838241974142098 | -0.02152780167926105 | 0.11012151584994989
0.017838241974142098 | -0.02152780167926105 | 0.11012151584994989 | 0.9238773509323803 | 0.5537360853183142:0.02247573396574626 | -0.02866442147382986 | 0.11693712896890784
0.02247573396574626 | -0.02866442147382986 | 0.11693712896890784 | 0.9238773509323803 | 0.5537360853183142:0.027502981756897638 | -0.03647210230360187 | 0.12304890659291312
0.027502981756897638 | -0.03647210230360187 | 0.12304890659291312 | 0.9238773509323803 | 0.5537360853183142:0.03289038642354253 | -0.04490280741167729 | 0.128396356931041
0.03289038642354253 | -0.04490280741167729 | 0.128396356931041 | 0.9238773509323803 | 0.5537360853183142:0.038606321867939275 | -0.05390501905719791 | 0.1329232658354984
0.038606321867939275 | -0.05390501905719791 | 0.1329232658354984 | 0.9238773509323803 | 0.5537360853183142:0.04461729527769248 | -0.0634240006474005 | 0.13657793968434428
0.04461729527769248 | -0.0634240006474005 | 0.13657793968434428 | -0.9068675241068547 | -0.08812771856662072:0.046364694875465795 | -0.06023630663346702 | 0.1469952297922026
0.046364694875465795 | -0.06023630663346702 | 0.1469952297922026 | -0.9068675241068547 | -0.08812771856662072:0.04800998314599647 | -0.05620989038428181 | 0.1573303438009399
0.04800998314599647 | -0.05620989038428181 | 0.1573303438009399 | -0.9068675241068547 | -0.08812771856662072:0.04955404765421734 | -0.051350477384400905 | 0.16752733570583778
0.04955404765421734 | -0.051350477384400905 | 0.16752733570583778 | -0.9068675241068547 | -0.08812771856662072:0.050998093818359846 | -0.045667098787982585 | 0.1775308273140448
0.050998093818359846 | -0.045667098787982585 | 0.1775308273140448 | -0.9068675241068547 | -0.08812771856662072:0.05234363979225487 | -0.0391720426836113 | 0.1872861913006898
0.05234363979225487 | -0.0391720426836113 | 0.1872861913006898 | 0.8581501010667263 | 0.016277986398090638:0.054615903717564696 | -0.04907567380107114 | 0.19288272400089657
0.054615903717564696 | -0.04907567380107114 | 0.19288272400089657 | 0.8581501010667263 | 0.016277986398090638:0.056877122874860686 | -0.05950759438263309 | 0.19788304230560128
0.056877122874860686 | -0.05950759438263309 | 0.19788304230560128 | 0.8581501010667263 | 0.016277986398090638:0.05912680388420821 | -0.07043151816750726 | 0.20225422282439887
0.05912680388420821 | -0.07043151816750726 | 0.20225422282439887 | 0.8581501010667263 | 0.016277986398090638:0.06136441940483228 | -0.08180943213531355 | 0.2059654816613561
0.06136441940483228 | -0.08180943213531355 | 0.2059654816613561 | 0.8581501010667263 | 0.016277986398090638:0.06358941047634936 | -0.09360171711775256 | 0.20898825529627496
0.06358941047634936 | -0.09360171711775256 | 0.20898825529627496 | 0.8581501010667263 | 0.016277986398090638:0.0658011889222494 | -0.10576727184307888 | 0.21129627496287018
0.0658011889222494 | -0.10576727184307888 | 0.21129627496287018 | 0.8581501010667263 | 0.016277986398090638:0.06799913980920336 | -0.11826364007724743 | 0.2128656343930575
0.06799913980920336 | -0.11826364007724743 | 0.2128656343930575 | 0.8581501010667263 | 0.016277986398090638:0.07018262395569486 | -0.13104714052133337 | 0.21367485081327686
0.07018262395569486 | -0.13104714052133337 | 0.21367485081327686 | 0.8581501010667263 | 0.016277986398090638:0.07235098048341793 | -0.1440729991213603 | 0.21370491909559508
0.07235098048341793 | -0.1440729991213603 | 0.21370491909559508 | 0.8581501010667263 | 0.016277986398090638:0.07450352940483773 | -0.1572954834440181 | 0.2129393589832329
0.07450352940483773 | -0.1572954834440181 | 0.2129393589832329 | 0.8581501010667263 | 0.016277986398090638:0.07663957424028234 | -0.17066803876988912 | 0.21136425532705694
0.07663957424028234 | -0.17066803876988912 | 0.21136425532705694 | 0.8581501010667263 | 0.016277986398090638:0.0787584046579215 | -0.18414342555473473 | 0.20896829128648253
0.0787584046579215 | -0.18414342555473473 | 0.20896829128648253 | 0.8581501010667263 | 0.016277986398090638:0.08085929912999168 | -0.1976738579091264 | 0.2057427744651017
0.08085929912999168 | -0.1976738579091264 | 0.2057427744651017 | 0.8581501010667263 | 0.016277986398090638:0.08294152759863693 | -0.2112111427472234 | 0.20168165596809384
0.08294152759863693 | -0.2112111427472234 | 0.20168165596809384 | 0.8581501010667263 | 0.016277986398090638:0.08500435414477425 | -0.22470681925677916 | 0.19678154238515955
0.08500435414477425 | -0.22470681925677916 | 0.19678154238515955 | -0.2602508633968754 | 0.505407160378029:0.09202146824312019 | -0.2270586501696763 | 0.20186134824310553
0.09202146824312019 | -0.2270586501696763 | 0.20186134824310553 | -0.2602508633968754 | 0.505407160378029:0.09925610720010147 | -0.22923797822827296 | 0.20676030601796924
0.09925610720010147 | -0.22923797822827296 | 0.20676030601796924 | -0.2602508633968754 | 0.505407160378029:0.10670180343909585 | -0.2312486555026121 | 0.21146744689320052
0.10670180343909585 | -0.2312486555026121 | 0.21146744689320052 | -0.2602508633968754 | 0.505407160378029:0.1143517517647179 | -0.2330947040293454 | 0.21597211779245118
0.1143517517647179 | -0.2330947040293454 | 0.21597211779245118 | -0.2602508633968754 | 0.505407160378029:0.12219882061694975 | -0.23478031015129108 | 0.22026399292825083
0.12219882061694975 | -0.23478031015129108 | 0.22026399292825083 | -0.2602508633968754 | 0.505407160378029:0.130235563602358 | -0.23630981871067558 | 0.22433308488064796
0.130235563602358 | -0.23630981871067558 | 0.22433308488064796 | -0.2602508633968754 | 0.505407160378029:0.13845423128779366 | -0.2376877271035127 | 0.22816975519845784
0.13845423128779366 | -0.2376877271035127 | 0.22816975519845784 | -0.2602508633968754 | 0.505407160378029:0.14684678324186207 | -0.23891867920268606 | 0.231764724516359
0.14684678324186207 | -0.23891867920268606 | 0.231764724516359 | -0.2602508633968754 | 0.505407160378029:0.15540490030933585 | -0.24000745915730448 | 0.23510908218157134
0.15540490030933585 | -0.24000745915730448 | 0.23510908218157134 | -0.2602508633968754 | 0.505407160378029:0.1641199971036107 | -0.24095898507600122 | 0.23819429538442272
0.1641199971036107 | -0.24095898507600122 | 0.23819429538442272 | 0.8930857859699559 | -0.9332992425558237:0.15588257324361 | -0.2555145911825356 | 0.23849476571142336
0.15588257324361 | -0.2555145911825356 | 0.23849476571142336 | 0.8930857859699559 | -0.9332992425558237:0.14747160570781093 | -0.2701950814878682 | 0.2376479430549816
0.14747160570781093 | -0.2701950814878682 | 0.2376479430549816 | 0.8930857859699559 | -0.9332992425558237:0.1389487011728021 | -0.28494272310510205 | 0.2356291789868088
0.1389487011728021 | -0.28494272310510205 | 0.2356291789868088 | 0.8930857859699559 | -0.9332992425558237:0.13037694638417774 | -0.29969821954348674 | 0.23242012349099994
0.13037694638417774 | -0.29969821954348674 | 0.23242012349099994 | 0.8930857859699559 | -0.9332992425558237:0.12182056609870928 | -0.31440103445089385 | 0.22800888791146257
0.12182056609870928 | -0.31440103445089385 | 0.22800888791146257 | 0.8930857859699559 | -0.9332992425558237:0.11334457332647041 | -0.32898972350558253 | 0.22239017288924856
0.11334457332647041 | -0.32898972350558253 | 0.22239017288924856 | 0.8930857859699559 | -0.9332992425558237:0.10501441374240716 | -0.3434022726840871 | 0.21556536058566067
0.10501441374240716 | -0.3434022726840871 | 0.21556536058566067 | 0.8930857859699559 | -0.9332992425558237:0.09689560616367476 | -0.357576441102176 | 0.20754257067414628
0.09689560616367476 | -0.357576441102176 | 0.20754257067414628 | 0.8930857859699559 | -0.9332992425558237:0.08905338100619531 | -0.37145010660524846 | 0.19833667977311542
0.08905338100619531 | -0.37145010660524846 | 0.19833667977311542 | 0.8930857859699559 | -0.9332992425558237:0.0815523186412519 | -0.3849616122731927 | 0.18796930418190172
0.0815523186412519 | -0.3849616122731927 | 0.18796930418190172 | 0.8930857859699559 | -0.9332992425558237:0.07445598957060318 | -0.3980501120028084 | 0.17646874597228113
0.07445598957060318 | -0.3980501120028084 | 0.17646874597228113 | 0.8930857859699559 | -0.9332992425558237:0.0678265983265458 | -0.4106559133380756 | 0.16386990267726276
0.0678265983265458 | -0.4106559133380756 | 0.16386990267726276 | 0.8930857859699559 | -0.9332992425558237:0.061724632981747796 | -0.4227208157351594 | 0.150214141006364
0.061724632981747796 | -0.4227208157351594 | 0.150214141006364 | 0.8930857859699559 | -0.9332992425558237:0.05620852212264449 | -0.4341884424745377 | 0.13554913520134448
0.05620852212264449 | -0.4341884424745377 | 0.13554913520134448 | 0.8930857859699559 | -0.9332992425558237:0.05133430109989323 | -0.4450045644671743 | 0.11992867082754444
0.05133430109989323 | -0.4450045644671743 | 0.11992867082754444 | 0.8930857859699559 | -0.9332992425558237:0.04715528932011637 | -0.45511741424483887 | 0.10341241497260079
0.04715528932011637 | -0.45511741424483887 | 0.10341241497260079 | 0.8930857859699559 | -0.9332992425558237:0.043721780285175704 | -0.4644779884763963 | 0.08606565399565369
0.043721780285175704 | -0.4644779884763963 | 0.08606565399565369 | 0.8930857859699559 | -0.9332992425558237:0.04108074601879519 | -0.4730403374116605 | 0.06795900013525014
0.04108074601879519 | -0.4730403374116605 | 0.06795900013525014 | 0.8930857859699559 | -0.9332992425558237:0.03927555744595157 | -0.4807618397221809 | 0.04916806844236099
0.03927555744595157 | -0.4807618397221809 | 0.04916806844236099 | 0.8930857859699559 | -0.9332992425558237:0.03834572220831323 | -0.4876034612834772 | 0.029773125655387034
0.03834572220831323 | -0.4876034612834772 | 0.029773125655387034 | 0.7836844941612366 | 0.055635902846743024:0.038774589105345036 | -0.4934785237911896 | 0.010651803544536875
0.038774589105345036 | -0.4934785237911896 | 0.010651803544536875 | 0.7836844941612366 | 0.055635902846743024:0.039145421501814326 | -0.4985495764094825 | -0.008885521786986317
0.039145421501814326 | -0.4985495764094825 | -0.008885521786986317 | 0.7836844941612366 | 0.055635902846743024:0.039456650016478356 | -0.5027937487351313 | -0.028802757452508487
0.039456650016478356 | -0.5027937487351313 | -0.028802757452508487 | 0.7836844941612366 | 0.055635902846743024:0.03970682520043045 | -0.5061898387630084 | -0.04906270214030073
0.03970682520043045 | -0.5061898387630084 | -0.04906270214030073 | 0.7836844941612366 | 0.055635902846743024:0.039894620888533794 | -0.5087183616294979 | -0.0696271244361295
0.039894620888533794 | -0.5087183616294979 | -0.0696271244361295 | 0.7836844941612366 | 0.055635902846743024:0.04001883729017397 | -0.5103615947225251 | -0.09045684313476698
0.04001883729017397 | -0.5103615947225251 | -0.09045684313476698 | 0.7836844941612366 | 0.055635902846743024:0.0400784038142703 | -0.5111036190836913 | -0.11151180937384453
0.0400784038142703 | -0.5111036190836913 | -0.11151180937384453 | 0.7836844941612366 | 0.055635902846743024:0.04007238162402693 | -0.5109303570354413 | -0.13275119042093664
0.04007238162402693 | -0.5109303570354413 | -0.13275119042093664 | 0.7836844941612366 | 0.055635902846743024:0.03999996591742594 | -0.5098296059736924 | -0.15413345494258301
0.03999996591742594 | -0.5098296059736924 | -0.15413345494258301 | 0.7836844941612366 | 0.055635902846743024:0.039860487930011956 | -0.5077910682738569 | -0.17561645958197225
0.039860487930011956 | -0.5077910682738569 | -0.17561645958197225 | 0.37724811443517803 | -0.07925678719589291:0.040941448735692276 | -0.508706211320515 | -0.1865871233131724
0.040941448735692276 | -0.508706211320515 | -0.1865871233131724 | 0.37724811443517803 | -0.07925678719589291:0.04206899050280999 | -0.5093407596678787 | -0.19763185925429916
0.04206899050280999 | -0.5093407596678787 | -0.19763185925429916 | 0.37724811443517803 | -0.07925678719589291:0.04324359701271607 | -0.509692935329813 | -0.20874314916219383
0.04324359701271607 | -0.509692935329813 | -0.20874314916219383 | 0.37724811443517803 | -0.07925678719589291:0.044465712018874726 | -0.5097611446840205 | -0.21991345251205985
0.044465712018874726 | -0.5097611446840205 | -0.21991345251205985 | 0.37724811443517803 | -0.07925678719589291:0.045735739323085056 | -0.5095439782097877 | -0.2311352108460767
0.045735739323085056 | -0.5095439782097877 | -0.2311352108460767 | 0.4956299108109812 | 0.8352378632555895:0.03579939383357367 | -0.5075954164115757 | -0.2473044444058008
0.03579939383357367 | -0.5075954164115757 | -0.2473044444058008 | 0.4956299108109812 | 0.8352378632555895:0.025112608180844376 | -0.5051592157119451 | -0.26307805038126375
0.025112608180844376 | -0.5051592157119451 | -0.26307805038126375 | 0.4956299108109812 | 0.8352378632555895:0.013690505602421688 | -0.5022441092645131 | -0.27840641356496754
0.013690505602421688 | -0.5022441092645131 | -0.27840641356496754 | 0.4956299108109812 | 0.8352378632555895:0.0015505627684451184 | -0.498860233347191 | -0.2932407642008785
0.0015505627684451184 | -0.498860233347191 | -0.2932407642008785 | 0.4956299108109812 | 0.8352378632555895:-0.011287429995657128 | -0.4950191056517532 | -0.3075333275820009
-0.011287429995657128 | -0.4950191056517532 | -0.3075333275820009 | 0.24049792389863556 | 0.38968694217620947:-0.017516997466506368 | -0.4948010934515743 | -0.31542530231529664
-0.017516997466506368 | -0.4948010934515743 | -0.31542530231529664 | 0.24049792389863556 | 0.38968694217620947:-0.023941853941938263 | -0.4944261098367235 | -0.3232076665417063
-0.023941853941938263 | -0.4944261098367235 | -0.3232076665417063 | 0.24049792389863556 | 0.38968694217620947:-0.030559657282656083 | -0.4938959136851153 | -0.3308730242001525
-0.030559657282656083 | -0.4938959136851153 | -0.3308730242001525 | 0.24049792389863556 | 0.38968694217620947:-0.03736789015152375 | -0.49321236898418874 | -0.33841407339891294
-0.03736789015152375 | -0.49321236898418874 | -0.33841407339891294 | 0.24049792389863556 | 0.38968694217620947:-0.04436386272639048 | -0.4923774432237735 | -0.3458236116174733
-0.04436386272639048 | -0.4923774432237735 | -0.3458236116174733 | 0.24049792389863556 | 0.38968694217620947:-0.051544715515492 | -0.49139320572468037 | -0.3530945408078212
-0.051544715515492 | -0.49139320572468037 | -0.3530945408078212 | 0.24049792389863556 | 0.38968694217620947:-0.058907422272892696 | -0.4902618259045717 | -0.3602198723926451
-0.058907422272892696 | -0.4902618259045717 | -0.3602198723926451 | 0.24049792389863556 | 0.38968694217620947:-0.06644879301140438 | -0.4889855714827185 | -0.36719273215800197
-0.06644879301140438 | -0.4889855714827185 | -0.36719273215800197 | 0.24049792389863556 | 0.38968694217620947:-0.07416547711035282 | -0.4875668066251997 | -0.3740063650380643
-0.07416547711035282 | -0.4875668066251997 | -0.3740063650380643 | 0.24049792389863556 | 0.38968694217620947:-0.08205396651555485 | -0.4860079900321814 | -0.38065413978968543
-0.08205396651555485 | -0.4860079900321814 | -0.38065413978968543 | 0.24049792389863556 | 0.38968694217620947:-0.09011059902882934 | -0.48431167296897115 | -0.387129553554558
-0.09011059902882934 | -0.48431167296897115 | -0.387129553554558 | 0.24049792389863556 | 0.38968694217620947:-0.09833156168430701 | -0.4824804972424168 | -0.39342623630686413
-0.09833156168430701 | -0.4824804972424168 | -0.39342623630686413 | 0.24049792389863556 | 0.38968694217620947:-0.10671289420882779 | -0.4805171931244203 | -0.3995379551843721
-0.10671289420882779 | -0.4805171931244203 | -0.3995379551843721 | 0.24049792389863556 | 0.38968694217620947:-0.11525049256362241 | -0.4784245772242386 | -0.4054586187010294
-0.11525049256362241 | -0.4784245772242386 | -0.4054586187010294 | 0.24049792389863556 | 0.38968694217620947:-0.12394011256450277 | -0.47620555031126344 | -0.41118228083919206
-0.12394011256450277 | -0.47620555031126344 | -0.41118228083919206 | 0.5812801637071898 | 0.4741256754419565:-0.13472541903818236 | -0.46665167114230144 | -0.424149565810116
-0.13472541903818236 | -0.46665167114230144 | -0.424149565810116 | 0.5812801637071898 | 0.4741256754419565:-0.1458577800051657 | -0.4566300645127086 | -0.4366063595682106
-0.1458577800051657 | -0.4566300645127086 | -0.4366063595682106 | 0.5812801637071898 | 0.4741256754419565:-0.1573248543526713 | -0.4461558358143449 | -0.4485269754918678
-0.1573248543526713 | -0.4461558358143449 | -0.4485269754918678 | 0.5812801637071898 | 0.4741256754419565:-0.1691136052401303 | -0.4352449514640213 | -0.45988651965922855
-0.1691136052401303 | -0.4352449514640213 | -0.45988651965922855 | 0.5812801637071898 | 0.4741256754419565:-0.18121032180528918 | -0.42391421299927146 | -0.4706609371823335
-0.18121032180528918 | -0.42391421299927146 | -0.4706609371823335 | 0.5812801637071898 | 0.4741256754419565:-0.19360064204688898 | -0.4121812297097591 | -0.48082705706185025
-0.19360064204688898 | -0.4121812297097591 | -0.48082705706185025 | 0.5812801637071898 | 0.4741256754419565:-0.20626957684217428 | -0.40006438985442117 | -0.490362635488794
-0.20626957684217428 | -0.40006438985442117 | -0.490362635488794 | 0.5812801637071898 | 0.4741256754419565:-0.21920153505574103 | -0.38758283051668485 | -0.4992463975225103
-0.21920153505574103 | -0.38758283051668485 | -0.4992463975225103 | 0.5812801637071898 | 0.4741256754419565:-0.23238034969457644 | -0.3747564061520805 | -0.5074580770771504
-0.23238034969457644 | -0.3747564061520805 | -0.5074580770771504 | 0.5812801637071898 | 0.4741256754419565:-0.24578930506256524 | -0.36160565588458127 | -0.5149784551519154
-0.24578930506256524 | -0.36160565588458127 | -0.5149784551519154 | 0.9244898467081015 | -0.47114995805868065:-0.2343300219984088 | -0.33904378890996867 | -0.5393577024237235
-0.2343300219984088 | -0.33904378890996867 | -0.5393577024237235 | 0.9244898467081015 | -0.47114995805868065:-0.2222515207440352 | -0.3152436540429093 | -0.5624629918340691
-0.2222515207440352 | -0.3152436540429093 | -0.5624629918340691 | 0.9244898467081015 | -0.47114995805868065:-0.2095845425827687 | -0.2902636944388348 | -0.5842155221817253
-0.2095845425827687 | -0.2902636944388348 | -0.5842155221817253 | 0.9244898467081015 | -0.47114995805868065:-0.19636182379578782 | -0.26416635062044236 | -0.604540023610709
-0.19636182379578782 | -0.26416635062044236 | -0.604540023610709 | 0.9244898467081015 | -0.47114995805868065:-0.1826180049927011 | -0.23701788833849236 | -0.6233650086024767
-0.1826180049927011 | -0.23701788833849236 | -0.6233650086024767 | 0.9244898467081015 | -0.47114995805868065:-0.16838953422007163 | -0.2088882139684003 | -0.6406230119927816
-0.16838953422007163 | -0.2088882139684003 | -0.6406230119927816 | 0.9244898467081015 | -0.47114995805868065:-0.15371456414080964 | -0.17985067799992294 | -0.6562508192514729
-0.15371456414080964 | -0.17985067799992294 | -0.6562508192514729 | 0.9244898467081015 | -0.47114995805868065:-0.13863284359560746 | -0.1499818672138602 | -0.6701896822999496
-0.13863284359560746 | -0.1499818672138602 | -0.6701896822999496 | 0.9244898467081015 | -0.47114995805868065:-0.12318560387487476 | -0.11936138617435432 | -0.6823855221795494
-0.12318560387487476 | -0.11936138617435432 | -0.6823855221795494 | 0.9244898467081015 | -0.47114995805868065:-0.10741544004587689 | -0.08807162869851481 | -0.692789117924768
-0.10741544004587689 | -0.08807162869851481 | -0.692789117924768 | 0.3840757650097115 | -0.29702631598860463:-0.09749512090560675 | -0.07506245689614133 | -0.698760978926888
-0.09749512090560675 | -0.07506245689614133 | -0.698760978926888 | 0.3840757650097115 | -0.29702631598860463:-0.0874442933386741 | -0.06188291142602509 | -0.7043160614941915
-0.0874442933386741 | -0.06188291142602509 | -0.7043160614941915 | 0.3840757650097115 | -0.29702631598860463:-0.07726995987458435 | -0.04854195902935032 | -0.7094476732856112
-0.07726995987458435 | -0.04854195902935032 | -0.7094476732856112 | 0.3840757650097115 | -0.29702631598860463:-0.06697923482791981 | -0.03504871433922574 | -0.7141494453786734
-0.06697923482791981 | -0.03504871433922574 | -0.7141494453786734 | 0.3840757650097115 | -0.29702631598860463:-0.056579338610874746 | -0.02141243256777159 | -0.7184153368391328
-0.056579338610874746 | -0.02141243256777159 | -0.7184153368391328 | 0.3840757650097115 | -0.29702631598860463:-0.04607759198692632 | -0.007642502114670435 | -0.7222396390300769
-0.04607759198692632 | -0.007642502114670435 | -0.7222396390300769 | 0.3840757650097115 | -0.29702631598860463:-0.0354814102699785 | 0.006251562897361396 | -0.7256169796587031
-0.0354814102699785 | 0.006251562897361396 | -0.7256169796587031 | 0.3840757650097115 | -0.29702631598860463:-0.024798297473325848 | 0.020260130154426292 | -0.7285423265593121
-0.024798297473325848 | 0.020260130154426292 | -0.7285423265593121 | 0.3840757650097115 | -0.29702631598860463:-0.014035840412792294 | 0.03437345674511505 | -0.7310109912111251
-0.014035840412792294 | 0.03437345674511505 | -0.7310109912111251 | 0.3840757650097115 | -0.29702631598860463:-0.003201702768403432 | 0.04858169681032365 | -0.7330186319897791
-0.003201702768403432 | 0.04858169681032365 | -0.7330186319897791 | 0.3840757650097115 | -0.29702631598860463:0.007696380891046607 | 0.06287490924360384 | -0.7345612571515368
0.007696380891046607 | 0.06287490924360384 | -0.7345612571515368 | 0.3840757650097115 | -0.29702631598860463:0.01865061111617375 | 0.07724306543637027 | -0.7356352275493627
0.01865061111617375 | 0.07724306543637027 | -0.7356352275493627 | 0.3840757650097115 | -0.29702631598860463:0.029653129613571888 | 0.0916760570624291 | -0.736237259080319
0.029653129613571888 | 0.0916760570624291 | -0.736237259080319 | 0.3840757650097115 | -0.29702631598860463:0.04069602530641983 | 0.10616370389612229 | -0.7363644248637726
0.04069602530641983 | 0.10616370389612229 | -0.7363644248637726 | 0.3840757650097115 | -0.29702631598860463:0.051771340414786426 | 0.12069576165849583 | -0.7360141571502155
0.051771340414786426 | 0.12069576165849583 | -0.7360141571502155 | -0.34352510832795313 | 0.6890101428830893:0.026410761278020084 | 0.10840128285643402 | -0.7418194358647661
0.026410761278020084 | 0.10840128285643402 | -0.7418194358647661 | -0.34352510832795313 | 0.6890101428830893:7.863398789306197E-4 | 0.09596277630795669 | -0.7465183058605049
7.863398789306197E-4 | 0.09596277630795669 | -0.7465183058605049 | -0.34352510832795313 | 0.6890101428830893:-0.025062040134115893 | 0.08340003291664289 | -0.7500964906299927
-0.025062040134115893 | 0.08340003291664289 | -0.7500964906299927 | -0.34352510832795313 | 0.6890101428830893:-0.05109393500088019 | 0.07073313822072436 | -0.7525415411483429
-0.05109393500088019 | 0.07073313822072436 | -0.7525415411483429 | -0.34352510832795313 | 0.6890101428830893:-0.07726840894882776 | 0.05798243867165098 | -0.7538428621887228
-0.07726840894882776 | 0.05798243867165098 | -0.7538428621887228 | 0.6203783706593451 | 0.5892373234392305:-0.09969143773108656 | 0.08159102123921258 | -0.7514450312634331
-0.09969143773108656 | 0.08159102123921258 | -0.7514450312634331 | 0.6203783706593451 | 0.5892373234392305:-0.12207801082034289 | 0.10518381739568383 | -0.7476141571844579
-0.12207801082034289 | 0.10518381739568383 | -0.7476141571844579 | 0.6203783706593451 | 0.5892373234392305:-0.1443839704680096 | 0.1287143426824784 | -0.7423495263471018
-0.1443839704680096 | 0.1287143426824784 | -0.7423495263471018 | 0.6203783706593451 | 0.5892373234392305:-0.16656511761517429 | 0.1521360241624734 | -0.7356533277547435
-0.16656511761517429 | 0.1521360241624734 | -0.7356533277547435 | 0.6203783706593451 | 0.5892373234392305:-0.18857730305656323 | 0.17540229632992776 | -0.7275306576887459
-0.18857730305656323 | 0.17540229632992776 | -0.7275306576887459 | 0.6203783706593451 | 0.5892373234392305:-0.21037651864919937 | 0.19846669716118015 | -0.7179895183359015
-0.21037651864919937 | 0.19846669716118015 | -0.7179895183359015 | 0.6203783706593451 | 0.5892373234392305:-0.23191898837623637 | 0.221282964106571 | -0.707040810375041
-0.23191898837623637 | 0.221282964106571 | -0.707040810375041 | 0.6203783706593451 | 0.5892373234392305:-0.253161259076949 | 0.24380512982430247 | -0.6946983195369789
-0.253161259076949 | 0.24380512982430247 | -0.6946983195369789 | 0.6203783706593451 | 0.5892373234392305:-0.2740602906547396 | 0.26598761745790256 | -0.6809786971643383
-0.2740602906547396 | 0.26598761745790256 | -0.6809786971643383 | 0.6203783706593451 | 0.5892373234392305:-0.29457354557629123 | 0.28778533525971284 | -0.6659014348101167
-0.29457354557629123 | 0.28778533525971284 | -0.6659014348101167 | 0.6203783706593451 | 0.5892373234392305:-0.3146590774766298 | 0.3091537703647873 | -0.6494888329260426
-0.3146590774766298 | 0.3091537703647873 | -0.6494888329260426 | 0.6203783706593451 | 0.5892373234392305:-0.3342756186868785 | 0.33004908152120294 | -0.6317659637039377
-0.3342756186868785 | 0.33004908152120294 | -0.6317659637039377 | 0.6203783706593451 | 0.5892373234392305:-0.3533826665038715 | 0.350428190585248 | -0.6127606281451143
-0.3533826665038715 | 0.350428190585248 | -0.6127606281451143 | 0.6203783706593451 | 0.5892373234392305:-0.3719405680235317 | 0.37024887259264005 | -0.5925033074447086
-0.3719405680235317 | 0.37024887259264005 | -0.5925033074447086 | 0.6203783706593451 | 0.5892373234392305:-0.38991060336302175 | 0.38946984422003794 | -0.5710271087893801
-0.38991060336302175 | 0.38946984422003794 | -0.5710271087893801 | 0.6203783706593451 | 0.5892373234392305:-0.4072550671001274 | 0.40805085045448664 | -0.5483677056780465
-0.4072550671001274 | 0.40805085045448664 | -0.5483677056780465 | 0.6203783706593451 | 0.5892373234392305:-0.42393734776212444 | 0.4259527492923141 | -0.5245632728865957
-0.42393734776212444 | 0.4259527492923141 | -0.5245632728865957 | 0.6203783706593451 | 0.5892373234392305:-0.43992200520048996 | 0.44313759429315525 | -0.4996544162082017
-0.43992200520048996 | 0.44313759429315525 | -0.4996544162082017 | 0.6203783706593451 | 0.5892373234392305:-0.4551748456922784 | 0.4595687148193548 | -0.4736840971115299
-0.4551748456922784 | 0.4595687148193548 | -0.4736840971115299 | 0.6203783706593451 | 0.5892373234392305:-0.46966299461374117 | 0.4752107937957035 | -0.4466975524691392
-0.46966299461374117 | 0.4752107937957035 | -0.4466975524691392 | 0.6699935882307015 | -0.6057948936457229:-0.45752359334952075 | 0.4911021046112758 | -0.445642559629448
-0.45752359334952075 | 0.4911021046112758 | -0.445642559629448 | 0.6699935882307015 | -0.6057948936457229:-0.4453948258132465 | 0.5069725362852822 | -0.4436708007302741
-0.4453948258132465 | 0.5069725362852822 | -0.4436708007302741 | 0.6699935882307015 | -0.6057948936457229:-0.43330543261528387 | 0.5227905451041401 | -0.44078236822901573
-0.43330543261528387 | 0.5227905451041401 | -0.44078236822901573 | 0.6699935882307015 | -0.6057948936457229:-0.42128415072572345 | 0.5385245553372862 | -0.43697936011992056
-0.42128415072572345 | 0.5385245553372862 | -0.43697936011992056 | 0.6699935882307015 | -0.6057948936457229:-0.4093596498500407 | 0.5541430296108771 | -0.43226588105887487
-0.4093596498500407 | 0.5541430296108771 | -0.43226588105887487 | 0.6699935882307015 | -0.6057948936457229:-0.3975604688385257 | 0.5696145393193319 | -0.4266480389876932
-0.3975604688385257 | 0.5696145393193319 | -0.4266480389876932 | 0.6699935882307015 | -0.6057948936457229:-0.38591495227258577 | 0.5849078349162795 | -0.42013393726246306
-0.38591495227258577 | 0.5849078349162795 | -0.42013393726246306 | 0.6699935882307015 | -0.6057948936457229:-0.3744511873706209 | 0.5999919159269176 | -0.41273366230033304
-0.3744511873706209 | 0.5999919159269176 | -0.41273366230033304 | 0.6699935882307015 | -0.6057948936457229:-0.36319694135533886 | 0.6148361005244425 | -0.4044592667694147
-0.36319694135533886 | 0.6148361005244425 | -0.4044592667694147 | 0.6699935882307015 | -0.6057948936457229:-0.3521795994233763 | 0.6294100945141707 | -0.3953247483562734
-0.3521795994233763 | 0.6294100945141707 | -0.3953247483562734 | 0.6699935882307015 | -0.6057948936457229:-0.3414261034566568 | 0.6436840595704183 | -0.38534602415548846
-0.3414261034566568 | 0.6436840595704183 | -0.38534602415548846 | 0.6699935882307015 | -0.6057948936457229:-0.3309628916132308 | 0.6576286805728664 | -0.37454090073539703
-0.3309628916132308 | 0.6576286805728664 | -0.37454090073539703 | 0.6699935882307015 | -0.6057948936457229:-0.3208158389333722 | 0.6712152318911997 | -0.36292903994404924
-0.3208158389333722 | 0.6712152318911997 | -0.36292903994404924 | 0.6699935882307015 | -0.6057948936457229:-0.3110101990943459 | 0.6844156424692329 | -0.3505319205284536
-0.3110101990943459 | 0.6844156424692329 | -0.3505319205284536 | 0.6699935882307015 | -0.6057948936457229:-0.30157054744472056 | 0.6972025595623741 | -0.33737279565008294
-0.30157054744472056 | 0.6972025595623741 | -0.33737279565008294 | 0.6699935882307015 | -0.6057948936457229:-0.29252072544620944 | 0.709549410985371 | -0.32347664638817264
-0.29252072544620944 | 0.709549410985371 | -0.32347664638817264 | 0.6699935882307015 | -0.6057948936457229:-0.28388378664783964 | 0.7214304657306165 | -0.3088701313316733
-0.28388378664783964 | 0.7214304657306165 | -0.3088701313316733 | 0.6699935882307015 | -0.6057948936457229:-0.2756819443138312 | 0.7328208928209214 | -0.29358153236915285
-0.2756819443138312 | 0.7328208928209214 | -0.29358153236915285 | 0.6699935882307015 | -0.6057948936457229:-0.2679365208228752 | 0.7436968182646453 | -0.27764069679453485
-0.2679365208228752 | 0.7436968182646453 | -0.27764069679453485 | 0.6699935882307015 | -0.6057948936457229:-0.26066789895252285 | 0.7540353799853108 | -0.26107897585459483
-0.26066789895252285 | 0.7540353799853108 | -0.26107897585459483 | 0.6699935882307015 | -0.6057948936457229:-0.2538954751582132 | 0.7638147806022673 | -0.2439291598720814
-0.2538954751582132 | 0.7638147806022673 | -0.2439291598720814 | 0.6699935882307015 | -0.6057948936457229:-0.24763761495202097 | 0.7730143379439269 | -0.22622541008585983
-0.24763761495202097 | 0.7730143379439269 | -0.22622541008585983 | 0.6699935882307015 | -0.6057948936457229:-0.24191161048153909 | 0.781614533179912 | -0.208003187356816
-0.24191161048153909 | 0.781614533179912 | -0.208003187356816 | 0.6699935882307015 | -0.6057948936457229:-0.23673364040439715 | 0.7895970564639772 | -0.18929917789501616
-0.23673364040439715 | 0.7895970564639772 | -0.18929917789501616 | 0.6699935882307015 | -0.6057948936457229:-0.2321187321488889 | 0.7969448499848575 | -0.17015121617034623
-0.2321187321488889 | 0.7969448499848575 | -0.17015121617034623 | 0.6699935882307015 | -0.6057948936457229:-0.22808072664582646 | 0.8036421483281355 | -0.15059820517496547
-0.22808072664582646 | 0.8036421483281355 | -0.15059820517496547 | 0.6699935882307015 | -0.6057948936457229:-0.2246322456113088 | 0.8096745160580578 | -0.13068003421172847
-0.2246322456113088 | 0.8096745160580578 | -0.13068003421172847 | 0.6699935882307015 | -0.6057948936457229:-0.22178466145445874 | 0.8150288824343921 | -0.11043749438828598
-0.22178466145445874 | 0.8150288824343921 | -0.11043749438828598 | 0.6699935882307015 | -0.6057948936457229:-0.21954806987834985 | 0.8196935731857735 | -0.0899121920014565
-0.21954806987834985 | 0.8196935731857735 | -0.0899121920014565 | 0.6699935882307015 | -0.6057948936457229:-0.2179312652364409 | 0.8236583392674657 | -0.06914646000112867
-0.2179312652364409 | 0.8236583392674657 | -0.06914646000112867 | 0.918125098042438 | 0.4393958397736588:-0.21893699667244348 | 0.8273667321433003 | -0.026525736193917737
-0.21893699667244348 | 0.8273667321433003 | -0.026525736193917737 | 0.918125098042438 | 0.4393958397736588:-0.2189992159233256 | 0.8291018979308316 | 0.016304348718897188
-0.2189992159233256 | 0.8291018979308316 | 0.016304348718897188 | 0.918125098042438 | 0.4393958397736588:-0.21811403132656615 | 0.8288531714256102 | 0.05923074832415409
-0.21811403132656615 | 0.8288531714256102 | 0.05923074832415409 | 0.918125098042438 | 0.4393958397736588:-0.21628009532420656 | 0.8266151899955743 | 0.10213982949793632
-0.21628009532420656 | 0.8266151899955743 | 0.10213982949793632 | 0.918125098042438 | 0.4393958397736588:-0.21349861418479676 | 0.822387920964478 | 0.144917679945749
-0.21349861418479676 | 0.822387920964478 | 0.144917679945749 | 0.8747699962456952 | -0.18513094622038984:-0.215507143751978 | 0.8165710153123849 | 0.17904002174238798
-0.215507143751978 | 0.8165710153123849 | 0.17904002174238798 | 0.8747699962456952 | -0.18513094622038984:-0.21782846494122765 | 0.8092409952872215 | 0.21290557487066764
-0.21782846494122765 | 0.8092409952872215 | 0.21290557487066764 | 0.8747699962456952 | -0.18513094622038984:-0.2204600296014334 | 0.8004086539337836 | 0.24644383866345265
