0.0 | 0.0 | 0.0 | 0.06345859868809356 | 0.8950823315884935:4.473895296935448E-4 | -3.172924610495009E-5 | 0.009989936729712667
4.473895296935448E-4 | -3.172924610495009E-5 | 0.009989936729712667 | 0.06345859868809356 | 0.8950823315884935:0.001778813965806577 | -1.2621854096583895E-4 | 0.019819936673838492
0.001778813965806577 | -1.2621854096583895E-4 | 0.019819936673838492 | 0.06345859868809356 | 0.8950823315884935:0.003975662637737394 | -2.8224169336210636E-4 | 0.029432360544431824
0.003975662637737394 | -2.8224169336210636E-4 | 0.029432360544431824 | 0.06345859868809356 | 0.8950823315884935:0.007016081667872338 | -4.983401212463878E-4 | 0.03877113208397973
0.007016081667872338 | -4.983401212463878E-4 | 0.03877113208397973 | 0.06345859868809356 | 0.8950823315884935:0.010875084307094586 | -7.728304075891312E-4 | 0.047781905396072064
0.010875084307094586 | -7.728304075891312E-4 | 0.047781905396072064 | 0.06345859868809356 | 0.8950823315884935:0.015524669258247366 | -0.0011038124336102406 | 0.05641222524118969
0.015524669258247366 | -0.0011038124336102406 | 0.05641222524118969 | 0.06345859868809356 | 0.8950823315884935:0.02093394657356086 | -0.001489178060620322 | 0.06461167993913622
0.02093394657356086 | -0.001489178060620322 | 0.06461167993913622 | 0.06345859868809356 | 0.8950823315884935:0.027069270697154965 | -0.001926620330600537 | 0.07233204654274139
0.027069270697154965 | -0.001926620330600537 | 0.07233204654274139 | 0.06345859868809356 | 0.8950823315884935:0.033894380210055974 | -0.002413643154647316 | 0.07952742797113466
0.033894380210055974 | -0.002413643154647316 | 0.07952742797113466 | 0.06345859868809356 | 0.8950823315884935:0.04137054382273424 | -0.0029475714574824785 | 0.0861543818150659
0.04137054382273424 | -0.0029475714574824785 | 0.0861543818150659 | 0.15797382728963139 | -0.5743109251910734:0.04255804404861152 | -0.0039711241131601405 | 0.09553598317726897
0.04255804404861152 | -0.0039711241131601405 | 0.09553598317726897 | 0.15797382728963139 | -0.5743109251910734:0.04320309188730034 | -0.005129857448293862 | 0.10495510844593547
0.04320309188730034 | -0.005129857448293862 | 0.10495510844593547 | 0.15797382728963139 | -0.5743109251910734:0.043307272385242235 | -0.006423573172005703 | 0.11438670234548098
0.043307272385242235 | -0.006423573172005703 | 0.11438670234548098 | 0.15797382728963139 | -0.5743109251910734:0.04287310273446365 | -0.007851814358803555 | 0.12380592772105514
0.04287310273446365 | -0.007851814358803555 | 0.12380592772105514 | 0.15797382728963139 | -0.5743109251910734:0.04190401878563205 | -0.009413869039398559 | 0.13318819912073987
0.04190401878563205 | -0.009413869039398559 | 0.13318819912073987 | -0.9709296097112219 | 0.4108377503878857:0.04738040474585414 | -0.0031201560130869055 | 0.1407485546663816
0.04738040474585414 | -0.0031201560130869055 | 0.1407485546663816 | -0.9709296097112219 | 0.4108377503878857:0.05314216576676506 | 0.003926555136652521 | 0.14774076244156564
0.05314216576676506 | 0.003926555136652521 | 0.14774076244156564 | -0.9709296097112219 | 0.4108377503878857:0.059172201152455695 | 0.011686695622113774 | 0.15410310478899492
0.059172201152455695 | 0.011686695622113774 | 0.15410310478899492 | -0.9709296097112219 | 0.4108377503878857:0.06545183682051037 | 0.02011690613583883 | 0.15977707746593972
0.06545183682051037 | 0.02011690613583883 | 0.15977707746593972 | -0.9709296097112219 | 0.4108377503878857:0.07196091714581976 | 0.029170247815232697 | 0.16470763923130338
0.07196091714581976 | 0.029170247815232697 | 0.16470763923130338 | 0.9442612921632056 | -0.024108293805049197:0.07498416749048298 | 0.022323897576137952 | 0.17344308102197692
0.07498416749048298 | 0.022323897576137952 | 0.17344308102197692 | 0.9442612921632056 | -0.024108293805049197:0.07795611048591311 | 0.014713893096170327 | 0.18181520616958613
0.07795611048591311 | 0.014713893096170327 | 0.18181520616958613 | 0.9442612921632056 | -0.024108293805049197:0.08087769974034054 | 0.006363811847499901 | 0.18977187225561787
0.08087769974034054 | 0.006363811847499901 | 0.18977187225561787 | 0.9442612921632056 | -0.024108293805049197:0.08374996486442177 | -0.002699627680228578 | 0.1972625527652081
0.08374996486442177 | -0.002699627680228578 | 0.1972625527652081 | 0.9442612921632056 | -0.024108293805049197:0.08657400863232279 | -0.012446674325579443 | 0.20423851171316
0.08657400863232279 | -0.012446674325579443 | 0.20423851171316 | -0.23506763644147077 | -0.5767583675441152:0.08346849805800782 | -0.010397053542883228 | 0.21402118096290357
0.08346849805800782 | -0.010397053542883228 | 0.21402118096290357 | -0.23506763644147077 | -0.5767583675441152:0.07984677423740005 | -0.008144824481366109 | 0.2236943001105569
0.07984677423740005 | -0.008144824481366109 | 0.2236943001105569 | -0.23506763644147077 | -0.5767583675441152:0.07571451546871488 | -0.005692069840059211 | 0.2332328033492881
0.07571451546871488 | -0.005692069840059211 | 0.2332328033492881 | -0.23506763644147077 | -0.5767583675441152:0.07107832031836736 | -0.003041250298376208 | 0.24261198045853716
0.07107832031836736 | -0.003041250298376208 | 0.24261198045853716 | -0.23506763644147077 | -0.5767583675441152:0.06594569030994668 | -1.9519766353526258E-4 | 0.2518075126790653
0.06594569030994668 | -1.9519766353526258E-4 | 0.2518075126790653 | -0.23506763644147077 | -0.5767583675441152:0.06032501151266012 | 0.0028428924355523577 | 0.26079550772010585
0.06032501151266012 | 0.0028428924355523577 | 0.26079550772010585 | -0.23506763644147077 | -0.5767583675441152:0.054225535063403996 | 0.0060694682942148415 | 0.2695525338622664
0.054225535063403996 | 0.0060694682942148415 | 0.2695525338622664 | -0.23506763644147077 | -0.5767583675441152:0.04765735665756621 | 0.009480630303677517 | 0.27805565312129854
0.04765735665756621 | 0.009480630303677517 | 0.27805565312129854 | -0.23506763644147077 | -0.5767583675441152:0.040631395044528285 | 0.01307213953398123 | 0.28628245343930026
0.040631395044528285 | 0.01307213953398123 | 0.28628245343930026 | -0.23506763644147077 | -0.5767583675441152:0.03315936956468102 | 0.016839426713348926 | 0.29421107987142037
0.03315936956468102 | 0.016839426713348926 | 0.29421107987142037 | -0.23506763644147077 | -0.5767583675441152:0.025253776765540747 | 0.020777601588860106 | 0.30182026473765244
0.025253776765540747 | 0.020777601588860106 | 0.30182026473765244 | -0.23506763644147077 | -0.5767583675441152:0.016927866135287406 | 0.024881462652986408 | 0.30908935671081483
0.016927866135287406 | 0.024881462652986408 | 0.30908935671081483 | -0.23506763644147077 | -0.5767583675441152:0.008195614992726918 | 0.02914550722025533 | 0.31599834881338307
0.008195614992726918 | 0.02914550722025533 | 0.31599834881338307 | -0.23506763644147077 | -0.5767583675441152:-9.282974266895394E-4 | 0.03356394183804157 | 0.3225279052973997
-9.282974266895394E-4 | 0.03356394183804157 | 0.3225279052973997 | -0.23506763644147077 | -0.5767583675441152:-0.010428516648579134 | 0.03813069301524252 | 0.32865938738325706
-0.010428516648579134 | 0.03813069301524252 | 0.32865938738325706 | -0.23506763644147077 | -0.5767583675441152:-0.02028904036033463 | 0.04283941825236681 | 0.33437487783474307
-0.02028904036033463 | 0.04283941825236681 | 0.33437487783474307 | -0.23506763644147077 | -0.5767583675441152:-0.03049324649360674 | 0.047683517356364113 | 0.33965720434934354
-0.03049324649360674 | 0.047683517356364113 | 0.33965720434934354 | -0.23506763644147077 | -0.5767583675441152:-0.04102392194692017 | 0.05265614402333829 | 0.3444899617443884
-0.04102392194692017 | 0.05265614402333829 | 0.3444899617443884 | -0.23506763644147077 | -0.5767583675441152:-0.05186329190640637 | 0.05775021767212629 | 0.3488575329212562
-0.05186329190640637 | 0.05775021767212629 | 0.3488575329212562 | -0.23506763644147077 | -0.5767583675441152:-0.06299304972230702 | 0.06295843551158131 | 0.35274510859145813
-0.06299304972230702 | 0.06295843551158131 | 0.35274510859145813 | 0.9120449774137065 | -0.9704520655324469:-0.08155126437895666 | 0.047631178182260814 | 0.35792625799
-0.08155126437895666 | 0.047631178182260814 | 0.35792625799 | 0.9120449774137065 | -0.9704520655324469:-0.1005860028226413 | 0.03179702368817544 | 0.3613924924684575
-0.1005860028226413 | 0.03179702368817544 | 0.3613924924684575 | 0.9120449774137065 | -0.9704520655324469:-0.12000366699990472 | 0.01554259426262622 | 0.3630762783357486
-0.12000366699990472 | 0.01554259426262622 | 0.3630762783357486 | 0.9120449774137065 | -0.9704520655324469:-0.13970659828292864 | -0.001041452074452609 | 0.3629198026593876
-0.13970659828292864 | -0.001041452074452609 | 0.3629198026593876 | 0.9120449774137065 | -0.9704520655324469:-0.15959362878595085 | -0.0178609294608727 | 0.3608754187359988
-0.15959362878595085 | -0.0178609294608727 | 0.3608754187359988 | 0.9120449774137065 | -0.9704520655324469:-0.17956065575702607 | -0.034818655141838795 | 0.3569060337228702
-0.17956065575702607 | -0.034818655141838795 | 0.3569060337228702 | 0.9120449774137065 | -0.9704520655324469:-0.1995012357861624 | -0.05181500041354503 | 0.35098543617501043
-0.1995012357861624 | -0.05181500041354503 | 0.35098543617501043 | 0.9120449774137065 | -0.9704520655324469:-0.21930719546665783 | -0.06874845844378386 | 0.34309856156897744
-0.21930719546665783 | -0.06874845844378386 | 0.34309856156897744 | 0.9120449774137065 | -0.9704520655324469:-0.23886925506075524 | -0.0855162257642017 | 0.3332416942407548
-0.23886925506075524 | -0.0855162257642017 | 0.3332416942407548 | 0.9120449774137065 | -0.9704520655324469:-0.25807766165391194 | -0.10201479415796888 | 0.3214226045182791
-0.25807766165391194 | -0.10201479415796888 | 0.3214226045182791 | 0.9120449774137065 | -0.9704520655324469:-0.2768228282342816 | -0.1181405496136303 | 0.30766062018800966
-0.2768228282342816 | -0.1181405496136303 | 0.30766062018800966 | 0.9120449774137065 | -0.9704520655324469:-0.2949959751056222 | -0.1337903749809628 | 0.29198663179725415
-0.2949959751056222 | -0.1337903749809628 | 0.29198663179725415 | 0.9120449774137065 | -0.9704520655324469:-0.31248977003282286 | -0.14886225294788846 | 0.2744430316578068
-0.31248977003282286 | -0.14886225294788846 | 0.2744430316578068 | 0.9120449774137065 | -0.9704520655324469:-0.32919896352955735 | -0.16325586595889585 | 0.25508358678012044
-0.32919896352955735 | -0.16325586595889585 | 0.25508358678012044 | 0.9120449774137065 | -0.9704520655324469:-0.34502101572709076 | -0.17687318971492227 | 0.23397324632855998
-0.34502101572709076 | -0.17687318971492227 | 0.23397324632855998 | 0.9656095107729525 | -0.11373549739952304:-0.35048007546726834 | -0.1902300861109627 | 0.22589555247986404
-0.35048007546726834 | -0.1902300861109627 | 0.22589555247986404 | 0.9656095107729525 | -0.11373549739952304:-0.3558621381437055 | -0.20328509683789386 | 0.21698955502948358
-0.3558621381437055 | -0.20328509683789386 | 0.21698955502948358 | 0.9656095107729525 | -0.11373549739952304:-0.3611619168860414 | -0.2159896945623181 | 0.20726825918194614
-0.3611619168860414 | -0.2159896945623181 | 0.20726825918194614 | 0.9656095107729525 | -0.11373549739952304:-0.36637420442943647 | -0.228295993054477 | 0.1967474892649257
-0.36637420442943647 | -0.228295993054477 | 0.1967474892649257 | 0.9656095107729525 | -0.11373549739952304:-0.37149389163930335 | -0.2401569050729715 | 0.18544585094263866
-0.37149389163930335 | -0.2401569050729715 | 0.18544585094263866 | 0.886843624305397 | -0.6729083278472807:-0.3812490819317258 | -0.25083308766882206 | 0.16378007985356646
-0.3812490819317258 | -0.25083308766882206 | 0.16378007985356646 | 0.886843624305397 | -0.6729083278472807:-0.39026602738144245 | -0.2605859780463473 | 0.1410721262196475
-0.39026602738144245 | -0.2605859780463473 | 0.1410721262196475 | 0.886843624305397 | -0.6729083278472807:-0.3985021737956229 | -0.2693577137380303 | 0.11739004494485528
-0.3985021737956229 | -0.2693577137380303 | 0.11739004494485528 | 0.886843624305397 | -0.6729083278472807:-0.40591750483008315 | -0.2770936746839583 | 0.09280663436799941
-0.40591750483008315 | -0.2770936746839583 | 0.09280663436799941 | 0.886843624305397 | -0.6729083278472807:-0.4124747218019378 | -0.2837427259290495 | 0.06739917797186479
-0.4124747218019378 | -0.2837427259290495 | 0.06739917797186479 | 0.886843624305397 | -0.6729083278472807:-0.4181394132946181 | -0.2892574472791196 | 0.041249167493724315
-0.4181394132946181 | -0.2892574472791196 | 0.041249167493724315 | 0.886843624305397 | -0.6729083278472807:-0.42288021389557784 | -0.2935943490225785 | 0.014442008507272064
-0.42288021389557784 | -0.2935943490225785 | 0.014442008507272064 | 0.886843624305397 | -0.6729083278472807:-0.42666895144939154 | -0.2967140728790225 | -0.012933290389673502
-0.42666895144939154 | -0.2967140728790225 | -0.012933290389673502 | 0.886843624305397 | -0.6729083278472807:-0.42948078225354447 | -0.29858157739337887 | -0.04078444358747113
-0.42948078225354447 | -0.29858157739337887 | -0.04078444358747113 | 0.886843624305397 | -0.6729083278472807:-0.43129431367069415 | -0.29916630705434333 | -0.06901622842747912
-0.43129431367069415 | -0.29916630705434333 | -0.06901622842747912 | -0.08851857379797345 | 0.07208878538413765:-0.4353713478312322 | -0.3021307649938736 | -0.06672433338036754
-0.4353713478312322 | -0.3021307649938736 | -0.06672433338036754 | -0.08851857379797345 | 0.07208878538413765:-0.43940371989102545 | -0.305060980943475 | -0.06437342032674032
-0.43940371989102545 | -0.305060980943475 | -0.06437342032674032 | -0.08851857379797345 | 0.07208878538413765:-0.44339147037630866 | -0.30795679807436116 | -0.06196435075312401
-0.44339147037630866 | -0.30795679807436116 | -0.06196435075312401 | -0.08851857379797345 | 0.07208878538413765:-0.4473346423487161 | -0.3108180647318104 | -0.05949797983468663
-0.4473346423487161 | -0.3108180647318104 | -0.05949797983468663 | -0.08851857379797345 | 0.07208878538413765:-0.451233281363713 | -0.3136446343635715 | -0.05697515646794571
-0.451233281363713 | -0.3136446343635715 | -0.05697515646794571 | -0.2887878317452226 | -0.07931896672347993:-0.45467517193720575 | -0.31698161318658613 | -0.05466896465257243
-0.45467517193720575 | -0.31698161318658613 | -0.05466896465257243 | -0.2887878317452226 | -0.07931896672347993:-0.4580882290429713 | -0.32026549150814443 | -0.05230199456491036
-0.4580882290429713 | -0.32026549150814443 | -0.05230199456491036 | -0.2887878317452226 | -0.07931896672347993:-0.46147317556250655 | -0.3234952149591859 | -0.04987530168852672
-0.46147317556250655 | -0.3234952149591859 | -0.04987530168852672 | -0.2887878317452226 | -0.07931896672347993:-0.4648307237089284 | -0.32666975202785675 | -0.04738995998154749
-0.4648307237089284 | -0.32666975202785675 | -0.04738995998154749 | -0.2887878317452226 | -0.07931896672347993:-0.4681615750177812 | -0.32978809425521405 | -0.04484706136467054
-0.4681615750177812 | -0.32978809425521405 | -0.04484706136467054 | -0.2887878317452226 | -0.07931896672347993:-0.47146642033978736 | -0.3328492564222376 | -0.04224771520898152
-0.47146642033978736 | -0.3328492564222376 | -0.04224771520898152 | -0.2887878317452226 | -0.07931896672347993:-0.4747459398355449 | -0.3358522767282075 | -0.03959304782370765
-0.4747459398355449 | -0.3358522767282075 | -0.03959304782370765 | -0.2887878317452226 | -0.07931896672347993:-0.4780008029721525 | -0.3387962169604908 | -0.036884201944042516
-0.4780008029721525 | -0.3387962169604908 | -0.036884201944042516 | -0.2887878317452226 | -0.07931896672347993:-0.4812316685217617 | -0.3416801626558037 | -0.03412233621914673
-0.4812316685217617 | -0.3416801626558037 | -0.03412233621914673 | -0.2887878317452226 | -0.07931896672347993:-0.4844391845620333 | -0.34450322325296234 | -0.031308624700450594
-0.4844391845620333 | -0.34450322325296234 | -0.031308624700450594 | 0.26674585185610833 | -0.9513913492297394:-0.48546249761175453 | -0.34639430661374604 | -0.05929614629936353
-0.48546249761175453 | -0.34639430661374604 | -0.05929614629936353 | 0.26674585185610833 | -0.9513913492297394:-0.48509594564622205 | -0.3478830690370156 | -0.08750407452643394
-0.48509594564622205 | -0.3478830690370156 | -0.08750407452643394 | 0.26674585185610833 | -0.9513913492297394:-0.4833230198477487 | -0.3489645122887808 | -0.11585561154533153
-0.4833230198477487 | -0.3489645122887808 | -0.11585561154533153 | 0.26674585185610833 | -0.9513913492297394:-0.4801312125343671 | -0.3496347510135429 | -0.14427286106081105
-0.4801312125343671 | -0.3496347510135429 | -0.14427286106081105 | 0.26674585185610833 | -0.9513913492297394:-0.47551207648713145 | -0.34989103089214524 | -0.17267705515424225
-0.47551207648713145 | -0.34989103089214524 | -0.17267705515424225 | 0.7844672628194946 | -0.5950527111498694:-0.47270006691682553 | -0.34499603741697626 | -0.20158137540482102
-0.47270006691682553 | -0.34499603741697626 | -0.20158137540482102 | 0.7844672628194946 | -0.5950527111498694:-0.4689657709722539 | -0.33889962404533946 | -0.23033094540987875
-0.4689657709722539 | -0.33889962404533946 | -0.23033094540987875 | 0.7844672628194946 | -0.5950527111498694:-0.4643118280721694 | -0.3316035076844006 | -0.2588448335786726
-0.4643118280721694 | -0.3316035076844006 | -0.2588448335786726 | 0.7844672628194946 | -0.5950527111498694:-0.45874351961820636 | -0.32311289019065903 | -0.2870421102522904
-0.45874351961820636 | -0.32311289019065903 | -0.2870421102522904 | 0.7844672628194946 | -0.5950527111498694:-0.4522687679618045 | -0.31343646164061134 | -0.31484208478542186
-0.4522687679618045 | -0.31343646164061134 | -0.31484208478542186 | 0.7844672628194946 | -0.5950527111498694:-0.4448981276247679 | -0.30258639338730653 | -0.3421645425524602
-0.4448981276247679 | -0.30258639338730653 | -0.3421645425524602 | 0.7844672628194946 | -0.5950527111498694:-0.4366447687959081 | -0.29057832091908864 | -0.3689299811900426
-0.4366447687959081 | -0.29057832091908864 | -0.3689299811900426 | 0.7844672628194946 | -0.5950527111498694:-0.4275244531484681 | -0.2774313165658544 | -0.3950598453911347
-0.4275244531484681 | -0.2774313165658544 | -0.3950598453911347 | 0.7844672628194946 | -0.5950527111498694:-0.4175555020447561 | -0.2631678521271201 | -0.42047675957092956
-0.4175555020447561 | -0.2631678521271201 | -0.42047675957092956 | 0.7844672628194946 | -0.5950527111498694:-0.4067587572160427 | -0.24781375152484664 | -0.4451047577317162
-0.4067587572160427 | -0.24781375152484664 | -0.4451047577317162 | 0.7844672628194946 | -0.5950527111498694:-0.3951575340271418 | -0.23139813361218842 | -0.46886950986270826
-0.3951575340271418 | -0.23139813361218842 | -0.46886950986270826 | 0.7844672628194946 | -0.5950527111498694:-0.382777567456035 | -0.21395334529721666 | -0.4916985442214479
-0.382777567456035 | -0.21395334529721666 | -0.4916985442214479 | 0.7844672628194946 | -0.5950527111498694:-0.36964695093938715 | -0.19551488516793647 | -0.5135214648559092
-0.36964695093938715 | -0.19551488516793647 | -0.5135214648559092 | 0.7844672628194946 | -0.5950527111498694:-0.3557960682548682 | -0.17612131783170248 | -0.5342701637405511
-0.3557960682548682 | -0.17612131783170248 | -0.5342701637405511 | 0.7844672628194946 | -0.5950527111498694:-0.34125751863085796 | -0.15581417920812157 | -0.5538790269155651
-0.34125751863085796 | -0.15581417920812157 | -0.5538790269155651 | 0.950135200193478 | -0.79482458651318:-0.32028999752518317 | -0.12997528846220874 | -0.5766085611066805
-0.32028999752518317 | -0.12997528846220874 | -0.5766085611066805 | 0.950135200193478 | -0.79482458651318:-0.29835598977976474 | -0.10294555006663231 | -0.5972936959365356
-0.29835598977976474 | -0.10294555006663231 | -0.5972936959365356 | 0.950135200193478 | -0.79482458651318:-0.2755390095649979 | -0.07482221508683295 | -0.6158310413655981
-0.2755390095649979 | -0.07482221508683295 | -0.6158310413655981 | 0.950135200193478 | -0.79482458651318:-0.2519269210194288 | -0.045707930933112095 | -0.632125405743019
-0.2519269210194288 | -0.045707930933112095 | -0.632125405743019 | 0.950135200193478 | -0.79482458651318:-0.2276115901596505 | -0.015710336142539916 | -0.6460902557075583
-0.2276115901596505 | -0.015710336142539916 | -0.6460902557075583 | -0.8895689756515637 | -0.24913946154430588:-0.22057124492407 | -0.04462651425899011 | -0.6505130797528258
-0.22057124492407 | -0.04462651425899011 | -0.6505130797528258 | -0.8895689756515637 | -0.24913946154430588:-0.21344571646837096 | -0.07383947008813863 | -0.6535284292732237
-0.21344571646837096 | -0.07383947008813863 | -0.6535284292732237 | -0.8895689756515637 | -0.24913946154430588:-0.20625359472907334 | -0.1032836195128759 | -0.6551176331515731
-0.20625359472907334 | -0.1032836195128759 | -0.6551176331515731 | -0.8895689756515637 | -0.24913946154430588:-0.19901372651913718 | -0.13289238240310297 | -0.6552653834367068
-0.19901372651913718 | -0.13289238240310297 | -0.6552653834367068 | -0.8895689756515637 | -0.24913946154430588:-0.19174516993764712 | -0.1625983442912613 | -0.6539597879969299
-0.19174516993764712 | -0.1625983442912613 | -0.6539597879969299 | -0.8895689756515637 | -0.24913946154430588:-0.18446714814748333 | -0.19233342049219004 | -0.6511924147345743
-0.18446714814748333 | -0.19233342049219004 | -0.6511924147345743 | -0.8895689756515637 | -0.24913946154430588:-0.17719900263595534 | -0.2220290222592105 | -0.6469583272485798
-0.17719900263595534 | -0.2220290222592105 | -0.6469583272485798 | -0.8895689756515637 | -0.24913946154430588:-0.1699601460745228 | -0.2516162245637723 | -0.6412561118532493
-0.1699601460745228 | -0.2516162245637723 | -0.6412561118532493 | -0.8895689756515637 | -0.24913946154430588:-0.16277001489461185 | -0.28102593508252127 | -0.6340878958827021
-0.16277001489461185 | -0.28102593508252127 | -0.6340878958827021 | -0.8895689756515637 | -0.24913946154430588:-0.15564802169700442 | -0.31018906397305557 | -0.625459357232046
-0.15564802169700442 | -0.31018906397305557 | -0.625459357232046 | -0.31028237715133833 | -0.7474618326811275:-0.13287884017960394 | -0.321127914995035 | -0.6284458104348358
-0.13287884017960394 | -0.321127914995035 | -0.6284458104348358 | -0.31028237715133833 | -0.7474618326811275:-0.10992327291890902 | -0.33213716223647083 | -0.6303824946523333
-0.10992327291890902 | -0.33213716223647083 | -0.6303824946523333 | -0.31028237715133833 | -0.7474618326811275:-0.08682276044492099 | -0.3431998403234502 | -0.6312585257870693
-0.08682276044492099 | -0.3431998403234502 | -0.6312585257870693 | -0.31028237715133833 | -0.7474618326811275:-0.06361922523952401 | -0.3542987672268225 | -0.6310649660723548
-0.06361922523952401 | -0.3542987672268225 | -0.6310649660723548 | -0.31028237715133833 | -0.7474618326811275:-0.04035499265047093 | -0.3654165769224136 | -0.6297948474689123
-0.04035499265047093 | -0.3654165769224136 | -0.6297948474689123 | -0.9315930073041563 | -0.5004242488195925:-0.025121477697101824 | -0.3958093744091009 | -0.6151905876266
-0.025121477697101824 | -0.3958093744091009 | -0.6151905876266 | -0.9315930073041563 | -0.5004242488195925:-0.010237546471842052 | -0.42557787813778347 | -0.5987198086682426
-0.010237546471842052 | -0.42557787813778347 | -0.5987198086682426 | -0.9315930073041563 | -0.5004242488195925:0.004248062140735698 | -0.45463067453726325 | -0.5804184979280897
0.004248062140735698 | -0.45463067453726325 | -0.5804184979280897 | -0.9315930073041563 | -0.5004242488195925:0.018287557024450507 | -0.4828779781683892 | -0.5603284286226282
0.018287557024450507 | -0.4828779781683892 | -0.5603284286226282 | -0.9315930073041563 | -0.5004242488195925:0.03183424710904248 | -0.5102319176604375 | -0.5384970567273761
0.03183424710904248 | -0.5102319176604375 | -0.5384970567273761 | -0.2483063670254091 | -0.6902929163117895:0.050351612691944325 | -0.5186704308676866 | -0.5325459266096066
0.050351612691944325 | -0.5186704308676866 | -0.5325459266096066 | -0.2483063670254091 | -0.6902929163117895:0.06870925368149372 | -0.5270389691506772 | -0.5258075137836382
0.06870925368149372 | -0.5270389691506772 | -0.5258075137836382 | -0.2483063670254091 | -0.6902929163117895:0.08687786410038001 | -0.5353271329287246 | -0.5182871205640662
0.08687786410038001 | -0.5353271329287246 | -0.5182871205640662 | -0.2483063670254091 | -0.6902929163117895:0.10482831219775335 | -0.5435245758540788 | -0.509991288314211
0.10482831219775335 | -0.5435245758540788 | -0.509991288314211 | -0.2483063670254091 | -0.6902929163117895:0.12253168690079619 | -0.551621021582914 | -0.5009277900602829
0.12253168690079619 | -0.551621021582914 | -0.5009277900602829 | -0.2483063670254091 | -0.6902929163117895:0.13995934393961917 | -0.5596062804407786 | -0.49110562115045653
0.13995934393961917 | -0.5596062804407786 | -0.49110562115045653 | -0.2483063670254091 | -0.6902929163117895:0.15708295157356034 | -0.5674702659565334 | -0.4805349879757337
0.15708295157356034 | -0.5674702659565334 | -0.4805349879757337 | -0.2483063670254091 | -0.6902929163117895:0.17387453584773027 | -0.575203011239072 | -0.4692272947724696
0.17387453584773027 | -0.575203011239072 | -0.4692272947724696 | -0.2483063670254091 | -0.6902929163117895:0.1903065253096372 | -0.582794685171443 | -0.45719512852927124
0.1903065253096372 | -0.582794685171443 | -0.45719512852927124 | -0.2483063670254091 | -0.6902929163117895:0.20635179511661406 | -0.5902356083972862 | -0.44445224202392275
0.20635179511661406 | -0.5902356083972862 | -0.44445224202392275 | -0.2483063670254091 | -0.6902929163117895:0.2219837104658886 | -0.5975162690749265 | -0.43101353501870854
0.2219837104658886 | -0.5975162690749265 | -0.43101353501870854 | -0.2483063670254091 | -0.6902929163117895:0.2371761692804597 | -0.6046273383748222 | -0.41689503364532676
0.2371761692804597 | -0.6046273383748222 | -0.41689503364532676 | -0.2483063670254091 | -0.6902929163117895:0.2519036440849902 | -0.6115596856966086 | -0.40211386801328963
0.2519036440849902 | -0.6115596856966086 | -0.40211386801328963 | -0.2483063670254091 | -0.6902929163117895:0.26614122300759036 | -0.6183043935823385 | -0.3866882480782632
0.26614122300759036 | -0.6183043935823385 | -0.3866882480782632 | -0.2483063670254091 | -0.6902929163117895:0.2798646498446473 | -0.6248527723031181 | -0.3706374378095223
0.2798646498446473 | -0.6248527723031181 | -0.3706374378095223 | -0.2483063670254091 | -0.6902929163117895:0.29305036312749877 | -0.6311963740968949 | -0.35398172769805747
0.29305036312749877 | -0.6311963740968949 | -0.35398172769805747 | -0.2483063670254091 | -0.6902929163117895:0.3056755341313959 | -0.6373270070356583 | -0.3367424056494155
0.3056755341313959 | -0.6373270070356583 | -0.3367424056494155 | -0.2483063670254091 | -0.6902929163117895:0.31771810376897136 | -0.6432367485010104 | -0.31894172630769546
0.31771810376897136 | -0.6432367485010104 | -0.31894172630769546 | -0.2483063670254091 | -0.6902929163117895:0.3291568183121889 | -0.648917958247651 | -0.3006028788593742
0.3291568183121889 | -0.648917958247651 | -0.3006028788593742 | -0.2483063670254091 | -0.6902929163117895:0.33997126388867827 | -0.6543632910349899 | -0.2817499533679122
0.33997126388867827 | -0.6543632910349899 | -0.2817499533679122 | -0.2483063670254091 | -0.6902929163117895:0.3501418997003505 | -0.6595657088078397 | -0.26240790569217154
0.3501418997003505 | -0.6595657088078397 | -0.26240790569217154 | -0.2483063670254091 | -0.6902929163117895:0.35965008991421854 | -0.6645184924078364 | -0.2426025210437217
0.35965008991421854 | -0.6645184924078364 | -0.2426025210437217 | -0.2483063670254091 | -0.6902929163117895:0.3684781341774439 | -0.6692152527979474 | -0.2223603762401254
0.3684781341774439 | -0.6692152527979474 | -0.2223603762401254 | -0.2483063670254091 | -0.6902929163117895:0.37660929671083565 | -0.6736499417832889 | -0.2017088007130461
0.37660929671083565 | -0.6736499417832889 | -0.2017088007130461 | -0.2483063670254091 | -0.6902929163117895:0.38402783393725315 | -0.6778168622121541 | -0.18067583633190765
0.38402783393725315 | -0.6778168622121541 | -0.18067583633190765 | 0.31672428395795715 | 0.4868648484734901:0.38020531961741355 | -0.6765608680957413 | -0.2011802036588506
0.38020531961741355 | -0.6765608680957413 | -0.2011802036588506 | 0.31672428395795715 | 0.4868648484734901:0.3758628607634442 | -0.6749553439138793 | -0.22160713899200601
0.3758628607634442 | -0.6749553439138793 | -0.22160713899200601 | 0.31672428395795715 | 0.4868648484734901:0.37100180859479437 | -0.6730011206783857 | -0.24193709133409058
0.37100180859479437 | -0.6730011206783857 | -0.24193709133409058 | 0.31672428395795715 | 0.4868648484734901:0.365624031664904 | -0.6706993652023954 | -0.26215055181248914
0.365624031664904 | -0.6706993652023954 | -0.26215055181248914 | 0.31672428395795715 | 0.4868648484734901:0.35973191440166374 | -0.6680515793155948 | -0.28222807312639375
0.35973191440166374 | -0.6680515793155948 | -0.28222807312639375 | 0.36685497080367746 | -0.27911865524812995:0.36466177989046145 | -0.6643219416112345 | -0.29006574721212175
0.36466177989046145 | -0.6643219416112345 | -0.29006574721212175 | 0.36685497080367746 | -0.27911865524812995:0.36970072889102923 | -0.6604209593741999 | -0.29777363818171665
0.36970072889102923 | -0.6604209593741999 | -0.29777363818171665 | 0.36685497080367746 | -0.27911865524812995:0.3748470084052613 | -0.6563511562530522 | -0.30534648996514946
0.3748470084052613 | -0.6563511562530522 | -0.30534648996514946 | 0.36685497080367746 | -0.27911865524812995:0.38009878316335133 | -0.6521151620774219 | -0.3127791255824732
0.38009878316335133 | -0.6521151620774219 | -0.3127791255824732 | 0.36685497080367746 | -0.27911865524812995:0.3854541369595026 | -0.6477157111596767 | -0.32006645046690707
0.3854541369595026 | -0.6477157111596767 | -0.32006645046690707 | 0.36685497080367746 | -0.27911865524812995:0.39091107403485736 | -0.6431556405336991 | -0.3272034557278154
0.39091107403485736 | -0.6431556405336991 | -0.3272034557278154 | 0.36685497080367746 | -0.27911865524812995:0.3964675205065902 | -0.6384378881321879 | -0.33418522135182016
0.3964675205065902 | -0.6384378881321879 | -0.33418522135182016 | 0.36685497080367746 | -0.27911865524812995:0.40212132584216675 | -0.6335654909036919 | -0.34100691934033733
0.40212132584216675 | -0.6335654909036919 | -0.34100691934033733 | 0.36685497080367746 | -0.27911865524812995:0.40787026437771523 | -0.6285415828708807 | -0.34766381678181446
0.40787026437771523 | -0.6285415828708807 | -0.34766381678181446 | 0.36685497080367746 | -0.27911865524812995:0.413712036879442 | -0.6233693931313127 | -0.35415127885713815
0.413712036879442 | -0.6233693931313127 | -0.35415127885713815 | 0.2568836886486454 | 0.5531991268865228:0.4043783453007386 | -0.6200569376026976 | -0.37420888670532904
0.4043783453007386 | -0.6200569376026976 | -0.37420888670532904 | 0.2568836886486454 | 0.5531991268865228:0.3944642814809445 | -0.6164642763978705 | -0.39398773325086367
0.3944642814809445 | -0.6164642763978705 | -0.39398773325086367 | 0.2568836886486454 | 0.5531991268865228:0.38397734486254365 | -0.6125948463852211 | -0.4134668487537816
0.38397734486254365 | -0.6125948463852211 | -0.4134668487537816 | 0.2568836886486454 | 0.5531991268865228:0.3729256559877321 | -0.6084523736085146 | -0.43262552327727377
0.3729256559877321 | -0.6084523736085146 | -0.43262552327727377 | 0.2568836886486454 | 0.5531991268865228:0.3613179485369056 | -0.6040408697421142 | -0.45144332896830974
0.3613179485369056 | -0.6040408697421142 | -0.45144332896830974 | -0.5385083902358594 | 0.3808421031432834:0.35366075103517325 | -0.6171824384982969 | -0.4426840905100491
0.35366075103517325 | -0.6171824384982969 | -0.4426840905100491 | -0.5385083902358594 | 0.3808421031432834:0.3461556664810779 | -0.6300939948072894 | -0.43340183631132945
0.3461556664810779 | -0.6300939948072894 | -0.43340183631132945 | -0.5385083902358594 | 0.3808421031432834:0.33881327349007506 | -0.6427606791024445 | -0.423605525831416
0.33881327349007506 | -0.6427606791024445 | -0.423605525831416 | -0.5385083902358594 | 0.3808421031432834:0.3316439701167653 | -0.6551678763461766 | -0.41330475688498325
0.3316439701167653 | -0.6551678763461766 | -0.41330475688498325 | -0.5385083902358594 | 0.3808421031432834:0.3246579610783691 | -0.6673012342632774 | -0.40250975487999696
0.3246579610783691 | -0.6673012342632774 | -0.40250975487999696 | -0.5385083902358594 | 0.3808421031432834:0.3178652452107471 | -0.6791466812555811 | -0.39123136128647573
0.3178652452107471 | -0.6791466812555811 | -0.39123136128647573 | -0.5385083902358594 | 0.3808421031432834:0.3112756031719268 | -0.6906904439765071 | -0.37948102135091233
0.3112756031719268 | -0.6906904439765071 | -0.37948102135091233 | -0.5385083902358594 | 0.3808421031432834:0.3048985854078907 | -0.7019190645445832 | -0.3672707710719614
0.3048985854078907 | -0.7019190645445832 | -0.3672707710719614 | -0.5385083902358594 | 0.3808421031432834:0.29874350039497344 | -0.712819417375286 | -0.3546132234538355
0.29874350039497344 | -0.712819417375286 | -0.3546132234538355 | -0.5385083902358594 | 0.3808421031432834:0.2928194031728637 | -0.7233787256112478 | -0.34152155405481466
0.2928194031728637 | -0.7233787256112478 | -0.34152155405481466 | -0.5385083902358594 | 0.3808421031432834:0.28713508418183764 | -0.7335845771313032 | -0.328009485848888
0.28713508418183764 | -0.7335845771313032 | -0.328009485848888 | -0.5385083902358594 | 0.3808421031432834:0.28169905841748744 | -0.7434249401193682 | -0.31409127341952114
0.28169905841748744 | -0.7434249401193682 | -0.31409127341952114 | -0.5385083902358594 | 0.3808421031432834:0.27651955491576174 | -0.7528881781747998 | -0.29978168650516324
0.27651955491576174 | -0.7528881781747998 | -0.29978168650516324 | -0.5385083902358594 | 0.3808421031432834:0.2716045065807329 | -0.761963064946336 | -0.28509599291695054
0.2716045065807329 | -0.761963064946336 | -0.28509599291695054 | -0.5385083902358594 | 0.3808421031432834:0.2669615403671113 | -0.7706387982724081 | -0.27004994084970946
0.2669615403671113 | -0.7706387982724081 | -0.27004994084970946 | -0.5385083902358594 | 0.3808421031432834:0.26259796782900935 | -0.7789050138112117 | -0.2546597406080515
0.26259796782900935 | -0.7789050138112117 | -0.2546597406080515 | -0.5385083902358594 | 0.3808421031432834:0.25852077604608503 | -0.7867517981445644 | -0.23894204577008082
0.25852077604608503 | -0.7867517981445644 | -0.23894204577008082 | -0.5385083902358594 | 0.3808421031432834:0.25473661893765076 | -0.7941697013401736 | -0.2229139338117463
0.25473661893765076 | -0.7941697013401736 | -0.2229139338117463 | -0.5385083902358594 | 0.3808421031432834:0.25125180897491806 | -0.8011497489577408 | -0.20659288621559568
0.25125180897491806 | -0.8011497489577408 | -0.20659288621559568 | -0.5385083902358594 | 0.3808421031432834:0.24807230930100488 | -0.80768345348487 | -0.18999676808815735
