0.0 | 0.0 | 0.0 | 0.046233057602044214 | 0.2599033715669281:1.299476810246941E-4 | -2.3116508212961406E-5 | 0.009999128923423499
1.299476810246941E-4 | -2.3116508212961406E-5 | 0.009999128923423499 | -0.07098098137566922 | -0.545963919560235:-2.846208158270399E-4 | 2.4618214514826597E-5 | 0.01989794926455267
-2.846208158270399E-4 | 2.4618214514826597E-5 | 0.01989794926455267 | -0.07098098137566922 | -0.545963919560235:-0.0012352326917747485 | 1.421419854166217E-4 | 0.029674962457485146
-0.0012352326917747485 | 1.421419854166217E-4 | 0.029674962457485146 | -0.07098098137566922 | -0.545963919560235:-0.00271271541614575 | 3.2830082423496165E-4 | 0.03930913152894519
-0.00271271541614575 | 3.2830082423496165E-4 | 0.03930913152894519 | -0.07098098137566922 | -0.545963919560235:-0.004707216703239094 | 5.818515145725733E-4 | 0.0487799012763272
-0.004707216703239094 | 5.818515145725733E-4 | 0.0487799012763272 | -0.07098098137566922 | -0.545963919560235:-0.007208224983539617 | 9.014642308680099E-4 | 0.0580672176787938
-0.007208224983539617 | 9.014642308680099E-4 | 0.0580672176787938 | -0.07098098137566922 | -0.545963919560235:-0.010204590343125625 | 0.0012857252276164965 | 0.0671515465314565
-0.010204590343125625 | 0.0012857252276164965 | 0.0671515465314565 | -0.07098098137566922 | -0.545963919560235:-0.013684545904997517 | 0.0017331395874349287 | 0.07601389129349928
-0.013684545904997517 | 0.0017331395874349287 | 0.07601389129349928 | -0.07098098137566922 | -0.545963919560235:-0.017635729625962278 | 0.0022421340245583066 | 0.08463581014193516
-0.017635729625962278 | 0.0022421340245583066 | 0.08463581014193516 | -0.07098098137566922 | -0.545963919560235:-0.022045206482640543 | 0.0028110597403456783 | 0.09299943222351337
-0.022045206482640543 | 0.0028110597403456783 | 0.09299943222351337 | -0.07098098137566922 | -0.545963919560235:-0.026899491020117697 | 0.003438195327363003 | 0.10108747309811739
-0.026899491020117697 | 0.003438195327363003 | 0.10108747309811739 | 0.6470685144344308 | -0.8082330589038982:-0.033612718521652915 | 1.8067881656291807E-4 | 0.10852902783914442
-0.033612718521652915 | 1.8067881656291807E-4 | 0.10852902783914442 | 0.6470685144344308 | -0.8082330589038982:-0.04092997868506251 | -0.003589890758265435 | 0.11538175478126256
-0.04092997868506251 | -0.003589890758265435 | 0.11538175478126256 | 0.6470685144344308 | -0.8082330589038982:-0.04881450138255397 | -0.007844834978150583 | 0.12158644942843899
-0.04881450138255397 | -0.007844834978150583 | 0.12158644942843899 | 0.6470685144344308 | -0.8082330589038982:-0.05722657348338264 | -0.012553065081717163 | 0.12708738706145695
-0.05722657348338264 | -0.012553065081717163 | 0.12708738706145695 | 0.6470685144344308 | -0.8082330589038982:-0.06612373177476638 | -0.01768123279676348 | 0.13183254480995132
-0.06612373177476638 | -0.01768123279676348 | 0.13183254480995132 | -0.7958299831399511 | -0.5227047284162418:-0.07354923797646373 | -0.01313489309948035 | 0.13814783632321337
-0.07354923797646373 | -0.01313489309948035 | 0.13814783632321337 | -0.7958299831399511 | -0.5227047284162418:-0.08128550152047048 | -0.008038285897250308 | 0.14392271659400468
-0.08128550152047048 | -0.008038285897250308 | 0.14392271659400468 | -0.7958299831399511 | -0.5227047284162418:-0.08931174372614359 | -0.0024228473286460606 | 0.14911368006534986
-0.08931174372614359 | -0.0024228473286460606 | 0.14911368006534986 | -0.7958299831399511 | -0.5227047284162418:-0.0976057965307171 | 0.0036778272651216692 | 0.15367974962704434
-0.0976057965307171 | 0.0036778272651216692 | 0.15367974962704434 | -0.7958299831399511 | -0.5227047284162418:-0.10614419246180562 | 0.010228117541005055 | 0.15758261372951443
-0.10614419246180562 | 0.010228117541005055 | 0.15758261372951443 | 0.7502802885235307 | 0.9413182304783412:-0.10279582800695575 | 0.004494201024151101 | 0.16959729628784026
-0.10279582800695575 | 0.004494201024151101 | 0.16959729628784026 | 0.7502802885235307 | 0.9413182304783412:-0.09852730795577036 | -0.0019453024336726354 | 0.18133849371093813
-0.09852730795577036 | -0.0019453024336726354 | 0.18133849371093813 | 0.7502802885235307 | 0.9413182304783412:-0.09335268858233281 | -0.009081347176843169 | 0.19270875433086587
-0.09335268858233281 | -0.009081347176843169 | 0.19270875433086587 | 0.7502802885235307 | 0.9413182304783412:-0.08729190472369863 | -0.016900172854176665 | 0.20361202289268387
-0.08729190472369863 | -0.016900172854176665 | 0.20361202289268387 | 0.7502802885235307 | 0.9413182304783412:-0.08037066246484037 | -0.025383379673622475 | 0.21395419005594762
-0.08037066246484037 | -0.025383379673622475 | 0.21395419005594762 | 0.7502802885235307 | 0.9413182304783412:-0.07262030197241853 | -0.03450802767316974 | 0.22364362989239162
-0.07262030197241853 | -0.03450802767316974 | 0.22364362989239162 | 0.7502802885235307 | 0.9413182304783412:-0.06407763131676325 | -0.04424675938723688 | 0.23259172280727247
-0.06407763131676325 | -0.04424675938723688 | 0.23259172280727247 | 0.7502802885235307 | 0.9413182304783412:-0.054784732251401236 | -0.05456794518263974 | 0.24071336139765487
-0.054784732251401236 | -0.05456794518263974 | 0.24071336139765487 | 0.7502802885235307 | 0.9413182304783412:-0.04478873904404024 | -0.06543585043713529 | 0.24792743685726792
-0.04478873904404024 | -0.06543585043713529 | 0.24792743685726792 | 0.7502802885235307 | 0.9413182304783412:-0.03414159157164742 | -0.07681082363691782 | 0.25415730364395106
-0.03414159157164742 | -0.07681082363691782 | 0.25415730364395106 | 0.7502802885235307 | 0.9413182304783412:-0.02289976400465732 | -0.08864950437769425 | 0.25933122024155786
-0.02289976400465732 | -0.08864950437769425 | 0.25933122024155786 | 0.7502802885235307 | 0.9413182304783412:-0.011123970510969361 | -0.10090505016743623 | 0.26338276397295246
-0.011123970510969361 | -0.10090505016743623 | 0.26338276397295246 | 0.7502802885235307 | 0.9413182304783412:0.0011211504911539105 | -0.11352738084794933 | 0.26625121795377016
0.0011211504911539105 | -0.11352738084794933 | 0.26625121795377016 | 0.7502802885235307 | 0.9413182304783412:0.013767371911269866 | -0.12646343937730675 | 0.2678819284173306
0.013767371911269866 | -0.12646343937730675 | 0.2678819284173306 | 0.7502802885235307 | 0.9413182304783412:0.02674323169298365 | -0.13965746764625675 | 0.2682266307887158
0.02674323169298365 | -0.13965746764625675 | 0.2682266307887158 | 0.5237176098759304 | -0.16965842494405825:0.02506073934557307 | -0.14999621524203044 | 0.2707673632919434
0.02506073934557307 | -0.14999621524203044 | 0.2707673632919434 | 0.5237176098759304 | -0.16965842494405825:0.02330318336433712 | -0.16052055590379632 | 0.2728767082886403
0.02330318336433712 | -0.16052055590379632 | 0.2728767082886403 | 0.5237176098759304 | -0.16965842494405825:0.02147607469156565 | -0.17121409269250343 | 0.27454719503698044
0.02147607469156565 | -0.17121409269250343 | 0.27454719503698044 | 0.5237176098759304 | -0.16965842494405825:0.01958498246997653 | -0.18206023535360183 | 0.27577199964661414
0.01958498246997653 | -0.18206023535360183 | 0.27577199964661414 | 0.5237176098759304 | -0.16965842494405825:0.017635527114740146 | -0.19304222170814977 | 0.27654494872138
0.017635527114740146 | -0.19304222170814977 | 0.27654494872138 | 0.5237176098759304 | -0.16965842494405825:0.015633373388604044 | -0.20414313904336456 | 0.27686052227361824
0.015633373388604044 | -0.20414313904336456 | 0.27686052227361824 | 0.5237176098759304 | -0.16965842494405825:0.013584223486891922 | -0.21534594548167174 | 0.2767138559140596
0.013584223486891922 | -0.21534594548167174 | 0.2767138559140596 | 0.5237176098759304 | -0.16965842494405825:0.01149381013907469 | -0.22663349130750543 | 0.2761007423219102
0.01149381013907469 | -0.22663349130750543 | 0.2761007423219102 | 0.5237176098759304 | -0.16965842494405825:0.009367889733532753 | -0.2379885402313766 | 0.27501763200031526
0.009367889733532753 | -0.2379885402313766 | 0.27501763200031526 | 0.5237176098759304 | -0.16965842494405825:0.007212235472040307 | -0.249393790570966 | 0.2734616333230351
0.007212235472040307 | -0.249393790570966 | 0.2734616333230351 | -0.32705389465965484 | -0.9269651012847768:-0.005748867803652802 | -0.24905538571848806 | 0.28226139242804393
-0.005748867803652802 | -0.24905538571848806 | 0.28226139242804393 | -0.32705389465965484 | -0.9269651012847768:-0.01932207570886768 | -0.2484544721050499 | 0.29045459008470864
-0.01932207570886768 | -0.2484544721050499 | 0.29045459008470864 | -0.32705389465965484 | -0.9269651012847768:-0.03347638833700595 | -0.24760204209589531 | 0.2979972509309299
-0.03347638833700595 | -0.24760204209589531 | 0.2979972509309299 | -0.32705389465965484 | -0.9269651012847768:-0.04817828051940598 | -0.2465099903774428 | 0.304847314123748
-0.04817828051940598 | -0.2465099903774428 | 0.304847314123748 | -0.32705389465965484 | -0.9269651012847768:-0.06339181117381143 | -0.2451910766832448 | 0.31096478730008137
-0.06339181117381143 | -0.2451910766832448 | 0.31096478730008137 | -0.32705389465965484 | -0.9269651012847768:-0.07907874056929942 | -0.24365888566945237 | 0.3163118935154312
-0.07907874056929942 | -0.24365888566945237 | 0.3163118935154312 | -0.32705389465965484 | -0.9269651012847768:-0.09519865510792203 | -0.24192778407720095 | 0.32085321072055173
-0.09519865510792203 | -0.24192778407720095 | 0.32085321072055173 | -0.32705389465965484 | -0.9269651012847768:-0.11170909920257754 | -0.2400128753268742 | 0.32455580336108447
-0.11170909920257754 | -0.2400128753268742 | 0.32455580336108447 | -0.32705389465965484 | -0.9269651012847768:-0.1285657138112526 | -0.237929951696219 | 0.3273893457111807
-0.1285657138112526 | -0.237929951696219 | 0.3273893457111807 | -0.32705389465965484 | -0.9269651012847768:-0.14572238116981295 | -0.23569544424088296 | 0.32932623657917226
-0.14572238116981295 | -0.23569544424088296 | 0.32932623657917226 | -0.32705389465965484 | -0.9269651012847768:-0.16313137524901 | -0.2333263706219535 | 0.33034170505118254
-0.16313137524901 | -0.2333263706219535 | 0.33034170505118254 | -0.32705389465965484 | -0.9269651012847768:-0.18074351744633876 | -0.23084028101065268 | 0.3304139069674026
-0.18074351744633876 | -0.23084028101065268 | 0.3304139069674026 | -0.32705389465965484 | -0.9269651012847768:-0.1985083370098768 | -0.22825520224532614 | 0.3295240118550602
-0.1985083370098768 | -0.22825520224532614 | 0.3295240118550602 | -0.32705389465965484 | -0.9269651012847768:-0.21637423567927883 | -0.22558958042033428 | 0.3276562800722669
-0.21637423567927883 | -0.22558958042033428 | 0.3276562800722669 | -0.32705389465965484 | -0.9269651012847768:-0.2342886560187072 | -0.222862222090364 | 0.32479812994751533
-0.2342886560187072 | -0.222862222090364 | 0.32479812994751533 | -0.32705389465965484 | -0.9269651012847768:-0.25219825290768894 | -0.22009223427705749 | 0.3209401947306336
-0.25219825290768894 | -0.22009223427705749 | 0.3209401947306336 | -0.32705389465965484 | -0.9269651012847768:-0.27004906764868375 | -0.21729896346761102 | 0.3160763692024702
-0.27004906764868375 | -0.21729896346761102 | 0.3160763692024702 | -0.32705389465965484 | -0.9269651012847768:-0.2877867041445912 | -0.21450193379725757 | 0.3102038458222527
-0.2877867041445912 | -0.21450193379725757 | 0.3102038458222527 | -0.32705389465965484 | -0.9269651012847768:-0.3053565065954418 | -0.2117207846091933 | 0.30332314032344776
-0.3053565065954418 | -0.2117207846091933 | 0.30332314032344776 | -0.32705389465965484 | -0.9269651012847768:-0.32270373816120657 | -0.2089752075865885 | 0.29543810670092086
-0.32270373816120657 | -0.2089752075865885 | 0.29543810670092086 | -0.32705389465965484 | -0.9269651012847768:-0.3397737600369233 | -0.20628488365182918 | 0.28655594156415454
-0.3397737600369233 | -0.20628488365182918 | 0.28655594156415454 | -0.32705389465965484 | -0.9269651012847768:-0.35651221038723246 | -0.20366941982811682 | 0.27668717786312236
-0.35651221038723246 | -0.20366941982811682 | 0.27668717786312236 | -0.32705389465965484 | -0.9269651012847768:-0.3728651825899236 | -0.20114828625788483 | 0.2658456680251806
-0.3728651825899236 | -0.20114828625788483 | 0.2658456680251806 | -0.32705389465965484 | -0.9269651012847768:-0.3887794022421298 | -0.1987407535713679 | 0.2540485565726627
-0.3887794022421298 | -0.1987407535713679 | 0.2540485565726627 | -0.32705389465965484 | -0.9269651012847768:-0.4042024023884796 | -0.19646583079685342 | 0.24131624232199655
-0.4042024023884796 | -0.19646583079685342 | 0.24131624232199655 | -0.32705389465965484 | -0.9269651012847768:-0.4190826964376484 | -0.19434220400195557 | 0.22767233029574996
-0.4190826964376484 | -0.19434220400195557 | 0.22767233029574996 | -0.32705389465965484 | -0.9269651012847768:-0.4333699482424418 | -0.19238817585236134 | 0.21314357350909674
-0.4333699482424418 | -0.19238817585236134 | 0.21314357350909674 | -0.32705389465965484 | -0.9269651012847768:-0.44701513882869026 | -0.1906216062712076 | 0.19775980482172173
-0.44701513882869026 | -0.1906216062712076 | 0.19775980482172173 | -0.32705389465965484 | -0.9269651012847768:-0.4599707292698074 | -0.18905985437837103 | 0.18155385907490995
-0.4599707292698074 | -0.18905985437837103 | 0.18155385907490995 | -0.32705389465965484 | -0.9269651012847768:-0.47219081921685735 | -0.18771972188462094 | 0.16456148576169483
-0.47219081921685735 | -0.18771972188462094 | 0.16456148576169483 | -0.6598071931131511 | 0.23692386052921433:-0.4742367391259137 | -0.18377875245601238 | 0.17778260264086754
-0.4742367391259137 | -0.18377875245601238 | 0.17778260264086754 | -0.6598071931131511 | 0.23692386052921433:-0.4760675989311185 | -0.17933689047324286 | 0.190973524893586
-0.4760675989311185 | -0.17933689047324286 | 0.190973524893586 | -0.6598071931131511 | 0.23692386052921433:-0.47768361551075955 | -0.17439337769713426 | 0.20411142667974858
-0.47768361551075955 | -0.17439337769713426 | 0.20411142667974858 | -0.6598071931131511 | 0.23692386052921433:-0.4790853248552711 | -0.16894835387082807 | 0.2171734435020234
-0.4790853248552711 | -0.16894835387082807 | 0.2171734435020234 | -0.6598071931131511 | 0.23692386052921433:-0.48027358196088876 | -0.1630028569690154 | 0.23013671124155266
-0.48027358196088876 | -0.1630028569690154 | 0.23013671124155266 | 0.2228862510252414 | -0.08758115431727198:-0.4850971679138265 | -0.1668743845489722 | 0.2279999709156435
-0.4850971679138265 | -0.1668743845489722 | 0.2279999709156435 | 0.2228862510252414 | -0.08758115431727198:-0.4898805784792337 | -0.17072846096000482 | 0.22574986828531252
-0.4898805784792337 | -0.17072846096000482 | 0.22574986828531252 | 0.2228862510252414 | -0.08758115431727198:-0.4946234108249552 | -0.17456321420679188 | 0.22338733762333618
-0.4946234108249552 | -0.17456321420679188 | 0.22338733762333618 | 0.2228862510252414 | -0.08758115431727198:-0.499325267819545 | -0.17837679508825133 | 0.22091333649113665
-0.499325267819545 | -0.17837679508825133 | 0.22091333649113665 | 0.2228862510252414 | -0.08758115431727198:-0.5039857581204892 | -0.18216737734029387 | 0.21832884530887142
-0.5039857581204892 | -0.18216737734029387 | 0.21832884530887142 | -0.9026291660411088 | 0.699043519611809:-0.4993787525743958 | -0.17338504459079296 | 0.24557393265433092
-0.4993787525743958 | -0.17338504459079296 | 0.24557393265433092 | -0.9026291660411088 | 0.699043519611809:-0.49373570949896006 | -0.16328937855023185 | 0.27237789308247784
-0.49373570949896006 | -0.16328937855023185 | 0.27237789308247784 | -0.9026291660411088 | 0.699043519611809:-0.4870704172772964 | -0.15189548717824408 | 0.2986364943505606
-0.4870704172772964 | -0.15189548717824408 | 0.2986364943505606 | -0.9026291660411088 | 0.699043519611809:-0.4794006554235306 | -0.13922365875083287 | 0.32424652469218884
-0.4794006554235306 | -0.13922365875083287 | 0.32424652469218884 | -0.9026291660411088 | 0.699043519611809:-0.4707481542973291 | -0.12529931906529335 | 0.34910620314633434
-0.4707481542973291 | -0.12529931906529335 | 0.34910620314633434 | -0.9026291660411088 | 0.699043519611809:-0.46113853916375014 | -0.1101529683428879 | 0.3731155860144604
-0.46113853916375014 | -0.1101529683428879 | 0.3731155860144604 | -0.9026291660411088 | 0.699043519611809:-0.4506012587885202 | -0.09382009803883484 | 0.3961769678570697
-0.4506012587885202 | -0.09382009803883484 | 0.3961769678570697 | -0.9026291660411088 | 0.699043519611809:-0.439169498818174 | -0.07634108784642635 | 0.4181952754622067
-0.439169498818174 | -0.07634108784642635 | 0.4181952754622067 | -0.9026291660411088 | 0.699043519611809:-0.4268800802530279 | -0.057761083258045076 | 0.43907845324569905
-0.4268800802530279 | -0.057761083258045076 | 0.43907845324569905 | -0.9026291660411088 | 0.699043519611809:-0.4137733433778692 | -0.03812985412044867 | 0.4587378385759564
-0.4137733433778692 | -0.03812985412044867 | 0.4587378385759564 | -0.20019359610524656 | 0.35647283435269084:-0.40802182515276186 | -0.03374266129533865 | 0.4692694502551831
-0.40802182515276186 | -0.03374266129533865 | 0.4692694502551831 | -0.20019359610524656 | 0.35647283435269084:-0.40200825638451576 | -0.029219744250028157 | 0.4796692362569601
-0.40200825638451576 | -0.029219744250028157 | 0.4796692362569601 | -0.20019359610524656 | 0.35647283435269084:-0.3957355339594919 | -0.024562569717414107 | 0.4899293795924251
-0.3957355339594919 | -0.024562569717414107 | 0.4899293795924251 | -0.20019359610524656 | 0.35647283435269084:-0.3892067204744052 | -0.019772699183151943 | 0.5000421596386424
-0.3892067204744052 | -0.019772699183151943 | 0.5000421596386424 | -0.20019359610524656 | 0.35647283435269084:-0.38242504169577884 | -0.014851787468023403 | 0.5099999563728232
-0.38242504169577884 | -0.014851787468023403 | 0.5099999563728232 | -0.10539005568718895 | 0.6393236090766248:-0.3680070327127396 | -0.012233277899314388 | 0.5249999204873035
-0.3680070327127396 | -0.012233277899314388 | 0.5249999204873035 | -0.10539005568718895 | 0.6393236090766248:-0.35300169687011973 | -0.009519593394630377 | 0.5395523646878466
-0.35300169687011973 | -0.009519593394630377 | 0.5395523646878466 | -0.10539005568718895 | 0.6393236090766248:-0.33742376572130084 | -0.0067130730467024335 | 0.5536341373118603
-0.33742376572130084 | -0.0067130730467024335 | 0.5536341373118603 | -0.10539005568718895 | 0.6393236090766248:0.0 | 0.0 | 0.0
0.0 | 0.0 | 0.0 | -0.10539005568718895 | 0.6393236090766248:-0.321288831818606 | -0.0038161995784911085 | 0.5672226287284197
-0.321288831818606 | -0.0038161995784911085 | 0.5672226287284197 | -0.7466707814573088 | 0.6962116324419401:-0.3029707777494828 | 0.017450653718315223 | 0.5808935984594648
-0.3029707777494828 | 0.017450653718315223 | 0.5808935984594648 | -0.7466707814573088 | 0.6962116324419401:-0.2840928128617968 | 0.039325970128020415 | 0.5931331218661491
-0.2840928128617968 | 0.039325970128020415 | 0.5931331218661491 | -0.7466707814573088 | 0.6962116324419401:-0.2647067104590519 | 0.06175532424953545 | 0.60389226762193
-0.2647067104590519 | 0.06175532424953545 | 0.60389226762193 | -0.7466707814573088 | 0.6962116324419401:-0.24486613023935533 | 0.08468219016770284 | 0.6131261481732437
-0.24486613023935533 | 0.08468219016770284 | 0.6131261481732437 | -0.7466707814573088 | 0.6962116324419401:-0.2246264652496528 | 0.10804810265405962 | 0.6207940782124339
-0.2246264652496528 | 0.10804810265405962 | 0.6207940782124339 | -0.7466707814573088 | 0.6962116324419401:-0.2040446830528957 | 0.13179282480525423 | 0.6268597207627309
-0.2040446830528957 | 0.13179282480525423 | 0.6268597207627309 | -0.7466707814573088 | 0.6962116324419401:-0.18317916158679282 | 0.15585452161437097 | 0.6312912204159247
-0.18317916158679282 | 0.15585452161437097 | 0.6312912204159247 | -0.7466707814573088 | 0.6962116324419401:-0.16208952020856415 | 0.18016993895274425 | 0.6340613233026566
-0.16208952020856415 | 0.18016993895274425 | 0.6340613233026566 | -0.7466707814573088 | 0.6962116324419401:-0.14083644643434567 | 0.20467458742381162 | 0.6351474834154089
-0.14083644643434567 | 0.20467458742381162 | 0.6351474834154089 | -0.7466707814573088 | 0.6962116324419401:-0.11948151889461656 | 0.22930293053618556 | 0.6345319549456363
-0.11948151889461656 | 0.22930293053618556 | 0.6345319549456363 | -0.7466707814573088 | 0.6962116324419401:-0.09808702703819705 | 0.2539885766303147 | 0.6322018703388039
-0.09808702703819705 | 0.2539885766303147 | 0.6322018703388039 | -0.7466707814573088 | 0.6962116324419401:-0.07671578812684032 | 0.2786644739821469 | 0.6281493038141903
-0.07671578812684032 | 0.2786644739821469 | 0.6281493038141903 | -0.7466707814573088 | 0.6962116324419401:-0.05543096207039966 | 0.3032631084978572 | 0.6223713201398553
-0.05543096207039966 | 0.3032631084978572 | 0.6223713201398553 | -0.7466707814573088 | 0.6962116324419401:-0.03429586465876966 | 0.3277167034061801 | 0.6148700084978529
-0.03429586465876966 | 0.3277167034061801 | 0.6148700084978529 | -0.7466707814573088 | 0.6962116324419401:-0.01337377975147902 | 0.3519574203491178 | 0.6056525013190495
-0.01337377975147902 | 0.3519574203491178 | 0.6056525013190495 | -0.7466707814573088 | 0.6962116324419401:0.007272229011366704 | 0.3759175612677996 | 0.5947309780122509
0.007272229011366704 | 0.3759175612677996 | 0.5947309780122509 | -0.7466707814573088 | 0.6962116324419401:0.027579506411708365 | 0.3995297704780736 | 0.5821226535573558
0.027579506411708365 | 0.3995297704780736 | 0.5821226535573558 | -0.7466707814573088 | 0.6962116324419401:0.04748599320513591 | 0.42272723633000453 | 0.5678497519772847
0.04748599320513591 | 0.42272723633000453 | 0.5678497519772847 | -0.7466707814573088 | 0.6962116324419401:0.06693041245893738 | 0.4454438918468444 | 0.5519394647487701
0.06693041245893738 | 0.4454438918468444 | 0.5519394647487701 | -0.7466707814573088 | 0.6962116324419401:0.08585245411775233 | 0.4676146137421995 | 0.5344238942566903
0.08585245411775233 | 0.4676146137421995 | 0.5344238942566903 | -0.7466707814573088 | 0.6962116324419401:0.10419295724343414 | 0.48917541921905894 | 0.5153399824410627
0.10419295724343414 | 0.48917541921905894 | 0.5153399824410627 | -0.7466707814573088 | 0.6962116324419401:0.12189408938263924 | 0.5100636599610162 | 0.4947294248299272
0.12189408938263924 | 0.5100636599610162 | 0.4947294248299272 | -0.7466707814573088 | 0.6962116324419401:0.13889952252433346 | 0.5302182127344368 | 0.47263857019438404
0.13889952252433346 | 0.5302182127344368 | 0.47263857019438404 | -0.7466707814573088 | 0.6962116324419401:0.15515460511945633 | 0.5495796660304206 | 0.4491183061049071
0.15515460511945633 | 0.5495796660304206 | 0.4491183061049071 | -0.7466707814573088 | 0.6962116324419401:0.17060652964682888 | 0.5680905021871521 | 0.42422393070938114
0.17060652964682888 | 0.5680905021871521 | 0.42422393070938114 | -0.7466707814573088 | 0.6962116324419401:0.1852044952224361 | 0.5856952744466604 | 0.398015011094337
0.1852044952224361 | 0.5856952744466604 | 0.398015011094337 | -0.7466707814573088 | 0.6962116324419401:0.19889986476392352 | 0.6023407784149288 | 0.37055522863015256
0.19889986476392352 | 0.6023407784149288 | 0.37055522863015256 | -0.7466707814573088 | 0.6962116324419401:0.21164631623822672 | 0.6179762174108481 | 0.34191221173954034
0.21164631623822672 | 0.6179762174108481 | 0.34191221173954034 | -0.7466707814573088 | 0.6962116324419401:0.22339998753765045 | 0.6325533612074627 | 0.3121573565654643
0.22339998753765045 | 0.6325533612074627 | 0.3121573565654643 | -0.7466707814573088 | 0.6962116324419401:0.23411961454838348 | 0.6460266976883857 | 0.28136563605040266
0.23411961454838348 | 0.6460266976883857 | 0.28136563605040266 | 0.9982125005870828 | -0.2471488485873219:0.231029304329045 | 0.6333736921516158 | 0.3172107995278566
0.231029304329045 | 0.6333736921516158 | 0.3172107995278566 | 0.9982125005870828 | -0.2471488485873219:0.22748186513605972 | 0.6188694025892998 | 0.3524446646910562
0.22748186513605972 | 0.6188694025892998 | 0.3524446646910562 | 0.9982125005870828 | -0.2471488485873219:0.22348500652524805 | 0.6025423071179783 | 0.3869646777863238
0.22348500652524805 | 0.6025423071179783 | 0.3869646777863238 | 0.9982125005870828 | -0.2471488485873219:0.21904776391007275 | 0.5844262780781788 | 0.4206697711621956
0.21904776391007275 | 0.5844262780781788 | 0.4206697711621956 | 0.9982125005870828 | -0.2471488485873219:0.21418047783392424 | 0.5645605058235912 | 0.4534606650864603
0.21418047783392424 | 0.5645605058235912 | 0.4534606650864603 | -0.7129665772584894 | -0.039356949783892814:0.21401963702048832 | 0.5822454400918031 | 0.4348774317578119
0.21401963702048832 | 0.5822454400918031 | 0.4348774317578119 | -0.7129665772584894 | -0.039356949783892814:0.21388705778019101 | 0.5992864105617566 | 0.415595423120628
0.21388705778019101 | 0.5992864105617566 | 0.415595423120628 | -0.7129665772584894 | -0.039356949783892814:0.21378432217315435 | 0.6156557842575223 | 0.39563787914893567
0.21378432217315435 | 0.6156557842575223 | 0.39563787914893567 | -0.7129665772584894 | -0.039356949783892814:0.21371296227900416 | 0.6313267999054872 | 0.3750291264227812
0.21371296227900416 | 0.6313267999054872 | 0.3750291264227812 | -0.7129665772584894 | -0.039356949783892814:0.21367445792547457 | 0.6462736098360033 | 0.3537945441465311
0.21367445792547457 | 0.6462736098360033 | 0.3537945441465311 | -0.7129665772584894 | -0.039356949783892814:0.2136702344931436 | 0.6604713205327513 | 0.3319605285815044
0.2136702344931436 | 0.6604713205327513 | 0.3319605285815044 | -0.7129665772584894 | -0.039356949783892814:0.21370166079945108 | 0.6738960317715259 | 0.3095544559476693
0.21370166079945108 | 0.6738960317715259 | 0.3095544559476693 | -0.7129665772584894 | -0.039356949783892814:0.213770047065033 | 0.6865248742923393 | 0.2866046438509713
0.213770047065033 | 0.6865248742923393 | 0.2866046438509713 | -0.7129665772584894 | -0.039356949783892814:0.21387664296530673 | 0.6983360459510219 | 0.2631403112949826
0.21387664296530673 | 0.6983360459510219 | 0.2631403112949826 | -0.7129665772584894 | -0.039356949783892814:0.21402263577008185 | 0.7093088462988062 | 0.23919153733744736
0.21402263577008185 | 0.7093088462988062 | 0.23919153733744736 | 0.9305807876725578 | 0.96656151803137:0.22755463270138065 | 0.6993995813871523 | 0.2620106032929641
0.22755463270138065 | 0.6993995813871523 | 0.2620106032929641 | 0.9305807876725578 | 0.96656151803137:0.242182459720798 | 0.6883834918733074 | 0.2837155585194324
0.242182459720798 | 0.6883834918733074 | 0.2837155585194324 | 0.9305807876725578 | 0.96656151803137:0.25785054688883235 | 0.6763118559551256 | 0.30419977289357547
0.25785054688883235 | 0.6763118559551256 | 0.30419977289357547 | 0.9305807876725578 | 0.96656151803137:0.274498104825053 | 0.6632410951089973 | 0.3233618075195679
0.274498104825053 | 0.6632410951089973 | 0.3233618075195679 | 0.9305807876725578 | 0.96656151803137:0.2920593907250435 | 0.6492325297318828 | 0.3411059187030929
0.2920593907250435 | 0.6492325297318828 | 0.3411059187030929 | 0.5564118906041202 | -0.9932809779396974:0.2746061972923428 | 0.6411988064687648 | 0.37408516426393135
0.2746061972923428 | 0.6411988064687648 | 0.37408516426393135 | 0.5564118906041202 | -0.9932809779396974:0.2554896117747205 | 0.6322056835521508 | 0.40599264661273793
0.2554896117747205 | 0.6322056835521508 | 0.40599264661273793 | 0.5564118906041202 | -0.9932809779396974:0.23476342207532852 | 0.6222818509067185 | 0.43671588081217294
0.23476342207532852 | 0.6222818509067185 | 0.43671588081217294 | 0.5564118906041202 | -0.9932809779396974:0.21248717042808707 | 0.6114592692616707 | 0.466145911873312
0.21248717042808707 | 0.6114592692616707 | 0.466145911873312 | 0.5564118906041202 | -0.9932809779396974:0.18872596915504758 | 0.5997730723964931 | 0.49417770484559753
0.18872596915504758 | 0.5997730723964931 | 0.49417770484559753 | 0.5564118906041202 | -0.9932809779396974:0.16355029645044894 | 0.5872614580250701 | 0.5207105223608437
0.16355029645044894 | 0.5872614580250701 | 0.5207105223608437 | 0.5564118906041202 | -0.9932809779396974:0.1370357728686411 | 0.5739655676786519 | 0.5456482882819529
0.1370357728686411 | 0.5739655676786519 | 0.5456482882819529 | 0.5564118906041202 | -0.9932809779396974:0.10926291926150355 | 0.5599293559872471 | 0.568899936154267
0.10926291926150355 | 0.5599293559872471 | 0.568899936154267 | 0.5564118906041202 | -0.9932809779396974:0.08031689697709332 | 0.5451994497966233 | 0.5903797412096807
0.08031689697709332 | 0.5451994497966233 | 0.5903797412096807 | 0.5564118906041202 | -0.9932809779396974:0.05028723119414735 | 0.5298249975942468 | 0.6100076347299748
0.05028723119414735 | 0.5298249975942468 | 0.6100076347299748 | 0.5564118906041202 | -0.9932809779396974:0.019267518327218625 | 0.5138575097519542 | 0.6277094996363815
0.019267518327218625 | 0.5138575097519542 | 0.6277094996363815 | 0.5564118906041202 | -0.9932809779396974:-0.01264488150601828 | 0.49735069012583466 | 0.6434174462371445
-0.01264488150601828 | 0.49735069012583466 | 0.6434174462371445 | 0.5564118906041202 | -0.9932809779396974:-0.04534916591049587 | 0.48036025958460726 | 0.6570700671329917
-0.04534916591049587 | 0.48036025958460726 | 0.6570700671329917 | 0.5564118906041202 | -0.9932809779396974:-0.07874142443799137 | 0.46294377206665516 | 0.6686126703524451
-0.07874142443799137 | 0.46294377206665516 | 0.6686126703524451 | 0.5564118906041202 | -0.9932809779396974:-0.11271498446953387 | 0.445160423792494 | 0.6779974898638486
-0.11271498446953387 | 0.445160423792494 | 0.6779974898638486 | 0.5564118906041202 | -0.9932809779396974:-0.14716076757372853 | 0.42707085628412145 | 0.6851838726892794
-0.14716076757372853 | 0.42707085628412145 | 0.6851838726892794 | 0.5564118906041202 | -0.9932809779396974:-0.1819676551210172 | 0.4087369538648602 | 0.6901384419262016
-0.1819676551210172 | 0.4087369538648602 | 0.6901384419262016 | 0.5564118906041202 | -0.9932809779396974:-0.2170228619003609 | 0.3902216363333366 | 0.6928352350660276
-0.2170228619003609 | 0.3902216363333366 | 0.6928352350660276 | 0.5564118906041202 | -0.9932809779396974:-0.2522123164556014 | 0.3715886475226853 | 0.6932558170841716
-0.2522123164556014 | 0.3715886475226853 | 0.6932558170841716 | 0.5564118906041202 | -0.9932809779396974:-0.2874210468342113 | 0.35290234047116087 | 0.6913893678634935
-0.2874210468342113 | 0.35290234047116087 | 0.6913893678634935 | -0.1115407489376481 | 0.09500204907807941:-0.284734331150041 | 0.357495118171574 | 0.6922054204169896
-0.284734331150041 | 0.357495118171574 | 0.6922054204169896 | -0.1115407489376481 | 0.09500204907807941:-0.2820312315901141 | 0.36209287682500246 | 0.6929673443615769
-0.2820312315901141 | 0.36209287682500246 | 0.6929673443615769 | -0.1115407489376481 | 0.09500204907807941:-0.2793122063079849 | 0.3666952226039619 | 0.6936751309731335
-0.2793122063079849 | 0.3666952226039619 | 0.6936751309731335 | -0.1115407489376481 | 0.09500204907807941:-0.2765777110224015 | 0.37130176308548 | 0.6943287763947765
-0.2765777110224015 | 0.37130176308548 | 0.6943287763947765 | -0.1115407489376481 | 0.09500204907807941:-0.2738281990165845 | 0.3759121072664371 | 0.6949282815928228
-0.2738281990165845 | 0.3759121072664371 | 0.6949282815928228 | -0.021431093052675987 | 0.3876791994678619:-0.26082490427853955 | 0.37739440588253004 | 0.7010728385273808
-0.26082490427853955 | 0.37739440588253004 | 0.7010728385273808 | -0.021431093052675987 | 0.3876791994678619:-0.24767350344724903 | 0.3788773629373168 | 0.7069576500689578
-0.24767350344724903 | 0.3788773629373168 | 0.7069576500689578 | -0.021431093052675987 | 0.3876791994678619:-0.23437947465855302 | 0.38036075409016945 | 0.7125793464695249
-0.23437947465855302 | 0.38036075409016945 | 0.7125793464695249 | -0.021431093052675987 | 0.3876791994678619:-0.2209483665977956 | 0.38184435026920127 | 0.7179346785326572
-0.2209483665977956 | 0.38184435026920127 | 0.7179346785326572 | -0.021431093052675987 | 0.3876791994678619:-0.2073857958270473 | 0.3833279178259623 | 0.723020518947294
-0.2073857958270473 | 0.3833279178259623 | 0.723020518947294 | -0.11266187257235538 | -0.8458961748966796:-0.23811802313112906 | 0.38810949677423423 | 0.7127491370750221
-0.23811802313112906 | 0.38810949677423423 | 0.7127491370750221 | -0.11266187257235538 | -0.8458961748966796:-0.2684373468135526 | 0.3928333018933259 | 0.7011241144443119
-0.2684373468135526 | 0.3928333018933259 | 0.7011241144443119 | -0.11266187257235538 | -0.8458961748966796:-0.29828483727902366 | 0.3974915029393671 | 0.6881627720089796
-0.29828483727902366 | 0.3974915029393671 | 0.6881627720089796 | -0.11266187257235538 | -0.8458961748966796:-0.32760230359178877 | 0.40207635997538915 | 0.6738850573310629
-0.32760230359178877 | 0.40207635997538915 | 0.6738850573310629 | -0.11266187257235538 | -0.8458961748966796:-0.35633240884107664 | 0.40658023883435845 | 0.6583135113488083
-0.35633240884107664 | 0.40658023883435845 | 0.6583135113488083 | 0.6946117596151167 | 0.24011870988008277:-0.34884413646437196 | 0.3841429311037352 | 0.6774400992835723
-0.34884413646437196 | 0.3841429311037352 | 0.6774400992835723 | 0.6946117596151167 | 0.24011870988008277:-0.3411159242165702 | 0.3610075134400397 | 0.6957024009077344
-0.3411159242165702 | 0.3610075134400397 | 0.6957024009077344 | 0.6946117596151167 | 0.24011870988008277:-0.33315846621149703 | 0.3372043171242787 | 0.713071817949924
-0.33315846621149703 | 0.3372043171242787 | 0.713071817949924 | 0.6946117596151167 | 0.24011870988008277:-0.3249828106573034 | 0.31276472013236756 | 0.7295209716879185
-0.3249828106573034 | 0.31276472013236756 | 0.7295209716879185 | 0.6946117596151167 | 0.24011870988008277:-0.3166003442644083 | 0.28772110275086504 | 0.7450237452822108
-0.3166003442644083 | 0.28772110275086504 | 0.7450237452822108 | 0.6946117596151167 | 0.24011870988008277:-0.3080227761403016 | 0.2621068016762642 | 0.7595553242711048
-0.3080227761403016 | 0.2621068016762642 | 0.7595553242711048 | 0.6946117596151167 | 0.24011870988008277:-0.2992621211951416 | 0.2359560626662045 | 0.7730922351678373
-0.2992621211951416 | 0.2359560626662045 | 0.7730922351678373 | 0.6946117596151167 | 0.24011870988008277:-0.29033068308283916 | 0.20930399181299464 | 0.7856123821031247
-0.29033068308283916 | 0.20930399181299464 | 0.7856123821031247 | 0.6946117596151167 | 0.24011870988008277:-0.2812410367029514 | 0.18218650551172288 | 0.7970950814594175
-0.2812410367029514 | 0.18218650551172288 | 0.7970950814594175 | 0.6946117596151167 | 0.24011870988008277:-0.2720060102893278 | 0.1546402791972099 | 0.807521094446102
