0.0 | 0.0 | 0.0 | 0.6946117596151167 | 0.24011870988008277:1.199840710807E-4 | -3.472360631642246E-4 | 0.009993249268337355
1.199840710807E-4 | -3.472360631642246E-4 | 0.009993249268337355 | 0.6946117596151167 | 0.24011870988008277:4.770701451644921E-4 | -0.0013811163511765479 | 0.019846282314355652
4.770701451644921E-4 | -0.0013811163511765479 | 0.019846282314355652 | 0.6946117596151167 | 0.24011870988008277:0.0010665252664814914 | -0.00308863231505474 | 0.029520709261099343
0.0010665252664814914 | -0.00308863231505474 | 0.029520709261099343 | 0.6946117596151167 | 0.24011870988008277:0.0018830523540894189 | -0.005455126549063438 | 0.03897909870796863
0.0018830523540894189 | -0.005455126549063438 | 0.03897909870796863 | 0.6946117596151167 | 0.24011870988008277:0.0 | 0.0 | 0.0
0.0 | 0.0 | 0.0 | 0.6946117596151167 | 0.24011870988008277:0.0029208087014375925 | -0.008464345074588708 | 0.04818504900684843
0.0029208087014375925 | -0.008464345074588708 | 0.04818504900684843 | 0.6946117596151167 | 0.24011870988008277:0.004173425331252466 | -0.012098492148206352 | 0.05710325667484764
0.004173425331252466 | -0.012098492148206352 | 0.05710325667484764 | 0.6946117596151167 | 0.24011870988008277:0.005634027160767916 | -0.016338287465397672 | 0.06569958185291641
0.005634027160767916 | -0.016338287465397672 | 0.06569958185291641 | 0.6946117596151167 | 0.24011870988008277:0.007295253931461073 | -0.02116302562876826 | 0.0739411107256785
0.007295253931461073 | -0.02116302562876826 | 0.0739411107256785 | 0.6946117596151167 | 0.24011870988008277:0.009149281856676211 | -0.026550637747266848 | 0.08179621482395338
0.009149281856676211 | -0.026550637747266848 | 0.08179621482395338 | 0.6946117596151167 | 0.24011870988008277:0.011187845939824984 | -0.03247775503078976 | 0.08923460713763837
0.011187845939824984 | -0.03247775503078976 | 0.08923460713763837 | 0.6946117596151167 | 0.24011870988008277:0.013402262915241804 | -0.03891977424267479 | 0.09622739497286137
0.013402262915241804 | -0.03891977424267479 | 0.09622739497286137 | 0.6946117596151167 | 0.24011870988008277:0.01578345476324753 | -0.045850924870969756 | 0.10274712949359521
0.01578345476324753 | -0.045850924870969756 | 0.10274712949359521 | 0.6946117596151167 | 0.24011870988008277:0.018321972750533905 | -0.05324433787796945 | 0.10876785189422777
0.018321972750533905 | -0.05324433787796945 | 0.10876785189422777 | 0.6946117596151167 | 0.24011870988008277:0.021008021946623587 | -0.06107211588637207 | 0.1142651361559065
0.021008021946623587 | -0.06107211588637207 | 0.1142651361559065 | 0.9730407087856212 | 0.10107263477836548:0.022997155925847043 | -0.07096215966241726 | 0.11840256256125248
0.022997155925847043 | -0.07096215966241726 | 0.11840256256125248 | 0.9730407087856212 | 0.10107263477836548:0.02502608239719764 | -0.08134639515122544 | 0.12174256841323738
0.02502608239719764 | -0.08134639515122544 | 0.12174256841323738 | 0.9730407087856212 | 0.10107263477836548:0.027088859896659212 | -0.09216753952348222 | 0.1242504681364427
0.027088859896659212 | -0.09216753952348222 | 0.1242504681364427 | 0.9730407087856212 | 0.10107263477836548:0.029179351370498513 | -0.10336634194381755 | 0.1258954326262447
0.029179351370498513 | -0.10336634194381755 | 0.1258954326262447 | 0.9730407087856212 | 0.10107263477836548:0.031291249552459904 | -0.11488182545517511 | 0.12665058713147048
0.031291249552459904 | -0.11488182545517511 | 0.12665058713147048 | 0.9730407087856212 | 0.10107263477836548:0.03341810273726534 | -0.12665153303547316 | 0.12649309453256663
0.03341810273726534 | -0.12665153303547316 | 0.12649309453256663 | 0.9730407087856212 | 0.10107263477836548:0.035553340863153926 | -0.13861177698975746 | 0.12540422387159422
0.035553340863153926 | -0.13861177698975746 | 0.12540422387159422 | 0.9730407087856212 | 0.10107263477836548:0.03769030181605004 | -0.15069789083850837 | 0.1233694040370894
0.03769030181605004 | -0.15069789083850837 | 0.1233694040370894 | 0.9730407087856212 | 0.10107263477836548:0.03982225786806243 | -0.162844482862734 | 0.12037826255341866
0.03982225786806243 | -0.162844482862734 | 0.12037826255341866 | 0.9730407087856212 | 0.10107263477836548:0.04194244216338766 | -0.17498569046892776 | 0.11642464947052211
0.04194244216338766 | -0.17498569046892776 | 0.11642464947052211 | 0.9730407087856212 | 0.10107263477836548:0.04404407516531467 | -0.18705543454182916 | 0.11150664639582164
0.04404407516531467 | -0.18705543454182916 | 0.11150664639582164 | 0.9730407087856212 | 0.10107263477836548:0.04612039097889753 | -0.19898767296025133 | 0.1056265607553648
0.04612039097889753 | -0.19898767296025133 | 0.1056265607553648 | 0.9730407087856212 | 0.10107263477836548:0.04816466346497961 | -0.21071665246085391 | 0.09879090541593127
0.04816466346497961 | -0.21071665246085391 | 0.09879090541593127 | 0.9730407087856212 | 0.10107263477836548:0.050170232062605735 | -0.22217715804672666 | 0.09101036384367589
0.050170232062605735 | -0.22217715804672666 | 0.09101036384367589 | 0.9730407087856212 | 0.10107263477836548:0.05213052723844258 | -0.233304759151868 | 0.08229974101783144
0.05213052723844258 | -0.233304759151868 | 0.08229974101783144 | -0.5851641275755821 | -0.4879612593492977:0.05141751800941874 | -0.23761796717189565 | 0.09300449523032706
0.05141751800941874 | -0.23761796717189565 | 0.09300449523032706 | -0.5851641275755821 | -0.4879612593492977:0.05035614378566977 | -0.2414677589098373 | 0.10401473976551445
0.05035614378566977 | -0.2414677589098373 | 0.10401473976551445 | -0.5851641275755821 | -0.4879612593492977:0.04893542675240048 | -0.24484101999235275 | 0.11529967279884223
0.04893542675240048 | -0.24484101999235275 | 0.11529967279884223 | -0.5851641275755821 | -0.4879612593492977:0.04714540261507261 | -0.24772583535767456 | 0.1268277325187941
0.04714540261507261 | -0.24772583535767456 | 0.1268277325187941 | -0.5851641275755821 | -0.4879612593492977:0.0 | 0.0 | 0.0
0.0 | 0.0 | 0.0 | 0.2529977754688417 | 0.2671005528137371:0.050033617221931115 | -0.25564957773223895 | 0.12617196517254747
0.050033617221931115 | -0.25564957773223895 | 0.12617196517254747 | 0.2529977754688417 | 0.2671005528137371:0.05293926321438003 | -0.26353967649674637 | 0.12524992184978645
0.05293926321438003 | -0.26353967649674637 | 0.12524992184978645 | 0.2529977754688417 | 0.2671005528137371:0.05585682604225195 | -0.2713914173190535 | 0.12406307978225017
0.05585682604225195 | -0.2713914173190535 | 0.12406307978225017 | 0.2529977754688417 | 0.2671005528137371:0.05878084858353616 | -0.2792001340463912 | 0.12261307946474664
0.05878084858353616 | -0.2792001340463912 | 0.12261307946474664 | 0.2529977754688417 | 0.2671005528137371:0.061705933338805696 | -0.28696121085193393 | 0.1209017220977362
0.061705933338805696 | -0.28696121085193393 | 0.1209017220977362 | 0.2529977754688417 | 0.2671005528137371:0.06462674457539541 | -0.2946700843335508 | 0.11893096698418448
0.06462674457539541 | -0.2946700843335508 | 0.11893096698418448 | 0.2529977754688417 | 0.2671005528137371:0.06753801042102481 | -0.3023222455644321 | 0.11670292888226408
0.06753801042102481 | -0.3023222455644321 | 0.11670292888226408 | 0.2529977754688417 | 0.2671005528137371:0.07043452490659097 | -0.30991324209533744 | 0.1142198753154795
0.07043452490659097 | -0.30991324209533744 | 0.1142198753154795 | 0.2529977754688417 | 0.2671005528137371:0.07331114995786625 | -0.31743867990819385 | 0.11148422384178502
0.07331114995786625 | -0.31743867990819385 | 0.11148422384178502 | 0.2529977754688417 | 0.2671005528137371:0.07616281733586883 | -0.3248942253208371 | 0.10849853928325537
0.07616281733586883 | -0.3248942253208371 | 0.10849853928325537 | -0.5533401611126625 | 0.4240508597152315:0.08009026916960571 | -0.32772062770276644 | 0.11794577536689133
0.08009026916960571 | -0.32772062770276644 | 0.11794577536689133 | -0.5533401611126625 | 0.4240508597152315:0.08425224051991997 | -0.3301641604728225 | 0.12749191212477662
0.08425224051991997 | -0.3301641604728225 | 0.12749191212477662 | -0.5533401611126625 | 0.4240508597152315:0.08865243972715309 | -0.332220479033138 | 0.1371161633687894
0.08865243972715309 | -0.332220479033138 | 0.1371161633687894 | -0.5533401611126625 | 0.4240508597152315:0.09329400253048425 | -0.3338859751355212 | 0.1467975237920287
0.09329400253048425 | -0.3338859751355212 | 0.1467975237920287 | -0.5533401611126625 | 0.4240508597152315:0.09817948870148974 | -0.33515778190683854 | 0.15651480902961268
0.09817948870148974 | -0.33515778190683854 | 0.15651480902961268 | -0.5533401611126625 | 0.4240508597152315:0.10331087967837504 | -0.3360337775687956 | 0.16624669579111817
0.10331087967837504 | -0.3360337775687956 | 0.16624669579111817 | -0.5533401611126625 | 0.4240508597152315:0.10868957719738326 | -0.33651258785580573 | 0.17597176200004228
0.10868957719738326 | -0.33651258785580573 | 0.17597176200004228 | -0.5533401611126625 | 0.4240508597152315:0.11431640291640655 | -0.3365935871365444 | 0.18566852687619928
0.11431640291640655 | -0.3365935871365444 | 0.18566852687619928 | -0.5533401611126625 | 0.4240508597152315:0.12019159902437249 | -0.33627689824672125 | 0.1953154908975545
0.12019159902437249 | -0.33627689824672125 | 0.1953154908975545 | -0.5533401611126625 | 0.4240508597152315:0.12631482982854925 | -0.33556339104245403 | 0.2048911755787035
0.12631482982854925 | -0.33556339104245403 | 0.2048911755787035 | -0.5533401611126625 | 0.4240508597152315:0.13268518431049747 | -0.33445467968548215 | 0.21437416300397327
0.13268518431049747 | -0.33445467968548215 | 0.21437416300397327 | -0.5533401611126625 | 0.4240508597152315:0.13930117964001631 | -0.3329531186733039 | 0.2237431350539678
0.13930117964001631 | -0.3329531186733039 | 0.2237431350539678 | -0.5533401611126625 | 0.4240508597152315:0.1461607656350825 | -0.33106179762905263 | 0.232976912265344
0.1461607656350825 | -0.33106179762905263 | 0.232976912265344 | -0.5533401611126625 | 0.4240508597152315:0.153261330154435 | -0.3287845348677312 | 0.24205449226459574
0.153261330154435 | -0.3287845348677312 | 0.24205449226459574 | -0.5533401611126625 | 0.4240508597152315:0.1605997054081767 | -0.3261258697570817 | 0.25095508771772135
0.1605997054081767 | -0.3261258697570817 | 0.25095508771772135 | -0.5533401611126625 | 0.4240508597152315:0.16817217517049432 | -0.32309105389307824 | 0.2596581637388278
0.16817217517049432 | -0.32309105389307824 | 0.2596581637388278 | -0.5533401611126625 | 0.4240508597152315:0.1759744828773524 | -0.31968604111162335 | 0.2681434747019509
0.1759744828773524 | -0.31968604111162335 | 0.2681434747019509 | -0.5533401611126625 | 0.4240508597152315:0.18400184059084168 | -0.3159174763596386 | 0.2763911004016748
0.18400184059084168 | -0.3159174763596386 | 0.2763911004016748 | -0.5533401611126625 | 0.4240508597152315:0.1922489388106734 | -0.31179268345025335 | 0.2843814815095289
0.1922489388106734 | -0.31179268345025335 | 0.2843814815095289 | -0.5533401611126625 | 0.4240508597152315:0.20070995711220396 | -0.30731965172829945 | 0.2920954542745431
0.20070995711220396 | -0.30731965172829945 | 0.2920954542745431 | -0.5533401611126625 | 0.4240508597152315:0.20937857558928297 | -0.30250702167374754 | 0.2995142844178993
0.20937857558928297 | -0.30250702167374754 | 0.2995142844178993 | -0.5533401611126625 | 0.4240508597152315:0.21824798707916226 | -0.2973640694721382 | 0.3066197001731066
0.21824798707916226 | -0.2973640694721382 | 0.3066197001731066 | -0.5533401611126625 | 0.4240508597152315:0.22731091014570293 | -0.29190069058233803 | 0.3133939244248136
0.22731091014570293 | -0.29190069058233803 | 0.3133939244248136 | -0.5533401611126625 | 0.4240508597152315:0.23655960279615318 | -0.28612738233331214 | 0.3198197059010095
0.23655960279615318 | -0.28612738233331214 | 0.3198197059010095 | -0.5533401611126625 | 0.4240508597152315:0.24598587690584583 | -0.2800552255827711 | 0.32588034937506727
0.24598587690584583 | -0.2800552255827711 | 0.32588034937506727 | -0.5533401611126625 | 0.4240508597152315:0.2555811133242738 | -0.27369586547172986 | 0.3315597448359213
0.2555811133242738 | -0.27369586547172986 | 0.3315597448359213 | -0.5533401611126625 | 0.4240508597152315:0.2653362776351882 | -0.26706149131018897 | 0.3368423955864177
0.2653362776351882 | -0.26706149131018897 | 0.3368423955864177 | -0.5533401611126625 | 0.4240508597152315:0.2752419365425576 | -0.2601648156301053 | 0.34171344523179137
0.2752419365425576 | -0.2601648156301053 | 0.34171344523179137 | -0.5533401611126625 | 0.4240508597152315:0.2852882748534826 | -0.25301905244292655 | 0.34615870352208766
0.2852882748534826 | -0.25301905244292655 | 0.34615870352208766 | -0.5533401611126625 | 0.4240508597152315:0.2954651130284791 | -0.2456378947397866 | 0.3501646710143067
0.2954651130284791 | -0.2456378947397866 | 0.3501646710143067 | -0.5533401611126625 | 0.4240508597152315:0.3057619252688717 | -0.2380354912734468 | 0.3537185625220385
0.3057619252688717 | -0.2380354912734468 | 0.3537185625220385 | -0.5533401611126625 | 0.4240508597152315:0.3161678581104459 | -0.23022642266180426 | 0.35680832932228945
0.3161678581104459 | -0.23022642266180426 | 0.35680832932228945 | -0.5533401611126625 | 0.4240508597152315:0.32667174949197264 | -0.22222567685355443 | 0.3594226800913596
0.32667174949197264 | -0.22222567685355443 | 0.3594226800913596 | -0.5533401611126625 | 0.4240508597152315:0.3372621482666611 | -0.21404862399731428 | 0.3615511005435348
0.3372621482666611 | -0.21404862399731428 | 0.3615511005435348 | -0.5533401611126625 | 0.4240508597152315:0.34792733412420507 | -0.20571099075611698 | 0.3631838717485856
0.34792733412420507 | -0.20571099075611698 | 0.3631838717485856 | -0.5533401611126625 | 0.4240508597152315:0.35865533789062454 | -0.19722883410971903 | 0.36431208710605745
0.35865533789062454 | -0.19722883410971903 | 0.36431208710605745 | -0.5533401611126625 | 0.4240508597152315:0.36943396217277247 | -0.18861851468773239 | 0.364927667956529
0.36943396217277247 | -0.18861851468773239 | 0.364927667956529 | -0.5533401611126625 | 0.4240508597152315:0.3802508023140643 | -0.17989666967696394 | 0.36502337781206684
0.3802508023140643 | -0.17989666967696394 | 0.36502337781206684 | -0.5533401611126625 | 0.4240508597152315:0.39109326762772945 | -0.17108018534673164 | 0.36459283519035424
0.39109326762772945 | -0.17108018534673164 | 0.36459283519035424 | -0.5533401611126625 | 0.4240508597152315:0.4019486028736541 | -0.16218616923625362 | 0.36363052503900484
0.4019486028736541 | -0.16218616923625362 | 0.36363052503900484 | 0.8563916765810184 | 0.7801631107728031:0.41872934045075283 | -0.17896637362032308 | 0.34302086446691504
0.41872934045075283 | -0.17896637362032308 | 0.34302086446691504 | 0.8563916765810184 | 0.7801631107728031:0.43473052579805227 | -0.1949448216767209 | 0.3208622645146093
0.43473052579805227 | -0.1949448216767209 | 0.3208622645146093 | 0.8563916765810184 | 0.7801631107728031:0.44988473950960817 | -0.21004594274835497 | 0.2972179428307733
0.44988473950960817 | -0.21004594274835497 | 0.2972179428307733 | 0.8563916765810184 | 0.7801631107728031:0.46412715887326783 | -0.22419687797329857 | 0.27215769126203426
0.46412715887326783 | -0.22419687797329857 | 0.27215769126203426 | 0.8563916765810184 | 0.7801631107728031:0.47739583966422217 | -0.23732779459785647 | 0.24575764241305365
0.47739583966422217 | -0.23732779459785647 | 0.24575764241305365 | 0.8260450855149761 | 0.06328722883393034:0.4815028255657179 | -0.24901225153404383 | 0.23588453473673
0.4815028255657179 | -0.24901225153404383 | 0.23588453473673 | 0.8260450855149761 | 0.06328722883393034:0.48554833071178827 | -0.2603275694446836 | 0.2254249309226104
0.48554833071178827 | -0.2603275694446836 | 0.2254249309226104 | 0.8260450855149761 | 0.06328722883393034:0.48953051890743815 | -0.2712452526340421 | 0.21439395791282578
0.48953051890743815 | -0.2712452526340421 | 0.21439395791282578 | 0.8260450855149761 | 0.06328722883393034:0.49344760387157294 | -0.2817374709073057 | 0.20280810877255462
0.49344760387157294 | -0.2817374709073057 | 0.20280810877255462 | 0.8260450855149761 | 0.06328722883393034:0.4972978540989601 | -0.2917771232712383 | 0.19068521107407932
0.4972978540989601 | -0.2917771232712383 | 0.19068521107407932 | 0.5891335385529595 | -0.42588383773880745:0.49649971862976194 | -0.299188998220437 | 0.1938016293768321
0.49649971862976194 | -0.299188998220437 | 0.1938016293768321 | 0.5891335385529595 | -0.42588383773880745:0.49558242460296675 | -0.3067057022404569 | 0.1966786882162026
0.49558242460296675 | -0.3067057022404569 | 0.1966786882162026 | 0.5891335385529595 | -0.42588383773880745:0.4945518021568436 | -0.3143199105435883 | 0.19930925424067425
0.4945518021568436 | -0.3143199105435883 | 0.19930925424067425 | 0.5891335385529595 | -0.42588383773880745:0.49341385575339913 | -0.32202404519997785 | 0.20168657664477152
0.49341385575339913 | -0.32202404519997785 | 0.20168657664477152 | 0.5891335385529595 | -0.42588383773880745:0.4921747547180573 | -0.3298102881048237 | 0.20380429962373725
0.4921747547180573 | -0.3298102881048237 | 0.20380429962373725 | 0.5891335385529595 | -0.42588383773880745:0.49084082350448455 | -0.3376705943351297 | 0.2056564741503415
0.49084082350448455 | -0.3376705943351297 | 0.2056564741503415 | 0.5891335385529595 | -0.42588383773880745:0.4894185317013715 | -0.34559670587304225 | 0.20723756905658774
0.4894185317013715 | -0.34559670587304225 | 0.20723756905658774 | 0.5891335385529595 | -0.42588383773880745:0.48791448379824587 | -0.3535801656724047 | 0.20854248140430798
0.48791448379824587 | -0.3535801656724047 | 0.20854248140430798 | 0.5891335385529595 | -0.42588383773880745:0.4863354087277365 | -0.3616123320446043 | 0.20956654612977133
0.4863354087277365 | -0.3616123320446043 | 0.20956654612977133 | 0.5891335385529595 | -0.42588383773880745:0.4846881492020181 | -0.3696843933394689 | 0.21030554494872078
0.4846881492020181 | -0.3696843933394689 | 0.21030554494872078 | 0.788223233837906 | -0.32798471839084886:0.4840673317698929 | -0.37976375043761124 | 0.20461899517653492
0.4840673317698929 | -0.37976375043761124 | 0.20461899517653492 | 0.788223233837906 | -0.32798471839084886:0.48350256945679604 | -0.3896325438092276 | 0.19848005820634995
0.48350256945679604 | -0.3896325438092276 | 0.19848005820634995 | 0.788223233837906 | -0.32798471839084886:0.4830024040565526 | -0.3992709207087337 | 0.19189736779982525
0.4830024040565526 | -0.3992709207087337 | 0.19189736779982525 | 0.788223233837906 | -0.32798471839084886:0.48257522372388806 | -0.408659368860544 | 0.1848805890061591
0.48257522372388806 | -0.408659368860544 | 0.1848805890061591 | 0.788223233837906 | -0.32798471839084886:0.4822292443911955 | -0.4177787615537767 | 0.177440400634314
0.4822292443911955 | -0.4177787615537767 | 0.177440400634314 | 0.788223233837906 | -0.32798471839084886:0.48197249153733424 | -0.42661040193493704 | 0.16958847545149425
0.48197249153733424 | -0.42661040193493704 | 0.16958847545149425 | 0.788223233837906 | -0.32798471839084886:0.48181278234813973 | -0.43513606640216196 | 0.16133745815315947
0.48181278234813973 | -0.43513606640216196 | 0.16133745815315947 | 0.788223233837906 | -0.32798471839084886:0.4817577083073701 | -0.4433380470070247 | 0.15270094115447463
0.4817577083073701 | -0.4433380470070247 | 0.15270094115447463 | 0.788223233837906 | -0.32798471839084886:0.48181461825583227 | -0.4511991927721013 | 0.14369343825763892
0.48181461825583227 | -0.4511991927721013 | 0.14369343825763892 | 0.788223233837906 | -0.32798471839084886:0.4819906019553635 | -0.45870294983505744 | 0.13433035625399015
0.4819906019553635 | -0.45870294983505744 | 0.13433035625399015 | -0.4185566949737287 | 0.24440350141750988:0.48600193542327474 | -0.45794822621490994 | 0.13865229151276992
0.48600193542327474 | -0.45794822621490994 | 0.13865229151276992 | -0.4185566949737287 | 0.24440350141750988:0.4900509643355875 | -0.45706766233063334 | 0.142918415756494
0.4900509643355875 | -0.45706766233063334 | 0.142918415756494 | -0.4185566949737287 | 0.24440350141750988:0.49413723425762157 | -0.45606260426974643 | 0.14712498597686618
0.49413723425762157 | -0.45606260426974643 | 0.14712498597686618 | -0.4185566949737287 | 0.24440350141750988:0.49826023474809844 | -0.4549344884025608 | 0.15126830077908693
0.49826023474809844 | -0.4549344884025608 | 0.15126830077908693 | -0.4185566949737287 | 0.24440350141750988:0.5024194000874118 | -0.453684840225673 | 0.15534470325593475
0.5024194000874118 | -0.453684840225673 | 0.15534470325593475 | -0.4185566949737287 | 0.24440350141750988:0.5066141100424986 | -0.4523152731417994 | 0.15935058381683476
0.5066141100424986 | -0.4523152731417994 | 0.15935058381683476 | -0.4185566949737287 | 0.24440350141750988:0.510843690667464 | -0.4508274871771789 | 0.1632823829701877
0.510843690667464 | -0.4508274871771789 | 0.1632823829701877 | -0.4185566949737287 | 0.24440350141750988:0.5151074151393153 | -0.4492232676377981 | 0.16713659405722225
0.5151074151393153 | -0.4492232676377981 | 0.16713659405722225 | -0.4185566949737287 | 0.24440350141750988:0.5194045046280138 | -0.4475044837057567 | 0.1709097659357397
0.5194045046280138 | -0.4475044837057567 | 0.1709097659357397 | -0.4185566949737287 | 0.24440350141750988:0.5237341292000579 | -0.445673086977024 | 0.17459850561208867
0.5237341292000579 | -0.445673086977024 | 0.17459850561208867 | -0.6812794989768831 | -0.6195638578462748:0.5197271716945586 | -0.44126744604972856 | 0.20664903024663772
0.5197271716945586 | -0.44126744604972856 | 0.20664903024663772 | -0.6812794989768831 | -0.6195638578462748:0.5146847513607185 | -0.4357253674629078 | 0.23850782058848097
0.5146847513607185 | -0.4357253674629078 | 0.23850782058848097 | -0.6812794989768831 | -0.6195638578462748:0.5086115068622235 | -0.42905062051394083 | 0.2700999087996401
0.5086115068622235 | -0.42905062051394083 | 0.2700999087996401 | -0.6812794989768831 | -0.6195638578462748:0.5015145614899303 | -0.42124971050647275 | 0.3013505202311322
0.5015145614899303 | -0.42124971050647275 | 0.3013505202311322 | -0.6812794989768831 | -0.6195638578462748:0.4934035159768442 | -0.4123318739627422 | 0.3321852565124459
0.4934035159768442 | -0.4123318739627422 | 0.3321852565124459 | -0.4978371888111863 | -0.7525643057623992:0.4820082742284342 | -0.4054780919893588 | 0.3620408183816046
0.4820082742284342 | -0.4054780919893588 | 0.3620408183816046 | -0.4978371888111863 | -0.7525643057623992:0.4694324213358243 | -0.39783353763346696 | 0.39135792843984873
0.4694324213358243 | -0.39783353763346696 | 0.39135792843984873 | -0.4978371888111863 | -0.7525643057623992:0.4556952124442759 | -0.3894101269325958 | 0.4200681313952259
0.4556952124442759 | -0.3894101269325958 | 0.4200681313952259 | -0.4978371888111863 | -0.7525643057623992:0.4408186647065193 | -0.3802216151407194 | 0.4481039781522824
0.4408186647065193 | -0.3802216151407194 | 0.4481039781522824 | -0.4978371888111863 | -0.7525643057623992:0.42482751649813366 | -0.3702835717557136 | 0.4753991866979952
0.42482751649813366 | -0.3702835717557136 | 0.4753991866979952 | -0.4978371888111863 | -0.7525643057623992:0.4077491801696169 | -0.35961335124156335 | 0.5018888005768183
0.4077491801696169 | -0.35961335124156335 | 0.5018888005768183 | -0.4978371888111863 | -0.7525643057623992:0.3896136884432835 | -0.3482300595119554 | 0.5275093445830272
0.3896136884432835 | -0.3482300595119554 | 0.5275093445830272 | -0.4978371888111863 | -0.7525643057623992:0.3704536345774301 | -0.33615451625198745 | 0.5521989773056433
0.3704536345774301 | -0.33615451625198745 | 0.5521989773056433 | -0.4978371888111863 | -0.7525643057623992:0.3503041064348267 | -0.32340921316396276 | 0.5758976401686056
0.3503041064348267 | -0.32340921316396276 | 0.5758976401686056 | -0.4978371888111863 | -0.7525643057623992:0.32920261460623124 | -0.31001826823283096 | 0.5985472026175209
0.32920261460623124 | -0.31001826823283096 | 0.5985472026175209 | 0.3282553613705055 | -0.15188496354637016:0.3257682502853214 | -0.32086496177816315 | 0.597845947683112
0.3257682502853214 | -0.32086496177816315 | 0.597845947683112 | 0.3282553613705055 | -0.15188496354637016:0.32231503090770275 | -0.3317201362931712 | 0.5969113741839891
0.32231503090770275 | -0.3317201362931712 | 0.5969113741839891 | 0.3282553613705055 | -0.15188496354637016:0.31884520994542953 | -0.34257926730607124 | 0.5957429948369004
0.31884520994542953 | -0.34257926730607124 | 0.5957429948369004 | 0.3282553613705055 | -0.15188496354637016:0.3153610408669536 | -0.3534378260414428 | 0.594340431163058
0.3153610408669536 | -0.3534378260414428 | 0.594340431163058 | 0.3282553613705055 | -0.15188496354637016:0.3118647762112019 | -0.36429128145731227 | 0.5927034132913143
0.3118647762112019 | -0.36429128145731227 | 0.5927034132913143 | 0.3282553613705055 | -0.15188496354637016:0.30835866666626544 | -0.3751351022720897 | 0.5908317797186626
0.30835866666626544 | -0.3751351022720897 | 0.5908317797186626 | 0.3282553613705055 | -0.15188496354637016:0.3048449601530834 | -0.3859647589807622 | 0.5887254770283405
0.3048449601530834 | -0.3859647589807622 | 0.5887254770283405 | 0.3282553613705055 | -0.15188496354637016:0.301325900914442 | -0.3967757258596549 | 0.5863845595659853
0.301325900914442 | -0.3967757258596549 | 0.5863845595659853 | 0.3282553613705055 | -0.15188496354637016:0.2978037286095514 | -0.40756348295906974 | 0.5838091890741666
0.2978037286095514 | -0.40756348295906974 | 0.5838091890741666 | 0.3282553613705055 | -0.15188496354637016:0.2942806774145339 | -0.4183235180832483 | 0.5809996342857247
0.2942806774145339 | -0.4183235180832483 | 0.5809996342857247 | 0.8607615649607685 | -0.7566045128393541:0.2735933889155646 | -0.4442264784483356 | 0.574864130291779
0.2735933889155646 | -0.4442264784483356 | 0.574864130291779 | 0.8607615649607685 | -0.7566045128393541:0.25312585517733055 | -0.4698986269489396 | 0.5667979370338472
0.25312585517733055 | -0.4698986269489396 | 0.5667979370338472 | 0.8607615649607685 | -0.7566045128393541:0.23295299895680444 | -0.4952545833499471 | 0.5568179590263185
0.23295299895680444 | -0.4952545833499471 | 0.5568179590263185 | 0.8607615649607685 | -0.7566045128393541:0.2131490491227197 | -0.5202096097689477 | 0.5449478310702958
0.2131490491227197 | -0.5202096097689477 | 0.5449478310702958 | 0.8607615649607685 | -0.7566045128393541:0.19378727666618545 | -0.5446799122395944 | 0.5312178625289334
0.19378727666618545 | -0.5446799122395944 | 0.5312178625289334 | 0.8607615649607685 | -0.7566045128393541:0.17493973329355583 | -0.568582939851737 | 0.515664957681814
0.17493973329355583 | -0.568582939851737 | 0.515664957681814 | 0.8607615649607685 | -0.7566045128393541:0.1566769935419714 | -0.5918376803933896 | 0.49833251239333265
0.1566769935419714 | -0.5918376803933896 | 0.49833251239333265 | 0.8607615649607685 | -0.7566045128393541:0.13906790134642222 | -0.6143649514308791 | 0.47927028741529654
0.13906790134642222 | -0.6143649514308791 | 0.47927028741529654 | 0.8607615649607685 | -0.7566045128393541:0.12217932197214054 | -0.6360876857787261 | 0.45853425872790154
0.12217932197214054 | -0.6360876857787261 | 0.45853425872790154 | 0.8607615649607685 | -0.7566045128393541:0.10607590020806867 | -0.6569312103298444 | 0.43618644540561036
0.10607590020806867 | -0.6569312103298444 | 0.43618644540561036 | 0.8607615649607685 | -0.7566045128393541:0.09081982569572489 | -0.6768235172390504 | 0.4122947155755412
0.09081982569572489 | -0.6768235172390504 | 0.4122947155755412 | 0.8607615649607685 | -0.7566045128393541:0.07647060624308466 | -0.6956955264793478 | 0.3869325711145919
0.07647060624308466 | -0.6956955264793478 | 0.3869325711145919 | 0.8607615649607685 | -0.7566045128393541:0.06308484994583807 | -0.713481338819868 | 0.3601789118079921
0.06308484994583807 | -0.713481338819868 | 0.3601789118079921 | 0.8607615649607685 | -0.7566045128393541:0.050716056907674556 | -0.7301184783076948 | 0.33211777976615053
0.050716056907674556 | -0.7301184783076948 | 0.33211777976615053 | 0.8607615649607685 | -0.7566045128393541:0.03941442131790751 | -0.7455481233720178 | 0.30283808496754006
0.03941442131790751 | -0.7455481233720178 | 0.30283808496754006 | -0.7801229602041095 | -0.6276970211490593:0.02905686794248652 | -0.7349398907638047 | 0.33355739868701306
0.02905686794248652 | -0.7349398907638047 | 0.33355739868701306 | -0.7801229602041095 | -0.6276970211490593:0.017726376540785793 | -0.7230917874354006 | 0.3635611236697116
0.017726376540785793 | -0.7230917874354006 | 0.3635611236697116 | -0.7801229602041095 | -0.6276970211490593:0.005445827722972751 | -0.7100308294389208 | 0.39276781656777615
0.005445827722972751 | -0.7100308294389208 | 0.39276781656777615 | -0.7801229602041095 | -0.6276970211490593:-0.007759261877318124 | -0.6957873424229888 | 0.42109782723061073
-0.007759261877318124 | -0.6957873424229888 | 0.42109782723061073 | -0.7801229602041095 | -0.6276970211490593:-0.021860800215115717 | -0.6803948906113177 | 0.448473518954124
-0.021860800215115717 | -0.6803948906113177 | 0.448473518954124 | -0.23199454135695063 | 0.029426117907814353:-0.021237403821722012 | -0.6766776189459875 | 0.4574018186126523
-0.021237403821722012 | -0.6766776189459875 | 0.4574018186126523 | -0.23199454135695063 | 0.029426117907814353:-0.020598923033794847 | -0.6728297457362089 | 0.46629270262267397
-0.020598923033794847 | -0.6728297457362089 | 0.46629270262267397 | -0.23199454135695063 | 0.029426117907814353:-0.019945425206550738 | -0.668851905440647 | 0.475144247355864
-0.019945425206550738 | -0.668851905440647 | 0.475144247355864 | -0.23199454135695063 | 0.029426117907814353:-0.019276980977139146 | -0.664744757326929 | 0.48395454290673
-0.019276980977139146 | -0.664744757326929 | 0.48395454290673 | -0.23199454135695063 | 0.029426117907814353:-0.018593664230472484 | -0.6605089852148183 | 0.4927216933524008
-0.018593664230472484 | -0.6605089852148183 | 0.4927216933524008 | -0.23199454135695063 | 0.029426117907814353:-0.01789555206480742 | -0.6561452972177122 | 0.5014438170085
-0.01789555206480742 | -0.6561452972177122 | 0.5014438170085 | -0.23199454135695063 | 0.029426117907814353:-0.017182724757105916 | -0.6516544254825334 | 0.5101190466811971
-0.017182724757105916 | -0.6516544254825334 | 0.5101190466811971 | -0.23199454135695063 | 0.029426117907814353:-0.016455265728289703 | -0.6470371259280441 | 0.5187455299154138
-0.016455265728289703 | -0.6470371259280441 | 0.5187455299154138 | -0.23199454135695063 | 0.029426117907814353:-0.01571326150826735 | -0.642294177981583 | 0.5273214292392439
-0.01571326150826735 | -0.642294177981583 | 0.5273214292392439 | -0.23199454135695063 | 0.029426117907814353:-0.014956801700776623 | -0.6374263843143524 | 0.5358449224044364
-0.014956801700776623 | -0.6374263843143524 | 0.5358449224044364 | -0.4222182810055448 | 0.3259483439883235:-0.0060170272812527514 | -0.6272291729421298 | 0.5504543934130055
-0.0060170272812527514 | -0.6272291729421298 | 0.5504543934130055 | -0.4222182810055448 | 0.3259483439883235:0.0031744168205847245 | -0.6166899604102625 | 0.5647127830417489
0.0031744168205847245 | -0.6166899604102625 | 0.5647127830417489 | -0.4222182810055448 | 0.3259483439883235:0.012611703833819377 | -0.60581628660006 | 0.5786076952657169
0.012611703833819377 | -0.60581628660006 | 0.5786076952657169 | -0.4222182810055448 | 0.3259483439883235:0.022288788580389962 | -0.5946159759466525 | 0.5921270053796164
0.022288788580389962 | -0.5946159759466525 | 0.5921270053796164 | -0.4222182810055448 | 0.3259483439883235:0.032199412438274067 | -0.5830971311293212 | 0.6052588701667929
0.032199412438274067 | -0.5830971311293212 | 0.6052588701667929 | 0.26577139363334634 | -0.3829055819534968:0.02079495072990767 | -0.5922054732622968 | 0.5990940983158168
0.02079495072990767 | -0.5922054732622968 | 0.5990940983158168 | 0.26577139363334634 | -0.3829055819534968:0.009491371548968175 | -0.6012346904923618 | 0.5925661081508835
0.009491371548968175 | -0.6012346904923618 | 0.5925661081508835 | 0.26577139363334634 | -0.3829055819534968:-0.0017037064451912443 | -0.6101795908459735 | 0.5856777878038457
-0.0017037064451912443 | -0.6101795908459735 | 0.5856777878038457 | 0.26577139363334634 | -0.3829055819534968:-0.012782726203447226 | -0.6190350224036365 | 0.5784322596852505
-0.012782726203447226 | -0.6190350224036365 | 0.5784322596852505 | 0.26577139363334634 | -0.3829055819534968:-0.023738197096442093 | -0.6277958766632992 | 0.5708328784169936
-0.023738197096442093 | -0.6277958766632992 | 0.5708328784169936 | 0.669376693618986 | -0.29126514952711036:-0.03179450272480011 | -0.6476971318536897 | 0.5500793343225965
-0.03179450272480011 | -0.6476971318536897 | 0.5500793343225965 | 0.669376693618986 | -0.29126514952711036:-0.03955115907435669 | -0.6669130149949041 | 0.5285070403237526
-0.03955115907435669 | -0.6669130149949041 | 0.5285070403237526 | 0.669376693618986 | -0.29126514952711036:-0.0469957631704645 | -0.6854146631635416 | 0.5061435062749666
-0.0469957631704645 | -0.6854146631635416 | 0.5061435062749666 | 0.669376693618986 | -0.29126514952711036:-0.05411633254663428 | -0.7031741587021401 | 0.4830174471262083
-0.05411633254663428 | -0.7031741587021401 | 0.4830174471262083 | 0.669376693618986 | -0.29126514952711036:-0.06090132333751086 | -0.7201645714783496 | 0.45915874319585726
-0.06090132333751086 | -0.7201645714783496 | 0.45915874319585726 | 0.669376693618986 | -0.29126514952711036:-0.06733964774238643 | -0.7363599997262043 | 0.4345983987083102
-0.06733964774238643 | -0.7363599997262043 | 0.4345983987083102 | 0.669376693618986 | -0.29126514952711036:-0.07342069083375691 | -0.7517356094101189 | 0.40936849865756386
-0.07342069083375691 | -0.7517356094101189 | 0.40936849865756386 | 0.669376693618986 | -0.29126514952711036:-0.07913432668660647 | -0.7662676720544397 | 0.38350216406019655
-0.07913432668660647 | -0.7662676720544397 | 0.38350216406019655 | 0.669376693618986 | -0.29126514952711036:-0.08447093380499382 | -0.7799336009837674 | 0.3570335056637859
-0.08447093380499382 | -0.7799336009837674 | 0.3570335056637859 | 0.669376693618986 | -0.29126514952711036:-0.08942140982355085 | -0.792711985921315 | 0.32999757617866976
-0.08942140982355085 | -0.792711985921315 | 0.32999757617866976 | 0.669376693618986 | -0.29126514952711036:-0.09397718546266987 | -0.8045826258956055 | 0.30243032110315227
-0.09397718546266987 | -0.8045826258956055 | 0.30243032110315227 | 0.669376693618986 | -0.29126514952711036:-0.09813023771726392 | -0.8155265604075908 | 0.2743685282142252
