0.0 | 0.0 | 0.0 | 0.6070634645290358 | -0.5567454577078936:-2.7820856967271477E-4 | -3.0348512634881253E-4 | 0.009991521244027144
-2.7820856967271477E-4 | -3.0348512634881253E-4 | 0.009991521244027144 | 0.6070634645290358 | -0.5567454577078936:-0.001106076047077651 | -0.0012070805547284014 | 0.019832537717409685
-0.001106076047077651 | -0.0012070805547284014 | 0.019832537717409685 | 0.6070634645290358 | -0.5567454577078936:-0.0024721770321119324 | -0.0026990784766867115 | 0.029474611398601754
-0.0024721770321119324 | -0.0026990784766867115 | 0.029474611398601754 | 0.2766799648318514 | 0.4632480586507248:-0.0023745108909634083 | -0.004121437552343288 | 0.039115852009779004
-0.0023745108909634083 | -0.004121437552343288 | 0.039115852009779004 | 0.2766799648318514 | 0.4632480586507248:-0.00182754398997788 | -0.00579870113959946 | 0.048631372146617405
-0.00182754398997788 | -0.00579870113959946 | 0.048631372146617405 | 0.2766799648318514 | 0.4632480586507248:-8.390528561159731E-4 | -0.007726504136571721 | 0.058001465828558724
-8.390528561159731E-4 | -0.007726504136571721 | 0.058001465828558724 | 0.2766799648318514 | 0.4632480586507248:5.8264836353541E-4 | -0.00990015580436765 | 0.06720687755678006
5.8264836353541E-4 | -0.00990015580436765 | 0.06720687755678006 | 0.2766799648318514 | 0.4632480586507248:0.00242872411988981 | -0.012314649347452855 | 0.07622881967887335
0.00242872411988981 | -0.012314649347452855 | 0.07622881967887335 | 0.2766799648318514 | 0.4632480586507248:0.004689834029957519 | -0.01496467170768745 | 0.08504898906076669
0.004689834029957519 | -0.01496467170768745 | 0.08504898906076669 | 0.2766799648318514 | 0.4632480586507248:0.007356149775085198 | -0.017844613560238365 | 0.0936495830583039
0.007356149775085198 | -0.017844613560238365 | 0.0936495830583039 | 0.2766799648318514 | 0.4632480586507248:0.0 | 0.0 | 0.0
0.0 | 0.0 | 0.0 | 0.2766799648318514 | 0.4632480586507248:0.010417372309457818 | -0.020948579499546982 | 0.1020133147816028
0.010417372309457818 | -0.020948579499546982 | 0.1020133147816028 | 0.2766799648318514 | 0.4632480586507248:0.01386274935894415 | -0.02427039840349776 | 0.11012342764601457
0.01386274935894415 | -0.02427039840349776 | 0.11012342764601457 | 0.2766799648318514 | 0.4632480586507248:0.017681093190346088 | -0.02780363396391894 | 0.11796370920420407
0.017681093190346088 | -0.02780363396391894 | 0.11796370920420407 | 0.2766799648318514 | 0.4632480586507248:0.021860798631107882 | -0.03154159537154033 | 0.12551850425456912
0.021860798631107882 | -0.03154159537154033 | 0.12551850425456912 | 0.2766799648318514 | 0.4632480586507248:0.026389861319553287 | -0.03547734814352799 | 0.1327727272218998
0.026389861319553287 | -0.03547734814352799 | 0.1327727272218998 | 0.2766799648318514 | 0.4632480586507248:0.03125589616574734 | -0.03960372508174115 | 0.13971187380687522
0.03125589616574734 | -0.03960372508174115 | 0.13971187380687522 | 0.2766799648318514 | 0.4632480586507248:0.036446156003123314 | -0.04391333734986547 | 0.14632203190166382
0.036446156003123314 | -0.04391333734986547 | 0.14632203190166382 | 0.2766799648318514 | 0.4632480586507248:0.041947550411076284 | -0.048398585657613236 | 0.1525898917695776
0.041947550411076284 | -0.048398585657613236 | 0.1525898917695776 | 0.2766799648318514 | 0.4632480586507248:0.04774666468879962 | -0.05305167154022583 | 0.15850275548739545
0.04774666468879962 | -0.05305167154022583 | 0.15850275548739545 | 0.2766799648318514 | 0.4632480586507248:0.0538297789607326 | -0.057864608721556854 | 0.16404854564962945
0.0538297789607326 | -0.057864608721556854 | 0.16404854564962945 | 0.2766799648318514 | 0.4632480586507248:0.060182887394092555 | -0.06282923454907352 | 0.16921581333467128
0.060182887394092555 | -0.06282923454907352 | 0.16921581333467128 | 0.2766799648318514 | 0.4632480586507248:0.06679171750908652 | -0.06793722148918957 | 0.17399374533339307
0.06679171750908652 | -0.06793722148918957 | 0.17399374533339307 | -0.35354669780490133 | -0.7434846241446937:0.06266952770300371 | -0.06747171597156498 | 0.18470290132333167
0.06266952770300371 | -0.06747171597156498 | 0.18470290132333167 | -0.35354669780490133 | -0.7434846241446937:0.05786090655422982 | -0.06666482688892028 | 0.195299195278535
0.05786090655422982 | -0.06666482688892028 | 0.195299195278535 | -0.35354669780490133 | -0.7434846241446937:0.05237184098170222 | -0.06551913907743212 | 0.20573716491189087
0.05237184098170222 | -0.06551913907743212 | 0.20573716491189087 | -0.35354669780490133 | -0.7434846241446937:0.0462105050220698 | -0.06403828040557458 | 0.21597185617457537
0.0462105050220698 | -0.06403828040557458 | 0.21597185617457537 | -0.35354669780490133 | -0.7434846241446937:0.03938722579595344 | -0.062226906664668125 | 0.2259589430736204
0.03938722579595344 | -0.062226906664668125 | 0.2259589430736204 | 0.8490591866181592 | 0.418664484419627:0.04546172929286363 | -0.07406247823772039 | 0.229370025410653
0.04546172929286363 | -0.07406247823772039 | 0.229370025410653 | 0.8490591866181592 | 0.418664484419627:0.051726857646945734 | -0.08630660810208979 | 0.23194277630604532
0.051726857646945734 | -0.08630660810208979 | 0.23194277630604532 | 0.8490591866181592 | 0.418664484419627:0.05815884537305949 | -0.09891173954439303 | 0.23364484179920497
0.05815884537305949 | -0.09891173954439303 | 0.23364484179920497 | 0.8490591866181592 | 0.418664484419627:0.06473311982475916 | -0.11182860923130633 | 0.23444716089885853
0.06473311982475916 | -0.11182860923130633 | 0.23444716089885853 | 0.8490591866181592 | 0.418664484419627:0.07142438925208938 | -0.12500642375175897 | 0.2343240624661007
0.07142438925208938 | -0.12500642375175897 | 0.2343240624661007 | 0.8490591866181592 | 0.418664484419627:0.07820673273273238 | -0.13839304020104226 | 0.23325335068641007
0.07820673273273238 | -0.13839304020104226 | 0.23325335068641007 | 0.8490591866181592 | 0.418664484419627:0.08505369169279553 | -0.1519351502352273 | 0.2312163789503483
0.08505369169279553 | -0.1519351502352273 | 0.2312163789503483 | 0.8490591866181592 | 0.418664484419627:0.09193836273118783 | -0.16557846701879742 | 0.2281981119971901
0.09193836273118783 | -0.16557846701879742 | 0.2281981119971901 | 0.8490591866181592 | 0.418664484419627:0.0988334914599931 | -0.17926791448454793 | 0.2241871762104255
0.0988334914599931 | -0.17926791448454793 | 0.2241871762104255 | 0.8490591866181592 | 0.418664484419627:0.10571156707251483 | -0.192947818322577 | 0.2191758979887677
0.10571156707251483 | -0.192947818322577 | 0.2191758979887677 | 0.8490591866181592 | 0.418664484419627:0.11254491735072292 | -0.2065620981145737 | 0.21316033015090685
0.11254491735072292 | -0.2065620981145737 | 0.21316033015090685 | 0.8490591866181592 | 0.418664484419627:0.11930580382468636 | -0.22005446003060136 | 0.2061402663667007
0.11930580382468636 | -0.22005446003060136 | 0.2061402663667007 | 0.8490591866181592 | 0.418664484419627:0.12596651679819804 | -0.23336858950815076 | 0.19811924364169098
0.12596651679819804 | -0.23336858950815076 | 0.19811924364169098 | 0.8490591866181592 | 0.418664484419627:0.13249946995720596 | -0.24644834333739274 | 0.18910453291568086
0.13249946995720596 | -0.24644834333739274 | 0.18910453291568086 | 0.8490591866181592 | 0.418664484419627:0.13887729428080964 | -0.25923794058223226 | 0.17910711786953293
0.13887729428080964 | -0.25923794058223226 | 0.17910711786953293 | 0.8490591866181592 | 0.418664484419627:0.14507293097848573 | -0.27168215177398647 | 0.16814166206723336
0.14507293097848573 | -0.27168215177398647 | 0.16814166206723336 | 0.8490591866181592 | 0.418664484419627:0.15105972318182248 | -0.28372648582319826 | 0.1562264645925957
0.15105972318182248 | -0.28372648582319826 | 0.1562264645925957 | 0.8490591866181592 | 0.418664484419627:0.1568115061243791 | -0.2953173741052133 | 0.14338340437159047
0.1568115061243791 | -0.2953173741052133 | 0.14338340437159047 | 0.8490591866181592 | 0.418664484419627:0.16230269554929677 | -0.30640235118673687 | 0.12963787340215305
0.16230269554929677 | -0.30640235118673687 | 0.12963787340215305 | 0.8490591866181592 | 0.418664484419627:0.16750837409097397 | -0.31693023167345835 | 0.1150186991433717
0.16750837409097397 | -0.31693023167345835 | 0.1150186991433717 | 0.4637043037097808 | -0.334362462629499:0.16842962414437324 | -0.32480336570883317 | 0.11225449458606551
0.16842962414437324 | -0.32480336570883317 | 0.11225449458606551 | 0.4637043037097808 | -0.334362462629499:0.16934394371945283 | -0.33259795003511883 | 0.10922927147298367
0.16934394371945283 | -0.33259795003511883 | 0.10922927147298367 | 0.4637043037097808 | -0.334362462629499:0.17025780190188966 | -0.34030589980511206 | 0.10594518605168712
0.17025780190188966 | -0.34030589980511206 | 0.10594518605168712 | 0.4637043037097808 | -0.334362462629499:0.17117759955353185 | -0.3479192113387599 | 0.1024047681608442
0.17117759955353185 | -0.3479192113387599 | 0.1024047681608442 | 0.4637043037097808 | -0.334362462629499:0.17210966210034284 | -0.35542997227590156 | 0.09861091610304307
0.17210966210034284 | -0.35542997227590156 | 0.09861091610304307 | 0.2306391454531287 | -0.05470140346203678:0.17435405761273737 | -0.36173761586124 | 0.09635963541623305
0.17435405761273737 | -0.36173761586124 | 0.09635963541623305 | 0.2306391454531287 | -0.05470140346203678:0.17657617222016864 | -0.36798239160283064 | 0.09397546241981392
0.17657617222016864 | -0.36798239160283064 | 0.09397546241981392 | 0.2306391454531287 | -0.05470140346203678:0.178776832639036 | -0.37416237984689893 | 0.09146007864646055
0.178776832639036 | -0.37416237984689893 | 0.09146007864646055 | 0.2306391454531287 | -0.05470140346203678:0.18095685352799862 | -0.38027569590724397 | 0.0888151854843322
0.18095685352799862 | -0.38027569590724397 | 0.0888151854843322 | 0.2306391454531287 | -0.05470140346203678:0.18311703752126274 | -0.386320490085863 | 0.08604250358760623
0.18311703752126274 | -0.386320490085863 | 0.08604250358760623 | -0.010929899307602131 | 0.993977821801223:0.18959621348137023 | -0.3912682322902459 | 0.07804646428511752
0.18959621348137023 | -0.3912682322902459 | 0.07804646428511752 | -0.010929899307602131 | 0.993977821801223:0.19569226600867573 | -0.3961698555567956 | 0.0696136062564765
0.19569226600867573 | -0.3961698555567956 | 0.0696136062564765 | -0.010929899307602131 | 0.993977821801223:0.20137744694069326 | -0.4010261724901838 | 0.06076379985099045
0.20137744694069326 | -0.4010261724901838 | 0.06076379985099045 | -0.010929899307602131 | 0.993977821801223:0.20662511859812405 | -0.40583797892221796 | 0.05151858713269952
0.20662511859812405 | -0.40583797892221796 | 0.05151858713269952 | -0.010929899307602131 | 0.993977821801223:0.21140985006814628 | -0.4106060528857256 | 0.04190111669470653
0.21140985006814628 | -0.4106060528857256 | 0.04190111669470653 | 0.937655865516728 | -0.5389857470395936:0.21316063760906356 | -0.41688441980025637 | 0.028627482113156688
0.21316063760906356 | -0.41688441980025637 | 0.028627482113156688 | 0.937655865516728 | -0.5389857470395936:0.2152479896696029 | -0.4224961527579385 | 0.01496651248688785
0.2152479896696029 | -0.4224961527579385 | 0.01496651248688785 | 0.937655865516728 | -0.5389857470395936:0.21768586857650618 | -0.42741683586104884 | 9.619022834392865E-4
0.21768586857650618 | -0.42741683586104884 | 9.619022834392865E-4 | 0.937655865516728 | -0.5389857470395936:0.2204868939136455 | -0.4316243366057453 | -0.013340785661362986
0.2204868939136455 | -0.4316243366057453 | -0.013340785661362986 | 0.937655865516728 | -0.5389857470395936:0.22366228623620543 | -0.4350989077426348 | -0.027894283919032148
0.22366228623620543 | -0.4350989077426348 | -0.027894283919032148 | 0.937655865516728 | -0.5389857470395936:0.227221815936951 | -0.4378232803336015 | -0.042649791118007485
0.227221815936951 | -0.4378232803336015 | -0.042649791118007485 | 0.937655865516728 | -0.5389857470395936:0.23117375745115432 | -0.43978274766540437 | -0.05755714883346563
0.23117375745115432 | -0.43978274766540437 | -0.05755714883346563 | 0.937655865516728 | -0.5389857470395936:0.2355248489670938 | -0.44096523971432866 | -0.07256502406275622
0.2355248489670938 | -0.44096523971432866 | -0.07256502406275622 | 0.937655865516728 | -0.5389857470395936:0.2402802577888492 | -0.44136138789081514 | -0.08762109661345185
0.2402802577888492 | -0.44136138789081514 | -0.08762109661345185 | 0.937655865516728 | -0.5389857470395936:0.24544355147751062 | -0.44096457982848314 | -0.10267225071498665
0.24544355147751062 | -0.44096457982848314 | -0.10267225071498665 | 0.937655865516728 | -0.5389857470395936:0.2510166748759639 | -0.43977100401815683 | -0.11766477015131116
0.2510166748759639 | -0.43977100401815683 | -0.11766477015131116 | 0.937655865516728 | -0.5389857470395936:0.2569999331011328 | -0.43777968412418033 | -0.13254453620093898
0.2569999331011328 | -0.43777968412418033 | -0.13254453620093898 | 0.937655865516728 | -0.5389857470395936:0.2633919805660927 | -0.43499250285751856 | -0.147257227662295
0.2633919805660927 | -0.43499250285751856 | -0.147257227662295 | 0.937655865516728 | -0.5389857470395936:0.27018981607287706 | -0.4314142153176128 | -0.161748522236266
0.27018981607287706 | -0.4314142153176128 | -0.161748522236266 | 0.937655865516728 | -0.5389857470395936:0.2773887839950664 | -0.4270524517525196 | -0.1759642985344776
0.2773887839950664 | -0.4270524517525196 | -0.1759642985344776 | 0.8085545031278369 | 0.08100806015825546:0.27897233435285784 | -0.4231835352129565 | -0.1958650005419944
0.27897233435285784 | -0.4231835352129565 | -0.1958650005419944 | 0.8085545031278369 | 0.08100806015825546:0.2804450242691505 | -0.4184081143231637 | -0.21573455783554785
0.2804450242691505 | -0.4184081143231637 | -0.21573455783554785 | 0.8085545031278369 | 0.08100806015825546:0.2818069140061521 | -0.41272391620369575 | -0.23553010750578096
0.2818069140061521 | -0.41272391620369575 | -0.23553010750578096 | 0.8085545031278369 | 0.08100806015825546:0.2830582637586332 | -0.4061306805406808 | -0.2552086213516178
0.2830582637586332 | -0.4061306805406808 | -0.2552086213516178 | 0.8085545031278369 | 0.08100806015825546:0.28419953412244325 | -0.39863016597680456 | -0.27472700058792743
0.28419953412244325 | -0.39863016597680456 | -0.27472700058792743 | -0.564320257193679 | -0.1561173959464215:0.28848319081897067 | -0.4093960466423674 | -0.2631853286037442
0.28848319081897067 | -0.4093960466423674 | -0.2631853286037442 | -0.564320257193679 | -0.1561173959464215:0.29266692695031793 | -0.4198560235225166 | -0.2511842476790278
0.29266692695031793 | -0.4198560235225166 | -0.2511842476790278 | -0.564320257193679 | -0.1561173959464215:0.2967463143763531 | -0.42999345535461586 | -0.23873407717565698
0.2967463143763531 | -0.42999345535461586 | -0.23873407717565698 | -0.564320257193679 | -0.1561173959464215:0.3007170247753983 | -0.43979205805363364 | -0.22584574189568052
0.3007170247753983 | -0.43979205805363364 | -0.22584574189568052 | -0.564320257193679 | -0.1561173959464215:0.30457483493561455 | -0.44923592398884793 | -0.2125307580837532
0.30457483493561455 | -0.44923592398884793 | -0.2125307580837532 | -0.564320257193679 | -0.1561173959464215:0.30831563190347744 | -0.45830954075315233 | -0.198801218810166
0.30831563190347744 | -0.45830954075315233 | -0.198801218810166 | -0.564320257193679 | -0.1561173959464215:0.3119354179846301 | -0.4669978094076903 | -0.18466977875375612
0.3119354179846301 | -0.4669978094076903 | -0.18466977875375612 | -0.564320257193679 | -0.1561173959464215:0.31543031559258417 | -0.4752860621851269 | -0.17014963840443365
0.31543031559258417 | -0.4752860621851269 | -0.17014963840443365 | -0.564320257193679 | -0.1561173959464215:0.3187965719409238 | -0.48316007963558505 | -0.15525452770553905
0.3187965719409238 | -0.48316007963558505 | -0.15525452770553905 | -0.564320257193679 | -0.1561173959464215:0.32203056357486126 | -0.4906061071998735 | -0.13999868915666713
0.32203056357486126 | -0.4906061071998735 | -0.13999868915666713 | -0.564320257193679 | -0.1561173959464215:0.32512880073816675 | -0.49761087119546943 | -0.12439686039801945
0.32512880073816675 | -0.49761087119546943 | -0.12439686039801945 | -0.564320257193679 | -0.1561173959464215:0.3280879315717087 | -0.5041615942011823 | -0.10846425629771739
0.3280879315717087 | -0.5041615942011823 | -0.10846425629771739 | -0.564320257193679 | -0.1561173959464215:0.3309047461400194 | -0.5102460098273376 | -0.09221655056388878
0.3309047461400194 | -0.5102460098273376 | -0.09221655056388878 | -0.564320257193679 | -0.1561173959464215:0.33357618028251146 | -0.5158523768589163 | -0.07566985690368355
0.33357618028251146 | -0.5158523768589163 | -0.07566985690368355 | -0.564320257193679 | -0.1561173959464215:0.33609931928615744 | -0.5209694927597823 | -0.058840709751671216
0.33609931928615744 | -0.5209694927597823 | -0.058840709751671216 | -0.564320257193679 | -0.1561173959464215:0.338471401376637 | -0.5255867065269832 | -0.04174604459039433
0.338471401376637 | -0.5255867065269832 | -0.04174604459039433 | -0.564320257193679 | -0.1561173959464215:0.34068982102520984 | -0.5296939308846369 | -0.024403177886100913
0.34068982102520984 | -0.5296939308846369 | -0.024403177886100913 | -0.564320257193679 | -0.1561173959464215:0.3427521320686928 | -0.5332816538078298 | -0.006829786662939874
0.3427521320686928 | -0.5332816538078298 | -0.006829786662939874 | -0.564320257193679 | -0.1561173959464215:0.344656050640193 | -0.5363409493675917 | 0.010956112260889217
0.344656050640193 | -0.5363409493675917 | 0.010956112260889217 | -0.564320257193679 | -0.1561173959464215:0.3463994579084435 | -0.5388634878887899 | 0.028936183351325084
0.3463994579084435 | -0.5388634878887899 | 0.028936183351325084 | -0.564320257193679 | -0.1561173959464215:0.34798040262372965 | -0.5408415454134605 | 0.04709179372711114
0.34798040262372965 | -0.5408415454134605 | 0.04709179372711114 | -0.564320257193679 | -0.1561173959464215:0.34939710346871067 | -0.5422680124629728 | 0.06540403479490875
0.34939710346871067 | -0.5422680124629728 | 0.06540403479490875 | -0.564320257193679 | -0.1561173959464215:0.350647951212558 | -0.5431364020930047 | 0.08385374412671975
0.350647951212558 | -0.5431364020930047 | 0.08385374412671975 | -0.564320257193679 | -0.1561173959464215:0.3517315106670651 | -0.5434408572361882 | 0.10242152755536171
0.3517315106670651 | -0.5434408572361882 | 0.10242152755536171 | -0.564320257193679 | -0.1561173959464215:0.3526465224436066 | -0.5431761573279488 | 0.1210877814636735
0.3526465224436066 | -0.5431761573279488 | 0.1210877814636735 | -0.564320257193679 | -0.1561173959464215:0.353391904510012 | -0.5423377242118761 | 0.13983271524307117
0.353391904510012 | -0.5423377242118761 | 0.13983271524307117 | -0.564320257193679 | -0.1561173959464215:0.35396675354664 | -0.5409216273215591 | 0.15863637389703644
0.35396675354664 | -0.5409216273215591 | 0.15863637389703644 | -0.564320257193679 | -0.1561173959464215:0.35437034610113116 | -0.5389245881368794 | 0.17747866076513397
0.35437034610113116 | -0.5389245881368794 | 0.17747866076513397 | -0.564320257193679 | -0.1561173959464215:0.354602139541516 | -0.5363439839129924 | 0.19633936034313315
0.354602139541516 | -0.5363439839129924 | 0.19633936034313315 | -0.564320257193679 | -0.1561173959464215:0.3546617728075958 | -0.5331778506815752 | 0.2151981611749001
0.3546617728075958 | -0.5331778506815752 | 0.2151981611749001 | 0.9365688516590476 | 0.27069904023220026:0.3589164095319006 | -0.5452733087492518 | 0.18607528290015285
0.3589164095319006 | -0.5452733087492518 | 0.18607528290015285 | 0.9365688516590476 | 0.27069904023220026:0.36276221916019935 | -0.5560045524708244 | 0.15620956133342556
0.36276221916019935 | -0.5560045524708244 | 0.15620956133342556 | 0.9365688516590476 | 0.27069904023220026:0.3661880666118442 | -0.5653310444476105 | 0.12567250778046457
0.3661880666118442 | -0.5653310444476105 | 0.12567250778046457 | 0.9365688516590476 | 0.27069904023220026:0.3691838516018464 | -0.5732157772383601 | 0.0945379459964073
0.3691838516018464 | -0.5732157772383601 | 0.0945379459964073 | 0.9365688516590476 | 0.27069904023220026:0.37174054174458604 | -0.579625392393865 | 0.06288181935680637
0.37174054174458604 | -0.579625392393865 | 0.06288181935680637 | 0.3722009371512651 | 0.5612250643888648:0.3747202265741443 | -0.5832863942194422 | 0.041819837149012606
0.3747202265741443 | -0.5832863942194422 | 0.041819837149012606 | 0.3722009371512651 | 0.5612250643888648:0.37709250580343934 | -0.5865318866175997 | 0.020522169035965376
0.37709250580343934 | -0.5865318866175997 | 0.020522169035965376 | 0.3722009371512651 | 0.5612250643888648:0.37884871182838964 | -0.5893560218085199 | -9.844702494570257E-4
0.37884871182838964 | -0.5893560218085199 | -9.844702494570257E-4 | 0.3722009371512651 | 0.5612250643888648:0.37998101008204443 | -0.5917534990994753 | -0.022672950233498135
0.37998101008204443 | -0.5917534990994753 | -0.022672950233498135 | 0.3722009371512651 | 0.5612250643888648:0.3804824114483232 | -0.5937195734826375 | -0.04451576236456933
0.3804824114483232 | -0.5937195734826375 | -0.04451576236456933 | 0.3722009371512651 | 0.5612250643888648:0.3803467834874539 | -0.5952500634492992 | -0.06648505817774453
0.3803467834874539 | -0.5952500634492992 | -0.06648505817774453 | 0.3722009371512651 | 0.5612250643888648:0.37956886046086424 | -0.5963413580119692 | -0.08855268790744741
0.37956886046086424 | -0.5963413580119692 | -0.08855268790744741 | 0.3722009371512651 | 0.5612250643888648:0.37814425214483194 | -0.5969904229267229 | -0.11069023949470758
0.37814425214483194 | -0.5969904229267229 | -0.11069023949470758 | 0.3722009371512651 | 0.5612250643888648:0.3760694514239056 | -0.5971948061094068 | -0.13286907793502856
0.3760694514239056 | -0.5971948061094068 | -0.13286907793502856 | 0.3722009371512651 | 0.5612250643888648:0.3733418406567459 | -0.5969526422402041 | -0.15506038491267926
0.3733418406567459 | -0.5969526422402041 | -0.15506038491267926 | 0.5357386275770961 | -0.5561490068065398:0.37941462075844967 | -0.5948789546218975 | -0.16116830771236312
0.37941462075844967 | -0.5948789546218975 | -0.16116830771236312 | 0.5357386275770961 | -0.5561490068065398:0.3856568724979006 | -0.5926021911593864 | -0.16706116667453674
0.3856568724979006 | -0.5926021911593864 | -0.16706116667453674 | 0.5357386275770961 | -0.5561490068065398:0.39206271583764263 | -0.5901282341149354 | -0.17272765896146414
0.39206271583764263 | -0.5901282341149354 | -0.17272765896146414 | 0.5357386275770961 | -0.5561490068065398:0.3986259238592993 | -0.5874633007081087 | -0.17815681790105042
0.3986259238592993 | -0.5874633007081087 | -0.17815681790105042 | 0.5357386275770961 | -0.5561490068065398:0.40533993311090555 | -0.5846139334568932 | -0.18333803327041487
0.40533993311090555 | -0.5846139334568932 | -0.18333803327041487 | 0.5488622608862537 | 0.6266104281784057:0.40033843204748365 | -0.5814558587325322 | -0.21267569953014487
0.40033843204748365 | -0.5814558587325322 | -0.21267569953014487 | 0.5488622608862537 | 0.6266104281784057:0.3943828122256825 | -0.5774514551424588 | -0.24183783583103713
0.3943828122256825 | -0.5774514551424588 | -0.24183783583103713 | 0.5488622608862537 | 0.6266104281784057:0.3874773387804531 | -0.5726037669853881 | -0.27076806894140315
0.3874773387804531 | -0.5726037669853881 | -0.27076806894140315 | 0.5488622608862537 | 0.6266104281784057:0.37962817081301736 | -0.5669174990246688 | -0.29941019677093905
0.37962817081301736 | -0.5669174990246688 | -0.29941019677093905 | 0.5488622608862537 | 0.6266104281784057:0.3708433551184491 | -0.560399012553134 | -0.3277083013751363
0.3708433551184491 | -0.560399012553134 | -0.3277083013751363 | 0.5488622608862537 | 0.6266104281784057:0.3611328161080145 | -0.5530563181191894 | -0.3556068615497514
0.3611328161080145 | -0.5530563181191894 | -0.3556068615497514 | 0.5488622608862537 | 0.6266104281784057:0.3505083419472079 | -0.5448990649294672 | -0.3830508647900226
0.3505083419472079 | -0.5448990649294672 | -0.3830508647900226 | 0.5488622608862537 | 0.6266104281784057:0.3389835669377561 | -0.5359385269495931 | -0.40998591839094933
0.3389835669377561 | -0.5359385269495931 | -0.40998591839094933 | 0.5488622608862537 | 0.6266104281784057:0.32657395017931634 | -0.5261875857314848 | -0.4363583594669598
0.32657395017931634 | -0.5261875857314848 | -0.4363583594669598 | 0.5488622608862537 | 0.6266104281784057:0.3132967505539277 | -0.5156607100017752 | -0.4621153636717725
0.3132967505539277 | -0.5156607100017752 | -0.4621153636717725 | -0.055582904232043706 | 0.5707605603207073:0.30097145896747435 | -0.5185753869405119 | -0.4709149195563213
0.30097145896747435 | -0.5185753869405119 | -0.4709149195563213 | -0.055582904232043706 | 0.5707605603207073:0.2883487277485912 | -0.5215022562362748 | -0.4793579165265235
0.2883487277485912 | -0.5215022562362748 | -0.4793579165265235 | -0.055582904232043706 | 0.5707605603207073:0.27543919549387397 | -0.5244404683151771 | -0.4874344848152445
0.27543919549387397 | -0.5244404683151771 | -0.4874344848152445 | -0.055582904232043706 | 0.5707605603207073:0.2622538167130628 | -0.5273891406485589 | -0.49513508948180274
0.2622538167130628 | -0.5273891406485589 | -0.49513508948180274 | -0.055582904232043706 | 0.5707605603207073:0.24880385103903535 | -0.5303473588073331 | -0.5024505402297268
0.24880385103903535 | -0.5303473588073331 | -0.5024505402297268 | -0.055582904232043706 | 0.5707605603207073:0.2351008521496638 | -0.5333141775446961 | -0.5093720008692757
0.2351008521496638 | -0.5333141775446961 | -0.5093720008692757 | -0.055582904232043706 | 0.5707605603207073:0.22115665641307913 | -0.5362886219060741 | -0.5158909984166318
0.22115665641307913 | -0.5362886219060741 | -0.5158909984166318 | -0.055582904232043706 | 0.5707605603207073:0.20698337126798094 | -0.5392696883652732 | -0.5219994318220431
0.20698337126798094 | -0.5392696883652732 | -0.5219994318220431 | -0.055582904232043706 | 0.5707605603207073:0.19259336335104393 | -0.5422563459855567 | -0.5276895803195791
0.19259336335104393 | -0.5422563459855567 | -0.5276895803195791 | -0.055582904232043706 | 0.5707605603207073:0.1779992463834219 | -0.5452475376046237 | -0.532954111391525
0.1779992463834219 | -0.5452475376046237 | -0.532954111391525 | -0.055582904232043706 | 0.5707605603207073:0.1632138688288407 | -0.548242181042113 | -0.5377860883408498
0.1632138688288407 | -0.548242181042113 | -0.5377860883408498 | -0.055582904232043706 | 0.5707605603207073:0.14825030133549433 | -0.5512391703286355 | -0.5421789774655457
0.14825030133549433 | -0.5512391703286355 | -0.5421789774655457 | -0.055582904232043706 | 0.5707605603207073:0.13312182397460504 | -0.5542373769549656 | -0.5461266548290595
0.13312182397460504 | -0.5542373769549656 | -0.5461266548290595 | -0.055582904232043706 | 0.5707605603207073:0.11784191328822402 | -0.557235651140239 | -0.5496234126213988
0.11784191328822402 | -0.557235651140239 | -0.5496234126213988 | -0.055582904232043706 | 0.5707605603207073:0.10242422915926852 | -0.5602328231178362 | -0.5526639651059257
0.10242422915926852 | -0.5602328231178362 | -0.5526639651059257 | 0.7512414725437371 | 0.9659449585673026:0.07482022926985366 | -0.5404854432902297 | -0.5790913103728412
0.07482022926985366 | -0.5404854432902297 | -0.5790913103728412 | 0.7512414725437371 | 0.9659449585673026:0.0459328154480545 | -0.5196887091218301 | -0.6034393662954516
0.0459328154480545 | -0.5196887091218301 | -0.6034393662954516 | 0.7512414725437371 | 0.9659449585673026:0.0158646010937602 | -0.49792058416271345 | -0.6256039003004226
0.0158646010937602 | -0.49792058416271345 | -0.6256039003004226 | 0.7512414725437371 | 0.9659449585673026:-0.015276694155296866 | -0.4752631532641871 | -0.6454887492537189
-0.015276694155296866 | -0.4752631532641871 | -0.6454887492537189 | 0.7512414725437371 | 0.9659449585673026:-0.04737865121477114 | -0.4518023139810481 | -0.6630062314351584
-0.04737865121477114 | -0.4518023139810481 | -0.6630062314351584 | 0.12363877464224626 | 0.05145789270225021:-0.04921138841511663 | -0.448788458668794 | -0.6672882174848542
-0.04921138841511663 | -0.448788458668794 | -0.6672882174848542 | 0.12363877464224626 | 0.05145789270225021:-0.05105804734318298 | -0.44572728550330254 | -0.671536853485156
-0.05105804734318298 | -0.44572728550330254 | -0.671536853485156 | 0.12363877464224626 | 0.05145789270225021:-0.05291848623332385 | -0.44261927163086057 | -0.6757517756702676
-0.05291848623332385 | -0.44261927163086057 | -0.6757517756702676 | 0.12363877464224626 | 0.05145789270225021:-0.05479256285597245 | -0.43946489395297306 | -0.6799326257529543
-0.05479256285597245 | -0.43946489395297306 | -0.6799326257529543 | 0.12363877464224626 | 0.05145789270225021:-0.05668013453248477 | -0.43626462910417274 | -0.6840790508861136
-0.05668013453248477 | -0.43626462910417274 | -0.6840790508861136 | 0.10664259678886956 | -0.5212882845559141:-0.038861399306618694 | -0.43360375373168836 | -0.6892177996488886
-0.038861399306618694 | -0.43360375373168836 | -0.6892177996488886 | 0.10664259678886956 | -0.5212882845559141:-0.020873389020692912 | -0.4308972416190926 | -0.6938673646811111
-0.020873389020692912 | -0.4308972416190926 | -0.6938673646811111 | 0.10664259678886956 | -0.5212882845559141:-0.0027295775302818015 | -0.42814793124524897 | -0.698022181075709
-0.0027295775302818015 | -0.42814793124524897 | -0.698022181075709 | 0.10664259678886956 | -0.5212882845559141:0.015556400172819451 | -0.42535869414152216 | -0.7016770816590121
0.015556400172819451 | -0.42535869414152216 | -0.7016770816590121 | 0.10664259678886956 | -0.5212882845559141:0.03397075936437943 | -0.4225324325807378 | -0.7048273014823607
0.03397075936437943 | -0.4225324325807378 | -0.7048273014823607 | -0.5335114921603359 | -0.7047523266009545:0.05850108295533829 | -0.44213379170039957 | -0.693172305079166
0.05850108295533829 | -0.44213379170039957 | -0.693172305079166 | -0.5335114921603359 | -0.7047523266009545:0.08263712447300264 | -0.4614468739231228 | -0.6800960900241222
0.08263712447300264 | -0.4614468739231228 | -0.6800960900241222 | -0.5335114921603359 | -0.7047523266009545:0.10632719080317798 | -0.4804323565288229 | -0.6656196041013622
0.10632719080317798 | -0.4804323565288229 | -0.6656196041013622 | -0.5335114921603359 | -0.7047523266009545:0.12952034966497195 | -0.499051452028624 | -0.649766781358835
0.12952034966497195 | -0.499051452028624 | -0.649766781358835 | -0.5335114921603359 | -0.7047523266009545:0.15216653911718936 | -0.5172659916406985 | -0.6325644992063992
0.15216653911718936 | -0.5172659916406985 | -0.6325644992063992 | 0.7231297478235528 | 0.9085735428084396:0.12270120009778651 | -0.4950650904731475 | -0.658423005288526
0.12270120009778651 | -0.4950650904731475 | -0.658423005288526 | 0.7231297478235528 | 0.9085735428084396:0.09206482365419788 | -0.471885503521122 | -0.682129620414468
0.09206482365419788 | -0.471885503521122 | -0.682129620414468 | 0.7231297478235528 | 0.9085735428084396:0.06035727409631164 | -0.4478051538163612 | -0.7035940983286331
0.06035727409631164 | -0.4478051538163612 | -0.7035940983286331 | 0.7231297478235528 | 0.9085735428084396:0.027682528354802116 | -0.4229053725470209 | -0.7227337107807585
0.027682528354802116 | -0.4229053725470209 | -0.7227337107807585 | 0.7231297478235528 | 0.9085735428084396:-0.005851678861816367 | -0.39727062236345034 | -0.7394735626840543
-0.005851678861816367 | -0.39727062236345034 | -0.7394735626840543 | -0.3146871066125061 | 0.9150977006973771:-0.03945351089942051 | -0.4096380590352311 | -0.7334967262883723
-0.03945351089942051 | -0.4096380590352311 | -0.7334967262883723 | -0.3146871066125061 | 0.9150977006973771:-0.07279994118590594 | -0.4219238211302354 | -0.7257643893859225
-0.07279994118590594 | -0.4219238211302354 | -0.7257643893859225 | -0.3146871066125061 | 0.9150977006973771:-0.10580890417242728 | -0.43409967158424934 | -0.716288896076648
-0.10580890417242728 | -0.43409967158424934 | -0.716288896076648 | -0.3146871066125061 | 0.9150977006973771:-0.13839890760601037 | -0.44613753571184134 | -0.7050869084232474
-0.13839890760601037 | -0.44613753571184134 | -0.7050869084232474 | -0.3146871066125061 | 0.9150977006973771:-0.17048923650051506 | -0.4580095715844692 | -0.6921793760800163
-0.17048923650051506 | -0.4580095715844692 | -0.6921793760800163 | 0.14088257913853464 | -0.9591126706532409:-0.13720500666290292 | -0.45393893519211304 | -0.7040281024944619
-0.13720500666290292 | -0.45393893519211304 | -0.7040281024944619 | 0.14088257913853464 | -0.9591126706532409:-0.10332931843569781 | -0.4497679207826053 | -0.7142419817193009
-0.10332931843569781 | -0.4497679207826053 | -0.7142419817193009 | 0.14088257913853464 | -0.9591126706532409:-0.06894180762963487 | -0.4455081946401407 | -0.7227907242727554
-0.06894180762963487 | -0.4455081946401407 | -0.7227907242727554 | 0.14088257913853464 | -0.9591126706532409:-0.03412360980875917 | -0.4411716566083044 | -0.7296480383301116
-0.03412360980875917 | -0.4411716566083044 | -0.7296480383301116 | 0.14088257913853464 | -0.9591126706532409:0.001042837712439848 | -0.4367704112834758 | -0.734791704811542
0.001042837712439848 | -0.4367704112834758 | -0.734791704811542 | -0.8486897848590378 | 0.3647627280370047:-0.012028249647627831 | -0.4683425589200141 | -0.716717030190253
-0.012028249647627831 | -0.4683425589200141 | -0.716717030190253 | -0.8486897848590378 | 0.3647627280370047:-0.024764511487418872 | -0.49916191785821695 | -0.6970369748051937
-0.024764511487418872 | -0.49916191785821695 | -0.6970369748051937 | -0.8486897848590378 | 0.3647627280370047:-0.037136237128052585 | -0.5291586206909926 | -0.6757896462888695
-0.037136237128052585 | -0.5291586206909926 | -0.6757896462888695 | -0.8486897848590378 | 0.3647627280370047:-0.04911445267921977 | -0.5582644372254748 | -0.6530167573669772
-0.04911445267921977 | -0.5582644372254748 | -0.6530167573669772 | -0.8486897848590378 | 0.3647627280370047:-0.060670988072246246 | -0.5864129323041993 | -0.6287635396559637
-0.060670988072246246 | -0.5864129323041993 | -0.6287635396559637 | -0.8486897848590378 | 0.3647627280370047:-0.07177854236584125 | -0.613539619779786 | -0.6030786493138862
-0.07177854236584125 | -0.613539619779786 | -0.6030786493138862 | -0.8486897848590378 | 0.3647627280370047:-0.08241074717405183 | -0.6395821122882523 | -0.5760140647538279
-0.08241074717405183 | -0.6395821122882523 | -0.5760140647538279 | -0.8486897848590378 | 0.3647627280370047:-0.09254222806982426 | -0.6644802664752234 | -0.5476249766473629
