0.0 | 0.0 | 0.0 | -0.690254733191519 | -0.7417773300168626:-3.705828238736433E-4 | 3.4505885547408965E-4 | 0.009987171909850594
-3.705828238736433E-4 | 3.4505885547408965E-4 | 0.009987171909850594 | -0.690254733191519 | -0.7417773300168626:-0.001472587873820556 | 0.0013720444680451749 | 0.01979795390770429
-0.001472587873820556 | 0.0013720444680451749 | 0.01979795390770429 | -0.690254733191519 | -0.7417773300168626:-0.0032887481547279043 | 0.0030661780183501852 | 0.029358679958992707
-0.0032887481547279043 | 0.0030661780183501852 | 0.029358679958992707 | -0.690254733191519 | -0.7417773300168626:-0.005798354700437423 | 0.005409440858908154 | 0.038597816781289464
-0.005798354700437423 | 0.005409440858908154 | 0.038597816781289464 | 0.8856179639841621 | 0.726459852054737:-0.005454638468702987 | 0.004596457387782249 | 0.048488088304887184
-0.005454638468702987 | 0.004596457387782249 | 0.048488088304887184 | 0.8856179639841621 | 0.726459852054737:-0.004399479818539682 | 0.0029200936804379962 | 0.058281133691384296
-0.004399479818539682 | 0.0029200936804379962 | 0.058281133691384296 | 0.8856179639841621 | 0.726459852054737:-0.0026438844213086538 | 3.916046204184287E-4 | 0.0678820556258157
-0.0026438844213086538 | 3.916046204184287E-4 | 0.0678820556258157 | 0.8856179639841621 | 0.726459852054737:-2.0332020537813453E-4 | -0.0029722724229170883 | 0.077197839973496
-2.0332020537813453E-4 | -0.0029722724229170883 | 0.077197839973496 | 0.8856179639841621 | 0.726459852054737:0.0029024057219624484 | -0.007149456889006145 | 0.08613784180035616
0.0029024057219624484 | -0.007149456889006145 | 0.08613784180035616 | 0.0291117223321955 | 0.8747941983489178:0.007369702451102526 | -0.008043270587268947 | 0.09499358327626184
0.007369702451102526 | -0.008043270587268947 | 0.09499358327626184 | 0.0291117223321955 | 0.8747941983489178:0.012605002776498498 | -0.008955366519794561 | 0.10351326647881276
0.012605002776498498 | -0.008955366519794561 | 0.10351326647881276 | 0.0291117223321955 | 0.8747941983489178:0.01858299219078671 | -0.009885012877908883 | 0.11164836002647394
0.01858299219078671 | -0.009885012877908883 | 0.11164836002647394 | 0.0291117223321955 | 0.8747941983489178:0.025275706660247605 | -0.01083138767013292 | 0.11935208209823467
0.025275706660247605 | -0.01083138767013292 | 0.11935208209823467 | 0.0291117223321955 | 0.8747941983489178:0.03265264346854618 | -0.011793582321957485 | 0.12657953213773288
0.03265264346854618 | -0.011793582321957485 | 0.12657953213773288 | -0.5369415846734038 | -0.9639881259011287:0.02825714972628321 | -0.00894686352352747 | 0.1367667767703149
0.02825714972628321 | -0.00894686352352747 | 0.1367667767703149 | -0.5369415846734038 | -0.9639881259011287:0.022954685126330462 | -0.005596318397663058 | 0.14665114189547035
0.022954685126330462 | -0.005596318397663058 | 0.14665114189547035 | -0.5369415846734038 | -0.9639881259011287:0.016766543857911154 | -0.0017526361180544292 | 0.15614945333921937
0.016766543857911154 | -0.0017526361180544292 | 0.15614945333921937 | -0.5369415846734038 | -0.9639881259011287:0.009719188803506862 | 0.002570587576534944 | 0.16518058178221695
0.009719188803506862 | 0.002570587576534944 | 0.16518058178221695 | -0.5369415846734038 | -0.9639881259011287:0.001844100144820504 | 0.007356929438197213 | 0.17366583493338883
0.001844100144820504 | 0.007356929438197213 | 0.17366583493338883 | -0.5369415846734038 | -0.9639881259011287:-0.006822397388569573 | 0.012587229840994585 | 0.18152933623527967
-0.006822397388569573 | 0.012587229840994585 | 0.18152933623527967 | -0.5369415846734038 | -0.9639881259011287:-0.016239327741251447 | 0.018239695513154963 | 0.1886983886357445
-0.016239327741251447 | 0.018239695513154963 | 0.1886983886357445 | -0.5369415846734038 | -0.9639881259011287:-0.026361276265162353 | 0.024290013354659412 | 0.1951038220320882
-0.026361276265162353 | 0.024290013354659412 | 0.1951038220320882 | -0.5369415846734038 | -0.9639881259011287:-0.03713862093570855 | 0.030711474785279913 | 0.20068032306987238
-0.03713862093570855 | 0.030711474785279913 | 0.20068032306987238 | -0.5369415846734038 | -0.9639881259011287:-0.04851778095846511 | 0.037475110031317205 | 0.2053667460589894
-0.04851778095846511 | 0.037475110031317205 | 0.2053667460589894 | 0.6074949237341376 | 0.4706508784316181:-0.04524750278992724 | 0.03236533769104699 | 0.21510113143975618
-0.04524750278992724 | 0.03236533769104699 | 0.21510113143975618 | 0.6074949237341376 | 0.4706508784316181:-0.041558472365482026 | 0.026721620533342483 | 0.2245862933527083
-0.041558472365482026 | 0.026721620533342483 | 0.2245862933527083 | 0.6074949237341376 | 0.4706508784316181:-0.03745944757839152 | 0.02055458944800026 | 0.2337846959568748
-0.03745944757839152 | 0.02055458944800026 | 0.2337846959568748 | 0.6074949237341376 | 0.4706508784316181:-0.032960303864709564 | 0.013876331366275085 | 0.24265962553925924
-0.032960303864709564 | 0.013876331366275085 | 0.24265962553925924 | 0.6074949237341376 | 0.4706508784316181:-0.028072004591931043 | 0.00670035227983079 | 0.25117527291154307
-0.028072004591931043 | 0.00670035227983079 | 0.25117527291154307 | 0.2057915791540832 | -0.21401253624283756:-0.031667673119141704 | 0.004237180729558032 | 0.2583313770971021
-0.031667673119141704 | 0.004237180729558032 | 0.2583313770971021 | 0.2057915791540832 | -0.21401253624283756:-0.035408854036370285 | 0.0016237497439490767 | 0.26533952285890283
-0.035408854036370285 | 0.0016237497439490767 | 0.26533952285890283 | 0.2057915791540832 | -0.21401253624283756:-0.0392923499003055 | -0.001136789656751347 | 0.27219594882812537
-0.0392923499003055 | -0.001136789656751347 | 0.27219594882812537 | 0.2057915791540832 | -0.21401253624283756:-0.043314932566272724 | -0.00404125733625782 | 0.2788970008500895
-0.043314932566272724 | -0.00404125733625782 | 0.2788970008500895 | 0.2057915791540832 | -0.21401253624283756:-0.04747334467415537 | -0.007086445461412683 | 0.28543913200305404
-0.04747334467415537 | -0.007086445461412683 | 0.28543913200305404 | 0.2057915791540832 | -0.21401253624283756:-0.051764301124555434 | -0.010269119912225566 | 0.29181890258580445
-0.051764301124555434 | -0.010269119912225566 | 0.29181890258580445 | 0.2057915791540832 | -0.21401253624283756:-0.056184490544953336 | -0.013586021682549076 | 0.29803298007445633
-0.056184490544953336 | -0.013586021682549076 | 0.29803298007445633 | 0.2057915791540832 | -0.21401253624283756:-0.060730576745630926 | -0.01703386827116138 | 0.3040781390488556
-0.060730576745630926 | -0.01703386827116138 | 0.3040781390488556 | 0.2057915791540832 | -0.21401253624283756:-0.06539920016512835 | -0.020609355063031742 | 0.30995126108900894
-0.06539920016512835 | -0.020609355063031742 | 0.30995126108900894 | 0.2057915791540832 | -0.21401253624283756:-0.07018697930501061 | -0.02430915670055034 | 0.31564933464193246
-0.07018697930501061 | -0.02430915670055034 | 0.31564933464193246 | 0.4097233339053237 | 0.2436066197482507:-0.06772653047480004 | -0.03141124722872657 | 0.32249984068497106
-0.06772653047480004 | -0.03141124722872657 | 0.32249984068497106 | 0.4097233339053237 | 0.2436066197482507:-0.06509148104073204 | -0.038779139647463934 | 0.3291089443726358
-0.06509148104073204 | -0.038779139647463934 | 0.3291089443726358 | 0.4097233339053237 | 0.2436066197482507:-0.062286591220782395 | -0.046405238917675784 | 0.3354661036985629
-0.062286591220782395 | -0.046405238917675784 | 0.3354661036985629 | 0.4097233339053237 | 0.2436066197482507:-0.05931676582104828 | -0.05428170048507708 | 0.341561098052666
-0.05931676582104828 | -0.05428170048507708 | 0.341561098052666 | 0.4097233339053237 | 0.2436066197482507:-0.0561870487902566 | -0.0624004394015345 | 0.3473840348593882
-0.0561870487902566 | -0.0624004394015345 | 0.3473840348593882 | 0.4097233339053237 | 0.2436066197482507:-0.05290261771314042 | -0.07075313955222895 | 0.35292535589439034
-0.05290261771314042 | -0.07075313955222895 | 0.35292535589439034 | 0.4097233339053237 | 0.2436066197482507:-0.04946877824725315 | -0.07933126298095883 | 0.358175843278314
-0.04946877824725315 | -0.07933126298095883 | 0.358175843278314 | 0.4097233339053237 | 0.2436066197482507:-0.045890958507781576 | -0.0881260593059281 | 0.36312662514647975
-0.045890958507781576 | -0.0881260593059281 | 0.36312662514647975 | 0.4097233339053237 | 0.2436066197482507:-0.04217470340490559 | -0.09712857521838503 | 0.3677691809936352
-0.04217470340490559 | -0.09712857521838503 | 0.3677691809936352 | 0.4097233339053237 | 0.2436066197482507:-0.03832566893823608 | -0.10632966405649347 | 0.372095346693035
-0.03832566893823608 | -0.10632966405649347 | 0.372095346693035 | -0.030255355513970628 | 0.6959549465124959:-0.025749808783184447 | -0.10742873895299909 | 0.3792310910154324
-0.025749808783184447 | -0.10742873895299909 | 0.3792310910154324 | -0.030255355513970628 | 0.6959549465124959:-0.012726851267025108 | -0.10849160799181856 | 0.385880659014866
-0.012726851267025108 | -0.10849160799181856 | 0.385880659014866 | -0.030255355513970628 | 0.6959549465124959:7.222437498926038E-4 | -0.10951932968500966 | 0.39202207660326494
7.222437498926038E-4 | -0.10951932968500966 | 0.39202207660326494 | -0.030255355513970628 | 0.6959549465124959:0.014575575297119281 | -0.11051300252810226 | 0.3976343148541517
0.014575575297119281 | -0.11051300252810226 | 0.3976343148541517 | -0.030255355513970628 | 0.6959549465124959:0.028810343680057526 | -0.11147376320174418 | 0.40269732663299607
0.028810343680057526 | -0.11147376320174418 | 0.40269732663299607 | -0.8577057477012764 | -0.9695373135728491:0.009174556915299448 | -0.09541258279075038 | 0.41368569580995107
0.009174556915299448 | -0.09541258279075038 | 0.41368569580995107 | -0.8577057477012764 | -0.9695373135728491:-0.011212225511017193 | -0.07864052717408354 | 0.4230048207691972
-0.011212225511017193 | -0.07864052717408354 | 0.4230048207691972 | -0.8577057477012764 | -0.9695373135728491:-0.03226289855818676 | -0.061232886918413776 | 0.4305674416983134
-0.03226289855818676 | -0.061232886918413776 | 0.4305674416983134 | -0.8577057477012764 | -0.9695373135728491:-0.05388529508668016 | -0.04326960615056574 | 0.4362945341285087
-0.05388529508668016 | -0.04326960615056574 | 0.4362945341285087 | -0.8577057477012764 | -0.9695373135728491:-0.07598264355678386 | -0.024834888708006098 | 0.44011582314717934
-0.07598264355678386 | -0.024834888708006098 | 0.44011582314717934 | -0.8577057477012764 | -0.9695373135728491:-0.09845405287068432 | -0.006016779316925902 | 0.4419702528121068
-0.09845405287068432 | -0.006016779316925902 | 0.4419702528121068 | -0.8577057477012764 | -0.9695373135728491:-0.12119502183419217 | 0.013093278024097987 | 0.4418064082205042
-0.12119502183419217 | 0.013093278024097987 | 0.4418064082205042 | -0.8577057477012764 | -0.9695373135728491:-0.1440979705897425 | 0.032400902161395795 | 0.43958288793302636
-0.1440979705897425 | 0.032400902161395795 | 0.43958288793302636 | -0.8577057477012764 | -0.9695373135728491:-0.16705279126144235 | 0.05180925500738143 | 0.4352686247107389
-0.16705279126144235 | 0.05180925500738143 | 0.4352686247107389 | -0.8577057477012764 | -0.9695373135728491:-0.18994741495627276 | 0.0712195373772988 | 0.4288431527904777
-0.18994741495627276 | 0.0712195373772988 | 0.4288431527904777 | -0.20325643644346547 | -0.8632310346912848:-0.21054925391802026 | 0.07641133356154217 | 0.4241503671922189
-0.21054925391802026 | 0.07641133356154217 | 0.4241503671922189 | -0.20325643644346547 | -0.8632310346912848:-0.23110011744210635 | 0.08159351551393179 | 0.41836258059776554
-0.23110011744210635 | 0.08159351551393179 | 0.41836258059776554 | -0.20325643644346547 | -0.8632310346912848:-0.25154415908276473 | 0.08675298088234529 | 0.4114771259960506
-0.25154415908276473 | 0.08675298088234529 | 0.4114771259960506 | -0.20325643644346547 | -0.8632310346912848:-0.27182531243551544 | 0.09187655996308308 | 0.40349433747062236
-0.27182531243551544 | 0.09187655996308308 | 0.40349433747062236 | -0.20325643644346547 | -0.8632310346912848:-0.29188744211875717 | 0.09695105120027869 | 0.39441755978225146
-0.29188744211875717 | 0.09695105120027869 | 0.39441755978225146 | -0.20325643644346547 | -0.8632310346912848:-0.31167449487894805 | 0.10196325675435047 | 0.3842531500827491
-0.31167449487894805 | 0.10196325675435047 | 0.3842531500827491 | -0.20325643644346547 | -0.8632310346912848:-0.331130650439146 | 0.10690001804989913 | 0.3730104717784819
-0.331130650439146 | 0.10690001804989913 | 0.3730104717784819 | -0.20325643644346547 | -0.8632310346912848:-0.3502004717130438 | 0.11174825121389231 | 0.3607018805810185
-0.3502004717130438 | 0.11174825121389231 | 0.3607018805810185 | -0.20325643644346547 | -0.8632310346912848:-0.36882905400984534 | 0.11649498231565514 | 0.34734270280108603
-0.36882905400984534 | 0.11649498231565514 | 0.34734270280108603 | -0.20325643644346547 | -0.8632310346912848:-0.3869621728594401 | 0.12112738232104592 | 0.33295120596046246
-0.3869621728594401 | 0.12112738232104592 | 0.33295120596046246 | -0.888152902619656 | 0.6901434999821918:-0.3788432121909189 | 0.13701892849223607 | 0.34348528044046844
-0.3788432121909189 | 0.13701892849223607 | 0.34348528044046844 | -0.888152902619656 | 0.6901434999821918:-0.3702509670237708 | 0.15348448455651897 | 0.35304402098265797
-0.3702509670237708 | 0.15348448455651897 | 0.35304402098265797 | -0.888152902619656 | 0.6901434999821918:-0.3612209720243973 | 0.17048001073985541 | 0.3615767466261026
-0.3612209720243973 | 0.17048001073985541 | 0.3615767466261026 | -0.888152902619656 | 0.6901434999821918:-0.3517907675450225 | 0.18795880446600755 | 0.3690361905568693
-0.3517907675450225 | 0.18795880446600755 | 0.3690361905568693 | -0.888152902619656 | 0.6901434999821918:-0.34199976704542934 | 0.20587166633125226 | 0.37537871217765684
-0.34199976704542934 | 0.20587166633125226 | 0.37537871217765684 | -0.009469107855016867 | 0.5352820450457016:-0.3345719296896146 | 0.2077491991363394 | 0.3874693451769389
-0.3345719296896146 | 0.2077491991363394 | 0.3874693451769389 | -0.009469107855016867 | 0.5352820450457016:-0.3267109033136286 | 0.20961694360646219 | 0.3993948840180117
-0.3267109033136286 | 0.20961694360646219 | 0.3993948840180117 | -0.009469107855016867 | 0.5352820450457016:-0.3184213931677382 | 0.21147499493869845 | 0.41114042876241186
-0.3184213931677382 | 0.21147499493869845 | 0.41114042876241186 | -0.009469107855016867 | 0.5352820450457016:-0.3097085895015832 | 0.21332343796188888 | 0.42269124900903066
-0.3097085895015832 | 0.21332343796188888 | 0.42269124900903066 | -0.009469107855016867 | 0.5352820450457016:-0.30057816092725 | 0.2151623472680093 | 0.434032798751975
-0.30057816092725 | 0.2151623472680093 | 0.434032798751975 | -0.41327279956739926 | -0.174953362980087:-0.306618423163032 | 0.22577416898222535 | 0.4300672895560247
-0.306618423163032 | 0.22577416898222535 | 0.4300672895560247 | -0.41327279956739926 | -0.174953362980087:-0.31262638617403127 | 0.23635037393121772 | 0.4257432628469502
-0.31262638617403127 | 0.23635037393121772 | 0.4257432628469502 | -0.41327279956739926 | -0.174953362980087:-0.31859811104367175 | 0.24688127756028821 | 0.42106169030134666
-0.31859811104367175 | 0.24688127756028821 | 0.42106169030134666 | -0.41327279956739926 | -0.174953362980087:-0.32452967661880194 | 0.25735723798354937 | 0.41602383305885837
-0.32452967661880194 | 0.25735723798354937 | 0.41602383305885837 | -0.41327279956739926 | -0.174953362980087:-0.3304171824328197 | 0.2677686628744047 | 0.4106312395634255
-0.3304171824328197 | 0.2677686628744047 | 0.4106312395634255 | -0.41327279956739926 | -0.174953362980087:-0.3362567515952861 | 0.27810601627911624 | 0.40488574322565185
-0.3362567515952861 | 0.27810601627911624 | 0.40488574322565185 | -0.41327279956739926 | -0.174953362980087:-0.3420445336465381 | 0.2883598253498616 | 0.3987894599090325
-0.3420445336465381 | 0.2883598253498616 | 0.3987894599090325 | -0.41327279956739926 | -0.174953362980087:-0.34777670737581445 | 0.298520686993752 | 0.392344785242976
-0.34777670737581445 | 0.298520686993752 | 0.392344785242976 | -0.41327279956739926 | -0.174953362980087:-0.3534494836014481 | 0.3085792744343636 | 0.3855543917655062
-0.3534494836014481 | 0.3085792744343636 | 0.3855543917655062 | -0.41327279956739926 | -0.174953362980087:-0.35905910791171003 | 0.3185263436824135 | 0.37842122589867344
-0.35905910791171003 | 0.3185263436824135 | 0.37842122589867344 | -0.41327279956739926 | -0.174953362980087:-0.36460186336494615 | 0.32835273991228453 | 0.3709485047597809
-0.36460186336494615 | 0.32835273991228453 | 0.3709485047597809 | -0.41327279956739926 | -0.174953362980087:-0.3700740731476202 | 0.33804940374118564 | 0.36313971281153457
-0.3700740731476202 | 0.33804940374118564 | 0.36313971281153457 | -0.41327279956739926 | -0.174953362980087:-0.3754721031890096 | 0.3476073774078223 | 0.35499859835436
-0.3754721031890096 | 0.3476073774078223 | 0.35499859835436 | -0.41327279956739926 | -0.174953362980087:-0.38079236473121547 | 0.3570178108475126 | 0.3465291698641657
-0.38079236473121547 | 0.3570178108475126 | 0.3465291698641657 | -0.41327279956739926 | -0.174953362980087:-0.38603131685330894 | 0.3662719676608015 | 0.3377356921788568
-0.38603131685330894 | 0.3662719676608015 | 0.3377356921788568 | -0.41327279956739926 | -0.174953362980087:-0.3911854689483487 | 0.37536123097266216 | 0.3286226825370626
-0.3911854689483487 | 0.37536123097266216 | 0.3286226825370626 | -0.41327279956739926 | -0.174953362980087:-0.3962513831521566 | 0.38427710917950986 | 0.319194906472422
-0.3962513831521566 | 0.38427710917950986 | 0.319194906472422 | -0.41327279956739926 | -0.174953362980087:-0.4012256767226763 | 0.3930112415812932 | 0.3094573735670778
-0.4012256767226763 | 0.3930112415812932 | 0.3094573735670778 | -0.41327279956739926 | -0.174953362980087:-0.40610502436883245 | 0.4015554038960376 | 0.2994153330678131
-0.40610502436883245 | 0.4015554038960376 | 0.2994153330678131 | -0.41327279956739926 | -0.174953362980087:-0.41088616052783955 | 0.4099015136543036 | 0.2890742693684807
-0.41088616052783955 | 0.4099015136543036 | 0.2890742693684807 | 0.39138291079103826 | 0.8023069994308583:-0.4008046962332159 | 0.406358167464103 | 0.31497813032778055
-0.4008046962332159 | 0.406358167464103 | 0.31497813032778055 | 0.39138291079103826 | 0.8023069994308583:-0.38960297883051 | 0.4022533725718036 | 0.3404921927996476
-0.38960297883051 | 0.4022533725718036 | 0.3404921927996476 | 0.39138291079103826 | 0.8023069994308583:-0.37729467097657476 | 0.3975933039080921 | 0.36555499509793066
-0.37729467097657476 | 0.3975933039080921 | 0.36555499509793066 | 0.39138291079103826 | 0.8023069994308583:-0.36389615684494103 | 0.39238546896253723 | 0.39010570914728504
-0.36389615684494103 | 0.39238546896253723 | 0.39010570914728504 | 0.39138291079103826 | 0.8023069994308583:-0.3494265142574804 | 0.38663869565933773 | 0.4140842894827941
-0.3494265142574804 | 0.38663869565933773 | 0.4140842894827941 | 0.39138291079103826 | 0.8023069994308583:-0.333907480291991 | 0.38036311703484493 | 0.4374316206287716
-0.333907480291991 | 0.38036311703484493 | 0.4374316206287716 | 0.39138291079103826 | 0.8023069994308583:-0.3173634104495946 | 0.3735701527543416 | 0.4600896625071371
-0.3173634104495946 | 0.3735701527543416 | 0.4600896625071371 | 0.39138291079103826 | 0.8023069994308583:-0.29982123148075956 | 0.36627248751293173 | 0.4820015935305193
-0.29982123148075956 | 0.36627248751293173 | 0.4820015935305193 | 0.39138291079103826 | 0.8023069994308583:-0.28131038798338537 | 0.3584840463725225 | 0.5031119510417312
-0.28131038798338537 | 0.3584840463725225 | 0.5031119510417312 | 0.39138291079103826 | 0.8023069994308583:-0.2618627829006819 | 0.3502199670939792 | 0.5233667687678434
-0.2618627829006819 | 0.3502199670939792 | 0.5233667687678434 | 0.20550480270840432 | 0.43256364173967343:-0.2515732450896415 | 0.3464316030759953 | 0.534960293762289
-0.2515732450896415 | 0.3464316030759953 | 0.534960293762289 | 0.20550480270840432 | 0.43256364173967343:-0.24097079017210277 | 0.3424828987060504 | 0.5463048683377281
-0.24097079017210277 | 0.3424828987060504 | 0.5463048683377281 | 0.20550480270840432 | 0.43256364173967343:-0.23006125077368722 | 0.33837667586824693 | 0.5573901642572494
-0.23006125077368722 | 0.33837667586824693 | 0.5573901642572494 | 0.20550480270840432 | 0.43256364173967343:-0.21885071984484128 | 0.33411588004707404 | 0.5682060416681836
-0.21885071984484128 | 0.33411588004707404 | 0.5682060416681836 | 0.20550480270840432 | 0.43256364173967343:-0.20734554544743844 | 0.32970357789985805 | 0.5787425566496722
-0.20734554544743844 | 0.32970357789985805 | 0.5787425566496722 | 0.20550480270840432 | 0.43256364173967343:-0.19555232537580025 | 0.3251429547495359 | 0.5889899685856506
-0.19555232537580025 | 0.3251429547495359 | 0.5889899685856506 | 0.20550480270840432 | 0.43256364173967343:-0.1834779016166621 | 0.3204373119998998 | 0.5989387473593268
-0.1834779016166621 | 0.3204373119998998 | 0.5989387473593268 | 0.20550480270840432 | 0.43256364173967343:-0.1711293546528303 | 0.3155900644755594 | 0.60857958036501
-0.1711293546528303 | 0.3155900644755594 | 0.60857958036501 | 0.20550480270840432 | 0.43256364173967343:-0.1585139976153087 | 0.31060473768883234 | 0.6179033793335407
-0.1585139976153087 | 0.31060473768883234 | 0.6179033793335407 | 0.20550480270840432 | 0.43256364173967343:-0.1456393702886487 | 0.3054849650358431 | 0.6269012869676729
-0.1456393702886487 | 0.3054849650358431 | 0.6269012869676729 | -0.6587275740653433 | 0.4126292987760294:-0.13342638915553806 | 0.32727923731335906 | 0.6218751234100708
-0.13342638915553806 | 0.32727923731335906 | 0.6218751234100708 | -0.6587275740653433 | 0.4126292987760294:-0.12127881759556658 | 0.3489638219275868 | 0.6158244555049279
-0.12127881759556658 | 0.3489638219275868 | 0.6158244555049279 | -0.6587275740653433 | 0.4126292987760294:-0.10921950508080513 | 0.370502411155476 | 0.6087523084717503
-0.10921950508080513 | 0.370502411155476 | 0.6087523084717503 | -0.6587275740653433 | 0.4126292987760294:-0.097271244187354 | 0.39185875598036013 | 0.6006635238833411
-0.097271244187354 | 0.39185875598036013 | 0.6006635238833411 | -0.6587275740653433 | 0.4126292987760294:-0.08545672969781393 | 0.41299673146342286 | 0.5915647562459299
-0.08545672969781393 | 0.41299673146342286 | 0.5915647562459299 | -0.8408750486036192 | 0.7195359301727149:-0.06501040915136969 | 0.4391429566650995 | 0.578555494601261
-0.06501040915136969 | 0.4391429566650995 | 0.578555494601261 | -0.8408750486036192 | 0.7195359301727149:-0.04500704030664693 | 0.4647916550523803 | 0.5636476668386692
-0.04500704030664693 | 0.4647916550523803 | 0.5636476668386692 | -0.8408750486036192 | 0.7195359301727149:-0.025517761302189967 | 0.48985915175146033 | 0.5468762221135748
-0.025517761302189967 | 0.48985915175146033 | 0.5468762221135748 | -0.8408750486036192 | 0.7195359301727149:-0.006612403605746664 | 0.5142631625355776 | 0.5282825047043644
-0.006612403605746664 | 0.5142631625355776 | 0.5282825047043644 | -0.8408750486036192 | 0.7195359301727149:0.011640749731938627 | 0.537923078657581 | 0.5079141451641647
0.011640749731938627 | 0.537923078657581 | 0.5079141451641647 | -0.8408750486036192 | 0.7195359301727149:0.02917520136640306 | 0.5607602469322295 | 0.48582492965906
0.02917520136640306 | 0.5607602469322295 | 0.48582492965906 | -0.8408750486036192 | 0.7195359301727149:0.045926471670458824 | 0.5826982440998059 | 0.4620746478963582
0.045926471670458824 | 0.5826982440998059 | 0.4620746478963582 | -0.8408750486036192 | 0.7195359301727149:0.06183232466295152 | 0.6036631445214447 | 0.4367289201203235
0.06183232466295152 | 0.6036631445214447 | 0.4367289201203235 | -0.8408750486036192 | 0.7195359301727149:0.07683298707155828 | 0.6235837802786897 | 0.4098590037243568
0.07683298707155828 | 0.6235837802786897 | 0.4098590037243568 | -0.8408750486036192 | 0.7195359301727149:0.09087135976873384 | 0.6423919927750852 | 0.3815415800986983
0.09087135976873384 | 0.6423919927750852 | 0.3815415800986983 | 0.6316683031438037 | 0.08802166273492551:0.09294253749071757 | 0.6320936147323337 | 0.4025515663129511
0.09294253749071757 | 0.6320936147323337 | 0.4025515663129511 | 0.6316683031438037 | 0.08802166273492551:0.09510766390464909 | 0.6210739695795411 | 0.42326610396730047
0.09510766390464909 | 0.6210739695795411 | 0.42326610396730047 | 0.6316683031438037 | 0.08802166273492551:0.09736551551318584 | 0.6093418582698007 | 0.4436596524790559
0.09736551551318584 | 0.6093418582698007 | 0.4436596524790559 | 0.6316683031438037 | 0.08802166273492551:0.0997147449146496 | 0.5969069714099682 | 0.4637069652733672
0.0997147449146496 | 0.5969069714099682 | 0.4637069652733672 | 0.6316683031438037 | 0.08802166273492551:0.10215388235134526 | 0.583779878685533 | 0.4833831210880817
0.10215388235134526 | 0.583779878685533 | 0.4833831210880817 | 0.6316683031438037 | 0.08802166273492551:0.10468133740488739 | 0.569972017223094 | 0.5026635548653005
0.10468133740488739 | 0.569972017223094 | 0.5026635548653005 | 0.6316683031438037 | 0.08802166273492551:0.1072954008363105 | 0.5554956789065812 | 0.5215240881936722
0.1072954008363105 | 0.5554956789065812 | 0.5215240881936722 | 0.6316683031438037 | 0.08802166273492551:0.1099942465683661 | 0.5403639966646203 | 0.5399409592662963
0.1099942465683661 | 0.5403639966646203 | 0.5399409592662963 | 0.6316683031438037 | 0.08802166273492551:0.11277593380744833 | 0.5245909297474647 | 0.5578908523195096
0.11277593380744833 | 0.5245909297474647 | 0.5578908523195096 | 0.6316683031438037 | 0.08802166273492551:0.11563840930228508 | 0.5081912480131265 | 0.5753509265187091
0.11563840930228508 | 0.5081912480131265 | 0.5753509265187091 | 0.6316683031438037 | 0.08802166273492551:0.1185795097364597 | 0.4911805152433004 | 0.5922988442581669
0.1185795097364597 | 0.4911805152433004 | 0.5922988442581669 | 0.6316683031438037 | 0.08802166273492551:0.1215969642516832 | 0.4735750715108935 | 0.6087127988424044
0.1215969642516832 | 0.4735750715108935 | 0.6087127988424044 | 0.6316683031438037 | 0.08802166273492551:0.12468839709855217 | 0.45539201462183954 | 0.6245715415176676
0.12468839709855217 | 0.45539201462183954 | 0.6245715415176676 | 0.6316683031438037 | 0.08802166273492551:0.1278513304114206 | 0.43664918065496394 | 0.6398544078227602
0.1278513304114206 | 0.43664918065496394 | 0.6398544078227602 | 0.6316683031438037 | 0.08802166273492551:0.13108318710392908 | 0.41736512362459877 | 0.6545413432295533
0.13108318710392908 | 0.41736512362459877 | 0.6545413432295533 | 0.6316683031438037 | 0.08802166273492551:0.1343812938814537 | 0.3975590942916156 | 0.6686129280441762
0.1343812938814537 | 0.3975590942916156 | 0.6686129280441762 | 0.6316683031438037 | 0.08802166273492551:0.1377428843668156 | 0.37725101814937645 | 0.6820504015410265
0.1377428843668156 | 0.37725101814937645 | 0.6820504015410265 | 0.6316683031438037 | 0.08802166273492551:0.14116510233532154 | 0.35646147261207517 | 0.694835685302607
0.14116510233532154 | 0.35646147261207517 | 0.694835685302607 | 0.6316683031438037 | 0.08802166273492551:0.14464500505514621 | 0.3352116634336362 | 0.7069514057391899
0.14464500505514621 | 0.3352116634336362 | 0.7069514057391899 | 0.6316683031438037 | 0.08802166273492551:0.1481795667289667 | 0.3135234003863019 | 0.7183809157633476
0.1481795667289667 | 0.3135234003863019 | 0.7183809157633476 | 0.6316683031438037 | 0.08802166273492551:0.1517656820326465 | 0.2914190722286598 | 0.7291083155954681
0.1517656820326465 | 0.2914190722286598 | 0.7291083155954681 | 0.6316683031438037 | 0.08802166273492551:0.15540016974663828 | 0.26892162099366956 | 0.7391184726773616
0.15540016974663828 | 0.26892162099366956 | 0.7391184726773616 | 0.6316683031438037 | 0.08802166273492551:0.1590797764757319 | 0.24605451562791458 | 0.7483970406722307
0.1590797764757319 | 0.24605451562791458 | 0.7483970406722307 | 0.6316683031438037 | 0.08802166273492551:0.1628011804526608 | 0.22284172501397848 | 0.7569304775302541
0.1628011804526608 | 0.22284172501397848 | 0.7569304775302541 | 0.6316683031438037 | 0.08802166273492551:0.1665609954209799 | 0.19930769040840346 | 0.7647060626004105
0.1665609954209799 | 0.19930769040840346 | 0.7647060626004105 | 0.6316683031438037 | 0.08802166273492551:0.17035577459256857 | 0.1754772973283778 | 0.771711912769959
0.17035577459256857 | 0.1754772973283778 | 0.771711912769959 | 0.6316683031438037 | 0.08802166273492551:0.17418201467505412 | 0.15137584692066497 | 0.7779369976145318
0.17418201467505412 | 0.15137584692066497 | 0.7779369976145318 | 0.6316683031438037 | 0.08802166273492551:0.1780361599643534 | 0.127029026847012 | 0.7833711535426318
0.1780361599643534 | 0.127029026847012 | 0.7833711535426318 | 0.6316683031438037 | 0.08802166273492551:0.18191460649747526 | 0.10246288172050555 | 0.7880050969197612
0.18191460649747526 | 0.10246288172050555 | 0.7880050969197612 | 0.6316683031438037 | 0.08802166273492551:0.1858137062606957 | 0.07770378312790172 | 0.7918304361584774
0.1858137062606957 | 0.07770378312790172 | 0.7918304361584774 | -0.6867612833196304 | 0.9507237809488398:0.22358082320625527 | 0.10507732738784625 | 0.7807198202045385
0.22358082320625527 | 0.10507732738784625 | 0.7807198202045385 | -0.6867612833196304 | 0.9507237809488398:0.26080905149834877 | 0.13211009435489984 | 0.7668430796582157
0.26080905149834877 | 0.13211009435489984 | 0.7668430796582157 | -0.6867612833196304 | 0.9507237809488398:0.29736481501563006 | 0.15870495573017251 | 0.7502373609776498
0.29736481501563006 | 0.15870495573017251 | 0.7502373609776498 | -0.6867612833196304 | 0.9507237809488398:0.3331164220541787 | 0.18476597423488528 | 0.730949721336529
0.3331164220541787 | 0.18476597423488528 | 0.730949721336529 | -0.6867612833196304 | 0.9507237809488398:0.3679345481870744 | 0.2101987547303068 | 0.709036991433365
0.3679345481870744 | 0.2101987547303068 | 0.709036991433365 | 0.18277073610612637 | 0.5483154180206768:0.38810025909168466 | 0.2041396006466485 | 0.7020508460281008
0.38810025909168466 | 0.2041396006466485 | 0.7020508460281008 | 0.18277073610612637 | 0.5483154180206768:0.40809706647418764 | 0.19812688260979172 | 0.6944258532263348
0.40809706647418764 | 0.19812688260979172 | 0.6944258532263348 | 0.18277073610612637 | 0.5483154180206768:0.4279062883116165 | 0.1921669182568806 | 0.686166664406116
0.4279062883116165 | 0.1921669182568806 | 0.686166664406116 | 0.18277073610612637 | 0.5483154180206768:0.4475093735515365 | 0.18626598367769986 | 0.6772785439624442
0.4475093735515365 | 0.18626598367769986 | 0.6772785439624442 | 0.18277073610612637 | 0.5483154180206768:0.46688792013418023 | 0.18043030739382004 | 0.6677673647620139
0.46688792013418023 | 0.18043030739382004 | 0.6677673647620139 | 0.18277073610612637 | 0.5483154180206768:0.4860236928596642 | 0.17466606438672017 | 0.6576396030155394
0.4860236928596642 | 0.17466606438672017 | 0.6576396030155394 | 0.18277073610612637 | 0.5483154180206768:0.5048986410836775 | 0.1689793701802742 | 0.6469023325738732
0.5048986410836775 | 0.1689793701802742 | 0.6469023325738732 | 0.18277073610612637 | 0.5483154180206768:0.5234949162252427 | 0.16337627498329965 | 0.6355632186542124
0.5234949162252427 | 0.16337627498329965 | 0.6355632186542124 | 0.18277073610612637 | 0.5483154180206768:0.5417948890703652 | 0.15786275789744053 | 0.6236305110034692
0.5417948890703652 | 0.15786275789744053 | 0.6236305110034692 | 0.18277073610612637 | 0.5483154180206768:0.5597811668555988 | 0.15244472119582753 | 0.611113036506211
0.5597811668555988 | 0.15244472119582753 | 0.611113036506211 | 0.18277073610612637 | 0.5483154180206768:0.5774366101158321 | 0.14712798467775912 | 0.5980201912452543
0.5774366101158321 | 0.14712798467775912 | 0.5980201912452543 | 0.18277073610612637 | 0.5483154180206768:0.5947443492808677 | 0.1419182801045551 | 0.5843619320233557
0.5947443492808677 | 0.1419182801045551 | 0.5843619320233557 | 0.18277073610612637 | 0.5483154180206768:0.6116878010055924 | 0.13682124572178367 | 0.5701487673547376
0.6116878010055924 | 0.13682124572178367 | 0.5701487673547376 | 0.18277073610612637 | 0.5483154180206768:0.6282506842188678 | 0.13184242087272935 | 0.5553917479361843
0.6282506842188678 | 0.13184242087272935 | 0.5553917479361843 | 0.18277073610612637 | 0.5483154180206768:0.64441703587657 | 0.12698724070811807 | 0.5401024566072579
0.64441703587657 | 0.12698724070811807 | 0.5401024566072579 | 0.18277073610612637 | 0.5483154180206768:0.6601712264044828 | 0.12226103099686725 | 0.5242929978100648
0.6601712264044828 | 0.12226103099686725 | 0.5242929978100648 | 0.18277073610612637 | 0.5483154180206768:0.6754979748170893 | 0.11766900304254335 | 0.5079759865592592
0.6754979748170893 | 0.11766900304254335 | 0.5079759865592592 | 0.18277073610612637 | 0.5483154180206768:0.6903823634986708 | 0.11321624871013114 | 0.49116453693348205
0.6903823634986708 | 0.11321624871013114 | 0.49116453693348205 | 0.18277073610612637 | 0.5483154180206768:0.7048098526334075 | 0.10890773556761957 | 0.47387225009961753
0.7048098526334075 | 0.10890773556761957 | 0.47387225009961753 | 0.18277073610612637 | 0.5483154180206768:0.7187662942715818 | 0.10474830214671726 | 0.45611320188211835
0.7187662942715818 | 0.10474830214671726 | 0.45611320188211835 | 0.18277073610612637 | 0.5483154180206768:0.7322379460193233 | 0.10074265332699639 | 0.4379019298894349
0.7322379460193233 | 0.10074265332699639 | 0.4379019298894349 | 0.18277073610612637 | 0.5483154180206768:0.7452114843397228 | 0.09689535584747944 | 0.4192534202103957
0.7452114843397228 | 0.09689535584747944 | 0.4192534202103957 | 0.18277073610612637 | 0.5483154180206768:0.7576740174535237 | 0.09321083394982566 | 0.40018309369359883
0.7576740174535237 | 0.09321083394982566 | 0.40018309369359883 | 0.18277073610612637 | 0.5483154180206768:0.769613097827988 | 0.0896933651567906 | 0.38070679182332867
0.769613097827988 | 0.0896933651567906 | 0.38070679182332867 | 0.18277073610612637 | 0.5483154180206768:0.781016734242958 | 0.08634707618983128 | 0.3608407622054983
0.781016734242958 | 0.08634707618983128 | 0.3608407622054983 | 0.584197759522854 | -0.21229048091020464:0.778333824442953 | 0.07589021656775685 | 0.37205958705084186
