0.0 | 0.0 | 0.0 | -0.22497940311688236 | -0.7941926519546956:-3.969668563715871E-4 | 1.1248732917823467E-4 | 0.009991484570158572
-3.969668563715871E-4 | 1.1248732917823467E-4 | 0.009991484570158572 | -0.22497940311688236 | -0.7941926519546956:-0.0015785326888835903 | 4.4749478966377154E-4 | 0.019832246039300484
-0.0015785326888835903 | 4.4749478966377154E-4 | 0.019832246039300484 | -0.22497940311688236 | -0.7941926519546956:-0.0035288413232233687 | 0.0010008104421372899 | 0.029473633274070914
-0.0035288413232233687 | 0.0010008104421372899 | 0.029473633274070914 | -0.22497940311688236 | -0.7941926519546956:-0.006229624857314847 | 0.0017675320348331525 | 0.038868265108737025
-0.006229624857314847 | 0.0017675320348331525 | 0.038868265108737025 | -0.22497940311688236 | -0.7941926519546956:-0.0096602833644942 | 0.0027420889189616604 | 0.04797014782635836
-0.0096602833644942 | 0.0027420889189616604 | 0.04797014782635836 | -0.22497940311688236 | -0.7941926519546956:-0.013797969484240828 | 0.003918265375632446 | 0.05673478781741728
-0.013797969484240828 | 0.003918265375632446 | 0.05673478781741728 | 0.8782079181516298 | 0.2925461968151959:-0.015050756067910717 | 0.0016531450292222027 | 0.06622581678088174
-0.015050756067910717 | 0.0016531450292222027 | 0.06622581678088174 | 0.8782079181516298 | 0.2925461968151959:-0.016012174896709058 | -0.0014277730079410578 | 0.07556423729748374
-0.016012174896709058 | -0.0014277730079410578 | 0.07556423729748374 | 0.8782079181516298 | 0.2925461968151959:-0.016687709895155486 | -0.005309940719659956 | 0.08469115273046318
-0.016687709895155486 | -0.005309940719659956 | 0.08469115273046318 | 0.8782079181516298 | 0.2925461968151959:-0.017083938677405763 | -0.009975490811215737 | 0.09354900428098573
-0.017083938677405763 | -0.009975490811215737 | 0.09354900428098573 | 0.8782079181516298 | 0.2925461968151959:-0.0172084997749396 | -0.015403330991637487 | 0.10208176111074418
-0.0172084997749396 | -0.015403330991637487 | 0.10208176111074418 | 0.8782079181516298 | 0.2925461968151959:-0.017070056849454007 | -0.021569247454376494 | 0.11023510374816492
-0.017070056849454007 | -0.021569247454376494 | 0.11023510374816492 | 0.8782079181516298 | 0.2925461968151959:-0.016678260026390862 | -0.028446017159992065 | 0.11795660031318667
-0.016678260026390862 | -0.028446017159992065 | 0.11795660031318667 | 0.8782079181516298 | 0.2925461968151959:-0.016043704491034427 | -0.036003528504385596 | 0.12519587512020658
-0.016043704491034427 | -0.036003528504385596 | 0.12519587512020658 | 0.8782079181516298 | 0.2925461968151959:-0.015177886495178677 | -0.0442089099373455 | 0.1319047692443095
-0.015177886495178677 | -0.0442089099373455 | 0.1319047692443095 | 0.8782079181516298 | 0.2925461968151959:-0.014093156927976469 | -0.05302666607873996 | 0.13803749266224585
-0.014093156927976469 | -0.05302666607873996 | 0.13803749266224585 | -0.2441311802042363 | 0.9930918635692136:-0.007605089108304125 | -0.05428052447385645 | 0.14718229440709374
-0.007605089108304125 | -0.05428052447385645 | 0.14718229440709374 | -0.2441311802042363 | 0.9930918635692136:-2.7195247836794834E-4 | -0.05529659856549185 | 0.15597405995336167
-2.7195247836794834E-4 | -0.05529659856549185 | 0.15597405995336167 | -0.2441311802042363 | 0.9930918635692136:0.007881312419328296 | -0.0560809002649556 | 0.16434769508342617
0.007881312419328296 | -0.0560809002649556 | 0.16434769508342617 | -0.2441311802042363 | 0.9930918635692136:0.016825622030377768 | -0.056640468911629105 | 0.17224006241284417
0.016825622030377768 | -0.056640468911629105 | 0.17224006241284417 | -0.2441311802042363 | 0.9930918635692136:0.026527890941253296 | -0.05698333818646928 | 0.17959023999917756
0.026527890941253296 | -0.05698333818646928 | 0.17959023999917756 | 0.9343944724346089 | -0.1535542156197267:0.026241368977078044 | -0.06808780316183416 | 0.1844610111146272
0.026241368977078044 | -0.06808780316183416 | 0.1844610111146272 | 0.9343944724346089 | -0.1535542156197267:0.025854557180948173 | -0.07972496836240528 | 0.188601524936868
0.025854557180948173 | -0.07972496836240528 | 0.188601524936868 | 0.9343944724346089 | -0.1535542156197267:0.025375582824956236 | -0.09184719897202265 | 0.1919740377372361
0.025375582824956236 | -0.09184719897202265 | 0.1919740377372361 | 0.9343944724346089 | -0.1535542156197267:0.02481291538777175 | -0.10440469579062772 | 0.19454389495964408
0.02481291538777175 | -0.10440469579062772 | 0.19454389495964408 | 0.9343944724346089 | -0.1535542156197267:0.024175335443798632 | -0.1173456820280876 | 0.19627964452976743
0.024175335443798632 | -0.1173456820280876 | 0.19627964452976743 | 0.9343944724346089 | -0.1535542156197267:0.023471902732820727 | -0.1306165953450893 | 0.19715313902259002
0.023471902732820727 | -0.1306165953450893 | 0.19715313902259002 | 0.9343944724346089 | -0.1535542156197267:0.022711923513312707 | -0.14416228451838142 | 0.19713962646474936
0.022711923513312707 | -0.14416228451838142 | 0.19713962646474936 | 0.9343944724346089 | -0.1535542156197267:0.021904917303771886 | -0.1579262100996619 | 0.1962178295826953
0.021904917303771886 | -0.1579262100996619 | 0.1962178295826953 | 0.9343944724346089 | -0.1535542156197267:0.021060583117308226 | -0.17185064843122788 | 0.19437001334240334
0.021060583117308226 | -0.17185064843122788 | 0.19437001334240334 | 0.9343944724346089 | -0.1535542156197267:0.020188765295313632 | -0.18587689837714416 | 0.19158204066126272
0.020188765295313632 | -0.18587689837714416 | 0.19158204066126272 | 0.9343944724346089 | -0.1535542156197267:0.019299419046319544 | -0.19994549012610596 | 0.18784341620765188
0.019299419046319544 | -0.19994549012610596 | 0.18784341620765188 | 0.9343944724346089 | -0.1535542156197267:0.01840257579614614 | -0.21399639542141013 | 0.18314731823852703
0.01840257579614614 | -0.21399639542141013 | 0.18314731823852703 | 0.9343944724346089 | -0.1535542156197267:0.017508308455148627 | -0.22796923857443652 | 0.17749061846000913
0.017508308455148627 | -0.22796923857443652 | 0.17749061846000913 | 0.9343944724346089 | -0.1535542156197267:0.01662669670778072 | -0.2418035076208076 | 0.1708738899303519
0.01662669670778072 | -0.2418035076208076 | 0.1708738899303519 | 0.9343944724346089 | -0.1535542156197267:0.01576779242882642 | -0.2554387649828844 | 0.16330140305874963
0.01576779242882642 | -0.2554387649828844 | 0.16330140305874963 | 0.9343944724346089 | -0.1535542156197267:0.014941585329502238 | -0.26881485700846897 | 0.15478110978704418
0.014941585329502238 | -0.26881485700846897 | 0.15478110978704418 | 0.9343944724346089 | -0.1535542156197267:0.014157968935210485 | -0.28187212176345433 | 0.14532461607455716
0.014157968935210485 | -0.28187212176345433 | 0.14532461607455716 | 0.9343944724346089 | -0.1535542156197267:0.013426706995034371 | -0.29455159446569024 | 0.13494714283873321
0.013426706995034371 | -0.29455159446569024 | 0.13494714283873321 | 0.9343944724346089 | -0.1535542156197267:0.012757400421115811 | -0.30679520995846055 | 0.12366747553617241
0.012757400421115811 | -0.30679520995846055 | 0.12366747553617241 | 0.9343944724346089 | -0.1535542156197267:0.012159454853853113 | -0.3185460016346493 | 0.11150790259967724
0.012159454853853113 | -0.3185460016346493 | 0.11150790259967724 | 0.8662331467919306 | -0.03610355951203048:0.01221822733090952 | -0.32941102183897986 | 0.09954730527490785
0.01221822733090952 | -0.32941102183897986 | 0.09954730527490785 | 0.8662331467919306 | -0.03610355951203048:0.012294141107043244 | -0.33976081325461216 | 0.08683553010702649
0.012294141107043244 | -0.33976081325461216 | 0.08683553010702649 | 0.8662331467919306 | -0.03610355951203048:0.012389085912702325 | -0.3495506739433658 | 0.07339825515936038
0.012389085912702325 | -0.3495506739433658 | 0.07339825515936038 | 0.8662331467919306 | -0.03610355951203048:0.012504890236672117 | -0.3587373069258195 | 0.059263588233932296
0.012504890236672117 | -0.3587373069258195 | 0.059263588233932296 | 0.8662331467919306 | -0.03610355951203048:0.012643316268392046 | -0.36727894339447875 | 0.04446198722879835
0.012643316268392046 | -0.36727894339447875 | 0.04446198722879835 | 0.010336222043413112 | -0.3141532628778443:0.012149630237756337 | -0.37355120199862046 | 0.045221833911275766
0.012149630237756337 | -0.37355120199862046 | 0.045221833911275766 | 0.010336222043413112 | -0.3141532628778443:0.011630349783335991 | -0.3797617454219804 | 0.0459628969707353
0.011630349783335991 | -0.3797617454219804 | 0.0459628969707353 | 0.010336222043413112 | -0.3141532628778443:0.011086031137734986 | -0.3859111811071072 | 0.04668470411890624
0.011086031137734986 | -0.3859111811071072 | 0.04668470411890624 | 0.010336222043413112 | -0.3141532628778443:0.010517236900845939 | -0.39200011002742663 | 0.04738679631093934
0.010517236900845939 | -0.39200011002742663 | 0.04738679631093934 | 0.010336222043413112 | -0.3141532628778443:0.009924535766888454 | -0.39802912675876456 | 0.04806872778675331
0.009924535766888454 | -0.39802912675876456 | 0.04806872778675331 | -0.33590440705380353 | 0.43141891997168336:0.011268895199148032 | -0.40309734135201936 | 0.05533406862818069
0.011268895199148032 | -0.40309734135201936 | 0.05533406862818069 | -0.33590440705380353 | 0.43141891997168336:0.012789279290046085 | -0.40796914118402583 | 0.06273941065517263
0.012789279290046085 | -0.40796914118402583 | 0.06273941065517263 | -0.33590440705380353 | 0.43141891997168336:0.01449023582836878 | -0.4126415097323619 | 0.07027510351553001
0.01449023582836878 | -0.4126415097323619 | 0.07027510351553001 | -0.33590440705380353 | 0.43141891997168336:0.016376031848913175 | -0.4171116416217302 | 0.07793133112982353
0.016376031848913175 | -0.4171116416217302 | 0.07793133112982353 | -0.33590440705380353 | 0.43141891997168336:0.01845065049903044 | -0.4213769452265552 | 0.0856981238814889
0.01845065049903044 | -0.4213769452265552 | 0.0856981238814889 | -0.5435463351976477 | -0.6579159728442749:0.015448280778699752 | -0.42443631625117284 | 0.09896386705503435
0.015448280778699752 | -0.42443631625117284 | 0.09896386705503435 | -0.5435463351976477 | -0.6579159728442749:0.011959549693581928 | -0.42704183648267424 | 0.11234341733295938
0.011959549693581928 | -0.42704183648267424 | 0.11234341733295938 | -0.5435463351976477 | -0.6579159728442749:0.007977376341949893 | -0.4291877293559896 | 0.12580272668143344
0.007977376341949893 | -0.4291877293559896 | 0.12580272668143344 | -0.5435463351976477 | -0.6579159728442749:0.0034960359717260414 | -0.4308693264578327 | 0.13930724238555747
0.0034960359717260414 | -0.4308693264578327 | 0.13930724238555747 | -0.5435463351976477 | -0.6579159728442749:-0.0014888229615589998 | -0.43208308288237696 | 0.15282199607569424
-0.0014888229615589998 | -0.43208308288237696 | 0.15282199607569424 | -0.03104739355007502 | 0.5382783450138624:0.002673533229934688 | -0.43694933115839163 | 0.15529099514394584
0.002673533229934688 | -0.43694933115839163 | 0.15529099514394584 | -0.03104739355007502 | 0.5382783450138624:0.006949241723541777 | -0.441757906867414 | 0.15764285391297506
0.006949241723541777 | -0.441757906867414 | 0.15764285391297506 | -0.03104739355007502 | 0.5382783450138624:0.01133429117150736 | -0.44650954843559987 | 0.15987322992784225
0.01133429117150736 | -0.44650954843559987 | 0.15987322992784225 | -0.03104739355007502 | 0.5382783450138624:0.015824530150201133 | -0.4512049973771184 | 0.16197792688765666
0.015824530150201133 | -0.4512049973771184 | 0.16197792688765666 | -0.03104739355007502 | 0.5382783450138624:0.020415672345092117 | -0.4558449980492387 | 0.16395289865167495
0.020415672345092117 | -0.4558449980492387 | 0.16395289865167495 | 0.4663346831151509 | -0.26835790100997325:0.018552228841846707 | -0.4644259579685137 | 0.15517188291898876
0.018552228841846707 | -0.4644259579685137 | 0.15517188291898876 | 0.4663346831151509 | -0.26835790100997325:0.016787306071978425 | -0.47278737400251103 | 0.14604200923305477
0.016787306071978425 | -0.47278737400251103 | 0.14604200923305477 | 0.4663346831151509 | -0.26835790100997325:0.015127411674807467 | -0.4809183694680925 | 0.13657115355823635
0.015127411674807467 | -0.4809183694680925 | 0.13657115355823635 | 0.4663346831151509 | -0.26835790100997325:0.013578906167248994 | -0.48880831327698004 | 0.12676760632405326
0.013578906167248994 | -0.48880831327698004 | 0.12676760632405326 | 0.4663346831151509 | -0.26835790100997325:0.012147996855757182 | -0.4964468306903207 | 0.11664006192408927
0.012147996855757182 | -0.4964468306903207 | 0.11664006192408927 | 0.4663346831151509 | -0.26835790100997325:0.01084073193485624 | -0.5038238137524047 | 0.10619760787882448
0.01084073193485624 | -0.5038238137524047 | 0.10619760787882448 | 0.4663346831151509 | -0.26835790100997325:0.00966299477630117 | -0.5109294313963879 | 0.09544971367479782
0.00966299477630117 | -0.5109294313963879 | 0.09544971367479782 | 0.4663346831151509 | -0.26835790100997325:0.008620498412719835 | -0.5177541392151284 | 0.08440621929272396
0.008620498412719835 | -0.5177541392151284 | 0.08440621929272396 | 0.4663346831151509 | -0.26835790100997325:0.007718780219386878 | -0.5242886888906995 | 0.07307732343729079
0.007718780219386878 | -0.5242886888906995 | 0.07307732343729079 | 0.4663346831151509 | -0.26835790100997325:0.006963196797582727 | -0.5305241372764087 | 0.061473571481604594
0.006963196797582727 | -0.5305241372764087 | 0.061473571481604594 | 0.8349650920201366 | 0.36806344573265726:0.007751846534371221 | -0.5372733402813772 | 0.0394846184105937
0.007751846534371221 | -0.5372733402813772 | 0.0394846184105937 | 0.8349650920201366 | 0.36806344573265726:0.008132888716784858 | -0.5430625703858958 | 0.017025481312360924
0.008132888716784858 | -0.5430625703858958 | 0.017025481312360924 | 0.8349650920201366 | 0.36806344573265726:0.00809490785031819 | -0.5478652991207511 | -0.005852153408508087
0.00809490785031819 | -0.5478652991207511 | -0.005852153408508087 | 0.8349650920201366 | 0.36806344573265726:0.007627569526539646 | -0.5516574127118368 | -0.029094991202413212
0.007627569526539646 | -0.5516574127118368 | -0.029094991202413212 | 0.8349650920201366 | 0.36806344573265726:0.006721652948909251 | -0.5544172887965466 | -0.05264826716810589
0.006721652948909251 | -0.5544172887965466 | -0.05264826716810589 | 0.8349650920201366 | 0.36806344573265726:0.005369080519531444 | -0.5561258665562647 | -0.0764558879064694
0.005369080519531444 | -0.5561258665562647 | -0.0764558879064694 | 0.8349650920201366 | 0.36806344573265726:0.0035629444144430478 | -0.5567667100929867 | -0.10046057705929101
0.0035629444144430478 | -0.5567667100929867 | -0.10046057705929101 | 0.8349650920201366 | 0.36806344573265726:0.0012975300828895753 | -0.5563260648955399 | -0.12460402414965088
0.0012975300828895753 | -0.5563260648955399 | -0.12460402414965088 | 0.8349650920201366 | 0.36806344573265726:-0.0014316633859752237 | -0.5547929072589426 | -0.1488270363333939
-0.0014316633859752237 | -0.5547929072589426 | -0.1488270363333939 | 0.8349650920201366 | 0.36806344573265726:-0.004627906077452559 | -0.5521589865386431 | -0.173069692665079
-0.004627906077452559 | -0.5521589865386431 | -0.173069692665079 | -0.3837706146580855 | 0.8341151891804495:-0.01147972299233424 | -0.5594218680476608 | -0.1632894917620611
-0.01147972299233424 | -0.5594218680476608 | -0.1632894917620611 | -0.3837706146580855 | 0.8341151891804495:-0.017956681854088608 | -0.5664770026169634 | -0.15300147615204907
-0.017956681854088608 | -0.5664770026169634 | -0.15300147615204907 | -0.3837706146580855 | 0.8341151891804495:-0.024033789886510615 | -0.5733131053263527 | -0.14222533661248082
-0.024033789886510615 | -0.5733131053263527 | -0.14222533661248082 | -0.3837706146580855 | 0.8341151891804495:-0.029686935210805343 | -0.5799192785673135 | -0.1309822147285642
-0.029686935210805343 | -0.5799192785673135 | -0.1309822147285642 | -0.3837706146580855 | 0.8341151891804495:-0.034892954721352565 | -0.5862850437826133 | -0.11929465350740198
-0.034892954721352565 | -0.5862850437826133 | -0.11929465350740198 | -0.3837706146580855 | 0.8341151891804495:-0.03962969957030005 | -0.5924003721416575 | -0.10718654422143725
-0.03962969957030005 | -0.5924003721416575 | -0.10718654422143725 | -0.3837706146580855 | 0.8341151891804495:-0.043876098093656335 | -0.5982557140732503 | -0.09468306962186812
-0.043876098093656335 | -0.5982557140732503 | -0.09468306962186812 | -0.3837706146580855 | 0.8341151891804495:-0.04761221601845378 | -0.6038420275805301 | -0.08181064367148849
-0.04761221601845378 | -0.6038420275805301 | -0.08181064367148849 | -0.3837706146580855 | 0.8341151891804495:-0.05081931379782789 | -0.6091508052661467 | -0.06859684795482668
-0.05081931379782789 | -0.6091508052661467 | -0.06859684795482668 | -0.3837706146580855 | 0.8341151891804495:-0.05347990092847815 | -0.6141740999990866 | -0.0550703649314217
-0.05347990092847815 | -0.6141740999990866 | -0.0550703649314217 | -0.4554578840065868 | 0.41512167675262424:-0.05465520464905166 | -0.6190566444168937 | -0.04019792958782631
-0.05465520464905166 | -0.6190566444168937 | -0.04019792958782631 | -0.4554578840065868 | 0.41512167675262424:-0.05551922109171592 | -0.6235659581440771 | -0.025102187154113054
-0.05551922109171592 | -0.6235659581440771 | -0.025102187154113054 | -0.4554578840065868 | 0.41512167675262424:-0.05606562951114211 | -0.6276952571716023 | -0.009799947394909303
-0.05606562951114211 | -0.6276952571716023 | -0.009799947394909303 | -0.4554578840065868 | 0.41512167675262424:-0.056288518947414545 | -0.6314381998071283 | 0.005691640409249743
-0.056288518947414545 | -0.6314381998071283 | 0.005691640409249743 | -0.4554578840065868 | 0.41512167675262424:-0.05618239564087224 | -0.6347888950933438 | 0.02135510930729545
-0.05618239564087224 | -0.6347888950933438 | 0.02135510930729545 | -0.4554578840065868 | 0.41512167675262424:-0.05574218991703346 | -0.6377419106484012 | 0.03717269685740909
-0.05574218991703346 | -0.6377419106484012 | 0.03717269685740909 | -0.4554578840065868 | 0.41512167675262424:-0.05496326253583022 | -0.6402922799217734 | 0.053126367613685055
-0.05496326253583022 | -0.6402922799217734 | 0.053126367613685055 | -0.4554578840065868 | 0.41512167675262424:-0.053841410500013044 | -0.6424355088594993 | 0.06919783589194761
-0.053841410500013044 | -0.6424355088594993 | 0.06919783589194761 | -0.4554578840065868 | 0.41512167675262424:-0.052372872318220895 | -0.6441675819737043 | 0.08536858878684139
-0.052372872318220895 | -0.6441675819737043 | 0.08536858878684139 | -0.4554578840065868 | 0.41512167675262424:-0.05055433271884696 | -0.6454849678117398 | 0.10161990941218946
-0.05055433271884696 | -0.6454849678117398 | 0.10161990941218946 | -0.4554578840065868 | 0.41512167675262424:-0.04838292681146683 | -0.6463846238210635 | 0.11793290033651349
-0.04838292681146683 | -0.6463846238210635 | 0.11793290033651349 | -0.4554578840065868 | 0.41512167675262424:-0.04585624369323099 | -0.6468640006067758 | 0.13428850718553953
-0.04585624369323099 | -0.6468640006067758 | 0.13428850718553953 | -0.4554578840065868 | 0.41512167675262424:-0.042972329498257245 | -0.6469210455792691 | 0.15066754238348068
-0.042972329498257245 | -0.6469210455792691 | 0.15066754238348068 | -0.4554578840065868 | 0.41512167675262424:-0.03972968988869169 | -0.6465542059902134 | 0.16705070900489005
-0.03972968988869169 | -0.6465542059902134 | 0.16705070900489005 | -0.4554578840065868 | 0.41512167675262424:-0.036127291986735866 | -0.6457624313558696 | 0.1834186247088816
-0.036127291986735866 | -0.6457624313558696 | 0.1834186247088816 | -0.4554578840065868 | 0.41512167675262424:-0.03216456574756554 | -0.6445451752671829 | 0.19975184572760085
-0.03216456574756554 | -0.6445451752671829 | 0.19975184572760085 | -0.4554578840065868 | 0.41512167675262424:-0.027841404773688627 | -0.6429023965871039 | 0.21603089088086946
-0.027841404773688627 | -0.6429023965871039 | 0.21603089088086946 | -0.4554578840065868 | 0.41512167675262424:-0.023158166571909777 | -0.6408345600360121 | 0.2322362655890995
-0.023158166571909777 | -0.6408345600360121 | 0.2322362655890995 | -0.4554578840065868 | 0.41512167675262424:-0.018115672254681803 | -0.638342636166854 | 0.24834848585665092
-0.018115672254681803 | -0.638342636166854 | 0.24834848585665092 | -0.4554578840065868 | 0.41512167675262424:-0.012715205688233588 | -0.6354281007323976 | 0.26434810219801896
-0.012715205688233588 | -0.6354281007323976 | 0.26434810219801896 | -0.4554578840065868 | 0.41512167675262424:-0.00695851209046594 | -0.6320929334475238 | 0.2802157234794507
-0.00695851209046594 | -0.6320929334475238 | 0.2802157234794507 | -0.4554578840065868 | 0.41512167675262424:-8.477960822028674E-4 | -0.6283396161501642 | 0.295932040648756
-8.477960822028674E-4 | -0.6283396161501642 | 0.295932040648756 | -0.4554578840065868 | 0.41512167675262424:0.0056142808040260395 | -0.6241711303651911 | 0.31147785032640307
0.0056142808040260395 | -0.6241711303651911 | 0.31147785032640307 | -0.4554578840065868 | 0.41512167675262424:0.012424603152916047 | -0.6195909542762124 | 0.32683407823122934
0.012424603152916047 | -0.6195909542762124 | 0.32683407823122934 | -0.4554578840065868 | 0.41512167675262424:0.019579605227701413 | -0.6146030591107134 | 0.3419818024144199
0.019579605227701413 | -0.6146030591107134 | 0.3419818024144199 | -0.18298806761196373 | 0.679410781244951:0.031506037902996 | -0.614024083587978 | 0.3481856470425502
0.031506037902996 | -0.614024083587978 | 0.3481856470425502 | -0.18298806761196373 | 0.679410781244951:0.043684610942225144 | -0.6133492793977666 | 0.353978661695324
0.043684610942225144 | -0.6133492793977666 | 0.353978661695324 | -0.18298806761196373 | 0.679410781244951:0.05610078488301057 | -0.6125827713434546 | 0.35934964008807846
0.05610078488301057 | -0.6125827713434546 | 0.35934964008807846 | -0.18298806761196373 | 0.679410781244951:0.06873958586218132 | -0.6117288012518216 | 0.3642879529579588
0.06873958586218132 | -0.6117288012518216 | 0.3642879529579588 | -0.18298806761196373 | 0.679410781244951:0.08158562747168441 | -0.6107917221923671 | 0.3687835653889273
0.08158562747168441 | -0.6107917221923671 | 0.3687835653889273 | 0.43512040219205583 | -0.3971721726611981:0.07480452814175548 | -0.6210980079386061 | 0.35835995470474735
0.07480452814175548 | -0.6210980079386061 | 0.35835995470474735 | 0.43512040219205583 | -0.3971721726611981:0.06820667493999207 | -0.6311804187827903 | 0.34752090145341974
0.06820667493999207 | -0.6311804187827903 | 0.34752090145341974 | 0.43512040219205583 | -0.3971721726611981:0.06180168726730403 | -0.6410285986413342 | 0.3362750375173107
0.06180168726730403 | -0.6410285986413342 | 0.3362750375173107 | 0.43512040219205583 | -0.3971721726611981:0.05559899197064831 | -0.650632394482983 | 0.324631466991562
0.05559899197064831 | -0.650632394482983 | 0.324631466991562 | 0.43512040219205583 | -0.3971721726611981:0.04960781307733023 | -0.6599818677078915 | 0.31259975654926997
0.04960781307733023 | -0.6599818677078915 | 0.31259975654926997 | 0.43512040219205583 | -0.3971721726611981:0.04383716176176797 | -0.6690673052769398 | 0.300189925327091
0.04383716176176797 | -0.6690673052769398 | 0.300189925327091 | 0.43512040219205583 | -0.3971721726611981:0.038295826554360146 | -0.6778792305806718 | 0.2874124343432918
0.038295826554360146 | -0.6778792305806718 | 0.2874124343432918 | 0.43512040219205583 | -0.3971721726611981:0.032992363801811725 | -0.6864084140373663 | 0.27427817546077904
0.032992363801811725 | -0.6864084140373663 | 0.27427817546077904 | 0.43512040219205583 | -0.3971721726611981:0.027935088387980422 | -0.6946458834103098 | 0.2607984599079618
0.027935088387980422 | -0.6946458834103098 | 0.2607984599079618 | 0.43512040219205583 | -0.3971721726611981:0.023132064724007806 | -0.702582933834357 | 0.24698500637073018
0.023132064724007806 | -0.702582933834357 | 0.24698500637073018 | 0.7791704237947319 | -0.7961787647922043:0.014429851999811338 | -0.7141043186537317 | 0.22093297523809774
0.014429851999811338 | -0.7141043186537317 | 0.22093297523809774 | 0.7791704237947319 | -0.7961787647922043:0.006761984950297062 | -0.7246051384843994 | 0.19402605676677354
0.006761984950297062 | -0.7246051384843994 | 0.19402605676677354 | 0.7791704237947319 | -0.7961787647922043:1.6430817654600194E-4 | -0.7340489626958799 | 0.16634646710977208
1.6430817654600194E-4 | -0.7340489626958799 | 0.16634646710977208 | 0.7791704237947319 | -0.7961787647922043:-0.005330740281346169 | -0.7424026328070994 | 0.13797945720559213
-0.005330740281346169 | -0.7424026328070994 | 0.13797945720559213 | 0.7791704237947319 | -0.7961787647922043:-0.00969425375031896 | -0.7496363900075593 | 0.10901303780287108
-0.00969425375031896 | -0.7496363900075593 | 0.10901303780287108 | 0.7791704237947319 | -0.7961787647922043:-0.012900970062887679 | -0.7557239914615153 | 0.07953769414304546
-0.012900970062887679 | -0.7557239914615153 | 0.07953769414304546 | 0.7791704237947319 | -0.7961787647922043:-0.014929372615840653 | -0.760642814973032 | 0.04964609126055919
-0.014929372615840653 | -0.760642814973032 | 0.04964609126055919 | 0.7791704237947319 | -0.7961787647922043:-0.01576177897792244 | -0.7643739516292243 | 0.01943277089321782
-0.01576177897792244 | -0.7643739516292243 | 0.01943277089321782 | 0.7791704237947319 | -0.7961787647922043:-0.015384416717753369 | -0.7669022860801249 | -0.011006158975053637
-0.015384416717753369 | -0.7669022860801249 | -0.011006158975053637 | 0.7791704237947319 | -0.7961787647922043:-0.013787486166773583 | -0.7682165641556651 | -0.041573340890792565
-0.013787486166773583 | -0.7682165641556651 | -0.041573340890792565 | 0.9430009359904783 | 0.5925722896797738:-0.016132472619111354 | -0.767696533801427 | -0.0775241767410968
-0.016132472619111354 | -0.767696533801427 | -0.0775241767410968 | 0.9430009359904783 | 0.5925722896797738:-0.019548988862215205 | -0.7654463653146735 | -0.11342820100070128
-0.019548988862215205 | -0.7654463653146735 | -0.11342820100070128 | 0.9430009359904783 | 0.5925722896797738:-0.024035628588055663 | -0.7614657902164907 | -0.14916907788613187
-0.024035628588055663 | -0.7614657902164907 | -0.14916907788613187 | 0.9430009359904783 | 0.5925722896797738:-0.0295874147985465 | -0.7557602195604858 | -0.1846304281774529
-0.0295874147985465 | -0.7557602195604858 | -0.1846304281774529 | 0.9430009359904783 | 0.5925722896797738:-0.0361958022240769 | -0.7483407492854894 | -0.21969621846204745
-0.0361958022240769 | -0.7483407492854894 | -0.21969621846204745 | 0.9430009359904783 | 0.5925722896797738:-0.04384869180401806 | -0.7392241463708586 | -0.25425115039161206
-0.04384869180401806 | -0.7392241463708586 | -0.25425115039161206 | 0.9430009359904783 | 0.5925722896797738:-0.05253045720349442 | -0.728432815804652 | -0.2881810486304577
-0.05253045720349442 | -0.728432815804652 | -0.2881810486304577 | 0.9430009359904783 | 0.5925722896797738:-0.06222198329977442 | -0.7159947484392291 | -0.3213732461763694
-0.06222198329977442 | -0.7159947484392291 | -0.3213732461763694 | 0.9430009359904783 | 0.5925722896797738:-0.07290071653092989 | -0.7019434498745483 | -0.3537169657431338
-0.07290071653092989 | -0.7019434498745483 | -0.3537169657431338 | 0.9430009359904783 | 0.5925722896797738:-0.08454072695907389 | -0.6863178505732748 | -0.38510369590595417
-0.08454072695907389 | -0.6863178505732748 | -0.38510369590595417 | -0.7442596140942261 | -0.96826235617655:-0.06723011248305455 | -0.702014577322231 | -0.3639294469353356
-0.06723011248305455 | -0.702014577322231 | -0.3639294469353356 | -0.7442596140942261 | -0.96826235617655:-0.0509475841100408 | -0.7169281703292825 | -0.3413028993835763
-0.0509475841100408 | -0.7169281703292825 | -0.3413028993835763 | -0.7442596140942261 | -0.96826235617655:-0.0357646708052633 | -0.7310023696123551 | -0.3173037514150767
-0.0357646708052633 | -0.7310023696123551 | -0.3173037514150767 | -0.7442596140942261 | -0.96826235617655:-0.02174890280088332 | -0.7441838802424883 | -0.29201741623763766
-0.02174890280088332 | -0.7441838802424883 | -0.29201741623763766 | -0.7442596140942261 | -0.96826235617655:-0.00896352980991888 | -0.7564225947979395 | -0.2655347074500103
-0.00896352980991888 | -0.7564225947979395 | -0.2655347074500103 | 0.6686923766385828 | -0.9244289974692939:0.004487625813232254 | -0.7489711499583507 | -0.29149512547560974
0.004487625813232254 | -0.7489711499583507 | -0.29149512547560974 | 0.6686923766385828 | -0.9244289974692939:0.01914731573425338 | -0.7406127567464296 | -0.31659521699291204
0.01914731573425338 | -0.7406127567464296 | -0.31659521699291204 | 0.6686923766385828 | -0.9244289974692939:0.03497504730043405 | -0.7313754098855441 | -0.34074659016704345
0.03497504730043405 | -0.7313754098855441 | -0.34074659016704345 | 0.6686923766385828 | -0.9244289974692939:0.05192614165557352 | -0.7212901779657557 | -0.363863715020722
0.05192614165557352 | -0.7212901779657557 | -0.363863715020722 | 0.6686923766385828 | -0.9244289974692939:0.06995187342461473 | -0.7103911075384985 | -0.38586422904869977
0.06995187342461473 | -0.7103911075384985 | -0.38586422904869977 | 0.6686923766385828 | -0.9244289974692939:0.08899962488416718 | -0.6987151165630934 | -0.4066692326399668
0.08899962488416718 | -0.6987151165630934 | -0.4066692326399668 | 0.6686923766385828 | -0.9244289974692939:0.10901305410641812 | -0.6863018775580798 | -0.4262035732531668
0.10901305410641812 | -0.6863018775580798 | -0.4262035732531668 | 0.6686923766385828 | -0.9244289974692939:0.12993227651432826 | -0.6731936908471283 | -0.4443961173290063
0.12993227651432826 | -0.6731936908471283 | -0.4443961173290063 | 0.6686923766385828 | -0.9244289974692939:0.1516940592383678 | -0.6594353483239814 | -0.46118000896546185
0.1516940592383678 | -0.6594353483239814 | -0.46118000896546185 | 0.6686923766385828 | -0.9244289974692939:0.17423202761953466 | -0.6450739881952643 | -0.4764929144269239
0.17423202761953466 | -0.6450739881952643 | -0.4764929144269239 | 0.978097930756691 | -0.6066525399659426:0.18995619313828072 | -0.6223660608594201 | -0.5030371009856474
0.18995619313828072 | -0.6223660608594201 | -0.5030371009856474 | 0.978097930756691 | -0.6066525399659426:0.20647407861915912 | -0.5983194078492176 | -0.5279913370959992
0.20647407861915912 | -0.5983194078492176 | -0.5279913370959992 | 0.978097930756691 | -0.6066525399659426:0.22373596496468684 | -0.5730121613079149 | -0.5512640786730394
0.22373596496468684 | -0.5730121613079149 | -0.5512640786730394 | 0.978097930756691 | -0.6066525399659426:0.24168934807954057 | -0.5465270754437768 | -0.5727692318026056
0.24168934807954057 | -0.5465270754437768 | -0.5727692318026056 | 0.978097930756691 | -0.6066525399659426:0.2602791132182545 | -0.5189512531884617 | -0.5924264704949298
0.2602791132182545 | -0.5189512531884617 | -0.5924264704949298 | 0.978097930756691 | -0.6066525399659426:0.27944771895273957 | -0.4903758568674732 | -0.6101615349764291
0.27944771895273957 | -0.4903758568674732 | -0.6101615349764291 | 0.978097930756691 | -0.6066525399659426:0.2991353901270515 | -0.46089580387582885 | -0.625906509430119
0.2991353901270515 | -0.46089580387582885 | -0.625906509430119 | 0.978097930756691 | -0.6066525399659426:0.31928031913429766 | -0.43060944840688364 | -0.6396000781667226
0.31928031913429766 | -0.43060944840688364 | -0.6396000781667226 | 0.978097930756691 | -0.6066525399659426:0.3398188748204247 | -0.39961825033198295 | -0.6511877592838431
0.3398188748204247 | -0.39961825033198295 | -0.6511877592838431 | 0.978097930756691 | -0.6066525399659426:0.36068581829189217 | -0.36802643237588484 | -0.6606221149492129
0.36068581829189217 | -0.36802643237588484 | -0.6606221149492129 | 0.5929026236539086 | -0.6586465968589923:0.3833323056035862 | -0.34895750152585947 | -0.6602759612894178
0.3833323056035862 | -0.34895750152585947 | -0.6602759612894178 | 0.5929026236539086 | -0.6586465968589923:0.40597091998983004 | -0.32986274450902897 | -0.6586012058262447
0.40597091998983004 | -0.32986274450902897 | -0.6586012058262447 | 0.5929026236539086 | -0.6586465968589923:0.4285569098426336 | -0.3107825563229767 | -0.6555964222645041
0.4285569098426336 | -0.3107825563229767 | -0.6555964222645041 | 0.5929026236539086 | -0.6586465968589923:0.4510454793744092 | -0.2917574112981356 | -0.6512629424456329
0.4510454793744092 | -0.2917574112981356 | -0.6512629424456329 | 0.5929026236539086 | -0.6586465968589923:0.4733918830094801 | -0.2728277781983195 | -0.6456048600897738
0.4733918830094801 | -0.2728277781983195 | -0.6456048600897738 | -0.9085770389751491 | -0.3002423936488432:0.4837144983718389 | -0.30241572990672694 | -0.6265114894923339
0.4837144983718389 | -0.30241572990672694 | -0.6265114894923339 | -0.9085770389751491 | -0.3002423936488432:0.4937371097940835 | -0.3311512651016244 | -0.605890952129543
0.4937371097940835 | -0.3311512651016244 | -0.605890952129543 | -0.9085770389751491 | -0.3002423936488432:0.5034365727049464 | -0.3589631399936337 | -0.5837866223654093
0.5034365727049464 | -0.3589631399936337 | -0.5837866223654093 | -0.9085770389751491 | -0.3002423936488432:0.5127904311937996 | -0.38578211340886526 | -0.5602455622986735
0.5127904311937996 | -0.38578211340886526 | -0.5602455622986735 | -0.9085770389751491 | -0.3002423936488432:0.5217769743272855 | -0.4115411196062979 | -0.5353184165661897
0.5217769743272855 | -0.4115411196062979 | -0.5353184165661897 | -0.14616709052738242 | -0.6321087128252121:0.5392622980633783 | -0.41615641475469545 | -0.5164284475985061
0.5392622980633783 | -0.41615641475469545 | -0.5164284475985061 | -0.14616709052738242 | -0.6321087128252121:0.5561587591818764 | -0.42063278504348034 | -0.49691873317666957
0.5561587591818764 | -0.42063278504348034 | -0.49691873317666957 | -0.14616709052738242 | -0.6321087128252121:0.5724455545251992 | -0.42496539817224743 | -0.4768091263549028
0.5724455545251992 | -0.42496539817224743 | -0.4768091263549028 | -0.14616709052738242 | -0.6321087128252121:0.5881025330747747 | -0.4291495694427283 | -0.4561202140105305
0.5881025330747747 | -0.4291495694427283 | -0.4561202140105305 | -0.14616709052738242 | -0.6321087128252121:0.603110220253372 | -0.4331807674671353 | -0.4348732937962989
0.603110220253372 | -0.4331807674671353 | -0.4348732937962989 | -0.42440577235701293 | 0.3681198254117839:0.5961398839352317 | -0.44302759083610965 | -0.4373196511793198
0.5961398839352317 | -0.44302759083610965 | -0.4373196511793198 | -0.42440577235701293 | 0.3681198254117839:0.589107136014789 | -0.45293164260199603 | -0.4394230204122893
0.589107136014789 | -0.45293164260199603 | -0.4394230204122893 | -0.42440577235701293 | 0.3681198254117839:0.5820186396163649 | -0.46288545354602206 | -0.44118065737033607
0.5820186396163649 | -0.46288545354602206 | -0.44118065737033607 | -0.42440577235701293 | 0.3681198254117839:0.5748811104123934 | -0.47288148887702164 | -0.44259011503602963
