0.0 | 0.0 | 0.0 | 0.47776720279526774 | -0.8607757963197926:-4.301322823751225E-4 | -2.388608820753646E-4 | 0.009987889251422091
-4.301322823751225E-4 | -2.388608820753646E-4 | 0.009987889251422091 | 0.47776720279526774 | -0.8607757963197926:-0.0017096086991766485 | -9.499550277520807E-4 | 0.019803656822439335
-0.0017096086991766485 | -9.499550277520807E-4 | 0.019803656822439335 | 0.47776720279526774 | -0.8607757963197926:-0.003819143366584945 | -0.002123421334117248 | 0.029377791387088424
-0.003819143366584945 | -0.002123421334117248 | 0.029377791387088424 | -0.8958604578005696 | -0.07964230863042099:-0.0052223252765447375 | -0.001069061092771273 | 0.039041757837038865
-0.0052223252765447375 | -0.001069061092771273 | 0.039041757837038865 | -0.8958604578005696 | -0.07964230863042099:-0.006688791391731886 | 8.460509914802739E-4 | 0.04854399526452474
-0.006688791391731886 | 8.460509914802739E-4 | 0.04854399526452474 | -0.8958604578005696 | -0.07964230863042099:-0.008217027499030319 | 0.0036046970298506675 | 0.057827843920834954
-0.008217027499030319 | 0.0036046970298506675 | 0.057827843920834954 | -0.8958604578005696 | -0.07964230863042099:-0.00980523484828525 | 0.007186440245998571 | 0.06683808346413722
-0.00980523484828525 | 0.007186440245998571 | 0.06683808346413722 | -0.8958604578005696 | -0.07964230863042099:-0.01145133958389357 | 0.011567727168222741 | 0.0755211013487711
-0.01145133958389357 | 0.011567727168222741 | 0.0755211013487711 | -0.23715867041048555 | -0.9842729790906088:-0.016954643846844877 | 0.013950940034281767 | 0.0836491351239948
-0.016954643846844877 | 0.013950940034281767 | 0.0836491351239948 | -0.23715867041048555 | -0.9842729790906088:-0.023263236129337048 | 0.016520148498143095 | 0.09126167935125834
-0.023263236129337048 | 0.016520148498143095 | 0.09126167935125834 | -0.23715867041048555 | -0.9842729790906088:-0.03033595518769329 | 0.019265903189762512 | 0.09829870710617739
-0.03033595518769329 | 0.019265903189762512 | 0.09829870710617739 | -0.23715867041048555 | -0.9842729790906088:-0.03812799024851604 | 0.022177855586144046 | 0.10470337366183391
-0.03812799024851604 | 0.022177855586144046 | 0.10470337366183391 | -0.23715867041048555 | -0.9842729790906088:-0.046591098181835294 | 0.02524480907091642 | 0.11042223051724187
-0.046591098181835294 | 0.02524480907091642 | 0.11042223051724187 | 0.5501393059815904 | -0.5256265456646954:-0.053039935646987224 | 0.02378869311487186 | 0.11767975599960256
-0.053039935646987224 | 0.02378869311487186 | 0.11767975599960256 | 0.5501393059815904 | -0.5256265456646954:-0.059845206033018516 | 0.021902796178392747 | 0.12458925692103928
-0.059845206033018516 | 0.021902796178392747 | 0.12458925692103928 | 0.5501393059815904 | -0.5256265456646954:-0.06699195411332792 | 0.019602875258653674 | 0.13112055191225291
-0.06699195411332792 | 0.019602875258653674 | 0.13112055191225291 | 0.5501393059815904 | -0.5256265456646954:-0.07446426778154297 | 0.016905700876373775 | 0.1372447106670267
-0.07446426778154297 | 0.016905700876373775 | 0.1372447106670267 | 0.5501393059815904 | -0.5256265456646954:-0.08224532446174498 | 0.013829009345721066 | 0.1429341115832634
-0.08224532446174498 | 0.013829009345721066 | 0.1429341115832634 | 0.5501393059815904 | -0.5256265456646954:-0.09031743898788791 | 0.010391453460454336 | 0.1481624960941943
-0.09031743898788791 | 0.010391453460454336 | 0.1481624960941943 | 0.5501393059815904 | -0.5256265456646954:-0.09866211284459847 | 0.006612551708152115 | 0.15290501961729563
-0.09866211284459847 | 0.006612551708152115 | 0.15290501961729563 | 0.5501393059815904 | -0.5256265456646954:-0.10726008466016346 | 0.002512636125918566 | 0.15713829905538645
-0.10726008466016346 | 0.002512636125918566 | 0.15713829905538645 | 0.5501393059815904 | -0.5256265456646954:-0.11609138184133283 | -0.0018872010877112322 | 0.1608404567913524
-0.11609138184133283 | -0.0018872010877112322 | 0.1608404567913524 | 0.5501393059815904 | -0.5256265456646954:-0.12513537323859014 | -0.00656516208883362 | 0.16399116112494472
-0.12513537323859014 | -0.00656516208883362 | 0.16399116112494472 | 0.5501393059815904 | -0.5256265456646954:-0.13437082272977596 | -0.01149879891546779 | 0.1665716631071299
-0.13437082272977596 | -0.01149879891546779 | 0.1665716631071299 | 0.5501393059815904 | -0.5256265456646954:-0.14377594360938262 | -0.016665069908648578 | 0.1685648297344815
-0.14377594360938262 | -0.016665069908648578 | 0.1685648297344815 | 0.5501393059815904 | -0.5256265456646954:-0.1533284536704702 | -0.022040396909414617 | 0.16995517347314548
-0.1533284536704702 | -0.022040396909414617 | 0.16995517347314548 | 0.5501393059815904 | -0.5256265456646954:-0.16300563086599396 | -0.0276007231135188 | 0.17072887808889448
-0.16300563086599396 | -0.0276007231135188 | 0.17072887808889448 | 0.5501393059815904 | -0.5256265456646954:-0.17278436943636222 | -0.033321571465623534 | 0.17087382076676993
-0.17278436943636222 | -0.033321571465623534 | 0.17087382076676993 | 0.36366164998359163 | 0.5527535046538148:-0.1731836771252373 | -0.03754362344915496 | 0.18033258219290493
-0.1731836771252373 | -0.03754362344915496 | 0.18033258219290493 | 0.36366164998359163 | 0.5527535046538148:-0.17312327140148343 | -0.04202246454727787 | 0.18978498619970408
-0.17312327140148343 | -0.04202246454727787 | 0.18978498619970408 | 0.36366164998359163 | 0.5527535046538148:-0.17260398936061971 | -0.0467582290264289 | 0.1992059657076095
-0.17260398936061971 | -0.0467582290264289 | 0.1992059657076095 | 0.36366164998359163 | 0.5527535046538148:-0.17162756749004116 | -0.05175045379369947 | 0.208570573714157
-0.17162756749004116 | -0.05175045379369947 | 0.208570573714157 | 0.36366164998359163 | 0.5527535046538148:-0.17019663314516364 | -0.056998083659735244 | 0.2178540262479025
-0.17019663314516364 | -0.056998083659735244 | 0.2178540262479025 | -0.5112615548331871 | 0.1274211720445717:-0.17308840892929345 | -0.052718284419357886 | 0.22592171083074497
-0.17308840892929345 | -0.052718284419357886 | 0.22592171083074497 | -0.5112615548331871 | 0.1274211720445717:-0.17585090074055731 | -0.04807841654218081 | 0.23389783276593157
-0.17585090074055731 | -0.04807841654218081 | 0.23389783276593157 | -0.5112615548331871 | 0.1274211720445717:-0.17848555110199804 | -0.04308248502697376 | 0.2417679501231138
-0.17848555110199804 | -0.04308248502697376 | 0.2417679501231138 | -0.5112615548331871 | 0.1274211720445717:-0.18099391362628792 | -0.03773495925758863 | 0.24951782771501385
-0.18099391362628792 | -0.03773495925758863 | 0.24951782771501385 | -0.5112615548331871 | 0.1274211720445717:-0.18337765083866708 | -0.03204076428822078 | 0.257133451238337
-0.18337765083866708 | -0.03204076428822078 | 0.257133451238337 | -0.5112615548331871 | 0.1274211720445717:-0.18563853190934188 | -0.026005271762536974 | 0.2646010410683397
-0.18563853190934188 | -0.026005271762536974 | 0.2646010410683397 | -0.5112615548331871 | 0.1274211720445717:-0.18777843029829233 | -0.019634290478371286 | 0.2719070656981355
-0.18777843029829233 | -0.019634290478371286 | 0.2719070656981355 | -0.5112615548331871 | 0.1274211720445717:-0.18979932131547628 | -0.012934056609868128 | 0.27903825481417677
-0.18979932131547628 | -0.012934056609868128 | 0.27903825481417677 | -0.5112615548331871 | 0.1274211720445717:-0.19170327959945865 | -0.005911223599107451 | 0.28598161199975625
-0.19170327959945865 | -0.005911223599107451 | 0.28598161199975625 | -0.5112615548331871 | 0.1274211720445717:-0.1934924765175472 | 0.0014271482705934257 | 0.29272442705876855
-0.1934924765175472 | 0.0014271482705934257 | 0.29272442705876855 | 0.09730825649092778 | -0.7587174496313929:-0.2082375793413771 | 2.9656801814326172E-6 | 0.29045408846442555
-0.2082375793413771 | 2.9656801814326172E-6 | 0.29045408846442555 | 0.09730825649092778 | -0.7587174496313929:-0.22304326364162996 | -0.0014355644388304167 | 0.2874206712284533
-0.22304326364162996 | -0.0014355644388304167 | 0.2874206712284533 | 0.09730825649092778 | -0.7587174496313929:-0.23787139384357125 | -0.002883518325334844 | 0.28361845731289215
-0.23787139384357125 | -0.002883518325334844 | 0.28361845731289215 | 0.09730825649092778 | -0.7587174496313929:-0.25268359731899626 | -0.004335937752291796 | 0.27904359441056314
-0.25268359731899626 | -0.004335937752291796 | 0.27904359441056314 | 0.09730825649092778 | -0.7587174496313929:-0.26744135053493245 | -0.005787841056321241 | 0.2736941013977683
-0.26744135053493245 | -0.005787841056321241 | 0.2736941013977683 | 0.09730825649092778 | -0.7587174496313929:-0.28210606509392466 | -0.0072342341628781615 | 0.26756986990660714
-0.28210606509392466 | -0.0072342341628781615 | 0.26756986990660714 | 0.09730825649092778 | -0.7587174496313929:-0.29663917350063596 | -0.008670121585764745 | 0.26067266203939354
-0.29663917350063596 | -0.008670121585764745 | 0.26067266203939354 | 0.09730825649092778 | -0.7587174496313929:-0.3110022144912934 | -0.010090517379940156 | 0.25300610425459524
-0.3110022144912934 | -0.010090517379940156 | 0.25300610425459524 | 0.09730825649092778 | -0.7587174496313929:-0.3251569177644882 | -0.011490456026834073 | 0.2445756774604071
-0.3251569177644882 | -0.011490456026834073 | 0.2445756774604071 | 0.09730825649092778 | -0.7587174496313929:-0.3390652879541687 | -0.012865003231645966 | 0.23538870335884
-0.3390652879541687 | -0.012865003231645966 | 0.23538870335884 | 0.23703864008699949 | -0.5291360723178802:-0.3500757220292803 | -0.015876368310857814 | 0.22938287302590687
-0.3500757220292803 | -0.015876368310857814 | 0.22938287302590687 | 0.23703864008699949 | -0.5291360723178802:-0.36095585080583525 | -0.018851824533777206 | 0.22288802311461353
-0.36095585080583525 | -0.018851824533777206 | 0.22288802311461353 | 0.23703864008699949 | -0.5291360723178802:-0.37168812911312443 | -0.02178329018514935 | 0.21590865627436706
-0.37168812911312443 | -0.02178329018514935 | 0.21590865627436706 | 0.23703864008699949 | -0.5291360723178802:-0.38225519967189214 | -0.024662765508683515 | 0.20844997777796515
-0.38225519967189214 | -0.024662765508683515 | 0.20844997777796515 | 0.23703864008699949 | -0.5291360723178802:-0.3926399147454518 | -0.027482342443311047 | 0.20051788587537267
-0.3926399147454518 | -0.027482342443311047 | 0.20051788587537267 | -0.5403345132046025 | 0.7674025757072578:-0.38949425377759894 | -0.02233437617332612 | 0.21883206693424562
-0.38949425377759894 | -0.02233437617332612 | 0.21883206693424562 | -0.5403345132046025 | 0.7674025757072578:-0.3854978344138136 | -0.016617632832676144 | 0.23702822716315453
-0.3854978344138136 | -0.016617632832676144 | 0.23702822716315453 | -0.5403345132046025 | 0.7674025757072578:-0.38065200951777634 | -0.010331968583381812 | 0.25504875546996963
-0.38065200951777634 | -0.010331968583381812 | 0.25504875546996963 | -0.5403345132046025 | 0.7674025757072578:-0.37496076123292355 | -0.003479093388201182 | 0.2728359990861122
-0.37496076123292355 | -0.003479093388201182 | 0.2728359990861122 | -0.5403345132046025 | 0.7674025757072578:-0.36843069971542164 | 0.003937427527782589 | 0.29033244014733484
-0.36843069971542164 | 0.003937427527782589 | 0.29033244014733484 | -0.5403345132046025 | 0.7674025757072578:-0.3610710541104787 | 0.011912177682161351 | 0.30748087185140704
-0.3610710541104787 | 0.011912177682161351 | 0.30748087185140704 | -0.5403345132046025 | 0.7674025757072578:-0.35289365581919974 | 0.020437898780289565 | 0.3242245736945133
-0.35289365581919974 | 0.020437898780289565 | 0.3242245736945133 | -0.5403345132046025 | 0.7674025757072578:-0.34391291412406844 | 0.029505505559201506 | 0.3405074852928891
-0.34391291412406844 | 0.029505505559201506 | 0.3405074852928891 | -0.5403345132046025 | 0.7674025757072578:-0.3341457842616471 | 0.039104105974553605 | 0.3562743783023077
-0.3341457842616471 | 0.039104105974553605 | 0.3562743783023077 | -0.5403345132046025 | 0.7674025757072578:-0.3236117280513433 | 0.04922102666046069 | 0.37147102595530157
-0.3236117280513433 | 0.04922102666046069 | 0.37147102595530157 | -0.34847977674633723 | 0.5282441945341088:-0.31691180859388446 | 0.056253582436816885 | 0.3828386562206507
-0.31691180859388446 | 0.056253582436816885 | 0.3828386562206507 | -0.34847977674633723 | 0.5282441945341088:-0.3097834385328291 | 0.06354402526599356 | 0.39393445888661205
-0.3097834385328291 | 0.06354402526599356 | 0.39393445888661205 | -0.34847977674633723 | 0.5282441945341088:-0.30223460599318663 | 0.07108753599075102 | 0.4047378642314463
-0.30223460599318663 | 0.07108753599075102 | 0.4047378642314463 | -0.34847977674633723 | 0.5282441945341088:-0.29427395968025394 | 0.07887885373815307 | 0.41522867408109576
-0.29427395968025394 | 0.07887885373815307 | 0.41522867408109576 | -0.34847977674633723 | 0.5282441945341088:-0.2859107955956084 | 0.08691228445793686 | 0.4253870907160593
-0.2859107955956084 | 0.08691228445793686 | 0.4253870907160593 | -0.34847977674633723 | 0.5282441945341088:-0.27715504292737236 | 0.09518171001116049 | 0.43519374510883324
-0.27715504292737236 | 0.09518171001116049 | 0.43519374510883324 | -0.34847977674633723 | 0.5282441945341088:-0.2680172491377757 | 0.10368059779421457 | 0.4446297244598192
-0.2680172491377757 | 0.10368059779421457 | 0.4446297244598192 | -0.34847977674633723 | 0.5282441945341088:-0.25850856427185676 | 0.11240201088273594 | 0.45367659900070123
-0.25850856427185676 | 0.11240201088273594 | 0.45367659900070123 | -0.34847977674633723 | 0.5282441945341088:-0.24864072451194374 | 0.12133861867945162 | 0.4623164480352884
-0.24864072451194374 | 0.12133861867945162 | 0.4623164480352884 | -0.34847977674633723 | 0.5282441945341088:-0.23842603500325232 | 0.13048270804947038 | 0.470531885189132
-0.23842603500325232 | 0.13048270804947038 | 0.470531885189132 | 0.29319126227717707 | -0.4720983187337977:-0.2516060230677901 | 0.12460950879529198 | 0.47055609727969383
-0.2516060230677901 | 0.12460950879529198 | 0.47055609727969383 | 0.29319126227717707 | -0.4720983187337977:-0.264851303819448 | 0.11866918646004299 | 0.4701085091549828
-0.264851303819448 | 0.11866918646004299 | 0.4701085091549828 | 0.29319126227717707 | -0.4720983187337977:-0.27814821070626294 | 0.11267042870313529 | 0.4691849295826067
-0.27814821070626294 | 0.11267042870313529 | 0.4691849295826067 | 0.29319126227717707 | -0.4720983187337977:-0.2914829680819011 | 0.1066219926865404 | 0.4677817218189091
-0.2914829680819011 | 0.1066219926865404 | 0.4677817218189091 | 0.29319126227717707 | -0.4720983187337977:-0.30484170693002355 | 0.10053269535355112 | 0.4658958064467811
-0.30484170693002355 | 0.10053269535355112 | 0.4658958064467811 | -0.8068374701013343 | -0.10076024578665077:-0.30952017506861296 | 0.12015609382725533 | 0.4634504409777058
-0.30952017506861296 | 0.12015609382725533 | 0.4634504409777058 | -0.8068374701013343 | -0.10076024578665077:-0.31417608980363454 | 0.13979595476656034 | 0.46010562045607273
-0.31417608980363454 | 0.13979595476656034 | 0.46010562045607273 | -0.8068374701013343 | -0.10076024578665077:-0.3188045249979048 | 0.15941111966427335 | 0.45585727176109714
-0.3188045249979048 | 0.15941111966427335 | 0.45585727176109714 | -0.8068374701013343 | -0.10076024578665077:-0.32340052611363035 | 0.17896018151019066 | 0.45070325243234066
-0.32340052611363035 | 0.17896018151019066 | 0.45070325243234066 | -0.8068374701013343 | -0.10076024578665077:-0.3279591213777877 | 0.19840157381453827 | 0.4446433613974641
-0.3279591213777877 | 0.19840157381453827 | 0.4446433613974641 | -0.4308646123237827 | -0.562076788397591:-0.34259424138303274 | 0.20939652109065043 | 0.4339076732394851
-0.34259424138303274 | 0.20939652109065043 | 0.4339076732394851 | -0.4308646123237827 | -0.562076788397591:-0.3569738775528819 | 0.22020732868389525 | 0.42240076644130653
-0.3569738775528819 | 0.22020732868389525 | 0.42240076644130653 | -0.4308646123237827 | -0.562076788397591:-0.37107232359890574 | 0.2308141466890723 | 0.41013296082480366
-0.37107232359890574 | 0.2308141466890723 | 0.41013296082480366 | -0.4308646123237827 | -0.562076788397591:-0.38486419509692027 | 0.24119735776830642 | 0.3971159216170115
-0.38486419509692027 | 0.24119735776830642 | 0.3971159216170115 | -0.4308646123237827 | -0.562076788397591:-0.39832447253222725 | 0.251337610331251 | 0.38336264201554116
-0.39832447253222725 | 0.251337610331251 | 0.38336264201554116 | -0.29738206268229583 | -0.6494324336371384:-0.41309215927308784 | 0.25867186190274394 | 0.36882087062904034
-0.41309215927308784 | 0.25867186190274394 | 0.36882087062904034 | -0.29738206268229583 | -0.6494324336371384:-0.42742389688546467 | 0.2658071675535716 | 0.3535649810275352
-0.42742389688546467 | 0.2658071675535716 | 0.3535649810275352 | -0.29738206268229583 | -0.6494324336371384:-0.44129198447867424 | 0.27273076211643854 | 0.3376121825955707
-0.44129198447867424 | 0.27273076211643854 | 0.3376121825955707 | -0.29738206268229583 | -0.6494324336371384:-0.4546693411576328 | 0.2794301544044706 | 0.3209809541948836
-0.4546693411576328 | 0.2794301544044706 | 0.3209809541948836 | -0.29738206268229583 | -0.6494324336371384:-0.46752955249077033 | 0.28589314870510796 | 0.303691015570017
-0.46752955249077033 | 0.28589314870510796 | 0.303691015570017 | 0.7805668477506993 | -0.8133865655925043:-0.48279539366319923 | 0.27545810672462023 | 0.2971063260087732
-0.48279539366319923 | 0.27545810672462023 | 0.2971063260087732 | 0.7805668477506993 | -0.8133865655925043:-0.49780696253226253 | 0.2652023779923658 | 0.2894320629666005
-0.49780696253226253 | 0.2652023779923658 | 0.2894320629666005 | 0.7805668477506993 | -0.8133865655925043:-0.5125169771739806 | 0.2551720610279431 | 0.28068311489381514
-0.5125169771739806 | 0.2551720610279431 | 0.28068311489381514 | 0.7805668477506993 | -0.8133865655925043:-0.5268787488488016 | 0.24541275939988516 | 0.27087839939930447
-0.5268787488488016 | 0.24541275939988516 | 0.27087839939930447 | 0.7805668477506993 | -0.8133865655925043:-0.5408463593515336 | 0.2359694107181589 | 0.2600408192444874
-0.5408463593515336 | 0.2359694107181589 | 0.2600408192444874 | 0.43838013449840885 | 0.5534626499296054:-0.5362399768055184 | 0.2314813038365191 | 0.28155588125642694
-0.5362399768055184 | 0.2314813038365191 | 0.28155588125642694 | 0.43838013449840885 | 0.5534626499296054:-0.5309694256067772 | 0.22647627922218128 | 0.3029233424360882
-0.5309694256067772 | 0.22647627922218128 | 0.3029233424360882 | 0.43838013449840885 | 0.5534626499296054:-0.5250376388957498 | 0.2209561842361074 | 0.3241095996836627
-0.5250376388957498 | 0.2209561842361074 | 0.3241095996836627 | 0.43838013449840885 | 0.5534626499296054:-0.5184486052116171 | 0.21492370439456465 | 0.3450811550119326
-0.5184486052116171 | 0.21492370439456465 | 0.3450811550119326 | 0.43838013449840885 | 0.5534626499296054:-0.5112073643072748 | 0.208382360631302 | 0.36580466916717924
-0.5112073643072748 | 0.208382360631302 | 0.36580466916717924 | -0.996269527234275 | -0.2927908439513591:-0.5189825220542161 | 0.22749269994657695 | 0.34922540273727876
-0.5189825220542161 | 0.22749269994657695 | 0.34922540273727876 | -0.996269527234275 | -0.2927908439513591:-0.5264987166646833 | 0.2458281972013685 | 0.33148805066320364
-0.5264987166646833 | 0.2458281972013685 | 0.33148805066320364 | -0.996269527234275 | -0.2927908439513591:-0.5337379062256353 | 0.2633256376241446 | 0.31263420621350235
-0.5337379062256353 | 0.2633256376241446 | 0.31263420621350235 | -0.996269527234275 | -0.2927908439513591:-0.5406826930593951 | 0.27992391388116555 | 0.2927091901273364
-0.5406826930593951 | 0.27992391388116555 | 0.2927091901273364 | -0.996269527234275 | -0.2927908439513591:-0.5473163821538343 | 0.29556422787793224 | 0.27176192926338416
-0.5473163821538343 | 0.29556422787793224 | 0.27176192926338416 | -0.996269527234275 | -0.2927908439513591:-0.553623037566858 | 0.3101902859593668 | 0.24984482352448723
-0.553623037566858 | 0.3101902859593668 | 0.24984482352448723 | -0.996269527234275 | -0.2927908439513591:-0.5595875366257381 | 0.32374848688803404 | 0.22701360145995153
-0.5595875366257381 | 0.32374848688803404 | 0.22701360145995153 | -0.996269527234275 | -0.2927908439513591:-0.5651956217487779 | 0.33618810200236826 | 0.20332716498250036
-0.5651956217487779 | 0.33618810200236826 | 0.20332716498250036 | -0.996269527234275 | -0.2927908439513591:-0.570433949724233 | 0.3474614469813071 | 0.17884742367053974
-0.570433949724233 | 0.3474614469813071 | 0.17884742367053974 | -0.996269527234275 | -0.2927908439513591:-0.5752901382892759 | 0.3575240446679562 | 0.15363911915860484
-0.5752901382892759 | 0.3575240446679562 | 0.15363911915860484 | -0.996269527234275 | -0.2927908439513591:-0.5797528098603735 | 0.36633477843270335 | 0.12776964014946657
-0.5797528098603735 | 0.36633477843270335 | 0.12776964014946657 | -0.996269527234275 | -0.2927908439513591:-0.5838116322749585 | 0.3738560355855487 | 0.10130882861020751
-0.5838116322749585 | 0.3738560355855487 | 0.10130882861020751 | -0.996269527234275 | -0.2927908439513591:-0.5874573564139212 | 0.38005384037831824 | 0.07432877774185442
-0.5874573564139212 | 0.38005384037831824 | 0.07432877774185442 | -0.996269527234275 | -0.2927908439513591:-0.5906818505837776 | 0.38489797616952615 | 0.046903622337286066
-0.5906818505837776 | 0.38489797616952615 | 0.046903622337286066 | -0.996269527234275 | -0.2927908439513591:-0.5934781315475917 | 0.38836209635814356 | 0.019109322165725473
-0.5934781315475917 | 0.38836209635814356 | 0.019109322165725473 | 0.12527915602889683 | 0.5555072587949761:-0.5950774055545196 | 0.38982429049905676 | 0.038170899624617505
-0.5950774055545196 | 0.38982429049905676 | 0.038170899624617505 | 0.12527915602889683 | 0.5555072587949761:-0.596116700782062 | 0.39115016464083574 | 0.05735326813659469
-0.596116700782062 | 0.39115016464083574 | 0.05735326813659469 | 0.12527915602889683 | 0.5555072587949761:-0.5965911535658606 | 0.3923386693061488 | 0.07663827153365332
-0.5965911535658606 | 0.3923386693061488 | 0.07663827153365332 | 0.12527915602889683 | 0.5555072587949761:-0.5964964715214691 | 0.3933888822827214 | 0.09600758715115632
-0.5964964715214691 | 0.3933888822827214 | 0.09600758715115632 | 0.12527915602889683 | 0.5555072587949761:-0.5958289381341046 | 0.3943000097281093 | 0.11544274476370475
-0.5958289381341046 | 0.3943000097281093 | 0.11544274476370475 | 0.7416391111115774 | 0.027014098826401156:-0.5979264096599977 | 0.39123673944827253 | 0.1312853229398101
-0.5979264096599977 | 0.39123673944827253 | 0.1312853229398101 | 0.7416391111115774 | 0.027014098826401156:-0.5999791700396031 | 0.38755402466752287 | 0.14705857167297864
-0.5999791700396031 | 0.38755402466752287 | 0.14705857167297864 | 0.7416391111115774 | 0.027014098826401156:-0.6019875105166435 | 0.38325330702451765 | 0.16273766759086783
-0.6019875105166435 | 0.38325330702451765 | 0.16273766759086783 | 0.7416391111115774 | 0.027014098826401156:-0.6039517566457135 | 0.378337031802916 | 0.1782978211332633
-0.6039517566457135 | 0.378337031802916 | 0.1782978211332633 | 0.7416391111115774 | 0.027014098826401156:-0.605872268233 | 0.3728086464492435 | 0.19371431727711297
-0.605872268233 | 0.3728086464492435 | 0.19371431727711297 | -0.2629712150626651 | 0.7149379190824876:-0.6008712196222277 | 0.376660775819472 | 0.2110780942054049
-0.6008712196222277 | 0.376660775819472 | 0.2110780942054049 | -0.2629712150626651 | 0.7149379190824876:-0.5952060845420988 | 0.38073714157680527 | 0.2282499838783849
-0.5952060845420988 | 0.38073714157680527 | 0.2282499838783849 | -0.2629712150626651 | 0.7149379190824876:-0.5888829937742202 | 0.38503589057558685 | 0.24520123841001862
-0.5888829937742202 | 0.38503589057558685 | 0.24520123841001862 | -0.2629712150626651 | 0.7149379190824876:-0.5819091923985056 | 0.3895547561734656 | 0.26190334446310715
-0.5819091923985056 | 0.3895547561734656 | 0.26190334446310715 | -0.2629712150626651 | 0.7149379190824876:-0.5742930305658405 | 0.3942910613234467 | 0.27832807236579526
-0.5742930305658405 | 0.3942910613234467 | 0.27832807236579526 | -0.18359456114516504 | 0.5032877554957138:-0.569088377422375 | 0.39815100398240233 | 0.2900228447252928
-0.569088377422375 | 0.39815100398240233 | 0.2900228447252928 | -0.18359456114516504 | 0.5032877554957138:-0.5635488553441306 | 0.40211361484796626 | 0.3015721223784382
-0.5635488553441306 | 0.40211361484796626 | 0.3015721223784382 | -0.18359456114516504 | 0.5032877554957138:-0.5576780741826397 | 0.4061778273479142 | 0.31296529573934606
-0.5576780741826397 | 0.4061778273479142 | 0.31296529573934606 | -0.18359456114516504 | 0.5032877554957138:-0.5514799434958064 | 0.41034246306118405 | 0.3241918660599339
-0.5514799434958064 | 0.41034246306118405 | 0.3241918660599339 | -0.18359456114516504 | 0.5032877554957138:-0.5449586691230905 | 0.41460623294393173 | 0.3352414548737599
-0.5449586691230905 | 0.41460623294393173 | 0.3352414548737599 | -0.18359456114516504 | 0.5032877554957138:-0.5381187495070705 | 0.41896773864854 | 0.34610381331484774
-0.5381187495070705 | 0.41896773864854 | 0.34610381331484774 | -0.18359456114516504 | 0.5032877554957138:-0.5309649717652363 | 0.4234254739340848 | 0.35676883130410175
-0.5309649717652363 | 0.4234254739340848 | 0.35676883130410175 | -0.18359456114516504 | 0.5032877554957138:-0.5235024075164034 | 0.42797782616679925 | 0.36722654659598675
-0.5235024075164034 | 0.42797782616679925 | 0.36722654659598675 | -0.18359456114516504 | 0.5032877554957138:-0.5157364084660401 | 0.43262307790891796 | 0.37746715367840267
-0.5157364084660401 | 0.43262307790891796 | 0.37746715367840267 | -0.18359456114516504 | 0.5032877554957138:-0.5076726017550897 | 0.4373594085943431 | 0.3874810125186414
-0.5076726017550897 | 0.4373594085943431 | 0.3874810125186414 | -0.3691570678040559 | 0.7161802834265516:-0.4952074777338069 | 0.44573389407958786 | 0.3984345925923094
-0.4952074777338069 | 0.44573389407958786 | 0.3984345925923094 | -0.3691570678040559 | 0.7161802834265516:-0.48230821775275956 | 0.45431711866377 | 0.40879341771947963
-0.48230821775275956 | 0.45431711866377 | 0.40879341771947963 | -0.3691570678040559 | 0.7161802834265516:-0.46899659685425377 | 0.46309825984930697 | 0.4185363011854477
-0.46899659685425377 | 0.46309825984930697 | 0.4185363011854477 | -0.3691570678040559 | 0.7161802834265516:-0.45529520740992524 | 0.4720660624127291 | 0.42764307623740905
-0.45529520740992524 | 0.4720660624127291 | 0.42764307623740905 | -0.3691570678040559 | 0.7161802834265516:-0.4412274200857169 | 0.4812088581770766 | 0.4360946358776445
-0.4412274200857169 | 0.4812088581770766 | 0.4360946358776445 | -0.8849346130860447 | -0.7476485520076306:-0.45765528931879373 | 0.501395835566953 | 0.39869119703211453
-0.45765528931879373 | 0.501395835566953 | 0.39869119703211453 | -0.8849346130860447 | -0.7476485520076306:-0.4726664003525016 | 0.5199412554663851 | 0.35972542027062104
-0.4726664003525016 | 0.5199412554663851 | 0.35972542027062104 | -0.8849346130860447 | -0.7476485520076306:-0.48620141585170984 | 0.536772058946628 | 0.31932447931326635
-0.48620141585170984 | 0.536772058946628 | 0.31932447931326635 | -0.8849346130860447 | -0.7476485520076306:-0.4982059331657638 | 0.5518209029572816 | 0.27762121021617503
-0.4982059331657638 | 0.5518209029572816 | 0.27762121021617503 | -0.8849346130860447 | -0.7476485520076306:-0.5086306984004523 | 0.5650264237481366 | 0.23475365806952198
-0.5086306984004523 | 0.5650264237481366 | 0.23475365806952198 | 0.4845336092857988 | 0.744560693604162:-0.5003156431778422 | 0.5606099613285842 | 0.2678170554118253
-0.5003156431778422 | 0.5606099613285842 | 0.2678170554118253 | 0.4845336092857988 | 0.744560693604162:-0.4907398421679545 | 0.5553626257648503 | 0.3005055656463682
-0.4907398421679545 | 0.5553626257648503 | 0.3005055656463682 | 0.4845336092857988 | 0.744560693604162:-0.47991659503232853 | 0.5492922863083649 | 0.3327494758264393
-0.47991659503232853 | 0.5492922863083649 | 0.3327494758264393 | 0.4845336092857988 | 0.744560693604162:-0.4678619167827094 | 0.5424085866573911 | 0.36447974206551237
-0.4678619167827094 | 0.5424085866573911 | 0.36447974206551237 | 0.4845336092857988 | 0.744560693604162:-0.4545945109925782 | 0.5347229293660831 | 0.3956281410159477
-0.4545945109925782 | 0.5347229293660831 | 0.3956281410159477 | 0.4845336092857988 | 0.744560693604162:-0.4401357370878145 | 0.5262484563822483 | 0.4261274198204674
-0.4401357370878145 | 0.5262484563822483 | 0.4261274198204674 | 0.4845336092857988 | 0.744560693604162:-0.42450957178475335 | 0.5170000257541112 | 0.4559114442072598
-0.42450957178475335 | 0.5170000257541112 | 0.4559114442072598 | 0.4845336092857988 | 0.744560693604162:-0.4077425647564965 | 0.5069941845547667 | 0.48491534440371
-0.4077425647564965 | 0.5069941845547667 | 0.48491534440371 | 0.4845336092857988 | 0.744560693604162:-0.38986378862071547 | 0.4962491380812253 | 0.513075658548729
-0.38986378862071547 | 0.4962491380812253 | 0.513075658548729 | 0.4845336092857988 | 0.744560693604162:-0.37090478335486665 | 0.4847847153930047 | 0.5403304732891954
-0.37090478335486665 | 0.4847847153930047 | 0.5403304732891954 | 0.4845336092857988 | 0.744560693604162:-0.35089949525644215 | 0.4726223312632243 | 0.5666195612522955
-0.35089949525644215 | 0.4726223312632243 | 0.5666195612522955 | 0.4845336092857988 | 0.744560693604162:-0.32988421057792294 | 0.45978494462282526 | 0.5918845150925378
-0.32988421057792294 | 0.45978494462282526 | 0.5918845150925378 | 0.4845336092857988 | 0.744560693604162:-0.30789748397754124 | 0.44629701358624274 | 0.6160688778196146
-0.30789748397754124 | 0.44629701358624274 | 0.6160688778196146 | 0.4845336092857988 | 0.744560693604162:-0.2849800619381355 | 0.4321844471541354 | 0.6391182691216883
-0.2849800619381355 | 0.4321844471541354 | 0.6391182691216883 | 0.4845336092857988 | 0.744560693604162:-0.2611748013172033 | 0.41747455369596764 | 0.6609805074072597
-0.2611748013172033 | 0.41747455369596764 | 0.6609805074072597 | 0.4845336092857988 | 0.744560693604162:-0.23652658320190056 | 0.40219598632224773 | 0.6816057272982547
-0.23652658320190056 | 0.40219598632224773 | 0.6816057272982547 | 0.4845336092857988 | 0.744560693604162:-0.2110822222525428 | 0.38637868526279107 | 0.7009464923170015
-0.2110822222525428 | 0.38637868526279107 | 0.7009464923170015 | 0.4845336092857988 | 0.744560693604162:-0.1848903717281658 | 0.37005381737392185 | 0.7189579025199251
-0.1848903717281658 | 0.37005381737392185 | 0.7189579025199251 | 0.4845336092857988 | 0.744560693604162:-0.15800142439673692 | 0.35325371290362284 | 0.7355976968422269
-0.15800142439673692 | 0.35325371290362284 | 0.7355976968422269 | 0.4845336092857988 | 0.744560693604162:-0.13046740954158764 | 0.3360117996495333 | 0.7508263499289214
-0.13046740954158764 | 0.3360117996495333 | 0.7508263499289214 | 0.4845336092857988 | 0.744560693604162:-0.10234188628380991 | 0.31836253465030495 | 0.7646071632397593
-0.10234188628380991 | 0.31836253465030495 | 0.7646071632397593 | 0.4845336092857988 | 0.744560693604162:-0.07367983344840923 | 0.3003413335560481 | 0.7769063502279465
-0.07367983344840923 | 0.3003413335560481 | 0.7769063502279465 | 0.4845336092857988 | 0.744560693604162:-0.04453753620931877 | 0.28198449782855306 | 0.7876931154053324
-0.04453753620931877 | 0.28198449782855306 | 0.7876931154053324 | 0.4845336092857988 | 0.744560693604162:-0.014972469755150541 | 0.2633291399267179 | 0.796939727119991
-0.014972469755150541 | 0.2633291399267179 | 0.796939727119991 | 0.4845336092857988 | 0.744560693604162:0.01495681977596064 | 0.24441310663667792 | 0.8046215838856199
0.01495681977596064 | 0.24441310663667792 | 0.8046215838856199 | 0.4845336092857988 | 0.744560693604162:0.045190836838337134 | 0.22527490071030343 | 0.8107172741161577
0.045190836838337134 | 0.22527490071030343 | 0.8107172741161577 | 0.4845336092857988 | 0.744560693604162:0.07566926023823584 | 0.205953600979214 | 0.8152086291331244
0.07566926023823584 | 0.205953600979214 | 0.8152086291331244 | 0.4845336092857988 | 0.744560693604162:0.10633106884678512 | 0.18648878111461187 | 0.8180807693276435
0.10633106884678512 | 0.18648878111461187 | 0.8180807693276435 | 0.4845336092857988 | 0.744560693604162:0.13711466899817282 | 0.16692042720627853 | 0.8193221433739168
0.13711466899817282 | 0.16692042720627853 | 0.8193221433739168 | 0.4845336092857988 | 0.744560693604162:0.16795802330147325 | 0.14728885433644479 | 0.8189245604056481
0.16795802330147325 | 0.14728885433644479 | 0.8189245604056481 | 0.4845336092857988 | 0.744560693604162:0.19879878059132494 | 0.12763462232632605 | 0.816883215082072
0.19879878059132494 | 0.12763462232632605 | 0.816883215082072 | 0.4845336092857988 | 0.744560693604162:0.22957440674046836 | 0.10799845083498383 | 0.8131967054855096
0.22957440674046836 | 0.10799845083498383 | 0.8131967054855096 | 0.4845336092857988 | 0.744560693604162:0.26022231605532653 | 0.08842113399141738 | 0.8078670438075477
0.26022231605532653 | 0.08842113399141738 | 0.8078670438075477 | 0.4845336092857988 | 0.744560693604162:0.29068000297452556 | 0.0689434547417207 | 0.8008996597964568
0.29068000297452556 | 0.0689434547417207 | 0.8008996597964568 | 0.4845336092857988 | 0.744560693604162:0.32088517378974757 | 0.04960609909389291 | 0.7923033969538906
0.32088517378974757 | 0.04960609909389291 | 0.7923033969538906 | 0.4845336092857988 | 0.744560693604162:0.35077587810832256 | 0.03044957044281915 | 0.7820905014842339
0.35077587810832256 | 0.03044957044281915 | 0.7820905014842339 | 0.4845336092857988 | 0.744560693604162:0.3802906397774848 | 0.011514104157960503 | 0.7702766040156774
0.3802906397774848 | 0.011514104157960503 | 0.7702766040156774 | 0.4845336092857988 | 0.744560693604162:0.4093685869914623 | -0.00716041738434825 | 0.7568806941270338
0.4093685869914623 | -0.00716041738434825 | 0.7568806941270338 | 0.4845336092857988 | 0.744560693604162:0.4379495813043306 | -0.025534549143223728 | 0.741925087730138
0.4379495813043306 | -0.025534549143223728 | 0.741925087730138 | 0.4845336092857988 | 0.744560693604162:0.46597434527391357 | -0.04356936695052127 | 0.7254353873723147
0.46597434527391357 | -0.04356936695052127 | 0.7254353873723147 | -0.08942732222696481 | 0.6903891358562315:0.4915169492330733 | -0.04038910839248189 | 0.7102315262947627
0.4915169492330733 | -0.04038910839248189 | 0.7102315262947627 | -0.08942732222696481 | 0.6903891358562315:0.5165492713531066 | -0.03727125383737473 | 0.6941029516297306
