0.0 | 0.0 | 0.0 | 0.9135146815109569 | -0.8546185557732069:-4.2673372139642176E-4 | -4.5659853726132127E-4 | 0.009980451698535196
-4.2673372139642176E-4 | -4.5659853726132127E-4 | 0.009980451698535196 | 0.9135146815109569 | -0.8546185557732069:-0.001694192716572508 | -0.00181453829751832 | 0.01974454764753936
-0.001694192716572508 | -0.00181453829751832 | 0.01974454764753936 | 0.9135146815109569 | -0.8546185557732069:-0.0037785543461692694 | -0.004050946215235385 | 0.02917981773099886
-0.0037785543461692694 | -0.004050946215235385 | 0.02917981773099886 | 0.9135146815109569 | -0.8546185557732069:-0.006649902649102079 | -0.007136349644676576 | 0.03817755540139374
-0.006649902649102079 | -0.007136349644676576 | 0.03817755540139374 | -0.0208287609710609 | -0.8185775059463425:-0.010207421704091321 | -0.00882660199314933 | 0.04711554783947511
-0.010207421704091321 | -0.00882660199314933 | 0.04711554783947511 | -0.0208287609710609 | -0.8185775059463425:-0.014480240620814194 | -0.010480722826699651 | 0.05572297546544425
-0.014480240620814194 | -0.010480722826699651 | 0.05572297546544425 | -0.0208287609710609 | -0.8185775059463425:-0.019443152834825034 | -0.012099509494810201 | 0.063958444577905
-0.019443152834825034 | -0.012099509494810201 | 0.063958444577905 | -0.0208287609710609 | -0.8185775059463425:-0.02506889832892885 | -0.01368381067306057 | 0.07178221159223996
-0.02506889832892885 | -0.01368381067306057 | 0.07178221159223996 | -0.0208287609710609 | -0.8185775059463425:-0.031328260623291734 | -0.015234523961122681 | 0.07915627485425847
-0.031328260623291734 | -0.015234523961122681 | 0.07915627485425847 | -0.2812206041590206 | -0.04795872753915531:-0.03484777344721274 | -0.015611535139651744 | 0.08766242202892321
-0.03484777344721274 | -0.015611535139651744 | 0.08766242202892321 | -0.2812206041590206 | -0.04795872753915531:-0.038374311555792906 | -0.015737265528772637 | 0.0960928285977104
-0.038374311555792906 | -0.015737265528772637 | 0.0960928285977104 | -0.2812206041590206 | -0.04795872753915531:-0.04190764393938479 | -0.015615132802651477 | 0.10444287616666692
-0.04190764393938479 | -0.015615132802651477 | 0.10444287616666692 | -0.2812206041590206 | -0.04795872753915531:-0.04544752656329745 | -0.015248610707683907 | 0.1127080387904218
-0.04544752656329745 | -0.015248610707683907 | 0.1127080387904218 | -0.2812206041590206 | -0.04795872753915531:-0.048993702714733245 | -0.014641227239463595 | 0.12088388323055665
-0.048993702714733245 | -0.014641227239463595 | 0.12088388323055665 | -0.2812206041590206 | -0.04795872753915531:-0.05254590334772036 | -0.013796562829204051 | 0.12896606918556242
-0.05254590334772036 | -0.013796562829204051 | 0.12896606918556242 | -0.2812206041590206 | -0.04795872753915531:-0.05610384742599539 | -0.01271824853991621 | 0.13695034949272644
-0.05610384742599539 | -0.01271824853991621 | 0.13695034949272644 | -0.2812206041590206 | -0.04795872753915531:-0.05966724226378978 | -0.011409964272619755 | 0.144832570302299
-0.05966724226378978 | -0.011409964272619755 | 0.144832570302299 | -0.2812206041590206 | -0.04795872753915531:-0.06323578386447726 | -0.009875436982880847 | 0.15260867122428157
-0.06323578386447726 | -0.009875436982880847 | 0.15260867122428157 | -0.2812206041590206 | -0.04795872753915531:-0.06680915725703807 | -0.008118438907941838 | 0.1602746854481898
-0.06680915725703807 | -0.008118438907941838 | 0.1602746854481898 | -0.5504498974858898 | 0.9688742097816394:-0.06176390618249483 | -0.003880838236601347 | 0.1712543207130266
-0.06176390618249483 | -0.003880838236601347 | 0.1712543207130266 | -0.5504498974858898 | 0.9688742097816394:-0.05579487335751476 | 8.708156774994702E-4 | 0.1819056291561687
-0.05579487335751476 | 8.708156774994702E-4 | 0.1819056291561687 | -0.5504498974858898 | 0.9688742097816394:-0.04892213788089872 | 0.006126426354447823 | 0.19214451418636003
-0.04892213788089872 | 0.006126426354447823 | 0.19214451418636003 | -0.5504498974858898 | 0.9688742097816394:-0.04117101817066937 | 0.011872894550926105 | 0.2018886959532269
-0.04117101817066937 | 0.011872894550926105 | 0.2018886959532269 | -0.5504498974858898 | 0.9688742097816394:-0.032571938590892024 | 0.018094188465123784 | 0.21105811637572724
-0.032571938590892024 | 0.018094188465123784 | 0.21105811637572724 | 0.5408283146320052 | -0.18029678171382235:-0.03574084279015588 | 0.012834829600544051 | 0.21890913102248044
-0.03574084279015588 | 0.012834829600544051 | 0.21890913102248044 | 0.5408283146320052 | -0.18029678171382235:-0.039035566241562236 | 0.00715320043265133 | 0.22650653651265795
-0.039035566241562236 | 0.00715320043265133 | 0.22650653651265795 | 0.5408283146320052 | -0.18029678171382235:-0.042452386675817744 | 0.0010606405276392117 | 0.23383253693851147
-0.042452386675817744 | 0.0010606405276392117 | 0.23383253693851147 | 0.5408283146320052 | -0.18029678171382235:-0.04598739104963123 | -0.005430935225576361 | 0.240869867100304
-0.04598739104963123 | -0.005430935225576361 | 0.240869867100304 | 0.5408283146320052 | -0.18029678171382235:-0.04963648247001062 | -0.012309057101108634 | 0.2476018105869935
-0.04963648247001062 | -0.012309057101108634 | 0.2476018105869935 | -0.35609984148585694 | -0.5288418403774182:-0.05783021065891947 | -0.008132220480895791 | 0.2536640087584279
-0.05783021065891947 | -0.008132220480895791 | 0.2536640087584279 | -0.35609984148585694 | -0.5288418403774182:-0.06635284983603684 | -0.0037174039005622994 | 0.2593163437295587
-0.06635284983603684 | -0.0037174039005622994 | 0.2593163437295587 | -0.35609984148585694 | -0.5288418403774182:-0.07518845168214638 | 9.246887970271178E-4 | 0.2645404643795075
-0.07518845168214638 | 9.246887970271178E-4 | 0.2645404643795075 | -0.35609984148585694 | -0.5288418403774182:-0.08432049823034671 | 0.005782963764455529 | 0.26931888744671895
-0.08432049823034671 | 0.005782963764455529 | 0.26931888744671895 | -0.35609984148585694 | -0.5288418403774182:-0.09373193265292379 | 0.010845957665531092 | 0.2736350201380491
-0.09373193265292379 | 0.010845957665531092 | 0.2736350201380491 | -0.35609984148585694 | -0.5288418403774182:-0.10340519057335573 | 0.01610185855800661 | 0.2774731812527733
-0.10340519057335573 | 0.01610185855800661 | 0.2774731812527733 | -0.35609984148585694 | -0.5288418403774182:-0.113322231856682 | 0.021538527111876427 | 0.28081862080689657
-0.113322231856682 | 0.021538527111876427 | 0.28081862080689657 | -0.35609984148585694 | -0.5288418403774182:-0.12346457283132373 | 0.0271435181317774 | 0.28365753814513717
-0.12346457283132373 | 0.0271435181317774 | 0.28365753814513717 | -0.35609984148585694 | -0.5288418403774182:-0.1338133188953503 | 0.032904102351930975 | 0.2859770985300125
-0.1338133188953503 | 0.032904102351930975 | 0.2859770985300125 | -0.35609984148585694 | -0.5288418403774182:-0.14434919746015185 | 0.03880728847203496 | 0.2877654481994094
-0.14434919746015185 | 0.03880728847203496 | 0.2877654481994094 | -0.35609984148585694 | -0.5288418403774182:-0.1550525911845022 | 0.04483984540249808 | 0.28901172788608775
-0.1550525911845022 | 0.04483984540249808 | 0.28901172788608775 | -0.35609984148585694 | -0.5288418403774182:-0.16590357145207246 | 0.05098832468745529 | 0.2897060847944992
-0.16590357145207246 | 0.05098832468745529 | 0.2897060847944992 | -0.35609984148585694 | -0.5288418403774182:-0.17688193204558456 | 0.05723908307406578 | 0.2898396830323069
-0.17688193204558456 | 0.05723908307406578 | 0.2898396830323069 | -0.35609984148585694 | -0.5288418403774182:-0.18796722297098833 | 0.06357830519670782 | 0.2894047124959318
-0.18796722297098833 | 0.06357830519670782 | 0.2894047124959318 | -0.35609984148585694 | -0.5288418403774182:-0.199138784385279 | 0.06999202634482882 | 0.28839439621142127
-0.199138784385279 | 0.06999202634482882 | 0.28839439621142127 | -0.35609984148585694 | -0.5288418403774182:-0.2103757805818649 | 0.07646615528338563 | 0.2868029961338099
-0.2103757805818649 | 0.07646615528338563 | 0.2868029961338099 | -0.35609984148585694 | -0.5288418403774182:-0.22165723398774073 | 0.08298649709502859 | 0.28462581741008997
-0.22165723398774073 | 0.08298649709502859 | 0.28462581741008997 | -0.35609984148585694 | -0.5288418403774182:-0.23296205912712242 | 0.08953877601343024 | 0.2818592111127387
-0.23296205912712242 | 0.08953877601343024 | 0.2818592111127387 | -0.35609984148585694 | -0.5288418403774182:-0.2442690965066303 | 0.09610865821744363 | 0.2785005754526395
-0.2442690965066303 | 0.09610865821744363 | 0.2785005754526395 | -0.35609984148585694 | -0.5288418403774182:-0.2555571463776194 | 0.1026817745560904 | 0.2745483554820165
-0.2555571463776194 | 0.1026817745560904 | 0.2745483554820165 | 0.1975217872735382 | 0.3243449958529079:-0.2550003427905594 | 0.10153627147042665 | 0.2840517870930199
-0.2550003427905594 | 0.10153627147042665 | 0.2840517870930199 | 0.1975217872735382 | 0.3243449958529079:-0.2541789243151076 | 0.10023821597977794 | 0.29356712901954296
-0.2541789243151076 | 0.10023821597977794 | 0.29356712901954296 | 0.1975217872735382 | 0.3243449958529079:-0.2530933431946716 | 0.09878775619150126 | 0.3030858832281975
-0.2530933431946716 | 0.09878775619150126 | 0.3030858832281975 | 0.1975217872735382 | 0.3243449958529079:-0.25174422673088603 | 0.09718514791852981 | 0.3125996014141279
-0.25174422673088603 | 0.09718514791852981 | 0.3125996014141279 | 0.1975217872735382 | 0.3243449958529079:-0.2501323754224156 | 0.09543075355876415 | 0.3220998893253917
-0.2501323754224156 | 0.09543075355876415 | 0.3220998893253917 | 0.22557998341591357 | -0.30805743069382463:-0.25861948130674683 | 0.09306548358455569 | 0.32369486869729514
-0.25861948130674683 | 0.09306548358455569 | 0.32369486869729514 | 0.22557998341591357 | -0.30805743069382463:-0.267161689579968 | 0.09062009161035256 | 0.32504731275064636
-0.267161689579968 | 0.09062009161035256 | 0.32504731275064636 | 0.22557998341591357 | -0.30805743069382463:-0.27575361668543774 | 0.08809889241439933 | 0.3261551945847643
-0.27575361668543774 | 0.08809889241439933 | 0.3261551945847643 | 0.22557998341591357 | -0.30805743069382463:-0.2843898611159501 | 0.08550621108043366 | 0.3270166648880988
-0.2843898611159501 | 0.08550621108043366 | 0.3270166648880988 | 0.22557998341591357 | -0.30805743069382463:-0.29306500672637625 | 0.08284638060799998 | 0.3276300515156674
-0.29306500672637625 | 0.08284638060799998 | 0.3276300515156674 | 0.22557998341591357 | -0.30805743069382463:-0.30177362602117075 | 0.08012373954030738 | 0.32799385898355027
-0.30177362602117075 | 0.08012373954030738 | 0.32799385898355027 | 0.22557998341591357 | -0.30805743069382463:-0.31051028341560105 | 0.07734262961049598 | 0.328106767881442
-0.31051028341560105 | 0.07734262961049598 | 0.328106767881442 | 0.22557998341591357 | -0.30805743069382463:-0.319269538469535 | 0.07450739340716006 | 0.32796763420437713
-0.319269538469535 | 0.07450739340716006 | 0.32796763420437713 | 0.22557998341591357 | -0.30805743069382463:-0.3280459490926706 | 0.0716223720599597 | 0.32757548860473484
-0.3280459490926706 | 0.0716223720599597 | 0.32757548860473484 | 0.22557998341591357 | -0.30805743069382463:-0.33683407472012483 | 0.06869190294613425 | 0.3269295355656343
-0.33683407472012483 | 0.06869190294613425 | 0.3269295355656343 | 0.22557998341591357 | -0.30805743069382463:-0.34562847945726816 | 0.06572031741871731 | 0.3260291524968615
-0.34562847945726816 | 0.06572031741871731 | 0.3260291524968615 | 0.22557998341591357 | -0.30805743069382463:-0.35442373519280146 | 0.0627119385572319 | 0.3248738887545066
-0.35442373519280146 | 0.0627119385572319 | 0.3248738887545066 | 0.22557998341591357 | -0.30805743069382463:-0.36321442467900766 | 0.05967107894163215 | 0.32346346458546904
-0.36321442467900766 | 0.05967107894163215 | 0.32346346458546904 | 0.22557998341591357 | -0.30805743069382463:-0.3719951445781824 | 0.05660203845023637 | 0.32179776999803167
-0.3719951445781824 | 0.05660203845023637 | 0.32179776999803167 | 0.22557998341591357 | -0.30805743069382463:-0.3807605084742747 | 0.053509102082382354 | 0.3198768635597222
-0.3807605084742747 | 0.053509102082382354 | 0.3198768635597222 | -0.8191117987989986 | 0.5245031659310757:-0.37602683971178585 | 0.06722649423878391 | 0.3305637519802289
-0.37602683971178585 | 0.06722649423878391 | 0.3305637519802289 | -0.8191117987989986 | 0.5245031659310757:-0.3709069236627194 | 0.08149532572010387 | 0.3405855244142906
-0.3709069236627194 | 0.08149532572010387 | 0.3405855244142906 | -0.8191117987989986 | 0.5245031659310757:-0.3654194538808184 | 0.09628788527388199 | 0.34990163555921683
-0.3654194538808184 | 0.09628788527388199 | 0.34990163555921683 | -0.8191117987989986 | 0.5245031659310757:-0.3595843683270328 | 0.11157447503736773 | 0.3584733236248816
-0.3595843683270328 | 0.11157447503736773 | 0.3584733236248816 | -0.8191117987989986 | 0.5245031659310757:-0.3534227945677326 | 0.12732349352212768 | 0.3662637407658984
-0.3534227945677326 | 0.12732349352212768 | 0.3662637407658984 | 0.20257894184882685 | -0.8934381775571059:-0.37283072756678237 | 0.12472703598484447 | 0.35456863812810724
-0.37283072756678237 | 0.12472703598484447 | 0.35456863812810724 | 0.20257894184882685 | -0.8934381775571059:-0.3918003410305122 | 0.12220599018517264 | 0.3418209108063124
-0.3918003410305122 | 0.12220599018517264 | 0.3418209108063124 | 0.20257894184882685 | -0.8934381775571059:-0.41027633438396194 | 0.11977317193075443 | 0.3280388469723299
-0.41027633438396194 | 0.11977317193075443 | 0.3280388469723299 | 0.20257894184882685 | -0.8934381775571059:-0.4282042425806267 | 0.11744122106354515 | 0.31324375888114275
-0.4282042425806267 | 0.11744122106354515 | 0.31324375888114275 | 0.20257894184882685 | -0.8934381775571059:-0.44553059032556064 | 0.1152225662863362 | 0.2974599376652911
-0.44553059032556064 | 0.1152225662863362 | 0.2974599376652911 | -0.6471166506108104 | -0.12997158153488053:-0.4511201242823386 | 0.1258145741049077 | 0.293073242961821
-0.4511201242823386 | 0.1258145741049077 | 0.293073242961821 | -0.6471166506108104 | -0.12997158153488053:-0.45665703799784296 | 0.13632509870636778 | 0.28822797900345876
-0.45665703799784296 | 0.13632509870636778 | 0.28822797900345876 | -0.6471166506108104 | -0.12997158153488053:-0.46213804860674834 | 0.14673602824316268 | 0.2829262648103139
-0.46213804860674834 | 0.14673602824316268 | 0.2829262648103139 | -0.6471166506108104 | -0.12997158153488053:-0.46755988767973555 | 0.15702932831151584 | 0.2771709455673559
-0.46755988767973555 | 0.15702932831151584 | 0.2771709455673559 | -0.6471166506108104 | -0.12997158153488053:-0.47291930672777305 | 0.16718706925425852 | 0.2709655884038682
-0.47291930672777305 | 0.16718706925425852 | 0.2709655884038682 | -0.11766427909209987 | 0.6226947613695444:-0.46778671427639296 | 0.17005097872489383 | 0.28671407522105596
-0.46778671427639296 | 0.17005097872489383 | 0.28671407522105596 | -0.11766427909209987 | 0.6226947613695444:-0.46206431017727567 | 0.17300723909618432 | 0.30235600032072085
-0.46206431017727567 | 0.17300723909618432 | 0.30235600032072085 | -0.11766427909209987 | 0.6226947613695444:-0.4557543868493994 | 0.17605567842570702 | 0.317868535044628
-0.4557543868493994 | 0.17605567842570702 | 0.317868535044628 | -0.11766427909209987 | 0.6226947613695444:-0.4488600828080678 | 0.17919596272355864 | 0.3332289327578337
-0.4488600828080678 | 0.17919596272355864 | 0.3332289327578337 | -0.11766427909209987 | 0.6226947613695444:-0.4413853782910202 | 0.18242759670511255 | 0.3484145604894806
-0.4413853782910202 | 0.18242759670511255 | 0.3484145604894806 | 0.5469038826926145 | 0.7421342603535346:-0.4309353699160674 | 0.17402831600477597 | 0.37195816503376733
-0.4309353699160674 | 0.17402831600477597 | 0.37195816503376733 | 0.5469038826926145 | 0.7421342603535346:-0.41950137656666087 | 0.1649069094730793 | 0.394972393306837
-0.41950137656666087 | 0.1649069094730793 | 0.394972393306837 | 0.5469038826926145 | 0.7421342603535346:-0.4071017326449109 | 0.15507591356382555 | 0.417393470928328
-0.4071017326449109 | 0.15507591356382555 | 0.417393470928328 | 0.5469038826926145 | 0.7421342603535346:-0.3937574408255742 | 0.14454984594720788 | 0.4391586443523252
-0.3937574408255742 | 0.14454984594720788 | 0.4391586443523252 | 0.5469038826926145 | 0.7421342603535346:-0.3794921291549862 | 0.13334517622998732 | 0.4602063522924311
-0.3794921291549862 | 0.13334517622998732 | 0.4602063522924311 | 0.7328241350254683 | 0.8648800302351598:-0.3613283887670562 | 0.1171373105686655 | 0.483811409233347
-0.3613283887670562 | 0.1171373105686655 | 0.483811409233347 | 0.7328241350254683 | 0.8648800302351598:-0.3420306216298705 | 0.09995680071467916 | 0.5060892825036447
-0.3420306216298705 | 0.09995680071467916 | 0.5060892825036447 | 0.7328241350254683 | 0.8648800302351598:-0.3216568530712962 | 0.08185095276198151 | 0.5269454282364627
-0.3216568530712962 | 0.08185095276198151 | 0.5269454282364627 | 0.7328241350254683 | 0.8648800302351598:-0.30026960313717765 | 0.06287096254217683 | 0.5462896808173774
-0.30026960313717765 | 0.06287096254217683 | 0.5462896808173774 | 0.7328241350254683 | 0.8648800302351598:-0.2779356810410434 | 0.04307174822403059 | 0.5640366223626998
-0.2779356810410434 | 0.04307174822403059 | 0.5640366223626998 | -0.39547528992243075 | 0.3212868626028753:-0.27043194064621545 | 0.054533769153106704 | 0.5707956077369403
-0.27043194064621545 | 0.054533769153106704 | 0.5707956077369403 | -0.39547528992243075 | 0.3212868626028753:-0.2627554543568529 | 0.06618911117963044 | 0.5771897576830973
-0.2627554543568529 | 0.06618911117963044 | 0.5771897576830973 | -0.39547528992243075 | 0.3212868626028753:-0.25491312805635147 | 0.07802958819113481 | 0.5832104476405782
-0.25491312805635147 | 0.07802958819113481 | 0.5832104476405782 | -0.39547528992243075 | 0.3212868626028753:-0.24691202672990187 | 0.090046812664764 | 0.5888493843733542
-0.24691202672990187 | 0.090046812664764 | 0.5888493843733542 | -0.39547528992243075 | 0.3212868626028753:-0.23875936791820607 | 0.10223220368021657 | 0.594098612843279
-0.23875936791820607 | 0.10223220368021657 | 0.594098612843279 | -0.7162653808301491 | 0.1817886547696015:-0.23465190059853924 | 0.12410809840226289 | 0.5954143538987253
-0.23465190059853924 | 0.12410809840226289 | 0.5954143538987253 | -0.7162653808301491 | 0.1817886547696015:-0.2304983998146959 | 0.14612379404319586 | 0.595861993009958
-0.2304983998146959 | 0.14612379404319586 | 0.595861993009958 | -0.7162653808301491 | 0.1817886547696015:-0.2263076673977018 | 0.16824533046510837 | 0.5954330415375182
-0.2263076673977018 | 0.16824533046510837 | 0.5954330415375182 | -0.7162653808301491 | 0.1817886547696015:-0.22208859413344584 | 0.19043836536952963 | 0.5941204582237418
-0.22208859413344584 | 0.19043836536952963 | 0.5941204582237418 | -0.7162653808301491 | 0.1817886547696015:-0.21785014491155863 | 0.21266823259404255 | 0.5919186648950117
-0.21785014491155863 | 0.21266823259404255 | 0.5919186648950117 | -0.9749009673487468 | 0.47269309315846497:-0.20508742701916205 | 0.24246926331852947 | 0.5887822454403278
-0.20508742701916205 | 0.24246926331852947 | 0.5887822454403278 | -0.9749009673487468 | 0.47269309315846497:-0.19235869766590596 | 0.27221049165672717 | 0.5838289736997595
-0.19235869766590596 | 0.27221049165672717 | 0.5838289736997595 | -0.9749009673487468 | 0.47269309315846497:-0.17970930430609044 | 0.30179873770451593 | 0.5770579953412778
-0.17970930430609044 | 0.30179873770451593 | 0.5770579953412778 | -0.9749009673487468 | 0.47269309315846497:-0.1671846321920505 | 0.3311405943662935 | 0.568474438030016
-0.1671846321920505 | 0.3311405943662935 | 0.568474438030016 | -0.9749009673487468 | 0.47269309315846497:-0.15482995250078346 | 0.3601427402650046 | 0.5580894278816899
-0.15482995250078346 | 0.3601427402650046 | 0.5580894278816899 | -0.9749009673487468 | 0.47269309315846497:-0.14269027029587988 | 0.38871225348567684 | 0.5459200856443687
-0.14269027029587988 | 0.38871225348567684 | 0.5459200856443687 | -0.9749009673487468 | 0.47269309315846497:-0.13081017283969842 | 0.41675692509092777 | 0.5319895025864412
-0.13081017283969842 | 0.41675692509092777 | 0.5319895025864412 | -0.9749009673487468 | 0.47269309315846497:-0.11923367876950053 | 0.44418557134751424 | 0.516326696136943
-0.11923367876950053 | 0.44418557134751424 | 0.516326696136943 | -0.9749009673487468 | 0.47269309315846497:-0.10800408864855271 | 0.47090834360719214 | 0.4989665453923635
-0.10800408864855271 | 0.47090834360719214 | 0.4989665453923635 | -0.9749009673487468 | 0.47269309315846497:-0.09716383739858259 | 0.49683703479282926 | 0.4799497066719738
-0.09716383739858259 | 0.49683703479282926 | 0.4799497066719738 | 0.18701840977478046 | 0.21240898494730098:-0.09241092313191857 | 0.49446162359894963 | 0.48768407822223026
-0.09241092313191857 | 0.49446162359894963 | 0.48768407822223026 | 0.18701840977478046 | 0.21240898494730098:-0.08755002395835021 | 0.4919730730559788 | 0.4953476789937383
-0.08755002395835021 | 0.4919730730559788 | 0.4953476789937383 | 0.18701840977478046 | 0.21240898494730098:-0.0825821494871235 | 0.4893724359365397 | 0.5029376283282687
-0.0825821494871235 | 0.4893724359365397 | 0.5029376283282687 | 0.18701840977478046 | 0.21240898494730098:-0.07750834448058797 | 0.4866607943493335 | 0.5104510794245627
-0.07750834448058797 | 0.4866607943493335 | 0.5104510794245627 | 0.18701840977478046 | 0.21240898494730098:-0.07232968830532016 | 0.483839259276337 | 0.5178852199236132
-0.07232968830532016 | 0.483839259276337 | 0.5178852199236132 | 0.18701840977478046 | 0.21240898494730098:-0.06704729437957369 | 0.4809089701065492 | 0.5252372724809575
-0.06704729437957369 | 0.4809089701065492 | 0.5252372724809575 | 0.18701840977478046 | 0.21240898494730098:-0.061662309617251054 | 0.4778710941664084 | 0.5325044953260942
-0.061662309617251054 | 0.4778710941664084 | 0.5325044953260942 | 0.18701840977478046 | 0.21240898494730098:-0.05617591386848986 | 0.4747268262470232 | 0.5396841828090473
-0.05617591386848986 | 0.4747268262470232 | 0.5396841828090473 | 0.18701840977478046 | 0.21240898494730098:-0.050589319357026596 | 0.4714773881283083 | 0.5467736659339835
-0.050589319357026596 | 0.4714773881283083 | 0.5467736659339835 | 0.18701840977478046 | 0.21240898494730098:-0.04490377011445901 | 0.4681240281001884 | 0.5537703128799762
-0.04490377011445901 | 0.4681240281001884 | 0.5537703128799762 | 0.18701840977478046 | 0.21240898494730098:-0.039120541411570287 | 0.46466802048095346 | 0.5606715295089302
-0.039120541411570287 | 0.46466802048095346 | 0.5606715295089302 | 0.18701840977478046 | 0.21240898494730098:-0.03324093918681825 | 0.4611106651329191 | 0.5674747598605876
-0.03324093918681825 | 0.4611106651329191 | 0.5674747598605876 | 0.18701840977478046 | 0.21240898494730098:-0.027266299472167077 | 0.4574532869754915 | 0.5741774866347242
-0.027266299472167077 | 0.4574532869754915 | 0.5741774866347242 | 0.18701840977478046 | 0.21240898494730098:-0.021197987816325536 | 0.45369723549577756 | 0.580777231660548
-0.021197987816325536 | 0.45369723549577756 | 0.580777231660548 | 0.18701840977478046 | 0.21240898494730098:-0.015037398705633365 | 0.44984388425682553 | 0.5872715563532083
-0.015037398705633365 | 0.44984388425682553 | 0.5872715563532083 | -0.5405504979133338 | 0.6328092791028626:0.003168305602937238 | 0.46718659932911066 | 0.5771098270168338
0.003168305602937238 | 0.46718659932911066 | 0.5771098270168338 | -0.5405504979133338 | 0.6328092791028626:0.0210905059877895 | 0.48428549400900067 | 0.5658464593467727
0.0210905059877895 | 0.48428549400900067 | 0.5658464593467727 | -0.5405504979133338 | 0.6328092791028626:0.03869196711428202 | 0.5011087345142613 | 0.5534957506345961
0.03869196711428202 | 0.5011087345142613 | 0.5534957506345961 | -0.5405504979133338 | 0.6328092791028626:0.05593591308264223 | 0.5176248482144068 | 0.5400741912011213
0.05593591308264223 | 0.5176248482144068 | 0.5400741912011213 | -0.5405504979133338 | 0.6328092791028626:0.07278610192387447 | 0.5338027876296465 | 0.5256004385819324
0.07278610192387447 | 0.5338027876296465 | 0.5256004385819324 | 0.2562729436063298 | -0.5573273263416039:0.05811414022241124 | 0.5287561926269078 | 0.5359739285324636
0.05811414022241124 | 0.5287561926269078 | 0.5359739285324636 | 0.2562729436063298 | -0.5573273263416039:0.04310965625449015 | 0.5235373642068204 | 0.5458779387439492
0.04310965625449015 | 0.5235373642068204 | 0.5458779387439492 | 0.2562729436063298 | -0.5573273263416039:0.02778622049539692 | 0.5181526204912252 | 0.555299215664256
0.02778622049539692 | 0.5181526204912252 | 0.555299215664256 | 0.2562729436063298 | -0.5573273263416039:0.012157817185421749 | 0.5126084714102568 | 0.5642250039071044
0.012157817185421749 | 0.5126084714102568 | 0.5642250039071044 | 0.2562729436063298 | -0.5573273263416039:-0.003761171234085481 | 0.5069116116592518 | 0.5726430613797504
-0.003761171234085481 | 0.5069116116592518 | 0.5726430613797504 | 0.2562729436063298 | -0.5573273263416039:-0.019955980120247574 | 0.5010689134514656 | 0.5805416738168461
-0.019955980120247574 | 0.5010689134514656 | 0.5805416738168461 | 0.2562729436063298 | -0.5573273263416039:-0.03641147904490083 | 0.4950874190750376 | 0.5879096687061107
-0.03641147904490083 | 0.4950874190750376 | 0.5879096687061107 | 0.2562729436063298 | -0.5573273263416039:-0.053112188608544386 | 0.48897433326304807 | 0.5947364285917587
-0.053112188608544386 | 0.48897433326304807 | 0.5947364285917587 | 0.2562729436063298 | -0.5573273263416039:-0.07004229763241909 | 0.48273701538539626 | 0.6010119037426946
-0.07004229763241909 | 0.48273701538539626 | 0.6010119037426946 | 0.2562729436063298 | -0.5573273263416039:-0.08718568070890953 | 0.47638297147164366 | 0.6067266241728717
-0.08718568070890953 | 0.47638297147164366 | 0.6067266241728717 | 0.6460416821854265 | -0.5369752256881817:-0.1041459214558742 | 0.4578548179836588 | 0.621015227097395
-0.1041459214558742 | 0.4578548179836588 | 0.621015227097395 | 0.6460416821854265 | -0.5369752256881817:-0.12151279659026315 | 0.4388039750030366 | 0.6342524365997164
-0.12151279659026315 | 0.4388039750030366 | 0.6342524365997164 | 0.6460416821854265 | -0.5369752256881817:-0.13925735485046786 | 0.4192649471670151 | 0.6464077560048267
-0.13925735485046786 | 0.4192649471670151 | 0.6464077560048267 | 0.6460416821854265 | -0.5369752256881817:-0.15734977225573843 | 0.39927331929641596 | 0.6574526587777498
-0.15734977225573843 | 0.39927331929641596 | 0.6574526587777498 | 0.6460416821854265 | -0.5369752256881817:-0.17575940868091422 | 0.3788656893481388 | 0.667360650661351
-0.17575940868091422 | 0.3788656893481388 | 0.667360650661351 | 0.6460416821854265 | -0.5369752256881817:-0.19445486614000274 | 0.3580795992476915 | 0.6761073278586096
-0.19445486614000274 | 0.3580795992476915 | 0.6761073278586096 | 0.6460416821854265 | -0.5369752256881817:-0.21340404866284857 | 0.3369534637390075 | 0.6836704311430282
-0.21340404866284857 | 0.3369534637390075 | 0.6836704311430282 | 0.6460416821854265 | -0.5369752256881817:-0.23257422364612879 | 0.3155264973928027 | 0.6900298957889319
-0.23257422364612879 | 0.3155264973928027 | 0.6900298957889319 | 0.6460416821854265 | -0.5369752256881817:-0.2519320845571258 | 0.29383863991798975 | 0.6951678972218218
-0.2519320845571258 | 0.29383863991798975 | 0.6951678972218218 | 0.6460416821854265 | -0.5369752256881817:-0.2714438148662275 | 0.2719304799240767 | 0.6990688922973831
-0.2714438148662275 | 0.2719304799240767 | 0.6990688922973831 | 0.6460416821854265 | -0.5369752256881817:-0.29107515308168885 | 0.24984317728519656 | 0.7017196561265848
-0.29107515308168885 | 0.24984317728519656 | 0.7017196561265848 | 0.6460416821854265 | -0.5369752256881817:-0.31079145875825276 | 0.2276183842592161 | 0.7031093143730942
-0.31079145875825276 | 0.2276183842592161 | 0.7031093143730942 | 0.6460416821854265 | -0.5369752256881817:-0.3305577793493839 | 0.20529816551750102 | 0.7032293709581268
-0.3305577793493839 | 0.20529816551750102 | 0.7032293709581268 | 0.6460416821854265 | -0.5369752256881817:-0.350338917771321 | 0.18292491724302096 | 0.7020737311170606
-0.350338917771321 | 0.18292491724302096 | 0.7020737311170606 | 0.6460416821854265 | -0.5369752256881817:-0.37009950054589424 | 0.16054128545614432 | 0.6996387197612393
-0.37009950054589424 | 0.16054128545614432 | 0.6996387197612393 | -0.9510692027788794 | 0.1590842559704917:-0.36545827300496114 | 0.19407872979025242 | 0.6957918837274661
-0.36545827300496114 | 0.19407872979025242 | 0.6957918837274661 | -0.9510692027788794 | 0.1590842559704917:-0.36083889076511966 | 0.22746808750318692 | 0.6902851277579174
-0.36083889076511966 | 0.22746808750318692 | 0.6902851277579174 | -0.9510692027788794 | 0.1590842559704917:-0.35625499072809674 | 0.2606282453365374 | 0.6831243747908502
-0.35625499072809674 | 0.2606282453365374 | 0.6831243747908502 | -0.9510692027788794 | 0.1590842559704917:-0.35172015099726295 | 0.2934783382083701 | 0.674319656649601
-0.35172015099726295 | 0.2934783382083701 | 0.674319656649601 | -0.9510692027788794 | 0.1590842559704917:-0.3472478568937447 | 0.3259379527784425 | 0.6638851013503455
-0.3472478568937447 | 0.3259379527784425 | 0.6638851013503455 | -0.17835426303590873 | 0.5176313887761275:-0.3307660051230812 | 0.3325883357962667 | 0.6712167426725557
-0.3307660051230812 | 0.3325883357962667 | 0.6712167426725557 | -0.17835426303590873 | 0.5176313887761275:-0.31405559726231047 | 0.3393096145530521 | 0.6780566454904005
-0.31405559726231047 | 0.3393096145530521 | 0.6780566454904005 | -0.17835426303590873 | 0.5176313887761275:-0.29713000804489553 | 0.3460973150293718 | 0.6843972536750869
-0.29713000804489553 | 0.3460973150293718 | 0.6843972536750869 | -0.17835426303590873 | 0.5176313887761275:-0.28000282703447965 | 0.35294688632753335 | 0.6902314273368688
-0.28000282703447965 | 0.35294688632753335 | 0.6902314273368688 | -0.17835426303590873 | 0.5176313887761275:-0.2626878468034093 | 0.35985370472552347 | 0.6955524493507141
-0.2626878468034093 | 0.35985370472552347 | 0.6955524493507141 | 0.699964616543947 | -0.9050670020764422:-0.2950548003968265 | 0.3360014651204182 | 0.6965743738235801
-0.2950548003968265 | 0.3360014651204182 | 0.6965743738235801 | 0.699964616543947 | -0.9050670020764422:-0.3274568730289289 | 0.312069862361561 | 0.6952763049452955
-0.3274568730289289 | 0.312069862361561 | 0.6952763049452955 | 0.699964616543947 | -0.9050670020764422:-0.35978735509630866 | 0.2881414464014753 | 0.6916532175661843
-0.35978735509630866 | 0.2881414464014753 | 0.6916532175661843 | 0.699964616543947 | -0.9050670020764422:-0.3919393706134713 | 0.2642990328356234 | 0.6857079795430963
-0.3919393706134713 | 0.2642990328356234 | 0.6857079795430963 | 0.699964616543947 | -0.9050670020764422:-0.4238062445352 | 0.24062541911089852 | 0.6774513665240676
-0.4238062445352 | 0.24062541911089852 | 0.6774513665240676 | 0.3733097509029346 | 0.5910625398708362:-0.4042740343889548 | 0.22839120962733261 | 0.6954258206362169
-0.4042740343889548 | 0.22839120962733261 | 0.6954258206362169 | 0.3733097509029346 | 0.5910625398708362:-0.384177228827312 | 0.2157936246269614 | 0.7126010536233451
-0.384177228827312 | 0.2157936246269614 | 0.7126010536233451 | 0.3733097509029346 | 0.5910625398708362:-0.3635399108590036 | 0.2028476328143256 | 0.7289519260701951
-0.3635399108590036 | 0.2028476328143256 | 0.7289519260701951 | 0.3733097509029346 | 0.5910625398708362:-0.3423869505150492 | 0.1895687096246803 | 0.7444543282542213
-0.3423869505150492 | 0.1895687096246803 | 0.7444543282542213 | 0.3733097509029346 | 0.5910625398708362:-0.32074397243877684 | 0.17597281707553947 | 0.7590852145636973
-0.32074397243877684 | 0.17597281707553947 | 0.7590852145636973 | 0.47776720279526774 | -0.8607757963197926:-0.35393821157281735 | 0.1580856874676826 | 0.7499629921008903
-0.35393821157281735 | 0.1580856874676826 | 0.7499629921008903 | 0.47776720279526774 | -0.8607757963197926:-0.38674357561932027 | 0.1403854705129035 | 0.738959967260385
-0.38674357561932027 | 0.1403854705129035 | 0.738959967260385 | 0.47776720279526774 | -0.8607757963197926:-0.419077539440984 | 0.12291827899596797 | 0.7260969279103193
-0.419077539440984 | 0.12291827899596797 | 0.7260969279103193 | 0.47776720279526774 | -0.8607757963197926:-0.45085850669814675 | 0.1057297666632806 | 0.7113994399898758
-0.45085850669814675 | 0.1057297666632806 | 0.7113994399898758 | 0.47776720279526774 | -0.8607757963197926:-0.48200602154016536 | 0.0888650101061188 | 0.6948977940975709
-0.48200602154016536 | 0.0888650101061188 | 0.6948977940975709 | 0.47776720279526774 | -0.8607757963197926:-0.5124409777360697 | 0.07236839191792654 | 0.676626939763409
-0.5124409777360697 | 0.07236839191792654 | 0.676626939763409 | 0.47776720279526774 | -0.8607757963197926:-0.5420858246983755 | 0.056283485430526525 | 0.6566264075627402
-0.5420858246983755 | 0.056283485430526525 | 0.6566264075627402 | 0.47776720279526774 | -0.8607757963197926:-0.5708647698619842 | 0.04065294133012287 | 0.6349402192606135
-0.5708647698619842 | 0.04065294133012287 | 0.6349402192606135 | 0.47776720279526774 | -0.8607757963197926:-0.5987039768894249 | 0.025518376449305435 | 0.6116167862070512
-0.5987039768894249 | 0.025518376449305435 | 0.6116167862070512 | 0.47776720279526774 | -0.8607757963197926:-0.6255317591841134 | 0.010920265025532672 | 0.5867087962341202
-0.6255317591841134 | 0.010920265025532672 | 0.5867087962341202 | 0.47776720279526774 | -0.8607757963197926:-0.6512787682056498 | -0.0031021672896187624 | 0.5602730893354533
-0.6512787682056498 | -0.0031021672896187624 | 0.5602730893354533 | 0.47776720279526774 | -0.8607757963197926:-0.675878176094244 | -0.01651104639320522 | 0.5323705224383275
-0.675878176094244 | -0.01651104639320522 | 0.5323705224383275 | 0.47776720279526774 | -0.8607757963197926:-0.6992658521260111 | -0.029269949396230288 | 0.5030658236064056
-0.6992658521260111 | -0.029269949396230288 | 0.5030658236064056 | 0.47776720279526774 | -0.8607757963197926:-0.721380532536692 | -0.04134400073046862 | 0.4724274360392542
-0.721380532536692 | -0.04134400073046862 | 0.4724274360392542 | 0.47776720279526774 | -0.8607757963197926:-0.7421639832683766 | -0.052699964444926195 | 0.44052735226070183
-0.7421639832683766 | -0.052699964444926195 | 0.44052735226070183 | 0.47776720279526774 | -0.8607757963197926:-0.7615611552119503 | -0.06330633244981243 | 0.40744093891400723
