0.0 | 0.0 | 0.0 | -0.8774988934344041 | -0.6791016493207875:-3.391588767497559E-4 | 4.386086940303402E-4 | 0.00998461785296978
-3.391588767497559E-4 | 4.386086940303402E-4 | 0.00998461785296978 | -0.8774988934344041 | -0.6791016493207875:-0.0013471254508424482 | 0.0017434800302316145 | 0.01977765229757759
-0.0013471254508424482 | 0.0017434800302316145 | 0.01977765229757759 | -0.8774988934344041 | -0.6791016493207875:-0.003006710604521975 | 0.0038943640981525807 | 0.029290664393483396
-0.003006710604521975 | 0.0038943640981525807 | 0.029290664393483396 | -0.8774988934344041 | -0.6791016493207875:-0.005296935325171678 | 0.006866053860156596 | 0.03843792669318258
-0.005296935325171678 | 0.006866053860156596 | 0.03843792669318258 | -0.9212353993660531 | -0.44425547276385036:-0.007638613636693714 | 0.010732172172676413 | 0.0472064325168704
-0.007638613636693714 | 0.010732172172676413 | 0.0472064325168704 | -0.9212353993660531 | -0.44425547276385036:-0.010356078741396674 | 0.015396470213771773 | 0.055500209478773266
-0.010356078741396674 | 0.015396470213771773 | 0.055500209478773266 | -0.9212353993660531 | -0.44425547276385036:-0.013430457884372804 | 0.02082120426040046 | 0.06325517535475722
-0.013430457884372804 | 0.02082120426040046 | 0.06325517535475722 | -0.9212353993660531 | -0.44425547276385036:-0.01684116029637011 | 0.026964992053106873 | 0.07041055860084688
-0.01684116029637011 | 0.026964992053106873 | 0.07041055860084688 | -0.9212353993660531 | -0.44425547276385036:-0.020565982516879383 | 0.03378302592698634 | 0.07690912823025498
-0.020565982516879383 | 0.03378302592698634 | 0.07690912823025498 | 0.9135146815109569 | -0.8546185557732069:-0.026419111337662685 | 0.0334299746154918 | 0.0855993862884405
-0.026419111337662685 | 0.0334299746154918 | 0.0855993862884405 | 0.9135146815109569 | -0.8546185557732069:-0.032961190985244374 | 0.03227558640494921 | 0.09394640723659425
-0.032961190985244374 | 0.03227558640494921 | 0.09394640723659425 | 0.9135146815109569 | -0.8546185557732069:-0.040168526833463086 | 0.030343553551277158 | 0.10185359878212719
-0.040168526833463086 | 0.030343553551277158 | 0.10185359878212719 | 0.9135146815109569 | -0.8546185557732069:-0.048012137446790504 | 0.02766328855961886 | 0.10922763812825542
-0.048012137446790504 | 0.02766328855961886 | 0.10922763812825542 | 0.9135146815109569 | -0.8546185557732069:-0.05645796782901574 | 0.024269709563135677 | 0.11597905298809352
-0.05645796782901574 | 0.024269709563135677 | 0.11597905298809352 | -0.0208287609710609 | -0.8185775059463425:-0.06520296046098728 | 0.02600483967186573 | 0.12106191129528265
-0.06520296046098728 | 0.02600483967186573 | 0.12106191129528265 | -0.0208287609710609 | -0.8185775059463425:-0.07440906800681851 | 0.027736866445906005 | 0.12553386238868391
-0.07440906800681851 | 0.027736866445906005 | 0.12553386238868391 | -0.0208287609710609 | -0.8185775059463425:-0.08403808034862387 | 0.02946498294547839 | 0.12936868375221078
-0.08403808034862387 | 0.02946498294547839 | 0.12936868375221078 | -0.0208287609710609 | -0.8185775059463425:-0.09405056655856225 | 0.031188348515205355 | 0.1325423441633129
-0.09405056655856225 | 0.031188348515205355 | 0.1325423441633129 | -0.0208287609710609 | -0.8185775059463425:-0.10440599204127743 | 0.03290609175408621 | 0.1350330525855139
-0.10440599204127743 | 0.03290609175408621 | 0.1350330525855139 | -0.2812206041590206 | -0.04795872753915531:-0.1097057765323044 | 0.03645549052937347 | 0.140689456537886
-0.1097057765323044 | 0.03645549052937347 | 0.140689456537886 | -0.2812206041590206 | -0.04795872753915531:-0.114984296695958 | 0.040156222268713626 | 0.14618335561228712
-0.114984296695958 | 0.040156222268713626 | 0.14618335561228712 | -0.2812206041590206 | -0.04795872753915531:-0.12024126671667568 | 0.04400387607024131 | 0.15151277066897895
-0.12024126671667568 | 0.04400387607024131 | 0.15151277066897895 | -0.2812206041590206 | -0.04795872753915531:-0.1254763953572311 | 0.047994036086948966 | 0.15667581378171302
-0.1254763953572311 | 0.047994036086948966 | 0.15667581378171302 | -0.2812206041590206 | -0.04795872753915531:-0.13068938625232374 | 0.052122282977060896 | 0.16167068771456528
-0.13068938625232374 | 0.052122282977060896 | 0.16167068771456528 | -0.2812206041590206 | -0.04795872753915531:-0.13587993819869526 | 0.056384195336915466 | 0.16649568538124493
-0.13587993819869526 | 0.056384195336915466 | 0.16649568538124493 | -0.2812206041590206 | -0.04795872753915531:-0.1410477454417629 | 0.06077535111626109 | 0.17114918928724165
-0.1410477454417629 | 0.06077535111626109 | 0.17114918928724165 | -0.2812206041590206 | -0.04795872753915531:-0.14619249795875744 | 0.06529132901587581 | 0.17562967095517168
-0.14619249795875744 | 0.06529132901587581 | 0.17562967095517168 | -0.2812206041590206 | -0.04795872753915531:-0.15131388173835947 | 0.06992770986742645 | 0.1799356903336884
-0.15131388173835947 | 0.06992770986742645 | 0.1799356903336884 | -0.2812206041590206 | -0.04795872753915531:-0.156411579056823 | 0.07468007799548712 | 0.18406589519031114
-0.156411579056823 | 0.07468007799548712 | 0.18406589519031114 | -0.5504498974858898 | 0.9688742097816394:-0.15177420257098007 | 0.08207295576653598 | 0.1948961697414502
-0.15177420257098007 | 0.08207295576653598 | 0.1948961697414502 | -0.5504498974858898 | 0.9688742097816394:-0.1463142508524693 | 0.08988904228457052 | 0.20536208504257436
-0.1463142508524693 | 0.08988904228457052 | 0.20536208504257436 | -0.5504498974858898 | 0.9688742097816394:-0.140050715402948 | 0.09811900809794433 | 0.21539329835176657
-0.140050715402948 | 0.09811900809794433 | 0.21539329835176657 | -0.5504498974858898 | 0.9688742097816394:-0.1330068928597501 | 0.10675105294196408 | 0.22492094472243052
-0.1330068928597501 | 0.10675105294196408 | 0.22492094472243052 | -0.5504498974858898 | 0.9688742097816394:-0.125210284745223 | 0.11577095817615068 | 0.23387796834991015
-0.125210284745223 | 0.11577095817615068 | 0.23387796834991015 | 0.5408283146320052 | -0.18029678171382235:-0.13046703948474603 | 0.11209075920249878 | 0.24157252101710913
-0.13046703948474603 | 0.11209075920249878 | 0.24157252101710913 | 0.5408283146320052 | -0.18029678171382235:-0.13581292250647214 | 0.10802109312197294 | 0.24910083840886799
-0.13581292250647214 | 0.10802109312197294 | 0.24910083840886799 | 0.5408283146320052 | -0.18029678171382235:-0.14124593859797896 | 0.10356892499466586 | 0.2564467447104306
-0.14124593859797896 | 0.10356892499466586 | 0.2564467447104306 | 0.5408283146320052 | -0.18029678171382235:-0.14676390932051175 | 0.09874176200092666 | 0.26359439392166983
-0.14676390932051175 | 0.09874176200092666 | 0.26359439392166983 | 0.5408283146320052 | -0.18029678171382235:-0.15236447758380134 | 0.09354764008342942 | 0.2705282880380251
-0.15236447758380134 | 0.09354764008342942 | 0.2705282880380251 | -0.35609984148585694 | -0.5288418403774182:-0.16274057578913537 | 0.10039875499473261 | 0.27021341863752557
-0.16274057578913537 | 0.10039875499473261 | 0.27021341863752557 | -0.35609984148585694 | -0.5288418403774182:-0.17321052635308742 | 0.10731958487331972 | 0.2693214438269793
-0.17321052635308742 | 0.10731958487331972 | 0.2693214438269793 | -0.35609984148585694 | -0.5288418403774182:-0.1837531075871186 | 0.11429587754777115 | 0.2678466356019209
-0.1837531075871186 | 0.11429587754777115 | 0.2678466356019209 | -0.35609984148585694 | -0.5288418403774182:-0.19434696323826994 | 0.12131328088643989 | 0.2657843320788382
-0.19434696323826994 | 0.12131328088643989 | 0.2657843320788382 | -0.35609984148585694 | -0.5288418403774182:-0.20497063724051756 | 0.12835736617656557 | 0.2631309396135002
-0.20497063724051756 | 0.12835736617656557 | 0.2631309396135002 | -0.35609984148585694 | -0.5288418403774182:-0.21560260835989098 | 0.13541365144570805 | 0.25988393336474935
-0.21560260835989098 | 0.13541365144570805 | 0.25988393336474935 | -0.35609984148585694 | -0.5288418403774182:-0.22622132468808864 | 0.14246762469491148 | 0.25604185631594856
-0.22622132468808864 | 0.14246762469491148 | 0.25604185631594856 | -0.35609984148585694 | -0.5288418403774182:-0.2368052379399037 | 0.14950476701339133 | 0.2516043167680637
-0.2368052379399037 | 0.14950476701339133 | 0.2516043167680637 | -0.35609984148585694 | -0.5288418403774182:-0.24733283751045132 | 0.1565105755449614 | 0.24657198432017324
-0.24733283751045132 | 0.1565105755449614 | 0.24657198432017324 | -0.35609984148585694 | -0.5288418403774182:-0.2577826842488342 | 0.1634705862768553 | 0.24094658435492722
-0.2577826842488342 | 0.1634705862768553 | 0.24094658435492722 | -0.35609984148585694 | -0.5288418403774182:-0.2681334439056551 | 0.17037039662208642 | 0.23473089104820133
-0.2681334439056551 | 0.17037039662208642 | 0.23473089104820133 | -0.35609984148585694 | -0.5288418403774182:-0.2783639202125263 | 0.17719568776698758 | 0.22792871892385236
-0.2783639202125263 | 0.17719568776698758 | 0.22792871892385236 | -0.35609984148585694 | -0.5288418403774182:-0.2884530875525835 | 0.1839322467561182 | 0.22054491297613765
-0.2884530875525835 | 0.1839322467561182 | 0.22054491297613765 | -0.35609984148585694 | -0.5288418403774182:-0.2983801231818317 | 0.19056598828728344 | 0.2125853373839206
-0.2983801231818317 | 0.19056598828728344 | 0.2125853373839206 | -0.35609984148585694 | -0.5288418403774182:-0.3081244389620794 | 0.19708297619001014 | 0.204056862842382
-0.3081244389620794 | 0.19708297619001014 | 0.204056862842382 | -0.35609984148585694 | -0.5288418403774182:-0.31766571256715004 | 0.20346944456143357 | 0.19496735253940223
-0.31766571256715004 | 0.20346944456143357 | 0.19496735253940223 | -0.35609984148585694 | -0.5288418403774182:-0.32698391812501626 | 0.2097118185342013 | 0.18532564680528907
-0.32698391812501626 | 0.2097118185342013 | 0.18532564680528907 | -0.35609984148585694 | -0.5288418403774182:-0.3360593562595424 | 0.21579673465166094 | 0.1751415464659125
-0.3360593562595424 | 0.21579673465166094 | 0.1751415464659125 | -0.35609984148585694 | -0.5288418403774182:-0.3448726834965363 | 0.22171106082629288 | 0.16442579493070042
-0.3448726834965363 | 0.22171106082629288 | 0.16442579493070042 | -0.35609984148585694 | -0.5288418403774182:-0.3534049409999138 | 0.2274419158580665 | 0.15319005904821026
-0.3534049409999138 | 0.2274419158580665 | 0.15319005904821026 | 0.1975217872735382 | 0.3243449958529079:-0.35517274286790546 | 0.22870926660930557 | 0.1631303179103476
-0.35517274286790546 | 0.22870926660930557 | 0.1631303179103476 | 0.1975217872735382 | 0.3243449958529079:-0.3567026036818106 | 0.2298308721485789 | 0.1731865824062293
-0.3567026036818106 | 0.2298308721485789 | 0.1731865824062293 | 0.1975217872735382 | 0.3243449958529079:-0.357992247641878 | 0.23080532227558592 | 0.18335106432762593
-0.357992247641878 | 0.23080532227558592 | 0.18335106432762593 | 0.1975217872735382 | 0.3243449958529079:-0.3590395700047022 | 0.23163131064923448 | 0.1936159413064793
-0.3590395700047022 | 0.23163131064923448 | 0.1936159413064793 | 0.1975217872735382 | 0.3243449958529079:-0.3598426369005079 | 0.23230763470061433 | 0.2039733614381518
-0.3598426369005079 | 0.23230763470061433 | 0.2039733614381518 | 0.22557998341591357 | -0.30805743069382463:-0.3670032711410407 | 0.2325403997027813 | 0.20324068413885144
-0.3670032711410407 | 0.2325403997027813 | 0.20324068413885144 | 0.22557998341591357 | -0.30805743069382463:-0.3741455195184784 | 0.23273090486816805 | 0.20234493085716565
-0.3741455195184784 | 0.23273090486816805 | 0.20234493085716565 | 0.22557998341591357 | -0.30805743069382463:-0.38126607337060925 | 0.23288212065599811 | 0.20128603541706092
-0.38126607337060925 | 0.23288212065599811 | 0.20128603541706092 | 0.22557998341591357 | -0.30805743069382463:-0.38836163361753506 | 0.23299700563836012 | 0.20006403979638065
-0.38836163361753506 | 0.23299700563836012 | 0.20006403979638065 | 0.22557998341591357 | -0.30805743069382463:-0.3954289126850483 | 0.23307850514192374 | 0.19867909329766498
-0.3954289126850483 | 0.23307850514192374 | 0.19867909329766498 | 0.22557998341591357 | -0.30805743069382463:-0.4024646364040727 | 0.2331295499063799 | 0.1971314516740108
-0.4024646364040727 | 0.2331295499063799 | 0.1971314516740108 | 0.22557998341591357 | -0.30805743069382463:-0.40946554588556516 | 0.23315305476006287 | 0.19542147621081085
-0.40946554588556516 | 0.23315305476006287 | 0.19542147621081085 | 0.22557998341591357 | -0.30805743069382463:-0.41642839937034815 | 0.23315191731314755 | 0.19354963276415305
-0.41642839937034815 | 0.23315191731314755 | 0.19354963276415305 | 0.22557998341591357 | -0.30805743069382463:-0.42334997405328245 | 0.23312901666886 | 0.19151649075674904
-0.42334997405328245 | 0.23312901666886 | 0.19151649075674904 | 0.22557998341591357 | -0.30805743069382463:-0.4302270678812832 | 0.2330872121530856 | 0.18932272213221246
-0.4302270678812832 | 0.2330872121530856 | 0.18932272213221246 | 0.22557998341591357 | -0.30805743069382463:-0.4370565013246406 | 0.23302934206276937 | 0.18696910026851832
-0.4370565013246406 | 0.23302934206276937 | 0.18696910026851832 | 0.22557998341591357 | -0.30805743069382463:-0.4438351191211556 | 0.23295822243348852 | 0.18445649885151916
-0.4438351191211556 | 0.23295822243348852 | 0.18445649885151916 | 0.22557998341591357 | -0.30805743069382463:-0.45055979199258367 | 0.23287664582656298 | 0.181785890709369
-0.45055979199258367 | 0.23287664582656298 | 0.181785890709369 | 0.22557998341591357 | -0.30805743069382463:-0.457227418332943 | 0.23278738013605071 | 0.17895834660870236
-0.457227418332943 | 0.23278738013605071 | 0.17895834660870236 | 0.22557998341591357 | -0.30805743069382463:-0.46383492586820196 | 0.23269316741599155 | 0.1759750340134758
-0.46383492586820196 | 0.23269316741599155 | 0.1759750340134758 | -0.8191117987989986 | 0.5245031659310757:-0.46310386225409417 | 0.24168064853111204 | 0.1798773921892156
-0.46310386225409417 | 0.24168064853111204 | 0.1798773921892156 | -0.8191117987989986 | 0.5245031659310757:-0.4622052018688336 | 0.25085861367877804 | 0.18338990724473803
-0.4622052018688336 | 0.25085861367877804 | 0.18338990724473803 | -0.8191117987989986 | 0.5245031659310757:-0.4611501929820463 | 0.26021060005790275 | 0.18649732546145437
-0.4611501929820463 | 0.26021060005790275 | 0.18649732546145437 | -0.8191117987989986 | 0.5245031659310757:-0.4599505450106811 | 0.2697193950024932 | 0.1891854531607038
-0.4599505450106811 | 0.2697193950024932 | 0.1891854531607038 | -0.8191117987989986 | 0.5245031659310757:-0.4586183968761368 | 0.27936708448796743 | 0.1914412052098946
-0.4586183968761368 | 0.27936708448796743 | 0.1914412052098946 | 0.20257894184882685 | -0.8934381775571059:-0.4703561441282744 | 0.27950551148462566 | 0.17489560623172196
-0.4703561441282744 | 0.27950551148462566 | 0.17489560623172196 | 0.20257894184882685 | -0.8934381775571059:-0.4813635279414612 | 0.2797773683702669 | 0.15769546780039967
-0.4813635279414612 | 0.2797773683702669 | 0.15769546780039967 | 0.20257894184882685 | -0.8934381775571059:-0.49160528021131 | 0.28019111652321804 | 0.1398758567432452
-0.49160528021131 | 0.28019111652321804 | 0.1398758567432452 | 0.20257894184882685 | -0.8934381775571059:-0.5010478319163525 | 0.2807548390707346 | 0.12147377944272719
-0.5010478319163525 | 0.2807548390707346 | 0.12147377944272719 | 0.20257894184882685 | -0.8934381775571059:-0.5096594107760808 | 0.2814762183244177 | 0.10252809222330406
-0.5096594107760808 | 0.2814762183244177 | 0.10252809222330406 | -0.6471166506108104 | -0.12997158153488053:-0.5137839910002846 | 0.2866141134816562 | 0.09067736705698337
-0.5137839910002846 | 0.2866141134816562 | 0.09067736705698337 | -0.6471166506108104 | -0.12997158153488053:-0.5177986671414807 | 0.29136518695277225 | 0.07854777747524544
-0.5177986671414807 | 0.29136518695277225 | 0.07854777747524544 | -0.6471166506108104 | -0.12997158153488053:-0.5217014365117763 | 0.295717671644141 | 0.06615390451558412
-0.5217014365117763 | 0.295717671644141 | 0.06615390451558412 | -0.6471166506108104 | -0.12997158153488053:-0.5254904047409497 | 0.2996603478101676 | 0.05351079847769746
-0.5254904047409497 | 0.2996603478101676 | 0.05351079847769746 | -0.6471166506108104 | -0.12997158153488053:-0.5291637891184315 | 0.30318255989173437 | 0.04063395708043771
-0.5291637891184315 | 0.30318255989173437 | 0.04063395708043771 | -0.11766427909209987 | 0.6226947613695444:-0.5310545505146536 | 0.30534634863431975 | 0.055655237974340466
-0.5310545505146536 | 0.30534634863431975 | 0.055655237974340466 | -0.11766427909209987 | 0.6226947613695444:-0.5324315243418027 | 0.3075811888401958 | 0.07080363101847631
-0.5324315243418027 | 0.3075811888401958 | 0.07080363101847631 | -0.11766427909209987 | 0.6226947613695444:-0.5332887632705656 | 0.3098885157928972 | 0.08606042461031649
-0.5332887632705656 | 0.3098885157928972 | 0.08606042461031649 | -0.11766427909209987 | 0.6226947613695444:-0.5336209982304041 | 0.31226963474582803 | 0.10140667300520079
-0.5336209982304041 | 0.31226963474582803 | 0.10140667300520079 | -0.11766427909209987 | 0.6226947613695444:-0.5334236459107835 | 0.31472571945560723 | 0.11682322180776694
-0.5334236459107835 | 0.31472571945560723 | 0.11682322180776694 | 0.5469038826926145 | 0.7421342603535346:-0.5315046360556437 | 0.31324072001614667 | 0.1459385675091731
-0.5315046360556437 | 0.31324072001614667 | 0.1459385675091731 | 0.5469038826926145 | 0.7421342603535346:-0.5284425388670471 | 0.31091822762912535 | 0.1750650806157843
-0.5284425388670471 | 0.31091822762912535 | 0.1750650806157843 | 0.5469038826926145 | 0.7421342603535346:-0.5242336772601135 | 0.30775452085953425 | 0.2041321930581539
-0.5242336772601135 | 0.30775452085953425 | 0.2041321930581539 | 0.5469038826926145 | 0.7421342603535346:-0.5188772468699518 | 0.30374799036042965 | 0.23306895100910907
-0.5188772468699518 | 0.30374799036042965 | 0.23306895100910907 | 0.5469038826926145 | 0.7421342603535346:-0.5123753315635504 | 0.29889915277668777 | 0.26180419609860905
-0.5123753315635504 | 0.29889915277668777 | 0.26180419609860905 | 0.7328241350254683 | 0.8648800302351598:-0.5028246417948203 | 0.2906756255823204 | 0.2960703424330191
-0.5028246417948203 | 0.2906756255823204 | 0.2960703424330191 | 0.7328241350254683 | 0.8648800302351598:-0.49171516939930626 | 0.2811277134144774 | 0.3297219906974185
-0.49171516939930626 | 0.2811277134144774 | 0.3297219906974185 | 0.7328241350254683 | 0.8648800302351598:-0.4790716278390832 | 0.27027401366731496 | 0.3626354801128713
-0.4790716278390832 | 0.27027401366731496 | 0.3626354801128713 | 0.7328241350254683 | 0.8648800302351598:-0.46492446267529175 | 0.2581380113000904 | 0.39468879469387375
-0.46492446267529175 | 0.2581380113000904 | 0.39468879469387375 | 0.7328241350254683 | 0.8648800302351598:-0.44930977494760427 | 0.244748022337145 | 0.4257620231330428
-0.44930977494760427 | 0.244748022337145 | 0.4257620231330428 | -0.39547528992243075 | 0.3212868626028753:-0.4447144450358316 | 0.25439008987672196 | 0.43015284896221573
-0.4447144450358316 | 0.25439008987672196 | 0.43015284896221573 | -0.39547528992243075 | 0.3212868626028753:-0.4399959528332644 | 0.26414621565545104 | 0.43426608100597264
-0.4399959528332644 | 0.26414621565545104 | 0.43426608100597264 | -0.39547528992243075 | 0.3212868626028753:-0.435159574572495 | 0.2740103621876493 | 0.4380962316582817
-0.435159574572495 | 0.2740103621876493 | 0.4380962316582817 | -0.39547528992243075 | 0.3212868626028753:-0.4302106854746057 | 0.28397636371613544 | 0.4416380555681627
-0.4302106854746057 | 0.28397636371613544 | 0.4416380555681627 | -0.39547528992243075 | 0.3212868626028753:-0.42515475508397316 | 0.2940379319525377 | 0.44488655393578114
-0.42515475508397316 | 0.2940379319525377 | 0.44488655393578114 | -0.7162653808301491 | 0.1817886547696015:-0.42315558453531565 | 0.31122317361469953 | 0.4399613126614028
-0.42315558453531565 | 0.31122317361469953 | 0.4399613126614028 | -0.7162653808301491 | 0.1817886547696015:-0.4211692134327407 | 0.3282780611028855 | 0.4343506360611684
-0.4211692134327407 | 0.3282780611028855 | 0.4343506360611684 | -0.7162653808301491 | 0.1817886547696015:-0.41920271851458324 | 0.3451755681411264 | 0.4280580066280173
-0.41920271851458324 | 0.3451755681411264 | 0.4280580066280173 | -0.7162653808301491 | 0.1817886547696015:-0.41726314190565716 | 0.36188877507790096 | 0.4210880543830413
-0.41726314190565716 | 0.36188877507790096 | 0.4210880543830413 | -0.7162653808301491 | 0.1817886547696015:-0.41535747959660796 | 0.37839091446252127 | 0.4134465520108108
-0.41535747959660796 | 0.37839091446252127 | 0.4134465520108108 | -0.9749009673487468 | 0.47269309315846497:-0.4076776816891581 | 0.39981264049513143 | 0.40597610327521494
-0.4076776816891581 | 0.39981264049513143 | 0.40597610327521494 | -0.9749009673487468 | 0.47269309315846497:-0.4001439675328555 | 0.4209101602320722 | 0.39722950123600853
-0.4001439675328555 | 0.4209101602320722 | 0.39722950123600853 | -0.9749009673487468 | 0.47269309315846497:-0.3927881582479813 | 0.4416179515282579 | 0.38722409285190196
-0.3927881582479813 | 0.4416179515282579 | 0.38722409285190196 | -0.9749009673487468 | 0.47269309315846497:-0.3856416432957701 | 0.46187127509130477 | 0.3759814156420731
-0.3856416432957701 | 0.46187127509130477 | 0.3759814156420731 | -0.9749009673487468 | 0.47269309315846497:-0.3787352754239208 | 0.481606392440753 | 0.3635271483019089
-0.3787352754239208 | 0.481606392440753 | 0.3635271483019089 | -0.9749009673487468 | 0.47269309315846497:-0.37209926702933416 | 0.5007607812837627 | 0.3498910473563228
-0.37209926702933416 | 0.5007607812837627 | 0.3498910473563228 | -0.9749009673487468 | 0.47269309315846497:-0.36576308828646376 | 0.5192733475839546 | 0.3351068700366078
-0.36576308828646376 | 0.5192733475839546 | 0.3351068700366078 | -0.9749009673487468 | 0.47269309315846497:-0.3597553673840963 | 0.5370846336108919 | 0.31921228361262166
-0.3597553673840963 | 0.5370846336108919 | 0.31921228361262166 | -0.9749009673487468 | 0.47269309315846497:-0.3541037932062707 | 0.5541370212707051 | 0.30224876145708635
-0.3541037932062707 | 0.5541370212707051 | 0.30224876145708635 | -0.9749009673487468 | 0.47269309315846497:-0.34883502078525197 | 0.5703749300337755 | 0.2842614661630094
-0.34883502078525197 | 0.5703749300337755 | 0.2842614661630094 | 0.18701840977478046 | 0.21240898494730098:-0.3470414194068283 | 0.5698289563544243 | 0.2943748694029864
-0.3470414194068283 | 0.5698289563544243 | 0.2943748694029864 | 0.18701840977478046 | 0.21240898494730098:-0.345115666418387 | 0.56915675551015 | 0.30448542340466744
-0.345115666418387 | 0.56915675551015 | 0.30448542340466744 | 0.18701840977478046 | 0.21240898494730098:-0.34305783099094356 | 0.5683584712690823 | 0.31458976420445595
-0.34305783099094356 | 0.5683584712690823 | 0.31458976420445595 | 0.18701840977478046 | 0.21240898494730098:-0.34086802600656796 | 0.5674342849532543 | 0.32468453936895614
-0.34086802600656796 | 0.5674342849532543 | 0.32468453936895614 | 0.18701840977478046 | 0.21240898494730098:-0.33854640775286526 | 0.5663844151834496 | 0.3347664088577993
-0.33854640775286526 | 0.5663844151834496 | 0.3347664088577993 | 0.18701840977478046 | 0.21240898494730098:-0.336093175609534 | 0.5652091176170408 | 0.34483204587705885
-0.336093175609534 | 0.5652091176170408 | 0.34483204587705885 | 0.18701840977478046 | 0.21240898494730098:-0.3335085717272648 | 0.5639086846788359 | 0.35487813772316557
-0.3335085717272648 | 0.5639086846788359 | 0.35487813772316557 | 0.18701840977478046 | 0.21240898494730098:-0.3307928806990432 | 0.5624834452851744 | 0.36490138661719485
-0.3307928806990432 | 0.5624834452851744 | 0.36490138661719485 | 0.18701840977478046 | 0.21240898494730098:-0.3279464292240206 | 0.5609337645612662 | 0.3748985105295368
-0.3279464292240206 | 0.5609337645612662 | 0.3748985105295368 | 0.18701840977478046 | 0.21240898494730098:-0.3249695857639807 | 0.5592600435519444 | 0.38486624399476455
-0.3249695857639807 | 0.5592600435519444 | 0.38486624399476455 | 0.18701840977478046 | 0.21240898494730098:-0.3218627601927011 | 0.5574627189259687 | 0.39480133891669666
-0.3218627601927011 | 0.5574627189259687 | 0.39480133891669666 | 0.18701840977478046 | 0.21240898494730098:-0.3186264034381523 | 0.5555422626739137 | 0.4047005653635303
-0.3186264034381523 | 0.5555422626739137 | 0.4047005653635303 | 0.18701840977478046 | 0.21240898494730098:-0.3152610071178188 | 0.5534991817998502 | 0.41456071235300485
-0.3152610071178188 | 0.5534991817998502 | 0.41456071235300485 | 0.18701840977478046 | 0.21240898494730098:-0.3117671031671492 | 0.5513340180068198 | 0.4243785886274978
-0.3117671031671492 | 0.5513340180068198 | 0.4243785886274978 | 0.18701840977478046 | 0.21240898494730098:-0.3081452634613129 | 0.5490473473763373 | 0.43415102341901246
-0.3081452634613129 | 0.5490473473763373 | 0.43415102341901246 | -0.5405504979133338 | 0.6328092791028626:-0.29563746330146756 | 0.5623035396488731 | 0.430011804255507
-0.29563746330146756 | 0.5623035396488731 | 0.430011804255507 | -0.5405504979133338 | 0.6328092791028626:-0.2832288204877287 | 0.5754604415176416 | 0.42509039319208597
-0.2832288204877287 | 0.5754604415176416 | 0.42509039319208597 | -0.5405504979133338 | 0.6328092791028626:-0.27094547150668546 | 0.5884959138093109 | 0.41939162314319134
-0.27094547150668546 | 0.5884959138093109 | 0.41939162314319134 | -0.5405504979133338 | 0.6328092791028626:-0.258813403070981 | 0.6013879223013987 | 0.41292184154154654
-0.258813403070981 | 0.6013879223013987 | 0.41292184154154654 | -0.5405504979133338 | 0.6328092791028626:-0.2468584010538848 | 0.6141145814737357 | 0.4056889024357204
-0.2468584010538848 | 0.6141145814737357 | 0.4056889024357204 | 0.2562729436063298 | -0.5573273263416039:-0.2590287208438866 | 0.6106203589779824 | 0.4076569864152333
-0.2590287208438866 | 0.6106203589779824 | 0.4076569864152333 | 0.2562729436063298 | -0.5573273263416039:-0.2712730971558699 | 0.6070686614338427 | 0.4092297503978841
-0.2712730971558699 | 0.6070686614338427 | 0.4092297503978841 | 0.2562729436063298 | -0.5573273263416039:-0.28357990302765756 | 0.6034650207084624 | 0.41040358332531923
-0.28357990302765756 | 0.6034650207084624 | 0.41040358332531923 | 0.2562729436063298 | -0.5573273263416039:-0.29593739588898416 | 0.5998150224811027 | 0.4111753024991671
-0.29593739588898416 | 0.5998150224811027 | 0.4111753024991671 | 0.2562729436063298 | -0.5573273263416039:-0.30833373066435854 | 0.5961243002654157 | 0.41154215765084956
-0.30833373066435854 | 0.5961243002654157 | 0.41154215765084956 | 0.2562729436063298 | -0.5573273263416039:-0.3207569729803339 | 0.5923985293803469 | 0.4115018345275345
-0.3207569729803339 | 0.5923985293803469 | 0.4115018345275345 | 0.2562729436063298 | -0.5573273263416039:-0.33319511246273237 | 0.5886434208764086 | 0.4110524579911612
-0.33319511246273237 | 0.5886434208764086 | 0.4110524579911612 | 0.2562729436063298 | -0.5573273263416039:-0.34563607610894564 | 0.5848647154240609 | 0.4101925946284197
-0.34563607610894564 | 0.5848647154240609 | 0.4101925946284197 | 0.2562729436063298 | -0.5573273263416039:-0.3580677417207312 | 0.5810681771709625 | 0.4089212548696821
-0.3580677417207312 | 0.5810681771709625 | 0.4089212548696821 | 0.2562729436063298 | -0.5573273263416039:-0.3704779513826466 | 0.5772595875747939 | 0.4072378946157329
-0.3704779513826466 | 0.5772595875747939 | 0.4072378946157329 | 0.6460416821854265 | -0.5369752256881817:-0.3827399273545211 | 0.5652359408292256 | 0.416623706689208
-0.3827399273545211 | 0.5652359408292256 | 0.416623706689208 | 0.6460416821854265 | -0.5369752256881817:-0.39525809003491474 | 0.5528667041102224 | 0.4252923904754411
-0.39525809003491474 | 0.5528667041102224 | 0.4252923904754411 | 0.6460416821854265 | -0.5369752256881817:-0.4080127912234701 | 0.5401754588351793 | 0.43322438331843927
-0.4080127912234701 | 0.5401754588351793 | 0.43322438331843927 | 0.6460416821854265 | -0.5369752256881817:-0.4209838283235854 | 0.5271864724684505 | 0.44040146016385506
-0.4209838283235854 | 0.5271864724684505 | 0.44040146016385506 | 0.6460416821854265 | -0.5369752256881817:-0.4341504825130045 | 0.5139246532546906 | 0.44680677271070124
-0.4341504825130045 | 0.5139246532546906 | 0.44680677271070124 | 0.6460416821854265 | -0.5369752256881817:-0.4474915579827581 | 0.50041550362387 | 0.4524248859123574
-0.4474915579827581 | 0.50041550362387 | 0.4524248859123574 | 0.6460416821854265 | -0.5369752256881817:-0.460985422167397 | 0.4866850723593146 | 0.4572418117544359
-0.460985422167397 | 0.4866850723593146 | 0.4572418117544359 | 0.6460416821854265 | -0.5369752256881817:-0.4746100468878325 | 0.4727599056224463 | 0.4612450402424457
-0.4746100468878325 | 0.4727599056224463 | 0.4612450402424457 | 0.6460416821854265 | -0.5369752256881817:-0.4883430503261863 | 0.45866699693014823 | 0.4644235675375725
-0.4883430503261863 | 0.45866699693014823 | 0.4644235675375725 | 0.6460416821854265 | -0.5369752256881817:-0.5021617397506759 | 0.44443373618257453 | 0.4667679211846405
-0.5021617397506759 | 0.44443373618257453 | 0.4667679211846405 | 0.6460416821854265 | -0.5369752256881817:-0.5160431549069315 | 0.4300878578411016 | 0.46827018238205653
-0.5160431549069315 | 0.4300878578411016 | 0.46827018238205653 | 0.6460416821854265 | -0.5369752256881817:-0.5299641119910916 | 0.4156573883574737 | 0.46892400524920674
-0.5299641119910916 | 0.4156573883574737 | 0.46892400524920674 | 0.6460416821854265 | -0.5369752256881817:-0.5439012481189707 | 0.40117059295695157 | 0.4687246330528083
-0.5439012481189707 | 0.40117059295695157 | 0.4687246330528083 | 0.6460416821854265 | -0.5369752256881817:-0.5578310662044501 | 0.3866559218789902 | 0.4676689113595245
-0.5578310662044501 | 0.3866559218789902 | 0.4676689113595245 | 0.6460416821854265 | -0.5369752256881817:-0.5717299801598088 | 0.3721419561804211 | 0.4657552980883324
-0.5717299801598088 | 0.3721419561804211 | 0.4657552980883324 | -0.9510692027788794 | 0.1590842559704917:-0.5693488613349444 | 0.39469082147764567 | 0.45302451104314656
-0.5693488613349444 | 0.39469082147764567 | 0.45302451104314656 | -0.9510692027788794 | 0.1590842559704917:-0.5670583070546158 | 0.4166446193754254 | 0.4391775044927755
-0.5670583070546158 | 0.4166446193754254 | 0.4391775044927755 | -0.9510692027788794 | 0.1590842559704917:-0.5648674802163782 | 0.4379486732977753 | 0.424243204709164
-0.5648674802163782 | 0.4379486732977753 | 0.424243204709164 | -0.9510692027788794 | 0.1590842559704917:-0.5627852976678724 | 0.45854970414868035 | 0.4082533034255036
-0.5627852976678724 | 0.45854970414868035 | 0.4082533034255036 | -0.9510692027788794 | 0.1590842559704917:-0.5608204077083201 | 0.4783959666133839 | 0.3912421867086522
-0.5608204077083201 | 0.4783959666133839 | 0.3912421867086522 | -0.17835426303590873 | 0.5176313887761275:-0.5517102610861357 | 0.48282127265587604 | 0.4021399234183818
-0.5517102610861357 | 0.48282127265587604 | 0.4021399234183818 | -0.17835426303590873 | 0.5176313887761275:-0.5422907322766974 | 0.48734101796381424 | 0.4127696538033945
-0.5422907322766974 | 0.48734101796381424 | 0.4127696538033945 | -0.17835426303590873 | 0.5176313887761275:-0.5325689172601997 | 0.4919529342040647 | 0.42312172993538155
-0.5325689172601997 | 0.4919529342040647 | 0.42312172993538155 | -0.17835426303590873 | 0.5176313887761275:-0.5225521815057874 | 0.4966546578925062 | 0.43318672048599893
-0.5225521815057874 | 0.4966546578925062 | 0.43318672048599893 | -0.17835426303590873 | 0.5176313887761275:-0.51224815378351 | 0.5014437325023735 | 0.4429554190367284
-0.51224815378351 | 0.5014437325023735 | 0.4429554190367284 | 0.699964616543947 | -0.9050670020764422:-0.5335380430129817 | 0.48654403328261964 | 0.4374012940645855
-0.5335380430129817 | 0.48654403328261964 | 0.4374012940645855 | 0.699964616543947 | -0.9050670020764422:-0.5545584068474412 | 0.47180994289049494 | 0.4303496927057324
-0.5545584068474412 | 0.47180994289049494 | 0.4303496927057324 | 0.699964616543947 | -0.9050670020764422:-0.575240713157477 | 0.4572949436273248 | 0.42181879113547893
-0.575240713157477 | 0.4572949436273248 | 0.42181879113547893 | 0.699964616543947 | -0.9050670020764422:-0.5955173224034169 | 0.44305191456925996 | 0.41183183406899815
-0.5955173224034169 | 0.44305191456925996 | 0.41183183406899815 | 0.699964616543947 | -0.9050670020764422:-0.6153217216966738 | 0.42913294943556934 | 0.40041706954220757
-0.6153217216966738 | 0.42913294943556934 | 0.40041706954220757 | 0.3733097509029346 | 0.5910625398708362:-0.6040476719878995 | 0.42232653208035487 | 0.4271108353723534
-0.6040476719878995 | 0.42232653208035487 | 0.4271108353723534 | 0.3733097509029346 | 0.5910625398708362:-0.5919602476827635 | 0.41500166679487904 | 0.4533649665564141
-0.5919602476827635 | 0.41500166679487904 | 0.4533649665564141 | 0.3733097509029346 | 0.5910625398708362:-0.5790723626930827 | 0.4071661874711623 | 0.479144261875625
-0.5790723626930827 | 0.4071661874711623 | 0.479144261875625 | 0.3733097509029346 | 0.5910625398708362:-0.565398020232152 | 0.39882862092499494 | 0.504414058585489
-0.565398020232152 | 0.39882862092499494 | 0.504414058585489 | 0.3733097509029346 | 0.5910625398708362:-0.5509522957246702 | 0.3899981765446867 | 0.5291402797389466
-0.5509522957246702 | 0.3899981765446867 | 0.5291402797389466 | 0.47776720279526774 | -0.8607757963197926:-0.5745546530210817 | 0.37787373929586465 | 0.5149543473291942
-0.5745546530210817 | 0.37787373929586465 | 0.5149543473291942 | 0.47776720279526774 | -0.8607757963197926:-0.5975390809693408 | 0.3660650007936823 | 0.49944545111851113
-0.5975390809693408 | 0.3660650007936823 | 0.49944545111851113 | 0.47776720279526774 | -0.8607757963197926:-0.6198477508266222 | 0.3546045798102426 | 0.482647948862045
-0.6198477508266222 | 0.3546045798102426 | 0.482647948862045 | 0.47776720279526774 | -0.8607757963197926:-0.6414243616370925 | 0.343524286019921 | 0.46459954224568634
-0.6414243616370925 | 0.343524286019921 | 0.46459954224568634 | 0.47776720279526774 | -0.8607757963197926:-0.6622142873133896 | 0.33285503732771105 | 0.4453411885360552
-0.6622142873133896 | 0.33285503732771105 | 0.4453411885360552 | 0.47776720279526774 | -0.8607757963197926:-0.6821647196654226 | 0.3226267793449935 | 0.4249170037223706
