0.0 | 0.0 | 0.0 | 0.584197759522854 | -0.21229048091020464:-1.060979688473814E-4 | -2.9205734421799967E-4 | 0.009995171120530893
-1.060979688473814E-4 | -2.9205734421799967E-4 | 0.009995171120530893 | 0.584197759522854 | -0.21229048091020464:-4.2197589782731553E-4 | -0.0011618596534723746 | 0.019861571400251438
-4.2197589782731553E-4 | -0.0011618596534723746 | 0.019861571400251438 | 0.584197759522854 | -0.21229048091020464:-9.437443337376444E-4 | -0.0025991148218222904 | 0.029572002802913465
-9.437443337376444E-4 | -0.0025991148218222904 | 0.029572002802913465 | 0.584197759522854 | -0.21229048091020464:-0.0016671683282851102 | -0.00459257033191407 | 0.03909991400798328
-0.0016671683282851102 | -0.00459257033191407 | 0.03909991400798328 | 0.584197759522854 | -0.21229048091020464:-0.002587678340077047 | -0.007130042763987987 | 0.04841943431925334
-0.002587678340077047 | -0.007130042763987987 | 0.04841943431925334 | 0.584197759522854 | -0.21229048091020464:-0.0037003814723601024 | -0.010198448248648573 | 0.05750540621896286
-0.0037003814723601024 | -0.010198448248648573 | 0.05750540621896286 | 0.584197759522854 | -0.21229048091020464:-0.005000073028189583 | -0.013783833813360458 | 0.06633341654186628
-0.005000073028189583 | -0.013783833813360458 | 0.06633341654186628 | 0.584197759522854 | -0.21229048091020464:-0.006481248364549611 | -0.01787140957215927 | 0.07487982624563572
-0.006481248364549611 | -0.01787140957215927 | 0.07487982624563572 | -0.9931222599354856 | -0.9725946015027482:-0.011364755723301857 | -0.01582068703642925 | 0.08426039800434643
-0.011364755723301857 | -0.01582068703642925 | 0.08426039800434643 | -0.9931222599354856 | -0.9725946015027482:-0.01711558318462058 | -0.012846161941109768 | 0.09319238442735017
-0.01711558318462058 | -0.012846161941109768 | 0.09319238442735017 | -0.9931222599354856 | -0.9725946015027482:-0.023698699839286214 | -0.008980677844349527 | 0.10154703379713526
-0.023698699839286214 | -0.008980677844349527 | 0.10154703379713526 | -0.9931222599354856 | -0.9725946015027482:-0.03107106600051225 | -0.004265380256580409 | 0.10920069946579558
-0.03107106600051225 | -0.004265380256580409 | 0.10920069946579558 | -0.9931222599354856 | -0.9725946015027482:-0.039182006530980376 | 0.0012506407856827106 | 0.11603579649854068
-0.039182006530980376 | 0.0012506407856827106 | 0.11603579649854068 | 0.07381047850717537 | 0.3763129950658506:-0.03964218079191642 | 8.81322600655432E-4 | 0.12512147073228763
-0.03964218079191642 | 8.81322600655432E-4 | 0.12512147073228763 | 0.07381047850717537 | 0.3763129950658506:-0.03974857330940665 | 4.473233161488288E-4 | 0.13417717737164148
-0.03974857330940665 | 4.473233161488288E-4 | 0.13417717737164148 | 0.07381047850717537 | 0.3763129950658506:-0.03950433999494973 | -5.080425160719493E-5 | 0.14319287101177136
-0.03950433999494973 | -5.080425160719493E-5 | 0.14319287101177136 | 0.07381047850717537 | 0.3763129950658506:-0.0389128582234774 | -6.124631073773923E-4 | 0.15215865029061026
-0.0389128582234774 | -6.124631073773923E-4 | 0.15215865029061026 | 0.07381047850717537 | 0.3763129950658506:-0.037977722239483924 | -0.0012370129750975956 | 0.16106476201143005
-0.037977722239483924 | -0.0012370129750975956 | 0.16106476201143005 | -0.5549196639282341 | -0.35063603328650994:-0.042852221778050315 | 0.003394762614819191 | 0.16843250878226446
-0.042852221778050315 | 0.003394762614819191 | 0.16843250878226446 | -0.5549196639282341 | -0.35063603328650994:-0.04797215205508282 | 0.008449543492313527 | 0.17545700674864584
-0.04797215205508282 | 0.008449543492313527 | 0.17545700674864584 | -0.5549196639282341 | -0.35063603328650994:-0.053327762338036155 | 0.013911913690211053 | 0.18211560216829525
-0.053327762338036155 | 0.013911913690211053 | 0.18211560216829525 | -0.5549196639282341 | -0.35063603328650994:-0.05890883409728953 | 0.019765707362057405 | 0.18838654167535962
-0.05890883409728953 | 0.019765707362057405 | 0.18838654167535962 | -0.5549196639282341 | -0.35063603328650994:-0.06470470311730658 | 0.025994043325936245 | 0.1942490026280499
-0.06470470311730658 | 0.025994043325936245 | 0.1942490026280499 | 0.6115321372547611 | -0.5602046363546842:-0.07283634709712039 | 0.02081406902870997 | 0.20048815526076913
-0.07283634709712039 | 0.02081406902870997 | 0.20048815526076913 | 0.6115321372547611 | -0.5602046363546842:-0.08131339946697091 | 0.0152130172086834 | 0.20620388821207092
-0.08131339946697091 | 0.0152130172086834 | 0.20620388821207092 | 0.6115321372547611 | -0.5602046363546842:-0.09011500282577212 | 0.009213517551679429 | 0.21136355445351773
-0.09011500282577212 | 0.009213517551679429 | 0.21136355445351773 | 0.6115321372547611 | -0.5602046363546842:-0.09921918566423571 | 0.002839439423243939 | 0.21593627810951554
-0.09921918566423571 | 0.002839439423243939 | 0.21593627810951554 | 0.6115321372547611 | -0.5602046363546842:-0.10860292897686485 | -0.0038841796427311337 | 0.2198930308946676
-0.10860292897686485 | -0.0038841796427311337 | 0.2198930308946676 | -0.5070568237225723 | -0.8281648715013075:-0.1212326979929308 | 0.001743427730012792 | 0.22185928712086067
-0.1212326979929308 | 0.001743427730012792 | 0.22185928712086067 | -0.5070568237225723 | -0.8281648715013075:-0.13415911953819126 | 0.0075847429816887635 | 0.22293429061685366
-0.13415911953819126 | 0.0075847429816887635 | 0.22293429061685366 | -0.5070568237225723 | -0.8281648715013075:-0.14733298356790558 | 0.013609783775379247 | 0.22309023205186973
-0.14733298356790558 | 0.013609783775379247 | 0.22309023205186973 | -0.5070568237225723 | -0.8281648715013075:-0.16070368152076053 | 0.019787667735974845 | 0.22230292521939443
-0.16070368152076053 | 0.019787667735974845 | 0.22230292521939443 | -0.5070568237225723 | -0.8281648715013075:-0.1742193946197097 | 0.026086726620762057 | 0.22055189289554722
-0.1742193946197097 | 0.026086726620762057 | 0.22055189289554722 | 0.5388387253048534 | 0.6848126929987131:-0.17078037486389674 | 0.020647881155587133 | 0.23278136267239535
-0.17078037486389674 | 0.020647881155587133 | 0.23278136267239535 | 0.5388387253048534 | 0.6848126929987131:-0.16668904508645954 | 0.01472231952910541 | 0.24482909377138107
-0.16668904508645954 | 0.01472231952910541 | 0.24482909377138107 | 0.5388387253048534 | 0.6848126929987131:-0.16195196378696464 | 0.008314256227729633 | 0.2566463885269794
-0.16195196378696464 | 0.008314256227729633 | 0.2566463885269794 | 0.5388387253048534 | 0.6848126929987131:-0.1565778094057646 | 0.0014295832529689356 | 0.26818504089707584
-0.1565778094057646 | 0.0014295832529689356 | 0.26818504089707584 | 0.5388387253048534 | 0.6848126929987131:-0.1505773518562088 | -0.005924150399915784 | 0.27939747797542847
-0.1505773518562088 | -0.005924150399915784 | 0.27939747797542847 | -0.9219108190991445 | -0.2155535628010259:-0.15688173537357297 | 0.007106136129841456 | 0.28370631568371696
-0.15688173537357297 | 0.007106136129841456 | 0.28370631568371696 | -0.9219108190991445 | -0.2155535628010259:-0.16325603402137023 | 0.020591896351278782 | 0.28723359445705743
-0.16325603402137023 | 0.020591896351278782 | 0.28723359445705743 | -0.9219108190991445 | -0.2155535628010259:-0.16969000943498802 | 0.034488695563101524 | 0.289946978632738
-0.16969000943498802 | 0.034488695563101524 | 0.289946978632738 | -0.9219108190991445 | -0.2155535628010259:-0.17617299545499154 | 0.048750220690239154 | 0.2918168330146065
-0.17617299545499154 | 0.048750220690239154 | 0.2918168330146065 | -0.9219108190991445 | -0.2155535628010259:-0.18269393479989882 | 0.06332843463404536 | 0.2928163263414376
-0.18269393479989882 | 0.06332843463404536 | 0.2928163263414376 | 0.289032089103179 | 0.7449632987654493:-0.17480479396426007 | 0.06018337704832466 | 0.3058557047017816
-0.17480479396426007 | 0.06018337704832466 | 0.3058557047017816 | 0.289032089103179 | 0.7449632987654493:-0.16619799841809346 | 0.056759696655424685 | 0.31861820837482835
-0.16619799841809346 | 0.056759696655424685 | 0.31861820837482835 | 0.289032089103179 | 0.7449632987654493:-0.15688442963199423 | 0.053061297617225556 | 0.3310624086932563
-0.15688442963199423 | 0.053061297617225556 | 0.3310624086932563 | 0.289032089103179 | 0.7449632987654493:-0.1468769047712577 | 0.04909283960566535 | 0.34314748467108735
-0.1468769047712577 | 0.04909283960566535 | 0.34314748467108735 | 0.289032089103179 | 0.7449632987654493:-0.13619014376540228 | 0.044859725736710765 | 0.354833321389016
-0.13619014376540228 | 0.044859725736710765 | 0.354833321389016 | 0.289032089103179 | 0.7449632987654493:-0.1248407322514753 | 0.040368088889074394 | 0.36608060636818607
-0.1248407322514753 | 0.040368088889074394 | 0.36608060636818607 | 0.289032089103179 | 0.7449632987654493:-0.11284708049478365 | 0.035624776446500916 | 0.37685092374186624
-0.11284708049478365 | 0.035624776446500916 | 0.37685092374186624 | 0.289032089103179 | 0.7449632987654493:-0.10022937839794022 | 0.030637333505315834 | 0.3871068460402327
-0.10022937839794022 | 0.030637333505315834 | 0.3871068460402327 | 0.289032089103179 | 0.7449632987654493:-0.0870095467161871 | 0.02541398459169747 | 0.39681202340962507
-0.0870095467161871 | 0.02541398459169747 | 0.39681202340962507 | 0.289032089103179 | 0.7449632987654493:-0.07321118460364229 | 0.0199636139357931 | 0.40593127009396923
-0.07321118460364229 | 0.0199636139357931 | 0.40593127009396923 | 0.289032089103179 | 0.7449632987654493:-0.0588595136216119 | 0.01429574435235037 | 0.41443064801281615
-0.0588595136216119 | 0.01429574435235037 | 0.41443064801281615 | 0.289032089103179 | 0.7449632987654493:-0.043981318346222764 | 0.008420514779968413 | 0.42227754727729305
-0.043981318346222764 | 0.008420514779968413 | 0.42227754727729305 | 0.289032089103179 | 0.7449632987654493:-0.028604883718484686 | 0.0023486565333914466 | 0.429440763492531
-0.028604883718484686 | 0.0023486565333914466 | 0.429440763492531 | 0.289032089103179 | 0.7449632987654493:-0.012759929285400595 | -0.003908531674539417 | 0.43589057170251877
-0.012759929285400595 | -0.003908531674539417 | 0.43589057170251877 | 0.289032089103179 | 0.7449632987654493:0.003522459514045728 | -0.010339209882588907 | 0.44159879684096914
0.003522459514045728 | -0.010339209882588907 | 0.44159879684096914 | -0.6230471566452576 | -0.8439019685961306:-0.015303997113167433 | 0.0034636529608005895 | 0.4470412311902141
-0.015303997113167433 | 0.0034636529608005895 | 0.4470412311902141 | -0.6230471566452576 | -0.8439019685961306:-0.03455577106109242 | 0.017600923062677798 | 0.4511798008826684
-0.03455577106109242 | 0.017600923062677798 | 0.4511798008826684 | -0.6230471566452576 | -0.8439019685961306:-0.054171302448065894 | 0.032027786403715564 | 0.45397385440206506
-0.054171302448065894 | 0.032027786403715564 | 0.45397385440206506 | -0.6230471566452576 | -0.8439019685961306:-0.07408691073620588 | 0.046697792183334 | 0.4553873129713448
-0.07408691073620588 | 0.046697792183334 | 0.4553873129713448 | -0.6230471566452576 | -0.8439019685961306:-0.09423701967313747 | 0.061563016358542666 | 0.45538883250492646
-0.09423701967313747 | 0.061563016358542666 | 0.45538883250492646 | -0.6230471566452576 | -0.8439019685961306:-0.11455438947701424 | 0.07657423079362158 | 0.4539519486443453
-0.11455438947701424 | 0.07657423079362158 | 0.4539519486443453 | -0.6230471566452576 | -0.8439019685961306:-0.1349703554395889 | 0.09168107741899102 | 0.451055204389867
-0.1349703554395889 | 0.09168107741899102 | 0.451055204389867 | -0.6230471566452576 | -0.8439019685961306:-0.15541507210292238 | 0.10683224678254578 | 0.44668225990152877
-0.15541507210292238 | 0.10683224678254578 | 0.44668225990152877 | -0.6230471566452576 | -0.8439019685961306:-0.17581776214909528 | 0.12197566036376284 | 0.4408219841050389
-0.17581776214909528 | 0.12197566036376284 | 0.4408219841050389 | -0.6230471566452576 | -0.8439019685961306:-0.1961069691289321 | 0.137058656010068 | 0.43346852780097933
-0.1961069691289321 | 0.137058656010068 | 0.43346852780097933 | -0.6230471566452576 | -0.8439019685961306:-0.21621081314536195 | 0.1520281758462848 | 0.4246213780392232
-0.21621081314536195 | 0.1520281758462848 | 0.4246213780392232 | -0.6230471566452576 | -0.8439019685961306:-0.23605724859962152 | 0.1668309560015102 | 0.41428539358480165
-0.23605724859962152 | 0.1668309560015102 | 0.41428539358480165 | -0.6230471566452576 | -0.8439019685961306:-0.2555743231040353 | 0.18141371749346535 | 0.4024708213657746
-0.2555743231040353 | 0.18141371749346535 | 0.4024708213657746 | -0.6230471566452576 | -0.8439019685961306:-0.27469043666365156 | 0.19572335760827242 | 0.38919329385815615
-0.27469043666365156 | 0.19572335760827242 | 0.38919329385815615 | -0.6230471566452576 | -0.8439019685961306:-0.29333460023045 | 0.20970714111369082 | 0.3744738074275027
-0.29333460023045 | 0.20970714111369082 | 0.3744738074275027 | -0.6230471566452576 | -0.8439019685961306:-0.311436692738277 | 0.22331289064610438 | 0.3583386817106131
-0.311436692738277 | 0.22331289064610438 | 0.3583386817106131 | -0.6230471566452576 | -0.8439019685961306:-0.3289277157339754 | 0.2364891756159715 | 0.3408195001845833
-0.3289277157339754 | 0.2364891756159715 | 0.3408195001845833 | -0.6230471566452576 | -0.8439019685961306:-0.3457400447303707 | 0.24918549898298692 | 0.3219530321330488
-0.3457400447303707 | 0.24918549898298692 | 0.3219530321330488 | -0.6230471566452576 | -0.8439019685961306:-0.3618076764197866 | 0.2613524812608663 | 0.3017811362814662
-0.3618076764197866 | 0.2613524812608663 | 0.3017811362814662 | -0.6230471566452576 | -0.8439019685961306:-0.3770664709025695 | 0.27294204112235265 | 0.2803506464340302
-0.3770664709025695 | 0.27294204112235265 | 0.2803506464340302 | -0.445939055887959 | 0.13026460418056773:-0.3784259939967036 | 0.2814701228282632 | 0.27897042537863825
-0.3784259939967036 | 0.2814701228282632 | 0.27897042537863825 | -0.445939055887959 | 0.13026460418056773:-0.37974946518928476 | 0.28999259060687876 | 0.2773539983692892
-0.37974946518928476 | 0.28999259060687876 | 0.2773539983692892 | -0.445939055887959 | 0.13026460418056773:-0.3810392463873029 | 0.29850267947474185 | 0.2755009869849445
-0.3810392463873029 | 0.29850267947474185 | 0.2755009869849445 | -0.445939055887959 | 0.13026460418056773:-0.382297694600954 | 0.30699362572480204 | 0.2734112209498427
-0.382297694600954 | 0.30699362572480204 | 0.2734112209498427 | -0.445939055887959 | 0.13026460418056773:-0.38352716038345847 | 0.3154586724078534 | 0.27108473736938876
-0.38352716038345847 | 0.3154586724078534 | 0.27108473736938876 | -0.1686187535421293 | -0.37281441189493947:-0.3914451834280168 | 0.3201715544018784 | 0.26322496276693386
-0.3914451834280168 | 0.3201715544018784 | 0.26322496276693386 | -0.1686187535421293 | -0.37281441189493947:-0.3992208802727504 | 0.3248102661989014 | 0.25508368445416707
-0.3992208802727504 | 0.3248102661989014 | 0.25508368445416707 | -0.1686187535421293 | -0.37281441189493947:-0.40684720923626827 | 0.3293717149063369 | 0.24666516617785206
-0.40684720923626827 | 0.3293717149063369 | 0.24666516617785206 | -0.1686187535421293 | -0.37281441189493947:-0.41431724565738826 | 0.33385285867094705 | 0.2379738584759643
-0.41431724565738826 | 0.33385285867094705 | 0.2379738584759643 | -0.1686187535421293 | -0.37281441189493947:-0.42162418554167047 | 0.3382507083548685 | 0.22901439493089626
-0.42162418554167047 | 0.3382507083548685 | 0.22901439493089626 | 0.2339159779704183 | -0.7695596305563404:-0.43330020147509707 | 0.3379094865697425 | 0.218086451797447
-0.43330020147509707 | 0.3379094865697425 | 0.218086451797447 | 0.2339159779704183 | -0.7695596305563404:-0.4445736472662727 | 0.3376546943404337 | 0.20660978654863982
-0.4445736472662727 | 0.3376546943404337 | 0.20660978654863982 | 0.2339159779704183 | -0.7695596305563404:-0.45541947290567997 | 0.3374943691082395 | 0.19460097565624324
-0.45541947290567997 | 0.3374943691082395 | 0.19460097565624324 | 0.2339159779704183 | -0.7695596305563404:-0.4658133209839921 | 0.3374363417357493 | 0.18207782548569895
-0.4658133209839921 | 0.3374363417357493 | 0.18207782548569895 | 0.2339159779704183 | -0.7695596305563404:-0.47573158011052286 | 0.33748822010865265 | 0.1690593388478625
-0.47573158011052286 | 0.33748822010865265 | 0.1690593388478625 | 0.2339159779704183 | -0.7695596305563404:-0.4851514367958263 | 0.3376573731896144 | 0.15556567908870633
-0.4851514367958263 | 0.3376573731896144 | 0.15556567908870633 | 0.2339159779704183 | -0.7695596305563404:-0.49405092569806364 | 0.3379509155551714 | 0.14161813179434546
-0.49405092569806364 | 0.3379509155551714 | 0.14161813179434546 | 0.2339159779704183 | -0.7695596305563404:-0.5024089781362662 | 0.3383756924455774 | 0.12723906419309472
-0.5024089781362662 | 0.3383756924455774 | 0.12723906419309472 | 0.2339159779704183 | -0.7695596305563404:-0.5102054687774107 | 0.33893826535639704 | 0.11245188234041237
-0.5102054687774107 | 0.33893826535639704 | 0.11245188234041237 | 0.2339159779704183 | -0.7695596305563404:-0.5174212604080459 | 0.33964489819949684 | 0.09728098617660663
-0.5174212604080459 | 0.33964489819949684 | 0.09728098617660663 | 0.2339159779704183 | -0.7695596305563404:-0.5240382467052811 | 0.34050154405987776 | 0.08175172255091212
-0.5240382467052811 | 0.34050154405987776 | 0.08175172255091212 | 0.2339159779704183 | -0.7695596305563404:-0.5300393929261169 | 0.34151383257356116 | 0.06589033630919516
-0.5300393929261169 | 0.34151383257356116 | 0.06589033630919516 | 0.2339159779704183 | -0.7695596305563404:-0.535408774438352 | 0.34268705795041754 | 0.049723919545893835
-0.535408774438352 | 0.34268705795041754 | 0.049723919545893835 | 0.2339159779704183 | -0.7695596305563404:-0.5401316130208507 | 0.34402616766453065 | 0.033280359124042036
-0.5401316130208507 | 0.34402616766453065 | 0.033280359124042036 | 0.2339159779704183 | -0.7695596305563404:-0.5441943108653184 | 0.34553575183332796 | 0.016588282570179302
-0.5441943108653184 | 0.34553575183332796 | 0.016588282570179302 | 0.2339159779704183 | -0.7695596305563404:-0.5475844822165712 | 0.34722003330527507 | -3.22997546298609E-4
-0.5475844822165712 | 0.34722003330527507 | -3.22997546298609E-4 | 0.2339159779704183 | -0.7695596305563404:-0.5502909825929123 | 0.3490828584745458 | -0.0174235406371821
-0.5502909825929123 | 0.3490828584745458 | -0.0174235406371821 | 0.2339159779704183 | -0.7695596305563404:-0.5523039355330894 | 0.3511276888395969 | -0.03468283640845371
-0.5523039355330894 | 0.3511276888395969 | -0.03468283640845371 | 0.2339159779704183 | -0.7695596305563404:-0.5536147568212613 | 0.35335759332110506 | -0.052069864345671846
-0.5536147568212613 | 0.35335759332110506 | -0.052069864345671846 | 0.2339159779704183 | -0.7695596305563404:-0.5542161761463227 | 0.3557752413532178 | -0.06955315425330966
-0.5542161761463227 | 0.3557752413532178 | -0.06955315425330966 | 0.2339159779704183 | -0.7695596305563404:-0.5541022561570692 | 0.35838289676054735 | -0.08710084772791404
-0.5541022561570692 | 0.35838289676054735 | -0.08710084772791404 | 0.2339159779704183 | -0.7695596305563404:-0.5532684088796564 | 0.36118241243178417 | -0.10468076044361752
-0.5532684088796564 | 0.36118241243178417 | -0.10468076044361752 | 0.2339159779704183 | -0.7695596305563404:-0.5517114094690818 | 0.3641752257992934 | -0.12226044512722467
-0.5517114094690818 | 0.3641752257992934 | -0.12226044512722467 | 0.2339159779704183 | -0.7695596305563404:-0.5494294072714645 | 0.3673623551324159 | -0.1398072550993099
-0.5494294072714645 | 0.3673623551324159 | -0.1398072550993099 | 0.2339159779704183 | -0.7695596305563404:-0.5464219341791754 | 0.37074439665072134 | -0.15728840825686774
-0.5464219341791754 | 0.37074439665072134 | -0.15728840825686774 | 0.25075777109924946 | 0.07447638097387888:-0.5495747897997454 | 0.37445078968959855 | -0.1513045722630153
-0.5495747897997454 | 0.37445078968959855 | -0.1513045722630153 | 0.25075777109924946 | 0.07447638097387888:-0.5526818142458652 | 0.37807294104240263 | -0.14522442153584691
-0.5526818142458652 | 0.37807294104240263 | -0.14522442153584691 | 0.25075777109924946 | 0.07447638097387888:-0.5557427449116652 | 0.3816092604274388 | -0.1390497775109374
-0.5557427449116652 | 0.3816092604274388 | -0.1390497775109374 | 0.25075777109924946 | 0.07447638097387888:-0.5587573273105804 | 0.3850581917260971 | -0.13278248096525047
-0.5587573273105804 | 0.3850581917260971 | -0.13278248096525047 | 0.25075777109924946 | 0.07447638097387888:-0.5617253151273687 | 0.3884182130921552 | -0.12642439142752693
-0.5617253151273687 | 0.3884182130921552 | -0.12642439142752693 | 0.25075777109924946 | 0.07447638097387888:-0.5646464702676113 | 0.39168783705340715 | -0.11997738659019674
-0.5646464702676113 | 0.39168783705340715 | -0.11997738659019674 | 0.25075777109924946 | 0.07447638097387888:-0.567520562904754 | 0.3948656106056383 | -0.1134433617228261
-0.567520562904754 | 0.3948656106056383 | -0.1134433617228261 | 0.25075777109924946 | 0.07447638097387888:-0.5703473715247078 | 0.39795011529903945 | -0.10682422908719502
-0.5703473715247078 | 0.39795011529903945 | -0.10682422908719502 | 0.25075777109924946 | 0.07447638097387888:-0.5731266829680166 | 0.40093996731711457 | -0.10012191735412657
-0.5731266829680166 | 0.40093996731711457 | -0.10012191735412657 | 0.25075777109924946 | 0.07447638097387888:-0.5758582924696078 | 0.4038338175481151 | -0.09333837102206033
-0.5758582924696078 | 0.4038338175481151 | -0.09333837102206033 | 0.265032836069901 | 0.27921297607149587:-0.5793928584626151 | 0.406693507539039 | -0.08025845831355127
-0.5793928584626151 | 0.406693507539039 | -0.08025845831355127 | 0.265032836069901 | 0.27921297607149587:-0.58272433493687 | 0.4093671872548228 | -0.06703599844302488
-0.58272433493687 | 0.4093671872548228 | -0.06703599844302488 | 0.265032836069901 | 0.27921297607149587:-0.5858501889156997 | 0.4118523520942965 | -0.05367734001853108
-0.5858501889156997 | 0.4118523520942965 | -0.05367734001853108 | 0.265032836069901 | 0.27921297607149587:-0.5887679970286328 | 0.4141466015908577 | -0.040188905153524246
-0.5887679970286328 | 0.4141466015908577 | -0.040188905153524246 | 0.265032836069901 | 0.27921297607149587:-0.5914754463839458 | 0.4162476402582307 | -0.026577185941093262
-0.5914754463839458 | 0.4162476402582307 | -0.026577185941093262 | 0.03413474239836911 | 0.25354260022420005:-0.5940145330211166 | 0.41788136465781633 | -0.018436738156530907
-0.5940145330211166 | 0.41788136465781633 | -0.018436738156530907 | 0.03413474239836911 | 0.25354260022420005:-0.5964282647148522 | 0.419485419538713 | -0.01023024259583849
-0.5964282647148522 | 0.419485419538713 | -0.01023024259583849 | 0.03413474239836911 | 0.25354260022420005:-0.5987156378844958 | 0.42105979634916224 | -0.0019599661055060835
-0.5987156378844958 | 0.42105979634916224 | -0.0019599661055060835 | 0.03413474239836911 | 0.25354260022420005:-0.6008756873510777 | 0.42260449041535963 | 0.006371816138415198
-0.6008756873510777 | 0.42260449041535963 | 0.006371816138415198 | 0.03413474239836911 | 0.25354260022420005:-0.6029074862901211 | 0.424119500948418 | 0.014762821202147336
-0.6029074862901211 | 0.424119500948418 | 0.014762821202147336 | -0.24140488263607085 | 0.30658498999724393:-0.6048363615698591 | 0.4257785535794838 | 0.018950554063479785
-0.6048363615698591 | 0.4257785535794838 | 0.018950554063479785 | -0.24140488263607085 | 0.30658498999724393:-0.6066786604704291 | 0.42747360846814786 | 0.02316087618205387
-0.6066786604704291 | 0.42747360846814786 | 0.02316087618205387 | -0.24140488263607085 | 0.30658498999724393:-0.6084340682142866 | 0.42920524630582335 | 0.027391711983966616
-0.6084340682142866 | 0.42920524630582335 | 0.027391711983966616 | -0.24140488263607085 | 0.30658498999724393:-0.6101023065898445 | 0.4309740158600448 | 0.03164097412253852
-0.6101023065898445 | 0.4309740158600448 | 0.03164097412253852 | -0.24140488263607085 | 0.30658498999724393:-0.6116831340789588 | 0.43278043389950227 | 0.03590656458124997
-0.6116831340789588 | 0.43278043389950227 | 0.03590656458124997 | 0.03171966915931068 | -0.8905277040914952:-0.6147462621724387 | 0.43416409899000996 | 0.009360664783109485
-0.6147462621724387 | 0.43416409899000996 | 0.009360664783109485 | 0.03171966915931068 | -0.8905277040914952:-0.6166039129226064 | 0.4355754015341837 | -0.0173810456671184
-0.6166039129226064 | 0.4355754015341837 | -0.0173810456671184 | 0.03171966915931068 | -0.8905277040914952:-0.6172449182013509 | 0.437014934862912 | -0.04426280438156027
-0.6172449182013509 | 0.437014934862912 | -0.04426280438156027 | 0.03171966915931068 | -0.8905277040914952:-0.6166607254047207 | 0.4384831981090862 | -0.07122826551327677
-0.6166607254047207 | 0.4384831981090862 | -0.07122826551327677 | 0.03171966915931068 | -0.8905277040914952:-0.6148454256828941 | 0.4399805951189819 | -0.09822062385170938
-0.6148454256828941 | 0.4399805951189819 | -0.09822062385170938 | 0.03171966915931068 | -0.8905277040914952:-0.6117957762590507 | 0.4415074335729656 | -0.12518274019132747
-0.6117957762590507 | 0.4415074335729656 | -0.12518274019132747 | 0.03171966915931068 | -0.8905277040914952:-0.6075112167840828 | 0.443063924317709 | -0.15205726769140782
-0.6075112167840828 | 0.443063924317709 | -0.15205726769140782 | 0.03171966915931068 | -0.8905277040914952:-0.6019938796876545 | 0.44465018091147 | -0.1787867789428148
-0.6019938796876545 | 0.44465018091147 | -0.1787867789428148 | 0.03171966915931068 | -0.8905277040914952:-0.5952485944995516 | 0.4462662193836451 | -0.2053138934564558
-0.5952485944995516 | 0.4462662193836451 | -0.2053138934564558 | 0.03171966915931068 | -0.8905277040914952:-0.5872828861286621 | 0.44791195820924656 | -0.23158140528719073
-0.5872828861286621 | 0.44791195820924656 | -0.23158140528719073 | 0.03171966915931068 | -0.8905277040914952:-0.5781069671005952 | 0.4495872184985181 | -0.25753241050701803
-0.5781069671005952 | 0.4495872184985181 | -0.25753241050701803 | 0.03171966915931068 | -0.8905277040914952:-0.5677337237682636 | 0.45129172440138277 | -0.2831104342418662
-0.5677337237682636 | 0.45129172440138277 | -0.2831104342418662 | 0.03171966915931068 | -0.8905277040914952:-0.5561786965232187 | 0.4530251037259845 | -0.3082595569874975
-0.5561786965232187 | 0.4530251037259845 | -0.3082595569874975 | 0.03171966915931068 | -0.8905277040914952:-0.5434600540488645 | 0.45478688877006235 | -0.3329245399218195
-0.5434600540488645 | 0.45478688877006235 | -0.3329245399218195 | 0.03171966915931068 | -0.8905277040914952:-0.5295985616699355 | 0.45657651736346594 | -0.3570509489333773
-0.5295985616699355 | 0.45657651736346594 | -0.3570509489333773 | -0.42866934337455387 | -0.2768836389817726:-0.5259059405263855 | 0.4500477296423 | -0.37507439411284693
-0.5259059405263855 | 0.4500477296423 | -0.37507439411284693 | -0.42866934337455387 | -0.2768836389817726:-0.5219372779623583 | 0.44309988295258407 | -0.3929361077168636
-0.5219372779623583 | 0.44309988295258407 | -0.3929361077168636 | -0.42866934337455387 | -0.2768836389817726:-0.5176947829695706 | 0.4357361442623713 | -0.41062185450869393
-0.5176947829695706 | 0.4357361442623713 | -0.41062185450869393 | -0.42866934337455387 | -0.2768836389817726:-0.5131808827105573 | 0.4279600204754672 | -0.4281175068122174
-0.5131808827105573 | 0.4279600204754672 | -0.4281175068122174 | -0.42866934337455387 | -0.2768836389817726:-0.5083982206112765 | 0.41977535558927315 | -0.4454090557960839
-0.5083982206112765 | 0.41977535558927315 | -0.4454090557960839 | -0.42866934337455387 | -0.2768836389817726:-0.5033496542878027 | 0.41118632759454954 | -0.4624826226426393
-0.5033496542878027 | 0.41118632759454954 | -0.4624826226426393 | -0.42866934337455387 | -0.2768836389817726:-0.4980382533092751 | 0.4021974451204642 | -0.47932446959353214
-0.4980382533092751 | 0.4021974451204642 | -0.47932446959353214 | -0.42866934337455387 | -0.2768836389817726:-0.4924672967992123 | 0.3928135438281828 | -0.4959210108641159
-0.4924672967992123 | 0.3928135438281828 | -0.4959210108641159 | -0.42866934337455387 | -0.2768836389817726:-0.4866402708777571 | 0.3830397825565939 | -0.5122588234188186
-0.4866402708777571 | 0.3830397825565939 | -0.5122588234188186 | -0.42866934337455387 | -0.2768836389817726:-0.48056086594708347 | 0.3728816392239409 | -0.5283246575998781
-0.48056086594708347 | 0.3728816392239409 | -0.5283246575998781 | 0.5995888270691778 | 0.48761386766402137:-0.4942085921112209 | 0.3894877777464103 | -0.5062594407011005
-0.4942085921112209 | 0.3894877777464103 | -0.5062594407011005 | 0.5995888270691778 | 0.48761386766402137:-0.5073189242508889 | 0.40545141097980775 | -0.483310780510001
-0.5073189242508889 | 0.40545141097980775 | -0.483310780510001 | 0.5995888270691778 | 0.48761386766402137:-0.5198690972088826 | 0.42074400619355146 | -0.45951125834320194
-0.5198690972088826 | 0.42074400619355146 | -0.45951125834320194 | 0.5995888270691778 | 0.48761386766402137:-0.5318371778520756 | 0.4353380317204625 | -0.4348949603195802
-0.5318371778520756 | 0.4353380317204625 | -0.4348949603195802 | 0.5995888270691778 | 0.48761386766402137:-0.5432021035181194 | 0.44920700502726874 | -0.4094974240786442
-0.5432021035181194 | 0.44920700502726874 | -0.4094974240786442 | 0.5995888270691778 | 0.48761386766402137:-0.5539437190412357 | 0.46232553907498897 | -0.38335558301327666
-0.5539437190412357 | 0.46232553907498897 | -0.38335558301327666 | 0.5995888270691778 | 0.48761386766402137:-0.5640428122952486 | 0.4746693868920815 | -0.35650770811067467
-0.5640428122952486 | 0.4746693868920815 | -0.35650770811067467 | 0.5995888270691778 | 0.48761386766402137:-0.573481148195043 | 0.4862154842862907 | -0.32899334749926545
-0.573481148195043 | 0.4862154842862907 | -0.32899334749926545 | 0.5995888270691778 | 0.48761386766402137:-0.5822415010997801 | 0.49694199062415123 | -0.30085326380294397
-0.5822415010997801 | 0.49694199062415123 | -0.30085326380294397 | 0.5995888270691778 | 0.48761386766402137:-0.5903076855642979 | 0.506828327610684 | -0.2721293694075797
-0.5903076855642979 | 0.506828327610684 | -0.2721293694075797 | 0.5995888270691778 | 0.48761386766402137:-0.5976645853877613 | 0.5158552160048941 | -0.24286465974797267
-0.5976645853877613 | 0.5158552160048941 | -0.24286465974797267 | 0.5995888270691778 | 0.48761386766402137:-0.6042981809114352 | 0.5240047102104413 | -0.21310314472666114
-0.6042981809114352 | 0.5240047102104413 | -0.21310314472666114 | 0.5995888270691778 | 0.48761386766402137:-0.6101955745205814 | 0.5312602306842322 | -0.18288977837887543
-0.6101955745205814 | 0.5312602306842322 | -0.18288977837887543 | 0.5995888270691778 | 0.48761386766402137:-0.6153450143084171 | 0.5376065941095405 | -0.15227038690071737
-0.6153450143084171 | 0.5376065941095405 | -0.15227038690071737 | 0.5995888270691778 | 0.48761386766402137:-0.6197359158630178 | 0.5430300412838349 | -0.12129159516021737
-0.6197359158630178 | 0.5430300412838349 | -0.12129159516021737 | 0.5995888270691778 | 0.48761386766402137:-0.6233588821414529 | 0.5475182626753821 | -0.09000075181323197
-0.6233588821414529 | 0.5475182626753821 | -0.09000075181323197 | 0.5995888270691778 | 0.48761386766402137:-0.6262057213984136 | 0.5510604216067208 | -0.05844585314838824
-0.6262057213984136 | 0.5510604216067208 | -0.05844585314838824 | 0.5995888270691778 | 0.48761386766402137:-0.6282694631399153 | 0.5536471750267538 | -0.0266754657871342
-0.6282694631399153 | 0.5536471750267538 | -0.0266754657871342 | 0.5995888270691778 | 0.48761386766402137:-0.6295443720759124 | 0.555270691837535 | 0.005261351633210509
-0.6295443720759124 | 0.555270691837535 | 0.005261351633210509 | 0.5995888270691778 | 0.48761386766402137:-0.630025960049025 | 0.555924668745611 | 0.03731512766404066
-0.630025960049025 | 0.555924668745611 | 0.03731512766404066 | 0.5995888270691778 | 0.48761386766402137:-0.629710995919865 | 0.5556043436120603 | 0.06943605800699437
-0.629710995919865 | 0.5556043436120603 | 0.06943605800699437 | 0.5995888270691778 | 0.48761386766402137:-0.6285975133927479 | 0.5543065062794241 | 0.10157408610058916
-0.6285975133927479 | 0.5543065062794241 | 0.10157408610058916 | 0.5995888270691778 | 0.48761386766402137:-0.6266848167692984 | 0.5520295068578278 | 0.13367898419929247
-0.6266848167692984 | 0.5520295068578278 | 0.13367898419929247 | 0.5995888270691778 | 0.48761386766402137:-0.6239734846203078 | 0.5487732614569083 | 0.16570043481165442
-0.6239734846203078 | 0.5487732614569083 | 0.16570043481165442 | 0.5995888270691778 | 0.48761386766402137:-0.6204653713702157 | 0.5445392553541524 | 0.1975881123636718
-0.6204653713702157 | 0.5445392553541524 | 0.1975881123636718 | 0.5995888270691778 | 0.48761386766402137:-0.6161636067914458 | 0.53933054359468 | 0.22929176495334858
-0.6161636067914458 | 0.53933054359468 | 0.22929176495334858 | 0.5995888270691778 | 0.48761386766402137:-0.6110725934098582 | 0.5331517490215347 | 0.2607612960623431
-0.6110725934098582 | 0.5331517490215347 | 0.2607612960623431 | 0.5995888270691778 | 0.48761386766402137:-0.605198001825201 | 0.5260090577397634 | 0.29194684609085186
-0.605198001825201 | 0.5260090577397634 | 0.29194684609085186 | 0.5995888270691778 | 0.48761386766402137:-0.5985467639546869 | 0.5179102120218246 | 0.3227988735822471
-0.5985467639546869 | 0.5179102120218246 | 0.3227988735822471 | 0.5995888270691778 | 0.48761386766402137:-0.5911270642105677 | 0.508864500665986 | 0.3532682360046291
-0.5911270642105677 | 0.508864500665986 | 0.3532682360046291 | 0.9973168314616871 | -0.900450882385631:-0.6085694650449227 | 0.4914468820234674 | 0.3517948462940108
-0.6085694650449227 | 0.4914468820234674 | 0.3517948462940108 | 0.9973168314616871 | -0.900450882385631:-0.6259057297902331 | 0.4740860112697689 | 0.34866038393390575
-0.6259057297902331 | 0.4740860112697689 | 0.34866038393390575 | 0.9973168314616871 | -0.900450882385631:-0.6430606188154115 | 0.4568656398228299 | 0.34387370416004437
-0.6430606188154115 | 0.4568656398228299 | 0.34387370416004437 | 0.9973168314616871 | -0.900450882385631:-0.6599594548745102 | 0.4398690851243501 | 0.3374513159576704
-0.6599594548745102 | 0.4398690851243501 | 0.3374513159576704 | 0.9973168314616871 | -0.900450882385631:-0.6765284721628717 | 0.4231788426502021 | 0.3294173263933722
-0.6765284721628717 | 0.4231788426502021 | 0.3294173263933722 | -0.9118390190454959 | -0.6786891299881912:-0.6877367385342552 | 0.4384458429873703 | 0.28711049030030544
-0.6877367385342552 | 0.4384458429873703 | 0.28711049030030544 | -0.9118390190454959 | -0.6786891299881912:-0.6974837289520366 | 0.45178163167235397 | 0.24372322148241743
