0.0 | 0.0 | 0.0 | -0.08942732222696481 | 0.6903891358562315:3.4512256671363664E-4 | 4.4713512119431975E-5 | 0.00999394272125766
3.4512256671363664E-4 | 4.4713512119431975E-5 | 0.00999394272125766 | -0.08942732222696481 | 0.6903891358562315:0.0013727489253706833 | 1.779049911450059E-4 | 0.019851798664151807
0.0013727489253706833 | 1.779049911450059E-4 | 0.019851798664151807 | -0.5358904671955487 | -0.3197185373145226:0.0015752391607494012 | 0.0010592316418334136 | 0.0296402775107687
0.0015752391607494012 | 0.0010592316418334136 | 0.0296402775107687 | -0.5358904671955487 | -0.3197185373145226:0.0014618182024545377 | 0.002458293037916337 | 0.03930005484478113
0.0014618182024545377 | 0.002458293037916337 | 0.03930005484478113 | -0.5358904671955487 | -0.3197185373145226:0.001038170262548408 | 0.004366059389110055 | 0.04880404631504662
0.001038170262548408 | 0.004366059389110055 | 0.04880404631504662 | -0.5358904671955487 | -0.3197185373145226:3.105015507856232E-4 | 0.006772616161305534 | 0.05812579610850818
3.105015507856232E-4 | 0.006772616161305534 | 0.05812579610850818 | -0.5358904671955487 | -0.3197185373145226:-7.144757041025671E-4 | 0.009667190410428184 | 0.06723951151692789
-7.144757041025671E-4 | 0.009667190410428184 | 0.06723951151692789 | 0.5698627846112065 | 0.7641631868013032:0.002119737380379152 | 0.00881064221153971 | 0.0767219755760623
0.002119737380379152 | 0.00881064221153971 | 0.0767219755760623 | 0.5698627846112065 | 0.7641631868013032:0.005661327732135854 | 0.007412167563501826 | 0.08597834391941811
0.005661327732135854 | 0.007412167563501826 | 0.08597834391941811 | 0.5698627846112065 | 0.7641631868013032:0.009893402873870161 | 0.005483590300726315 | 0.09494650281401079
0.009893402873870161 | 0.005483590300726315 | 0.09494650281401079 | 0.5698627846112065 | 0.7641631868013032:0.014796053010251123 | 0.003039007211019795 | 0.10356602856198693
0.014796053010251123 | 0.003039007211019795 | 0.10356602856198693 | 0.5698627846112065 | 0.7641631868013032:0.020346452078387436 | 9.471569520991263E-5 | 0.11177839814436141
0.020346452078387436 | 9.471569520991263E-5 | 0.11177839814436141 | 0.5698627846112065 | 0.7641631868013032:0.026518967554612707 | -0.003330865222282986 | 0.11952719148347679
0.026518967554612707 | -0.003330865222282986 | 0.11952719148347679 | 0.5698627846112065 | 0.7641631868013032:0.03328527858989844 | -0.007217280220721212 | 0.12675828478282802
0.03328527858989844 | -0.007217280220721212 | 0.12675828478282802 | 0.5698627846112065 | 0.7641631868013032:0.04061450202624875 | -0.011542129021622993 | 0.133420034434531
0.04061450202624875 | -0.011542129021622993 | 0.133420034434531 | 0.5698627846112065 | 0.7641631868013032:0.048473325827929126 | -0.016281163397827925 | 0.13946345101744417
0.048473325827929126 | -0.016281163397827925 | 0.13946345101744417 | 0.5698627846112065 | 0.7641631868013032:0.056826149444372004 | -0.021408389499079306 | 0.14484236294268404
0.056826149444372004 | -0.021408389499079306 | 0.14484236294268404 | -0.7025593727129067 | 0.03791587060434942:0.0601666232669269 | -0.017183492236018116 | 0.15320052280794916
0.0601666232669269 | -0.017183492236018116 | 0.15320052280794916 | -0.7025593727129067 | 0.03791587060434942:0.06350668738659293 | -0.012387040611105293 | 0.16134066202075092
0.06350668738659293 | -0.012387040611105293 | 0.16134066202075092 | -0.7025593727129067 | 0.03791587060434942:0.06684592275033058 | -0.00703204315817052 | 0.1692337329136755
0.06684592275033058 | -0.00703204315817052 | 0.1692337329136755 | -0.7025593727129067 | 0.03791587060434942:0.0701838390590383 | -0.001132784268643272 | 0.17685143388268743
0.0701838390590383 | -0.001132784268643272 | 0.17685143388268743 | -0.7025593727129067 | 0.03791587060434942:0.07351987696157214 | 0.005295214998642717 | 0.1841662602006675
0.07351987696157214 | 0.005295214998642717 | 0.1841662602006675 | -0.7025593727129067 | 0.03791587060434942:0.07685341034654003 | 0.012235237958749368 | 0.19115155292625952
0.07685341034654003 | 0.012235237958749368 | 0.19115155292625952 | -0.7025593727129067 | 0.03791587060434942:0.08018374872716616 | 0.019669415106902344 | 0.197781545846071
0.08018374872716616 | 0.019669415106902344 | 0.197781545846071 | -0.7025593727129067 | 0.03791587060434942:0.08351013971442744 | 0.02757876860174524 | 0.20403141039195738
0.08351013971442744 | 0.02757876860174524 | 0.20403141039195738 | -0.7025593727129067 | 0.03791587060434942:0.08683177157357069 | 0.03594325833587808 | 0.20987729847886083
0.08683177157357069 | 0.03594325833587808 | 0.20987729847886083 | -0.7025593727129067 | 0.03791587060434942:0.09014777585904288 | 0.04474182950242267 | 0.2152963832124133
0.09014777585904288 | 0.04474182950242267 | 0.2152963832124133 | -0.5051316158343429 | -0.08270396447009887:0.09212495279392918 | 0.051773783213010516 | 0.22134836008975212
0.09212495279392918 | 0.051773783213010516 | 0.22134836008975212 | -0.5051316158343429 | -0.08270396447009887:0.0940211834422775 | 0.05911172995268088 | 0.22712941317844804
0.0940211834422775 | 0.05911172995268088 | 0.22712941317844804 | -0.5051316158343429 | -0.08270396447009887:0.09583861076666778 | 0.06674463867154734 | 0.23262847957445043
0.09583861076666778 | 0.06674463867154734 | 0.23262847957445043 | -0.5051316158343429 | -0.08270396447009887:0.09757942460070601 | 0.0746611674237182 | 0.23783492567727027
0.09757942460070601 | 0.0746611674237182 | 0.23783492567727027 | -0.5051316158343429 | -0.08270396447009887:0.09924585924897311 | 0.08284967812572752 | 0.24273855455253024
0.09924585924897311 | 0.08284967812572752 | 0.24273855455253024 | -0.3314173762222501 | 0.11750864610862033:0.10331562674793293 | 0.08915024105435904 | 0.24709141631567277
0.10331562674793293 | 0.08915024105435904 | 0.24709141631567277 | -0.3314173762222501 | 0.11750864610862033:0.10742038934257625 | 0.09560296495850534 | 0.2511978648140101
0.10742038934257625 | 0.09560296495850534 | 0.2511978648140101 | -0.3314173762222501 | 0.11750864610862033:0.1115578920396958 | 0.10220099950414646 | 0.25505501764341254
0.1115578920396958 | 0.10220099950414646 | 0.25505501764341254 | -0.3314173762222501 | 0.11750864610862033:0.11572587069126383 | 0.10893747219694061 | 0.2586601712268539
0.11572587069126383 | 0.10893747219694061 | 0.2586601712268539 | -0.3314173762222501 | 0.11750864610862033:0.11992205327429817 | 0.11580549194534838 | 0.26201080023793644
0.11992205327429817 | 0.11580549194534838 | 0.26201080023793644 | 0.3940898837491582 | -0.5149472664529333:0.11558999136686499 | 0.11307642386575423 | 0.2731744157320737
0.11558999136686499 | 0.11307642386575423 | 0.2731744157320737 | 0.3940898837491582 | -0.5149472664529333:0.11079505681468493 | 0.10998716584047276 | 0.28421634076731017
0.11079505681468493 | 0.10998716584047276 | 0.28421634076731017 | 0.3940898837491582 | -0.5149472664529333:0.10554137041136391 | 0.10654065543492314 | 0.295109817687651
0.10554137041136391 | 0.10654065543492314 | 0.295109817687651 | 0.3940898837491582 | -0.5149472664529333:0.09983393088088954 | 0.10274050442188087 | 0.3058283748084065
0.09983393088088954 | 0.10274050442188087 | 0.3058283748084065 | 0.3940898837491582 | -0.5149472664529333:0.09367860207509615 | 0.09859098940610089 | 0.3163458687841336
0.09367860207509615 | 0.09859098940610089 | 0.3163458687841336 | 0.3940898837491582 | -0.5149472664529333:0.08708209897196761 | 0.094097041523313 | 0.32663652617727923
0.08708209897196761 | 0.094097041523313 | 0.32663652617727923 | 0.3940898837491582 | -0.5149472664529333:0.08005197250416174 | 0.08926423523558802 | 0.3366749841768035
0.08005197250416174 | 0.08926423523558802 | 0.3366749841768035 | 0.3940898837491582 | -0.5149472664529333:0.07259659324841783 | 0.08409877624604678 | 0.3464363304176148
0.07259659324841783 | 0.08409877624604678 | 0.3464363304176148 | 0.3940898837491582 | -0.5149472664529333:0.06472513400769175 | 0.07860748855681787 | 0.3558961418532611
0.06472513400769175 | 0.07860748855681787 | 0.3558961418532611 | 0.3940898837491582 | -0.5149472664529333:0.05644755131902324 | 0.07279780069505104 | 0.36503052263595315
0.05644755131902324 | 0.07279780069505104 | 0.36503052263595315 | 0.899827829417768 | -0.8838925428156024:0.040801720994020574 | 0.05723900206112553 | 0.37619908615910624
0.040801720994020574 | 0.05723900206112553 | 0.37619908615910624 | 0.899827829417768 | -0.8838925428156024:0.024432219293150315 | 0.04091045791915071 | 0.3859523318776503
0.024432219293150315 | 0.04091045791915071 | 0.3859523318776503 | 0.899827829417768 | -0.8838925428156024:0.007407464271651065 | 0.02387984257433573 | 0.3942018386434114
0.007407464271651065 | 0.02387984257433573 | 0.3942018386434114 | 0.899827829417768 | -0.8838925428156024:-0.010199393728958839 | 0.006219801767785471 | 0.4008660264765549
-0.010199393728958839 | 0.006219801767785471 | 0.4008660264765549 | 0.899827829417768 | -0.8838925428156024:-0.028310828219062945 | -0.01199239854273193 | 0.40587066060232324
-0.028310828219062945 | -0.01199239854273193 | 0.40587066060232324 | 0.050519461029743695 | 0.958207796308014:-0.008970679946582294 | -0.013207217603236066 | 0.41265447504786223
-0.008970679946582294 | -0.013207217603236066 | 0.41265447504786223 | 0.050519461029743695 | 0.958207796308014:0.010954363337911666 | -0.014452088791886974 | 0.4184408102899333
0.010954363337911666 | -0.014452088791886974 | 0.4184408102899333 | 0.050519461029743695 | 0.958207796308014:0.03140984766183319 | -0.015724212201802534 | 0.4231899797817178
0.03140984766183319 | -0.015724212201802534 | 0.4231899797817178 | 0.050519461029743695 | 0.958207796308014:0.05233894379299686 | -0.01702065861524038 | 0.4268653851649784
0.05233894379299686 | -0.01702065861524038 | 0.4268653851649784 | 0.050519461029743695 | 0.958207796308014:0.07368262413944748 | -0.018338378664668697 | 0.4294336475897591
0.07368262413944748 | -0.018338378664668697 | 0.4294336475897591 | 0.6563709394083308 | 0.3970632893154329:0.08323923337039796 | -0.03283857046303218 | 0.4325756149753115
0.08323923337039796 | -0.03283857046303218 | 0.4325756149753115 | 0.6563709394083308 | 0.3970632893154329:0.09294422063084085 | -0.04760901906044546 | 0.43495611819925273
0.09294422063084085 | -0.04760901906044546 | 0.43495611819925273 | 0.6563709394083308 | 0.3970632893154329:0.10277932547409163 | -0.06261970517726412 | 0.4365573150336779
0.10277932547409163 | -0.06261970517726412 | 0.4365573150336779 | 0.6563709394083308 | 0.3970632893154329:0.11272586033414411 | -0.07783987764307077 | 0.437363011069694
0.11272586033414411 | -0.07783987764307077 | 0.437363011069694 | 0.6563709394083308 | 0.3970632893154329:0.12276475051234437 | -0.09323811890807798 | 0.4373586950851891
0.12276475051234437 | -0.09323811890807798 | 0.4373586950851891 | 0.6563709394083308 | 0.3970632893154329:0.13287657481983528 | -0.10878241169625558 | 0.4365315709086044
0.13287657481983528 | -0.10878241169625558 | 0.4365315709086044 | 0.6563709394083308 | 0.3970632893154329:0.14304160679481503 | -0.12444020666703925 | 0.4348705857359274
0.14304160679481503 | -0.12444020666703925 | 0.4348705857359274 | 0.6563709394083308 | 0.3970632893154329:0.1532398564131161 | -0.14017849095150092 | 0.4323664548648871
0.1532398564131161 | -0.14017849095150092 | 0.4323664548648871 | 0.6563709394083308 | 0.3970632893154329:0.16345111221024045 | -0.1559638574281125 | 0.42901168281700564
0.16345111221024045 | -0.1559638574281125 | 0.42901168281700564 | 0.6563709394083308 | 0.3970632893154329:0.1736549837327397 | -0.17176257460274402 | 0.4248005808249502
0.1736549837327397 | -0.17176257460274402 | 0.4248005808249502 | 0.6563709394083308 | 0.3970632893154329:0.1838309442367514 | -0.18754065695727154 | 0.419729280669376
0.1838309442367514 | -0.18754065695727154 | 0.419729280669376 | 0.6563709394083308 | 0.3970632893154329:0.19395837355154466 | -0.2032639356311498 | 0.41379574485612025
0.19395837355154466 | -0.2032639356311498 | 0.41379574485612025 | 0.6563709394083308 | 0.3970632893154329:0.20401660102613572 | -0.218898129300519 | 0.40699977313137836
0.20401660102613572 | -0.218898129300519 | 0.40699977313137836 | 0.6563709394083308 | 0.3970632893154329:0.21398494847735616 | -0.2344089151198644 | 0.39934300533901634
0.21398494847735616 | -0.2344089151198644 | 0.39934300533901634 | 0.6563709394083308 | 0.3970632893154329:0.22384277305824973 | -0.24976199959192535 | 0.39082892063090924
0.22384277305824973 | -0.24976199959192535 | 0.39082892063090924 | -0.5998925993901258 | 0.3352694369205942:0.23265579191866692 | -0.24016925401700795 | 0.39804888781065273
0.23265579191866692 | -0.24016925401700795 | 0.39804888781065273 | -0.5998925993901258 | 0.3352694369205942:0.24162442806431006 | -0.23023063654431586 | 0.40482040620696225
0.24162442806431006 | -0.23023063654431586 | 0.40482040620696225 | -0.5998925993901258 | 0.3352694369205942:0.25074034654610067 | -0.21996140946935605 | 0.4111262105798623
0.25074034654610067 | -0.21996140946935605 | 0.4111262105798623 | -0.5998925993901258 | 0.3352694369205942:0.25999486366788993 | -0.20937746378747457 | 0.416949750998203
0.25999486366788993 | -0.20937746378747457 | 0.416949750998203 | -0.5998925993901258 | 0.3352694369205942:0.26937896187510546 | -0.19849529302956537 | 0.4222752206050302
0.26937896187510546 | -0.19849529302956537 | 0.4222752206050302 | -0.5998925993901258 | 0.3352694369205942:0.2788833051233164 | -0.1873319662195243 | 0.42708758212192777
0.2788833051233164 | -0.1873319662195243 | 0.42708758212192777 | -0.5998925993901258 | 0.3352694369205942:0.28849825470123314 | -0.175905099998507 | 0.4313725930586543
0.28849825470123314 | -0.175905099998507 | 0.4313725930586543 | -0.5998925993901258 | 0.3352694369205942:0.2982138854822045 | -0.1642328299619744 | 0.43511682959655573
0.2982138854822045 | -0.1642328299619744 | 0.43511682959655573 | -0.5998925993901258 | 0.3352694369205942:0.30802000257778683 | -0.15233378125635033 | 0.4383077091163301
0.30802000257778683 | -0.15233378125635033 | 0.4383077091163301 | -0.5998925993901258 | 0.3352694369205942:0.31790615836655967 | -0.14022703848289542 | 0.4409335113427879
0.31790615836655967 | -0.14022703848289542 | 0.4409335113427879 | -0.4786707042470755 | -0.4887169376683109:0.3093571510919677 | -0.13064764633654535 | 0.45532794462753756
0.3093571510919677 | -0.13064764633654535 | 0.45532794462753756 | -0.4786707042470755 | -0.4887169376683109:0.30035405218285405 | -0.12063247322329929 | 0.4693205585121234
0.30035405218285405 | -0.12063247322329929 | 0.4693205585121234 | -0.4786707042470755 | -0.4887169376683109:0.2909071806217778 | -0.11019116907226989 | 0.48288469107006904
0.2909071806217778 | -0.11019116907226989 | 0.48288469107006904 | -0.4786707042470755 | -0.4887169376683109:0.28102762681587556 | -0.09933414741086555 | 0.4959942364318586
0.28102762681587556 | -0.09933414741086555 | 0.4959942364318586 | -0.4786707042470755 | -0.4887169376683109:0.270727235546536 | -0.08807256915792205 | 0.5086236871254428
0.270727235546536 | -0.08807256915792205 | 0.5086236871254428 | 0.6197198100456418 | 0.7314908790703036:0.29110441439435064 | -0.10453070797168529 | 0.49895855502523645
0.29110441439435064 | -0.10453070797168529 | 0.49895855502523645 | 0.6197198100456418 | 0.7314908790703036:0.31120146508944835 | -0.12078246860311159 | 0.48791272741557634
0.31120146508944835 | -0.12078246860311159 | 0.48791272741557634 | 0.6197198100456418 | 0.7314908790703036:0.33096214730782414 | -0.13677991134565914 | 0.4754990402231236
0.33096214730782414 | -0.13677991134565914 | 0.4754990402231236 | 0.6197198100456418 | 0.7314908790703036:0.35033065901866145 | -0.15247540722033026 | 0.46173430103509006
0.35033065901866145 | -0.15247540722033026 | 0.46173430103509006 | 0.6197198100456418 | 0.7314908790703036:0.36925179855681733 | -0.16782177569365153 | 0.4466392617418755
0.36925179855681733 | -0.16782177569365153 | 0.4466392617418755 | 0.6197198100456418 | 0.7314908790703036:0.3876711253303391 | -0.18277242141418792 | 0.43023857989927095
0.3876711253303391 | -0.18277242141418792 | 0.43023857989927095 | 0.6197198100456418 | 0.7314908790703036:0.4055351187133631 | -0.19728146958486903 | 0.4125607689217077
0.4055351187133631 | -0.19728146958486903 | 0.4125607689217077 | 0.6197198100456418 | 0.7314908790703036:0.42279133468055186 | -0.21130389959299745 | 0.39363813724846963
0.42279133468055186 | -0.21130389959299745 | 0.39363813724846963 | 0.6197198100456418 | 0.7314908790703036:0.4393885597464653 | -0.2247956765253214 | 0.3735067166546493
0.4393885597464653 | -0.2247956765253214 | 0.3735067166546493 | 0.6197198100456418 | 0.7314908790703036:0.455276961781399 | -0.23771388020210793 | 0.3522061799080767
0.455276961781399 | -0.23771388020210793 | 0.3522061799080767 | -0.889993249344752 | -0.3159717500943786:0.45221726310220056 | -0.22315428231779855 | 0.3718181290661775
0.45221726310220056 | -0.22315428231779855 | 0.3718181290661775 | -0.889993249344752 | -0.3159717500943786:0.44879517894249865 | -0.20762331439326864 | 0.3907891712106064
0.44879517894249865 | -0.20762331439326864 | 0.3907891712106064 | -0.889993249344752 | -0.3159717500943786:0.4450210722376795 | -0.19114830696714336 | 0.40906425206748054
0.4450210722376795 | -0.19114830696714336 | 0.40906425206748054 | -0.889993249344752 | -0.3159717500943786:0.44090626748971395 | -0.17375933726144588 | 0.4265897321901342
0.44090626748971395 | -0.17375933726144588 | 0.4265897321901342 | -0.889993249344752 | -0.3159717500943786:0.43646302542057924 | -0.15548916109979327 | 0.44331353909741367
0.43646302542057924 | -0.15548916109979327 | 0.44331353909741367 | 0.13650602985109228 | -0.047610497411764374:0.4378449177272099 | -0.15939805582079458 | 0.44575964679727775
0.4378449177272099 | -0.15939805582079458 | 0.44575964679727775 | 0.13650602985109228 | -0.047610497411764374:0.43919085086614373 | -0.16333142329303385 | 0.44815718637646285
0.43919085086614373 | -0.16333142329303385 | 0.44815718637646285 | 0.13650602985109228 | -0.047610497411764374:0.4405013023087747 | -0.16728868289030885 | 0.45050603393657696
0.4405013023087747 | -0.16728868289030885 | 0.45050603393657696 | 0.13650602985109228 | -0.047610497411764374:0.4417767458916728 | -0.17126925650699487 | 0.45280607193523537
0.4417767458916728 | -0.17126925650699487 | 0.45280607193523537 | 0.13650602985109228 | -0.047610497411764374:0.4430176518377955 | -0.17527256857622842 | 0.4550571891155428
0.4430176518377955 | -0.17527256857622842 | 0.4550571891155428 | 0.13650602985109228 | -0.047610497411764374:0.44422448677763526 | -0.17929804608756506 | 0.4572592804362827
0.44422448677763526 | -0.17929804608756506 | 0.4572592804362827 | 0.13650602985109228 | -0.047610497411764374:0.4453977137702374 | -0.18334511860411595 | 0.4594122470026747
0.4453977137702374 | -0.18334511860411595 | 0.4594122470026747 | 0.13650602985109228 | -0.047610497411764374:0.44653779232416824 | -0.18741321827916924 | 0.4615159959977859
0.44653779232416824 | -0.18741321827916924 | 0.4615159959977859 | 0.13650602985109228 | -0.047610497411764374:0.44764517841836593 | -0.1915017798723193 | 0.46357044061453934
0.44764517841836593 | -0.1915017798723193 | 0.46357044061453934 | 0.13650602985109228 | -0.047610497411764374:0.448720324522899 | -0.1956102407650926 | 0.465575499988347
0.448720324522899 | -0.1956102407650926 | 0.465575499988347 | 0.17719183284844564 | 0.8556258747760965:0.4703950496918168 | -0.2006865401862381 | 0.4463422352696469
0.4703950496918168 | -0.2006865401862381 | 0.4463422352696469 | 0.17719183284844564 | 0.8556258747760965:0.49129092393415164 | -0.20560132589714541 | 0.42602844965982456
0.49129092393415164 | -0.20560132589714541 | 0.42602844965982456 | 0.17719183284844564 | 0.8556258747760965:0.5113564188096831 | -0.2103438267420703 | 0.4046684527494264
0.5113564188096831 | -0.2103438267420703 | 0.4046684527494264 | 0.17719183284844564 | 0.8556258747760965:0.5305415294387146 | -0.21490357523079595 | 0.3822991050023816
0.5305415294387146 | -0.21490357523079595 | 0.3822991050023816 | 0.17719183284844564 | 0.8556258747760965:0.5487978940755411 | -0.21927043262858703 | 0.3589597441539141
0.5487978940755411 | -0.21927043262858703 | 0.3589597441539141 | 0.41780063665908274 | 0.0027248415383989144:0.5512952463215726 | -0.22773240904040648 | 0.3558070627746872
0.5512952463215726 | -0.22773240904040648 | 0.3558070627746872 | 0.41780063665908274 | 0.0027248415383989144:0.5537678644398447 | -0.23614903611082916 | 0.35244057148960906
0.5537678644398447 | -0.23614903611082916 | 0.35244057148960906 | 0.41780063665908274 | 0.0027248415383989144:0.556215957135894 | -0.24451485581048615 | 0.3488611907235395
0.556215957135894 | -0.24451485581048615 | 0.3488611907235395 | 0.41780063665908274 | 0.0027248415383989144:0.5586397308716293 | -0.2528244391713006 | 0.3450699761514002
0.5586397308716293 | -0.2528244391713006 | 0.3450699761514002 | 0.41780063665908274 | 0.0027248415383989144:0.5610393899103734 | -0.26107238946098477 | 0.34106811766414324
0.5610393899103734 | -0.26107238946098477 | 0.34106811766414324 | 0.41780063665908274 | 0.0027248415383989144:0.5634151363614492 | -0.2692533453233974 | 0.33685693826537033
0.5634151363614492 | -0.2692533453233974 | 0.33685693826537033 | 0.41780063665908274 | 0.0027248415383989144:0.5657671702242766 | -0.27736198388333655 | 0.332437892899506
0.5657671702242766 | -0.27736198388333655 | 0.332437892899506 | 0.41780063665908274 | 0.0027248415383989144:0.5680956894320168 | -0.2853930238144624 | 0.32781256721271745
0.5680956894320168 | -0.2853930238144624 | 0.32781256721271745 | 0.41780063665908274 | 0.0027248415383989144:0.5704008898946853 | -0.2933412283689485 | 0.3229826762474701
0.5704008898946853 | -0.2933412283689485 | 0.3229826762474701 | 0.41780063665908274 | 0.0027248415383989144:0.5726829655417909 | -0.3012014083676178 | 0.31795006307189055
0.5726829655417909 | -0.3012014083676178 | 0.31795006307189055 | 0.41780063665908274 | 0.0027248415383989144:0.5749421083644677 | -0.30896842514923684 | 0.312716697345067
0.5749421083644677 | -0.30896842514923684 | 0.312716697345067 | 0.41780063665908274 | 0.0027248415383989144:0.5771785084570915 | -0.3166371934777281 | 0.30728467381928226
0.5771785084570915 | -0.3166371934777281 | 0.30728467381928226 | 0.41780063665908274 | 0.0027248415383989144:0.5793923540583954 | -0.32420268440609057 | 0.3016562107805214
0.5793923540583954 | -0.32420268440609057 | 0.3016562107805214 | 0.41780063665908274 | 0.0027248415383989144:0.5815838315920594 | -0.3316599280958208 | 0.29583364842820714
0.5815838315920594 | -0.3316599280958208 | 0.29583364842820714 | 0.41780063665908274 | 0.0027248415383989144:0.583753125706771 | -0.3390040165906605 | 0.28981944719554775
0.583753125706771 | -0.3390040165906605 | 0.28981944719554775 | 0.41780063665908274 | 0.0027248415383989144:0.5859004193157453 | -0.34623010654355646 | 0.2836161860115354
0.5859004193157453 | -0.34623010654355646 | 0.2836161860115354 | 0.41780063665908274 | 0.0027248415383989144:0.588025893635745 | -0.35333342189569805 | 0.27722656050597294
0.588025893635745 | -0.35333342189569805 | 0.27722656050597294 | 0.41780063665908274 | 0.0027248415383989144:0.5901297282255413 | -0.36030925650657686 | 0.27065338115867377
0.5901297282255413 | -0.36030925650657686 | 0.27065338115867377 | 0.41780063665908274 | 0.0027248415383989144:0.5922121010237902 | -0.3671529767340065 | 0.2638995713940915
0.5922121010237902 | -0.3671529767340065 | 0.2638995713940915 | 0.41780063665908274 | 0.0027248415383989144:0.5942731883864383 | -0.3738600239630898 | 0.2569681656227871
0.5942731883864383 | -0.3738600239630898 | 0.2569681656227871 | -0.35492183726314575 | -0.4576013336155651:0.5900729082436769 | -0.3704875645307535 | 0.27802404454982366
0.5900729082436769 | -0.3704875645307535 | 0.27802404454982366 | -0.35492183726314575 | -0.4576013336155651:0.5853514083460496 | -0.36671290741074714 | 0.2989722830592001
0.5853514083460496 | -0.36671290741074714 | 0.2989722830592001 | -0.35492183726314575 | -0.4576013336155651:0.5801106003961749 | -0.36253731818153234 | 0.31979180858073875
0.5801106003961749 | -0.36253731818153234 | 0.31979180858073875 | -0.35492183726314575 | -0.4576013336155651:0.574352932718071 | -0.35796247950144533 | 0.34046161331004043
0.574352932718071 | -0.35796247950144533 | 0.34046161331004043 | -0.35492183726314575 | -0.4576013336155651:0.5680813881101514 | -0.3529904896336937 | 0.3609607759849922
0.5680813881101514 | -0.3529904896336937 | 0.3609607759849922 | -0.35492183726314575 | -0.4576013336155651:0.5612994811568512 | -0.34762386055047756 | 0.38126848354313836
0.5612994811568512 | -0.34762386055047756 | 0.38126848354313836 | -0.35492183726314575 | -0.4576013336155651:0.5540112550031822 | -0.3418655156192578 | 0.4013640526387263
0.5540112550031822 | -0.3418655156192578 | 0.4013640526387263 | -0.35492183726314575 | -0.4576013336155651:0.5462212775969562 | -0.3357187868748106 | 0.42122695099875784
0.5462212775969562 | -0.3357187868748106 | 0.42122695099875784 | -0.35492183726314575 | -0.4576013336155651:0.5379346374039713 | -0.3291874118809339 | 0.44083681859724777
0.5379346374039713 | -0.3291874118809339 | 0.44083681859724777 | -0.35492183726314575 | -0.4576013336155651:0.5291569386019432 | -0.3222755301860687 | 0.46017348862751817
0.5291569386019432 | -0.3222755301860687 | 0.46017348862751817 | -0.35492183726314575 | -0.4576013336155651:0.5198942957594284 | -0.3149876793775377 | 0.4792170082524265
0.5198942957594284 | -0.3149876793775377 | 0.4792170082524265 | -0.35492183726314575 | -0.4576013336155651:0.5101533280063393 | -0.30732879073940467 | 0.49794765911263283
0.5101533280063393 | -0.30732879073940467 | 0.49794765911263283 | -0.35492183726314575 | -0.4576013336155651:0.49994115270334305 | -0.2993041845192934 | 0.5163459775736285
0.49994115270334305 | -0.2993041845192934 | 0.5163459775736285 | -0.35492183726314575 | -0.4576013336155651:0.489265378617624 | -0.29091956480993275 | 0.5343927746922503
0.489265378617624 | -0.29091956480993275 | 0.5343927746922503 | -0.35492183726314575 | -0.4576013336155651:0.4781340986131255 | -0.28218101405150264 | 0.5520691558839204
0.4781340986131255 | -0.28218101405150264 | 0.5520691558839204 | 0.3514954727223205 | 0.7714549169136249:0.5002564044598117 | -0.2926484423579119 | 0.5296437971384833
0.5002564044598117 | -0.2926484423579119 | 0.5296437971384833 | 0.3514954727223205 | 0.7714549169136249:0.5215310010695475 | -0.30273741398645626 | 0.5061188511134915
0.5215310010695475 | -0.30273741398645626 | 0.5061188511134915 | 0.3514954727223205 | 0.7714549169136249:0.5419127712104981 | -0.3124270474735873 | 0.4815336972143456
0.5419127712104981 | -0.3124270474735873 | 0.4815336972143456 | 0.3514954727223205 | 0.7714549169136249:0.5613581674802575 | -0.32169715660160136 | 0.45592996213053993
0.5613581674802575 | -0.32169715660160136 | 0.45592996213053993 | 0.3514954727223205 | 0.7714549169136249:0.5798253039974597 | -0.330528292848733 | 0.4293514430100487
0.5798253039974597 | -0.330528292848733 | 0.4293514430100487 | 0.3514954727223205 | 0.7714549169136249:0.5972740448818357 | -0.3389017864155903 | 0.4018440261354854
0.5972740448818357 | -0.3389017864155903 | 0.4018440261354854 | 0.3514954727223205 | 0.7714549169136249:0.6136660893433259 | -0.3467997857448637 | 0.37345560126491506
0.6136660893433259 | -0.3467997857448637 | 0.37345560126491506 | 0.3514954727223205 | 0.7714549169136249:0.6289650532079563 | -0.35420529545421786 | 0.3442359718088923
0.6289650532079563 | -0.35420529545421786 | 0.3442359718088923 | 0.3514954727223205 | 0.7714549169136249:0.6431365467152972 | -0.3611022126055943 | 0.3142367610234871
0.6431365467152972 | -0.3611022126055943 | 0.3142367610234871 | 0.3514954727223205 | 0.7714549169136249:0.6561482484302132 | -0.36747536123761293 | 0.28351131440677335
0.6561482484302132 | -0.36747536123761293 | 0.28351131440677335 | 0.3514954727223205 | 0.7714549169136249:0.6679699751191777 | -0.3733105250910782 | 0.25211459849377604
0.6679699751191777 | -0.3733105250910782 | 0.25211459849377604 | 0.3514954727223205 | 0.7714549169136249:0.6785737474498319 | -0.3785944784615758 | 0.22010309625191837
0.6785737474498319 | -0.3785944784615758 | 0.22010309625191837 | 0.3514954727223205 | 0.7714549169136249:0.687933851380933 | -0.3833150151166258 | 0.18753469928552846
0.687933851380933 | -0.3833150151166258 | 0.18753469928552846 | 0.3514954727223205 | 0.7714549169136249:0.6960268951183366 | -0.3874609752189784 | 0.1544685970642874
0.6960268951183366 | -0.3874609752189784 | 0.1544685970642874 | 0.3514954727223205 | 0.7714549169136249:0.7028318615218154 | -0.39102227020157443 | 0.12096516339614993
0.7028318615218154 | -0.39102227020157443 | 0.12096516339614993 | 0.3514954727223205 | 0.7714549169136249:0.7083301558564514 | -0.3939899055438225 | 0.08708584037070466
0.7083301558564514 | -0.3939899055438225 | 0.08708584037070466 | 0.3514954727223205 | 0.7714549169136249:0.7125056487918968 | -0.39635600140301364 | 0.05289302000365126
0.7125056487918968 | -0.39635600140301364 | 0.05289302000365126 | 0.3514954727223205 | 0.7714549169136249:0.7153447145620717 | -0.3981138110590976 | 0.01844992381766275
0.7153447145620717 | -0.3981138110590976 | 0.01844992381766275 | 0.3514954727223205 | 0.7714549169136249:0.7168362642076644 | -0.39925773713525814 | -0.016179519401383402
0.7168362642076644 | -0.39925773713525814 | -0.016179519401383402 | 0.3514954727223205 | 0.7714549169136249:0.7169717738336843 | -0.39978334556131756 | -0.050930797430190466
0.7169717738336843 | -0.39978334556131756 | -0.050930797430190466 | -0.9663641844580537 | -0.2781997419806972:0.7188897268820753 | -0.4026438767350058 | -0.02163284794723097
0.7188897268820753 | -0.4026438767350058 | -0.02163284794723097 | -0.9663641844580537 | -0.2781997419806972:0.720382960041178 | -0.40407854966979073 | 0.00785621026619765
0.720382960041178 | -0.40407854966979073 | 0.00785621026619765 | -0.9663641844580537 | -0.2781997419806972:0.7214491085603143 | -0.40407685399720705 | 0.03746008394590916
0.7214491085603143 | -0.40407685399720705 | 0.03746008394590916 | -0.9663641844580537 | -0.2781997419806972:0.7220869016985105 | -0.40263207070877627 | 0.06710189966646851
0.7220869016985105 | -0.40263207070877627 | 0.06710189966646851 | -0.9663641844580537 | -0.2781997419806972:0.7222961696709902 | -0.39974130120921814 | 0.09670440929637891
0.7222961696709902 | -0.39974130120921814 | 0.09670440929637891 | 0.5671470793667348 | 0.39511415257734384:0.725311103287055 | -0.4031396668374576 | 0.07119055186257839
0.725311103287055 | -0.4031396668374576 | 0.07119055186257839 | 0.5671470793667348 | 0.39511415257734384:0.727807118005046 | -0.4058088113522409 | 0.04548281922573949
0.727807118005046 | -0.4058088113522409 | 0.04548281922573949 | 0.5671470793667348 | 0.39511415257734384:0.7297799859723071 | -0.4077420833852372 | 0.0196131852245216
0.7297799859723071 | -0.4077420833852372 | 0.0196131852245216 | 0.5671470793667348 | 0.39511415257734384:0.7312261436091774 | -0.40893378211514886 | -0.006386074822032128
0.7312261436091774 | -0.40893378211514886 | -0.006386074822032128 | 0.5671470793667348 | 0.39511415257734384:0.732142697536375 | -0.4093791663655679 | -0.032482426590235036
0.732142697536375 | -0.4093791663655679 | -0.032482426590235036 | -0.782133736650596 | 0.5524778772619094:0.7328078035301218 | -0.4111209067235677 | -0.036738121186999706
0.7328078035301218 | -0.4111209067235677 | -0.036738121186999706 | -0.782133736650596 | 0.5524778772619094:0.7333414886182013 | -0.4130219716431469 | -0.0409463452065566
0.7333414886182013 | -0.4130219716431469 | -0.0409463452065566 | -0.782133736650596 | 0.5524778772619094:0.7337452467045082 | -0.4150807199970785 | -0.04509701253596887
0.7337452467045082 | -0.4150807199970785 | -0.04509701253596887 | -0.782133736650596 | 0.5524778772619094:0.7340208562363983 | -0.41729510296861605 | -0.04918014310491259
0.7340208562363983 | -0.41729510296861605 | -0.04918014310491259 | -0.782133736650596 | 0.5524778772619094:0.7341703769234442 | -0.41966266824378096 | -0.05318588747627473
0.7341703769234442 | -0.41966266824378096 | -0.05318588747627473 | -0.782133736650596 | 0.5524778772619094:0.734196145755746 | -0.4221805652004207 | -0.057104551159504524
0.734196145755746 | -0.4221805652004207 | -0.057104551159504524 | -0.782133736650596 | 0.5524778772619094:0.7341007723312174 | -0.42484555108199373 | -0.06092661858629356
0.7341007723312174 | -0.42484555108199373 | -0.06092661858629356 | -0.782133736650596 | 0.5524778772619094:0.7338871335024919 | -0.4276539981420484 | -0.06464277668926144
0.7338871335024919 | -0.4276539981420484 | -0.06464277668926144 | -0.782133736650596 | 0.5524778772619094:0.733558367356224 | -0.4306019017426195 | -0.06824393802513384
0.733558367356224 | -0.4306019017426195 | -0.06824393802513384 | -0.782133736650596 | 0.5524778772619094:0.7331178665388194 | -0.4336848893875782 | -0.07172126338499396
0.7331178665388194 | -0.4336848893875782 | -0.07172126338499396 | -0.782133736650596 | 0.5524778772619094:0.7325692709444951 | -0.43689823066966227 | -0.0750661838355029
0.7325692709444951 | -0.43689823066966227 | -0.0750661838355029 | -0.782133736650596 | 0.5524778772619094:0.7319164597831929 | -0.4402368481075811 | -0.07827042213646251
0.7319164597831929 | -0.4402368481075811 | -0.07827042213646251 | -0.782133736650596 | 0.5524778772619094:0.7311635430470034 | -0.4436953288474541 | -0.0813260134813305
0.7311635430470034 | -0.4436953288474541 | -0.0813260134813305 | -0.782133736650596 | 0.5524778772619094:0.7303148523957219 | -0.4472679372007349 | -0.08422532550929418
0.7303148523957219 | -0.4472679372007349 | -0.08422532550929418 | -0.782133736650596 | 0.5524778772619094:0.7293749314833917 | -0.4509486279886019 | -0.08696107753909388
0.7293749314833917 | -0.4509486279886019 | -0.08696107753909388 | 0.21240263740212706 | -0.15127550453723582:0.7312175495565896 | -0.45072058343961885 | -0.08636395270170993
0.7312175495565896 | -0.45072058343961885 | -0.08636395270170993 | 0.21240263740212706 | -0.15127550453723582:0.7330449434134039 | -0.45049019154692616 | -0.08574794842535027
0.7330449434134039 | -0.45049019154692616 | -0.08574794842535027 | 0.21240263740212706 | -0.15127550453723582:0.7348570572353879 | -0.45025776747868207 | -0.08511317063523904
