0.0 | 0.0 | 0.0 | 0.7805668477506993 | -0.8133865655925043:-4.062715654115377E-4 | -3.9018435072057933E-4 | 0.009984122374429853
-4.062715654115377E-4 | -3.9018435072057933E-4 | 0.009984122374429853 | 0.43838013449840885 | 0.5534626499296054:-2.590230150526536E-4 | -0.0012117411409451329 | 0.01986138440504624
-2.590230150526536E-4 | -0.0012117411409451329 | 0.01986138440504624 | 0.43838013449840885 | 0.5534626499296054:4.3247920513258414E-4 | -0.002457805549374692 | 0.029595971932318606
4.3247920513258414E-4 | -0.002457805549374692 | 0.029595971932318606 | 0.43838013449840885 | 0.5534626499296054:0.0016577444923771977 | -0.004120533541606797 | 0.039152873642308655
0.0016577444923771977 | -0.004120533541606797 | 0.039152873642308655 | 0.43838013449840885 | 0.5534626499296054:0.0034050942143663884 | -0.006191129816569774 | 0.04849794277894848
0.0034050942143663884 | -0.006191129816569774 | 0.04849794277894848 | 0.43838013449840885 | 0.5534626499296054:0.005661699561985716 | -0.008659877144688188 | 0.0575979565613052
0.005661699561985716 | -0.008659877144688188 | 0.0575979565613052 | -0.996269527234275 | -0.2927908439513591:0.005586918303278794 | -0.006711253919901905 | 0.06737107962392616
0.005586918303278794 | -0.006711253919901905 | 0.06737107962392616 | -0.996269527234275 | -0.2927908439513591:0.005227032509713191 | -0.0038077208086275682 | 0.07698416481602816
0.005227032509713191 | -0.0038077208086275682 | 0.07698416481602816 | -0.996269527234275 | -0.2927908439513591:0.0045876057378818925 | 3.3880481362214E-5 | 0.08636098197978387
0.0045876057378818925 | 3.3880481362214E-5 | 0.08636098197978387 | -0.996269527234275 | -0.2927908439513591:0.0036756303901416543 | 0.00479180069946783 | 0.09542701906123624
0.0036756303901416543 | 0.00479180069946783 | 0.09542701906123624 | -0.996269527234275 | -0.2927908439513591:0.00249948467418561 | 0.01043952168866058 | 0.10410979773723783
0.00249948467418561 | 0.01043952168866058 | 0.10410979773723783 | -0.996269527234275 | -0.2927908439513591:0.0010688844681880777 | 0.016945912635551785 | 0.11233917796522419
0.0010688844681880777 | 0.016945912635551785 | 0.11233917796522419 | -0.996269527234275 | -0.2927908439513591:-6.051696805739748E-4 | 0.02427540318371424 | 0.12004765044408483
-6.051696805739748E-4 | 0.02427540318371424 | 0.12004765044408483 | -0.996269527234275 | -0.2927908439513591:-0.0025104501810684493 | 0.03238817260866389 | 0.12717061602680035
-0.0025104501810684493 | 0.03238817260866389 | 0.12717061602680035 | -0.996269527234275 | -0.2927908439513591:-0.004633564391581028 | 0.04124035420495864 | 0.13364665118057406
-0.004633564391581028 | 0.04124035420495864 | 0.13364665118057406 | -0.996269527234275 | -0.2927908439513591:-0.006960020711574491 | 0.05078425399122555 | 0.13941775864771144
-0.006960020711574491 | 0.05078425399122555 | 0.13941775864771144 | -0.996269527234275 | -0.2927908439513591:-0.009474298491725682 | 0.060968582797725324 | 0.14442960252027714
-0.009474298491725682 | 0.060968582797725324 | 0.14442960252027714 | -0.996269527234275 | -0.2927908439513591:-0.01215992147091357 | 0.0717387007633874 | 0.14863172700335858
-0.01215992147091357 | 0.0717387007633874 | 0.14863172700335858 | -0.996269527234275 | -0.2927908439513591:-0.014999534439390215 | 0.08303687323519082 | 0.15197775820539716
-0.014999534439390215 | 0.08303687323519082 | 0.15197775820539716 | -0.996269527234275 | -0.2927908439513591:-0.017974982818920703 | 0.09480253703239694 | 0.15442558835924625
-0.017974982818920703 | 0.09480253703239694 | 0.15442558835924625 | -0.996269527234275 | -0.2927908439513591:-0.02106739484334464 | 0.10697257601152554 | 0.15593754194420217
-0.02106739484334464 | 0.10697257601152554 | 0.15593754194420217 | 0.12527915602889683 | 0.5555072587949761:-0.01742119921722598 | 0.11050439758900132 | 0.16381606434642526
-0.01742119921722598 | 0.11050439758900132 | 0.16381606434642526 | 0.12527915602889683 | 0.5555072587949761:-0.01336499476822571 | 0.11390013791389747 | 0.17159020780324852
-0.01336499476822571 | 0.11390013791389747 | 0.17159020780324852 | 0.12527915602889683 | 0.5555072587949761:-0.008904476256393623 | 0.11716145844394775 | 0.17924218891136334
-0.008904476256393623 | 0.11716145844394775 | 0.17924218891136334 | 0.12527915602889683 | 0.5555072587949761:-0.004045956115312582 | 0.12029015657513804 | 0.18675453624874816
-0.004045956115312582 | 0.12029015657513804 | 0.18675453624874816 | 0.12527915602889683 | 0.5555072587949761:0.0012036495343475256 | 0.12328816259385089 | 0.19411011046109872
0.0012036495343475256 | 0.12328816259385089 | 0.19411011046109872 | 0.7416391111115774 | 0.027014098826401156:0.0015211135156441846 | 0.11989173575277373 | 0.20519416009175817
0.0015211135156441846 | 0.11989173575277373 | 0.20519416009175817 | 0.7416391111115774 | 0.027014098826401156:0.0018619521409191375 | 0.11580120831172774 | 0.21621572874715422
0.0018619521409191375 | 0.11580120831172774 | 0.21621572874715422 | 0.7416391111115774 | 0.027014098826401156:0.0022260418312151503 | 0.11101979919155036 | 0.22713784099067436
0.0022260418312151503 | 0.11101979919155036 | 0.22713784099067436 | 0.7416391111115774 | 0.027014098826401156:0.0026131942873348912 | 0.1055525044236546 | 0.2379238021714345
0.0026131942873348912 | 0.1055525044236546 | 0.2379238021714345 | 0.7416391111115774 | 0.027014098826401156:0.0030231573093885966 | 0.09940607617013508 | 0.24853727776478607
0.0030231573093885966 | 0.09940607617013508 | 0.24853727776478607 | -0.2629712150626651 | 0.7149379190824876:0.012180628105568178 | 0.10547377970673855 | 0.2536981074095417
0.012180628105568178 | 0.10547377970673855 | 0.2536981074095417 | -0.2629712150626651 | 0.7149379190824876:0.021748065307134745 | 0.11166842078917238 | 0.25832777179603195
0.021748065307134745 | 0.11166842078917238 | 0.25832777179603195 | -0.2629712150626651 | 0.7149379190824876:0.03169938719997384 | 0.11798083604551268 | 0.2624025636681804
0.03169938719997384 | 0.11798083604551268 | 0.2624025636681804 | -0.2629712150626651 | 0.7149379190824876:0.04200748392342819 | 0.12440147188548223 | 0.26590019685629596
0.04200748392342819 | 0.12440147188548223 | 0.26590019685629596 | -0.2629712150626651 | 0.7149379190824876:0.052644283708614015 | 0.13092040859207255 | 0.26879985152880526
0.052644283708614015 | 0.13092040859207255 | 0.26879985152880526 | -0.18359456114516504 | 0.5032877554957138:0.06072226397979988 | 0.13644209357307258 | 0.2722833671492184
0.06072226397979988 | 0.13644209357307258 | 0.2722833671492184 | -0.18359456114516504 | 0.5032877554957138:0.0690214096759425 | 0.14202028822902357 | 0.2753867605508846
0.0690214096759425 | 0.14202028822902357 | 0.2753867605508846 | -0.18359456114516504 | 0.5032877554957138:0.07752753908707921 | 0.14765011664303196 | 0.2781017320365855
0.07752753908707921 | 0.14765011664303196 | 0.2781017320365855 | -0.18359456114516504 | 0.5032877554957138:0.08622625577580917 | 0.15332661943536463 | 0.2804205363589798
0.08622625577580917 | 0.15332661943536463 | 0.2804205363589798 | -0.18359456114516504 | 0.5032877554957138:0.09510296646903876 | 0.15904476029389314 | 0.28233598749325406
0.09510296646903876 | 0.15904476029389314 | 0.28233598749325406 | -0.18359456114516504 | 0.5032877554957138:0.10414289899273532 | 0.16479943252275886 | 0.2838414628012833
0.10414289899273532 | 0.16479943252275886 | 0.2838414628012833 | -0.18359456114516504 | 0.5032877554957138:0.11333112023268088 | 0.17058546560305032 | 0.2849309065892296
0.11333112023268088 | 0.17058546560305032 | 0.2849309065892296 | -0.18359456114516504 | 0.5032877554957138:0.12265255410436349 | 0.17639763175933343 | 0.28559883306103817
0.12265255410436349 | 0.17639763175933343 | 0.28559883306103817 | -0.18359456114516504 | 0.5032877554957138:0.13209199951530315 | 0.18223065252592718 | 0.2858403286707567
0.13209199951530315 | 0.18223065252592718 | 0.2858403286707567 | -0.18359456114516504 | 0.5032877554957138:0.1416341483032817 | 0.1880792053068876 | 0.28565105387709355
0.1416341483032817 | 0.1880792053068876 | 0.28565105387709355 | -0.3691570678040559 | 0.7161802834265516:0.15422412047192058 | 0.1966085383814673 | 0.28159036132650783
0.15422412047192058 | 0.1966085383814673 | 0.28159036132650783 | -0.3691570678040559 | 0.7161802834265516:0.16679238239938843 | 0.2051141029403687 | 0.27672250029312373
0.16679238239938843 | 0.2051141029403687 | 0.27672250029312373 | -0.3691570678040559 | 0.7161802834265516:0.17930140323099142 | 0.21357677175925183 | 0.27104569864292927
0.17930140323099142 | 0.21357677175925183 | 0.27104569864292927 | -0.3691570678040559 | 0.7161802834265516:0.19171359123805742 | 0.22197736465358853 | 0.26456030600642144
0.19171359123805742 | 0.22197736465358853 | 0.26456030600642144 | -0.3691570678040559 | 0.7161802834265516:0.2039913852403219 | 0.23029669563279542 | 0.25726879227360655
0.2039913852403219 | 0.23029669563279542 | 0.25726879227360655 | -0.8849346130860447 | -0.7476485520076306:0.19753058841778448 | 0.24505693680865503 | 0.2580795964742393
0.19753058841778448 | 0.24505693680865503 | 0.2580795964742393 | -0.8849346130860447 | -0.7476485520076306:0.1909028805014672 | 0.25996534123350923 | 0.2579006224229339
0.1909028805014672 | 0.25996534123350923 | 0.2579006224229339 | -0.8849346130860447 | -0.7476485520076306:0.18415105022928024 | 0.27497245393182546 | 0.2567101730373107
0.18415105022928024 | 0.27497245393182546 | 0.2567101730373107 | -0.8849346130860447 | -0.7476485520076306:0.17731890793457472 | 0.29002750643641484 | 0.2544909404405633
0.17731890793457472 | 0.29002750643641484 | 0.2544909404405633 | -0.8849346130860447 | -0.7476485520076306:0.1704510936842185 | 0.3050786414885298 | 0.25123011777745674
0.1704510936842185 | 0.3050786414885298 | 0.25123011777745674 | 0.4845336092857988 | 0.744560693604162:0.1823375387520363 | 0.3028590041125616 | 0.2553588230395931
0.1823375387520363 | 0.3028590041125616 | 0.2553588230395931 | 0.4845336092857988 | 0.744560693604162:0.19446831325655323 | 0.3004193077031916 | 0.25895775534187493
0.19446831325655323 | 0.3004193077031916 | 0.25895775534187493 | 0.4845336092857988 | 0.744560693604162:0.20682106203328043 | 0.297774401216536 | 0.2620067286981289
0.20682106203328043 | 0.297774401216536 | 0.2620067286981289 | 0.4845336092857988 | 0.744560693604162:0.2193725021511077 | 0.29493974895392405 | 0.26448696814355266
0.2193725021511077 | 0.29493974895392405 | 0.26448696814355266 | 0.4845336092857988 | 0.744560693604162:0.23209848627816276 | 0.2919313900681093 | 0.2663811662858251
0.23209848627816276 | 0.2919313900681093 | 0.2663811662858251 | 0.4845336092857988 | 0.744560693604162:0.24497406827635437 | 0.2887658965703279 | 0.2676735358651694
0.24497406827635437 | 0.2887658965703279 | 0.2676735358651694 | 0.4845336092857988 | 0.744560693604162:0.2579735708489146 | 0.28546032995109005 | 0.26834985820363855
0.2579735708489146 | 0.28546032995109005 | 0.26834985820363855 | 0.4845336092857988 | 0.744560693604162:0.27107065506113326 | 0.28203219653039735 | 0.2683975274346846
0.27107065506113326 | 0.28203219653039735 | 0.2683975274346846 | 0.4845336092857988 | 0.744560693604162:0.28423839155080355 | 0.27849940165558795 | 0.26780559041490015
0.28423839155080355 | 0.27849940165558795 | 0.26780559041490015 | 0.4845336092857988 | 0.744560693604162:0.2974493332417012 | 0.2748802028672426 | 0.2665647822309438
0.2974493332417012 | 0.2748802028672426 | 0.2665647822309438 | 0.4845336092857988 | 0.744560693604162:0.31067558937065964 | 0.2711931621555106 | 0.26466755722582214
0.31067558937065964 | 0.2711931621555106 | 0.26466755722582214 | 0.4845336092857988 | 0.744560693604162:0.3238889006365273 | 0.26745709743082813 | 0.26210811548006063
0.3238889006365273 | 0.26745709743082813 | 0.26210811548006063 | 0.4845336092857988 | 0.744560693604162:0.3370607152774623 | 0.2636910333343323 | 0.25888242469463485
0.3370607152774623 | 0.2636910333343323 | 0.25888242469463485 | 0.4845336092857988 | 0.744560693604162:0.3501622658816794 | 0.2599141515142982 | 0.2549882374340573
0.3501622658816794 | 0.2599141515142982 | 0.2549882374340573 | 0.4845336092857988 | 0.744560693604162:0.3631646467358767 | 0.25614574049562044 | 0.2504251036994525
0.3631646467358767 | 0.25614574049562044 | 0.2504251036994525 | 0.4845336092857988 | 0.744560693604162:0.37603889151513403 | 0.2524051452697993 | 0.245194378812986
0.37603889151513403 | 0.2524051452697993 | 0.245194378812986 | 0.4845336092857988 | 0.744560693604162:0.38875605111815137 | 0.24871171673298242 | 0.23929922660643577
0.38875605111815137 | 0.24871171673298242 | 0.23929922660643577 | 0.4845336092857988 | 0.744560693604162:0.40128727145216825 | 0.24508476109942023 | 0.23274461791820045
0.40128727145216825 | 0.24508476109942023 | 0.23274461791820045 | 0.4845336092857988 | 0.744560693604162:0.4136038709728833 | 0.24154348941723214 | 0.2255373244142902
0.4136038709728833 | 0.24154348941723214 | 0.2255373244142902 | 0.4845336092857988 | 0.744560693604162:0.4256774177861189 | 0.2381069673125662 | 0.21768590776018648
0.4256774177861189 | 0.2381069673125662 | 0.21768590776018648 | 0.4845336092857988 | 0.744560693604162:0.4374798061198 | 0.2347940650871685 | 0.20920070418154246
0.4374798061198 | 0.2347940650871685 | 0.20920070418154246 | 0.4845336092857988 | 0.744560693604162:0.44898333197714635 | 0.23162340829302153 | 0.20009380446269986
0.44898333197714635 | 0.23162340829302153 | 0.20009380446269986 | 0.4845336092857988 | 0.744560693604162:0.4601607677846964 | 0.22861332890607677 | 0.19037902944277008
0.4601607677846964 | 0.22861332890607677 | 0.19037902944277008 | 0.4845336092857988 | 0.744560693604162:0.47098543585192587 | 0.22578181721914703 | 0.18007190107970672
0.47098543585192587 | 0.22578181721914703 | 0.18007190107970672 | 0.4845336092857988 | 0.744560693604162:0.48143128046279315 | 0.22314647457189096 | 0.16918960916312997
0.48143128046279315 | 0.22314647457189096 | 0.16918960916312997 | 0.4845336092857988 | 0.744560693604162:0.4914729384234935 | 0.22072446703329263 | 0.15775097376686276
0.4914729384234935 | 0.22072446703329263 | 0.15775097376686276 | 0.4845336092857988 | 0.744560693604162:0.5010858078950875 | 0.21853248014939908 | 0.1457764035419835
0.5010858078950875 | 0.21853248014939908 | 0.1457764035419835 | 0.4845336092857988 | 0.744560693604162:0.5102461153443745 | 0.21658667486606475 | 0.13328784996089382
0.5102461153443745 | 0.21658667486606475 | 0.13328784996089382 | 0.4845336092857988 | 0.744560693604162:0.518930980451481 | 0.21490264473326803 | 0.1203087576320776
0.518930980451481 | 0.21490264473326803 | 0.1203087576320776 | 0.4845336092857988 | 0.744560693604162:0.5271184788181067 | 0.21349537449411748 | 0.10686401081435193
0.5271184788181067 | 0.21349537449411748 | 0.10686401081435193 | 0.4845336092857988 | 0.744560693604162:0.5347877023261312 | 0.21237920015802558 | 0.09297987626793258
0.5347877023261312 | 0.21237920015802558 | 0.09297987626793258 | 0.4845336092857988 | 0.744560693604162:0.5419188170024007 | 0.21156777065361076 | 0.07868394258800393
0.5419188170024007 | 0.21156777065361076 | 0.07868394258800393 | 0.4845336092857988 | 0.744560693604162:0.5484931182519475 | 0.2110740111528795 | 0.06400505617431307
0.5484931182519475 | 0.2110740111528795 | 0.06400505617431307 | 0.4845336092857988 | 0.744560693604162:0.5544930833285644 | 0.2109100881538808 | 0.04897325399792152
0.5544930833285644 | 0.2109100881538808 | 0.04897325399792152 | 0.4845336092857988 | 0.744560693604162:0.5599024209186823 | 0.21108737640464525 | 0.03361969333322179
0.5599024209186823 | 0.21108737640464525 | 0.03361969333322179 | 0.4845336092857988 | 0.744560693604162:0.564706117721677 | 0.211616427746538 | 0.01797657863015445
0.564706117721677 | 0.211616427746538 | 0.01797657863015445 | 0.4845336092857988 | 0.744560693604162:0.5688904819172862 | 0.21250694195041753 | 0.0020770857077181404
0.5688904819172862 | 0.21250694195041753 | 0.0020770857077181404 | 0.4845336092857988 | 0.744560693604162:0.5724431834184145 | 0.21376773961399387 | -0.014044716544315605
0.5724431834184145 | 0.21376773961399387 | -0.014044716544315605 | 0.4845336092857988 | 0.744560693604162:0.5753532908156131 | 0.21540673718377157 | -0.03035394676313885
0.5753532908156131 | 0.21540673718377157 | -0.03035394676313885 | 0.4845336092857988 | 0.744560693604162:0.5776113049274869 | 0.21743092415969834 | -0.04681499381301535
0.5776113049274869 | 0.21743092415969834 | -0.04681499381301535 | -0.08942732222696481 | 0.6903891358562315:0.5791616433211075 | 0.2185566963201513 | -0.06810987692177761
0.5791616433211075 | 0.2185566963201513 | -0.06810987692177761 | -0.08942732222696481 | 0.6903891358562315:0.5799239799197657 | 0.21957200961170642 | -0.08957297570018596
0.5799239799197657 | 0.21957200961170642 | -0.08957297570018596 | -0.08942732222696481 | 0.6903891358562315:0.5798893602600756 | 0.22047572283830164 | -0.11117335631003655
0.5798893602600756 | 0.22047572283830164 | -0.11117335631003655 | -0.08942732222696481 | 0.6903891358562315:0.5790500489090284 | 0.2212668509467246 | -0.13287969687683443
0.5790500489090284 | 0.2212668509467246 | -0.13287969687683443 | -0.08942732222696481 | 0.6903891358562315:0.5773995437226489 | 0.2219445669918123 | -0.1546603365410455
0.5773995437226489 | 0.2219445669918123 | -0.1546603365410455 | -0.5358904671955487 | -0.3197185373145226:0.583187816012483 | 0.21895868329163903 | -0.15216048104436908
0.583187816012483 | 0.21895868329163903 | -0.15216048104436908 | -0.5358904671955487 | -0.3197185373145226:0.5889148779849407 | 0.21600522629253405 | -0.14946097682713244
0.5889148779849407 | 0.21600522629253405 | -0.14946097682713244 | -0.5358904671955487 | -0.3197185373145226:0.5945772923135344 | 0.21309065407418615 | -0.14656342528633814
0.5945772923135344 | 0.21309065407418615 | -0.14656342528633814 | -0.5358904671955487 | -0.3197185373145226:0.6001716482388204 | 0.21022137698176735 | -0.14346969255683817
0.6001716482388204 | 0.21022137698176735 | -0.14346969255683817 | -0.5358904671955487 | -0.3197185373145226:0.6056945663908273 | 0.2074037495798855 | -0.14018190725390767
0.6056945663908273 | 0.2074037495798855 | -0.14018190725390767 | 0.5698627846112065 | 0.7641631868013032:0.6032811425815154 | 0.2124243610773071 | -0.1580819797679709
0.6032811425815154 | 0.2124243610773071 | -0.1580819797679709 | 0.5698627846112065 | 0.7641631868013032:0.6001275637086323 | 0.21796465865834236 | -0.17580542762345885
0.6001275637086323 | 0.21796465865834236 | -0.17580542762345885 | 0.5698627846112065 | 0.7641631868013032:0.5962393979514431 | 0.22402150015561517 | -0.19330575894753999
0.5962393979514431 | 0.22402150015561517 | -0.19330575894753999 | 0.5698627846112065 | 0.7641631868013032:0.5916241449681188 | 0.23059029607468062 | -0.21053673163667952
0.5916241449681188 | 0.23059029607468062 | -0.21053673163667952 | 0.5698627846112065 | 0.7641631868013032:0.5862912254601511 | 0.23766501562165132 | -0.2274524789159873
0.5862912254601511 | 0.23766501562165132 | -0.2274524789159873 | 0.5698627846112065 | 0.7641631868013032:0.5802519655219243 | 0.245238196629181 | -0.24400763419106752
0.5802519655219243 | 0.245238196629181 | -0.24400763419106752 | 0.5698627846112065 | 0.7641631868013032:0.5735195758154212 | 0.25330095935587593 | -0.26015745485741704
0.5735195758154212 | 0.25330095935587593 | -0.26015745485741704 | 0.5698627846112065 | 0.7641631868013032:0.5661091256235302 | 0.261843024123916 | -0.2758579447355043
0.5661091256235302 | 0.261843024123916 | -0.2758579447355043 | 0.5698627846112065 | 0.7641631868013032:0.5580375118489584 | 0.2708527327496171 | -0.29106597480376095
0.5580375118489584 | 0.2708527327496171 | -0.29106597480376095 | 0.5698627846112065 | 0.7641631868013032:0.5493234230390058 | 0.28031707371171777 | -0.30573940190655513
0.5493234230390058 | 0.28031707371171777 | -0.30573940190655513 | -0.7025593727129067 | 0.03791587060434942:0.5512089859431377 | 0.2706261424577612 | -0.3178693032110651
0.5512089859431377 | 0.2706261424577612 | -0.3178693032110651 | -0.7025593727129067 | 0.03791587060434942:0.5530445921823102 | 0.2604524199695284 | -0.32968679174995863
0.5530445921823102 | 0.2604524199695284 | -0.32968679174995863 | -0.7025593727129067 | 0.03791587060434942:0.5548310864735981 | 0.24980673408248677 | -0.3411724380190009
0.5548310864735981 | 0.24980673408248677 | -0.3411724380190009 | -0.7025593727129067 | 0.03791587060434942:0.5565693522706638 | 0.2387006824546205 | -0.3523072187542784
0.5565693522706638 | 0.2387006824546205 | -0.3523072187542784 | -0.7025593727129067 | 0.03791587060434942:0.5582603108869648 | 0.22714661639638933 | -0.36307254693765323
0.5582603108869648 | 0.22714661639638933 | -0.36307254693765323 | -0.7025593727129067 | 0.03791587060434942:0.5599049205578837 | 0.21515762356259316 | -0.3734503011309638
0.5599049205578837 | 0.21515762356259316 | -0.3734503011309638 | -0.7025593727129067 | 0.03791587060434942:0.5615041754434316 | 0.2027475095342801 | -0.38342285409686383
0.5615041754434316 | 0.2027475095342801 | -0.38342285409686383 | -0.7025593727129067 | 0.03791587060434942:0.5630591045731634 | 0.18993077832042715 | -0.39297310066544533
0.5630591045731634 | 0.18993077832042715 | -0.39297310066544533 | -0.7025593727129067 | 0.03791587060434942:0.5645707707349246 | 0.17672261181047233 | -0.4020844848069256
0.5645707707349246 | 0.17672261181047233 | -0.4020844848069256 | -0.7025593727129067 | 0.03791587060434942:0.5660402693093687 | 0.16313884821025226 | -0.41074102587206873
0.5660402693093687 | 0.16313884821025226 | -0.41074102587206873 | -0.5051316158343429 | -0.08270396447009887:0.5699787646227605 | 0.15331339060927718 | -0.4140042538076152
0.5699787646227605 | 0.15331339060927718 | -0.4140042538076152 | -0.5051316158343429 | -0.08270396447009887:0.573914073571153 | 0.14336200809191268 | -0.41699115014709953
0.573914073571153 | 0.14336200809191268 | -0.41699115014709953 | -0.5051316158343429 | -0.08270396447009887:0.5778451477922886 | 0.13329247169568958 | -0.41969764812848886
0.5778451477922886 | 0.13329247169568958 | -0.41969764812848886 | -0.5051316158343429 | -0.08270396447009887:0.5817709178859403 | 0.12311266967988388 | -0.42211991150187345
0.5817709178859403 | 0.12311266967988388 | -0.42211991150187345 | -0.5051316158343429 | -0.08270396447009887:0.5856902945485416 | 0.11283060077646212 | -0.424254337651643
0.5856902945485416 | 0.11283060077646212 | -0.424254337651643 | -0.3314173762222501 | 0.11750864610862033:0.5853125165011477 | 0.10617256174079515 | -0.431072374631273
0.5853125165011477 | 0.10617256174079515 | -0.431072374631273 | -0.3314173762222501 | 0.11750864610862033:0.5848647622834378 | 0.09937273277634873 | -0.43777962357669864
0.5848647622834378 | 0.09937273277634873 | -0.43777962357669864 | -0.3314173762222501 | 0.11750864610862033:0.5843479905767097 | 0.09243322438381085 | -0.44437264700203283
0.5843479905767097 | 0.09243322438381085 | -0.44437264700203283 | -0.3314173762222501 | 0.11750864610862033:0.5837631811125163 | 0.08535621253155767 | -0.4508480614931738
0.5837631811125163 | 0.08535621253155767 | -0.4508480614931738 | -0.3314173762222501 | 0.11750864610862033:0.5831113342614103 | 0.07814393744928338 | -0.45720253892715146
0.5831113342614103 | 0.07814393744928338 | -0.45720253892715146 | 0.3940898837491582 | -0.5149472664529333:0.5966810015798742 | 0.08743524233141287 | -0.4419179096260857
0.5966810015798742 | 0.08743524233141287 | -0.4419179096260857 | 0.3940898837491582 | -0.5149472664529333:0.6098652727131366 | 0.09644993928527512 | -0.42603544478519595
0.6098652727131366 | 0.09644993928527512 | -0.42603544478519595 | 0.3940898837491582 | -0.5149472664529333:0.6226469631602356 | 0.10517460013512192 | -0.40957064897978945
0.6226469631602356 | 0.10517460013512192 | -0.40957064897978945 | 0.3940898837491582 | -0.5149472664529333:0.6350093176067091 | 0.11359611865003316 | -0.39253981324436715
0.6350093176067091 | 0.11359611865003316 | -0.39253981324436715 | 0.3940898837491582 | -0.5149472664529333:0.6469360319084174 | 0.12170172754692032 | -0.3749599956275853
0.6469360319084174 | 0.12170172754692032 | -0.3749599956275853 | 0.3940898837491582 | -0.5149472664529333:0.6584112744952222 | 0.12947901505911474 | -0.35684900079106274
0.6584112744952222 | 0.12947901505911474 | -0.35684900079106274 | 0.3940898837491582 | -0.5149472664529333:0.6694197071693111 | 0.13691594105093685 | -0.3382253586792907
0.6694197071693111 | 0.13691594105093685 | -0.3382253586792907 | 0.3940898837491582 | -0.5149472664529333:0.6799465052738043 | 0.14400085265938145 | -0.3191083022889214
0.6799465052738043 | 0.14400085265938145 | -0.3191083022889214 | 0.3940898837491582 | -0.5149472664529333:0.6899773772080735 | 0.15072249944454796 | -0.2995177445666788
0.6899773772080735 | 0.15072249944454796 | -0.2995177445666788 | 0.3940898837491582 | -0.5149472664529333:0.6994985832672 | 0.15707004803122615 | -0.27947425446611307
0.6994985832672 | 0.15707004803122615 | -0.27947425446611307 | 0.899827829417768 | -0.8838925428156024:0.7129679257036372 | 0.16998857024651315 | -0.24167922038585976
0.7129679257036372 | 0.16998857024651315 | -0.24167922038585976 | 0.899827829417768 | -0.8838925428156024:0.7247375315276159 | 0.18122070028960025 | -0.20265938444357667
0.7247375315276159 | 0.18122070028960025 | -0.20265938444357667 | 0.899827829417768 | -0.8838925428156024:0.7347527884373974 | 0.19070722747870406 | -0.162568041692982
0.7347527884373974 | 0.19070722747870406 | -0.162568041692982 | 0.899827829417768 | -0.8838925428156024:0.742966093055216 | 0.198395959497617 | -0.12156375865716496
0.742966093055216 | 0.198395959497617 | -0.12156375865716496 | 0.899827829417768 | -0.8838925428156024:0.7493370838520264 | 0.20424197407309563 | -0.07980972583084922
0.7493370838520264 | 0.20424197407309563 | -0.07980972583084922 | 0.050519461029743695 | 0.958207796308014:0.7467707518289259 | 0.2050169928358727 | -0.11541304383603035
0.7467707518289259 | 0.2050169928358727 | -0.11541304383603035 | 0.050519461029743695 | 0.958207796308014:0.7424638077543761 | 0.20587700766294859 | -0.15094464136052999
0.7424638077543761 | 0.20587700766294859 | -0.15094464136052999 | 0.050519461029743695 | 0.958207796308014:0.7364176606372936 | 0.20682212181957738 | -0.18631816171214433
0.7364176606372936 | 0.20682212181957738 | -0.18631816171214433 | 0.050519461029743695 | 0.958207796308014:0.728638034375571 | 0.20785221042813617 | -0.2214472547322892
0.728638034375571 | 0.20785221042813617 | -0.2214472547322892 | 0.050519461029743695 | 0.958207796308014:0.7191349680394339 | 0.20896692018522955 | -0.2562457943887655
0.7191349680394339 | 0.20896692018522955 | -0.2562457943887655 | 0.6563709394083308 | 0.3970632893154329:0.7159260323022565 | 0.21783479591911714 | -0.2641721315787968
0.7159260323022565 | 0.21783479591911714 | -0.2641721315787968 | 0.6563709394083308 | 0.3970632893154329:0.7125337981988551 | 0.22697449793407998 | -0.2717489477032976
0.7125337981988551 | 0.22697449793407998 | -0.2717489477032976 | 0.6563709394083308 | 0.3970632893154329:0.7089655404471173 | 0.23637459231297342 | -0.27896265213493643
0.7089655404471173 | 0.23637459231297342 | -0.27896265213493643 | 0.6563709394083308 | 0.3970632893154329:0.7052288187275266 | 0.24602316149605485 | -0.2858001942189058
0.7052288187275266 | 0.24602316149605485 | -0.2858001942189058 | 0.6563709394083308 | 0.3970632893154329:0.7013314661179777 | 0.2559078230609799 | -0.29224908618687073
0.7013314661179777 | 0.2559078230609799 | -0.29224908618687073 | 0.6563709394083308 | 0.3970632893154329:0.6972815770587388 | 0.2660157492941764 | -0.2982974251537206
0.6972815770587388 | 0.2660157492941764 | -0.2982974251537206 | 0.6563709394083308 | 0.3970632893154329:0.6930874948678323 | 0.27633368752078624 | -0.30393391416090265
0.6930874948678323 | 0.27633368752078624 | -0.30393391416090265 | 0.6563709394083308 | 0.3970632893154329:0.6887577988276732 | 0.2868479811591449 | -0.30914788223173817
0.6887577988276732 | 0.2868479811591449 | -0.30914788223173817 | 0.6563709394083308 | 0.3970632893154329:0.6843012908646884 | 0.29754459146463574 | -0.31392930340579417
0.6843012908646884 | 0.29754459146463574 | -0.31392930340579417 | 0.6563709394083308 | 0.3970632893154329:0.6797269818440199 | 0.30840911992669007 | -0.3182688147211219
0.6797269818440199 | 0.30840911992669007 | -0.3182688147211219 | 0.6563709394083308 | 0.3970632893154329:0.6750440775022568 | 0.3194268312816675 | -0.322157733114925
0.6750440775022568 | 0.3194268312816675 | -0.322157733114925 | 0.6563709394083308 | 0.3970632893154329:0.6702619640414724 | 0.3305826771034006 | -0.3255880712150603
0.6702619640414724 | 0.3305826771034006 | -0.3255880712150603 | 0.6563709394083308 | 0.3970632893154329:0.665390193408598 | 0.3418613199322742 | -0.3285525519966064
0.665390193408598 | 0.3418613199322742 | -0.3285525519966064 | 0.6563709394083308 | 0.3970632893154329:0.6604384682845108 | 0.3532471579029348 | -0.33104462227964904
0.6604384682845108 | 0.3532471579029348 | -0.33104462227964904 | 0.6563709394083308 | 0.3970632893154329:0.6554166268075221 | 0.36472434982990976 | -0.33305846504634085
0.6554166268075221 | 0.36472434982990976 | -0.33305846504634085 | -0.5998925993901258 | 0.3352694369205942:0.650980002233112 | 0.3553465502530173 | -0.35556020573898683
0.650980002233112 | 0.3553465502530173 | -0.35556020573898683 | -0.5998925993901258 | 0.3352694369205942:0.6461440613133931 | 0.3452670309233419 | -0.37773143949887533
0.6461440613133931 | 0.3452670309233419 | -0.37773143949887533 | -0.5998925993901258 | 0.3352694369205942:0.6409144102049567 | 0.33449520584404624 | -0.39954283815338165
0.6409144102049567 | 0.33449520584404624 | -0.39954283815338165 | -0.5998925993901258 | 0.3352694369205942:0.6352971744556868 | 0.3230414259216623 | -0.420965456225451
0.6352971744556868 | 0.3230414259216623 | -0.420965456225451 | -0.5998925993901258 | 0.3352694369205942:0.6292989918586755 | 0.31091696674728553 | -0.44197077000743246
0.6292989918586755 | 0.31091696674728553 | -0.44197077000743246 | -0.5998925993901258 | 0.3352694369205942:0.6229270046191857 | 0.2981340151405405 | -0.4625307160865537
0.6229270046191857 | 0.2981340151405405 | -0.4625307160865537 | -0.5998925993901258 | 0.3352694369205942:0.6161888508456741 | 0.28470565447529594 | -0.48261772927140356
0.6161888508456741 | 0.28470565447529594 | -0.48261772927140356 | -0.5998925993901258 | 0.3352694369205942:0.6090926553767986 | 0.27064584880753273 | -0.5022047798696692
0.6090926553767986 | 0.27064584880753273 | -0.5022047798696692 | -0.5998925993901258 | 0.3352694369205942:0.6016470199569994 | 0.2559694258273453 | -0.5212654102683167
0.6016470199569994 | 0.2559694258273453 | -0.5212654102683167 | -0.5998925993901258 | 0.3352694369205942:0.5938610127742692 | 0.2406920586586594 | -0.5397737707684112
0.5938610127742692 | 0.2406920586586594 | -0.5397737707684112 | -0.4786707042470755 | -0.4887169376683109:0.6081841220806581 | 0.22814641050553064 | -0.531733606676891
0.6081841220806581 | 0.22814641050553064 | -0.531733606676891 | -0.4786707042470755 | -0.4887169376683109:0.62231222656726 | 0.21576789698342225 | -0.523019190569963
0.62231222656726 | 0.21576789698342225 | -0.523019190569963 | -0.4786707042470755 | -0.4887169376683109:0.6362281644532857 | 0.2035735862751551 | -0.5136389869373232
0.6362281644532857 | 0.2035735862751551 | -0.5136389869373232 | -0.4786707042470755 | -0.4887169376683109:0.6499149883597255 | 0.19158034544713587 | -0.5036023340475602
0.6499149883597255 | 0.19158034544713587 | -0.5036023340475602 | -0.4786707042470755 | -0.4887169376683109:0.6633559877863888 | 0.1798048183212373 | -0.49291943317730613
0.6633559877863888 | 0.1798048183212373 | -0.49291943317730613 | 0.6197198100456418 | 0.7314908790703036:0.6462767121253847 | 0.1953452105252751 | -0.5119748980030963
0.6462767121253847 | 0.1953452105252751 | -0.5119748980030963 | 0.6197198100456418 | 0.7314908790703036:0.6284841481431442 | 0.21149335747482212 | -0.5299241220358635
0.6284841481431442 | 0.21149335747482212 | -0.5299241220358635 | 0.6197198100456418 | 0.7314908790703036:0.6100196390789137 | 0.228215088079466 | -0.546720817762326
0.6100196390789137 | 0.228215088079466 | -0.546720817762326 | 0.6197198100456418 | 0.7314908790703036:0.5909262529407897 | 0.2454747279332139 | -0.5623213289187543
0.5909262529407897 | 0.2454747279332139 | -0.5623213289187543 | 0.6197198100456418 | 0.7314908790703036:0.5712486820215474 | 0.26323518270911705 | -0.576684743211235
0.5712486820215474 | 0.26323518270911705 | -0.576684743211235 | 0.6197198100456418 | 0.7314908790703036:0.5510331382515687 | 0.28145802518210417 | -0.5897729984937374
0.5510331382515687 | 0.28145802518210417 | -0.5897729984937374 | 0.6197198100456418 | 0.7314908790703036:0.5303272446425211 | 0.30010358566876505 | -0.60155098213591
0.5303272446425211 | 0.30010358566876505 | -0.60155098213591 | 0.6197198100456418 | 0.7314908790703036:0.5091799230858669 | 0.3191310456647045 | -0.6119866233292157
0.5091799230858669 | 0.3191310456647045 | -0.6119866233292157 | 0.6197198100456418 | 0.7314908790703036:0.4876412787788382 | 0.33849853445182276 | -0.6210509780974238
0.4876412787788382 | 0.33849853445182276 | -0.6210509780974238 | 0.6197198100456418 | 0.7314908790703036:0.46576248155892586 | 0.35816322844084425 | -0.628718306795367
0.46576248155892586 | 0.35816322844084425 | -0.628718306795367 | -0.889993249344752 | -0.3159717500943786:0.47664999260952357 | 0.33037475798903415 | -0.6376221362193952
0.47664999260952357 | 0.33037475798903415 | -0.6376221362193952 | -0.889993249344752 | -0.3159717500943786:0.48766582368700995 | 0.3021663993802619 | -0.6451080474890922
0.48766582368700995 | 0.3021663993802619 | -0.6451080474890922 | -0.889993249344752 | -0.3159717500943786:0.4987871624121851 | 0.2736022067814403 | -0.6511545219533019
0.4987871624121851 | 0.2736022067814403 | -0.6511545219533019 | -0.889993249344752 | -0.3159717500943786:0.5099908688652732 | 0.24474722752906786 | -0.6557433277205398
