0.0 | 0.0 | 0.0 | 0.13650602985109228 | -0.047610497411764374:-2.380467174424313E-5 | -6.82524850019739E-5 | 0.009999738743381961
-2.380467174424313E-5 | -6.82524850019739E-5 | 0.009999738743381961 | 0.13650602985109228 | -0.047610497411764374:-9.473901491480366E-5 | -2.7163817824216174E-4 | 0.019897920424485932
-9.473901491480366E-5 | -2.7163817824216174E-4 | 0.019897920424485932 | 0.13650602985109228 | -0.047610497411764374:-2.1208704919217425E-4 | -6.081094718797253E-4 | 0.029694016618736094
-2.1208704919217425E-4 | -6.081094718797253E-4 | 0.029694016618736094 | 0.13650602985109228 | -0.047610497411764374:-3.7513750011194686E-4 | -0.0010756321450580142 | 0.03938751979072341
-3.7513750011194686E-4 | -0.0010756321450580142 | 0.03938751979072341 | 0.13650602985109228 | -0.047610497411764374:-5.831838012303745E-4 | -0.00167218537142233 | 0.048977943010523356
-5.831838012303745E-4 | -0.00167218537142233 | 0.048977943010523356 | 0.13650602985109228 | -0.047610497411764374:-8.355240956645733E-4 | -0.00239576172483269 | 0.058464819672797014
-8.355240956645733E-4 | -0.00239576172483269 | 0.058464819672797014 | 0.13650602985109228 | -0.047610497411764374:-0.0011314612370201963 | -0.0032443671833066734 | 0.06784770321865966
-0.0011314612370201963 | -0.0032443671833066734 | 0.06784770321865966 | 0.13650602985109228 | -0.047610497411764374:-0.0014703027897192311 | -0.004216021131231429 | 0.07712616686030105
-0.0014703027897192311 | -0.004216021131231429 | 0.07712616686030105 | 0.13650602985109228 | -0.047610497411764374:-0.0018513610287404243 | -0.0053087563598765986 | 0.0862998033083422
-0.0018513610287404243 | -0.0053087563598765986 | 0.0862998033083422 | 0.13650602985109228 | -0.047610497411764374:-0.002273952938784643 | -0.006520619066247013 | 0.09536822450191151
-0.002273952938784643 | -0.006520619066247013 | 0.09536822450191151 | 0.17719183284844564 | 0.8556258747760965:0.0019748776695067685 | -0.008061904767013406 | 0.10433209751237238
0.0019748776695067685 | -0.008061904767013406 | 0.10433209751237238 | 0.17719183284844564 | 0.8556258747760965:0.0069821677770603606 | -0.009754624274010748 | 0.11298006024678109
0.0069821677770603606 | -0.009754624274010748 | 0.11298006024678109 | 0.17719183284844564 | 0.8556258747760965:0.012724747054785584 | -0.01159426691886467 | 0.12126315843744628
0.012724747054785584 | -0.01159426691886467 | 0.12126315843744628 | 0.17719183284844564 | 0.8556258747760965:0.019176816979445104 | -0.013575769876816635 | 0.12913407694510648
0.019176816979445104 | -0.013575769876816635 | 0.12913407694510648 | 0.17719183284844564 | 0.8556258747760965:0.026310053446835374 | -0.015693538826237585 | 0.13654727398391175
0.026310053446835374 | -0.015693538826237585 | 0.13654727398391175 | 0.41780063665908274 | 0.0027248415383989144:0.027946720943226824 | -0.019681968565074204 | 0.14455585311576713
0.027946720943226824 | -0.019681968565074204 | 0.14455585311576713 | 0.41780063665908274 | 0.0027248415383989144:0.029569412251557167 | -0.023998257156327085 | 0.15236985927996027
0.029569412251557167 | -0.023998257156327085 | 0.15236985927996027 | 0.41780063665908274 | 0.0027248415383989144:0.031178235300042434 | -0.02863435935481462 | 0.15998026833742052
0.031178235300042434 | -0.02863435935481462 | 0.15998026833742052 | 0.41780063665908274 | 0.0027248415383989144:0.03277329516859426 | -0.033582037198965464 | 0.16737832966239474
0.03277329516859426 | -0.033582037198965464 | 0.16737832966239474 | 0.41780063665908274 | 0.0027248415383989144:0.034354694157018834 | -0.038832867967614204 | 0.1745555691749947
0.034354694157018834 | -0.038832867967614204 | 0.1745555691749947 | 0.41780063665908274 | 0.0027248415383989144:0.03592253185317015 | -0.04437825215660518 | 0.18150379217087886
0.03592253185317015 | -0.04437825215660518 | 0.18150379217087886 | 0.41780063665908274 | 0.0027248415383989144:0.03747690520102992 | -0.05020942147064944 | 0.18821508594892755
0.03747690520102992 | -0.05020942147064944 | 0.18821508594892755 | 0.41780063665908274 | 0.0027248415383989144:0.03901790856868542 | -0.05631744682591999 | 0.19468182223786812
0.03901790856868542 | -0.05631744682591999 | 0.19468182223786812 | 0.41780063665908274 | 0.0027248415383989144:0.04054563381617904 | -0.0626932463589247 | 0.2008966594228827
0.04054563381617904 | -0.0626932463589247 | 0.2008966594228827 | 0.41780063665908274 | 0.0027248415383989144:0.04206017036320131 | -0.06932759343724593 | 0.20685254457333047
0.04206017036320131 | -0.06932759343724593 | 0.20685254457333047 | 0.41780063665908274 | 0.0027248415383989144:0.04356160525660141 | -0.0762111246677839 | 0.21254271527278634
0.04356160525660141 | -0.0762111246677839 | 0.21254271527278634 | 0.41780063665908274 | 0.0027248415383989144:0.0450500232376882 | -0.0833343478982016 | 0.2179607012526974
0.0450500232376882 | -0.0833343478982016 | 0.2179607012526974 | 0.41780063665908274 | 0.0027248415383989144:0.04652550680929579 | -0.09068765020731506 | 0.22310032583102135
0.04652550680929579 | -0.09068765020731506 | 0.22310032583102135 | 0.41780063665908274 | 0.0027248415383989144:0.047988136302587914 | -0.0982613058802364 | 0.22795570715730307
0.047988136302587914 | -0.0982613058802364 | 0.22795570715730307 | 0.41780063665908274 | 0.0027248415383989144:0.049437989943575844 | -0.10604548436412609 | 0.23252125926572287
0.049437989943575844 | -0.10604548436412609 | 0.23252125926572287 | 0.41780063665908274 | 0.0027248415383989144:0.05087514391932446 | -0.11403025820047707 | 0.23679169293771896
0.05087514391932446 | -0.11403025820047707 | 0.23679169293771896 | 0.41780063665908274 | 0.0027248415383989144:0.05229967244382194 | -0.12220561092990634 | 0.24076201637586525
0.05229967244382194 | -0.12220561092990634 | 0.24076201637586525 | 0.41780063665908274 | 0.0027248415383989144:0.05371164782348925 | -0.1305614449654917 | 0.24442753569076903
0.05371164782348925 | -0.1305614449654917 | 0.24442753569076903 | 0.41780063665908274 | 0.0027248415383989144:0.055111140522305035 | -0.13908758943075528 | 0.24778385520279134
0.055111140522305035 | -0.13908758943075528 | 0.24778385520279134 | 0.41780063665908274 | 0.0027248415383989144:0.05649821922652176 | -0.1477738079584534 | 0.2508268775605176
0.05649821922652176 | -0.1477738079584534 | 0.2508268775605176 | -0.35492183726314575 | -0.4576013336155651:0.05188822117348135 | -0.14669876643793556 | 0.2606760798463412
0.05188822117348135 | -0.14669876643793556 | 0.2606760798463412 | -0.35492183726314575 | -0.4576013336155651:0.04690408571473326 | -0.14530848455665035 | 0.27042063776026115
0.04690408571473326 | -0.14530848455665035 | 0.27042063776026115 | -0.35492183726314575 | -0.4576013336155651:0.04154948877657216 | -0.1436058751050755 | 0.2800403145383372
0.04154948877657216 | -0.1436058751050755 | 0.2800403145383372 | -0.35492183726314575 | -0.4576013336155651:0.03582869458997662 | -0.1415943069653074 | 0.2895151230978117
0.03582869458997662 | -0.1415943069653074 | 0.2895151230978117 | -0.35492183726314575 | -0.4576013336155651:0.029746545905029675 | -0.13927759776686743 | 0.298825350985255
0.029746545905029675 | -0.13927759776686743 | 0.298825350985255 | -0.35492183726314575 | -0.4576013336155651:0.023308453600357826 | -0.13666000606829076 | 0.3079515847891008
0.023308453600357826 | -0.13666000606829076 | 0.3079515847891008 | -0.35492183726314575 | -0.4576013336155651:0.016520385704485108 | -0.1337462230774098 | 0.31687473399485366
0.016520385704485108 | -0.1337462230774098 | 0.31687473399485366 | -0.35492183726314575 | -0.4576013336155651:0.009388855846433009 | -0.1305413639235944 | 0.3255760542620214
0.009388855846433009 | -0.1305413639235944 | 0.3255760542620214 | -0.35492183726314575 | -0.4576013336155651:0.0019209111533120549 | -0.12705095849553683 | 0.3340371701026079
0.0019209111533120549 | -0.12705095849553683 | 0.3340371701026079 | -0.35492183726314575 | -0.4576013336155651:-0.005875880386955412 | -0.12328094185847283 | 0.3422400969418229
-0.005875880386955412 | -0.12328094185847283 | 0.3422400969418229 | -0.35492183726314575 | -0.4576013336155651:-0.013993443079274526 | -0.11923764426504357 | 0.35016726254244723
-0.013993443079274526 | -0.11923764426504357 | 0.35016726254244723 | -0.35492183726314575 | -0.4576013336155651:-0.022423207172513226 | -0.1149277807742628 | 0.3578015277751465
-0.022423207172513226 | -0.1149277807742628 | 0.3578015277751465 | -0.35492183726314575 | -0.4576013336155651:-0.031156122988949653 | -0.11035844049332955 | 0.36512620671783047
-0.031156122988949653 | -0.11035844049332955 | 0.36512620671783047 | -0.35492183726314575 | -0.4576013336155651:-0.0401826755125303 | -0.1055370754572671 | 0.37212508606800654
-0.0401826755125303 | -0.1055370754572671 | 0.37212508606800654 | -0.35492183726314575 | -0.4576013336155651:-0.04949289941616075 | -0.10047148916159898 | 0.37878244385291815
-0.04949289941616075 | -0.10047148916159898 | 0.37878244385291815 | 0.3514954727223205 | 0.7714549169136249:-0.0354542290946408 | -0.10875327388189326 | 0.384385233598854
-0.0354542290946408 | -0.10875327388189326 | 0.384385233598854 | 0.3514954727223205 | 0.7714549169136249:-0.020989596254113896 | -0.11721647262255974 | 0.38922493387505064
-0.020989596254113896 | -0.11721647262255974 | 0.38922493387505064 | 0.3514954727223205 | 0.7714549169136249:-0.0061340657325250625 | -0.125845552191592 | 0.3932733015394412
-0.0061340657325250625 | -0.125845552191592 | 0.3932733015394412 | 0.3514954727223205 | 0.7714549169136249:0.009075946907792232 | -0.13462434463655093 | 0.39650408028365725
0.009075946907792232 | -0.13462434463655093 | 0.39650408028365725 | 0.3514954727223205 | 0.7714549169136249:0.02460276956356444 | -0.14353608954277597 | 0.3988930722583781
0.02460276956356444 | -0.14353608954277597 | 0.3988930722583781 | 0.3514954727223205 | 0.7714549169136249:0.04040757064717171 | -0.1525634776868774 | 0.40041820440582754
0.04040757064717171 | -0.1525634776868774 | 0.40041820440582754 | 0.3514954727223205 | 0.7714549169136249:0.05645045877434196 | -0.1616886959363697 | 0.401059589369126
0.05645045877434196 | -0.1616886959363697 | 0.401059589369126 | 0.3514954727223205 | 0.7714549169136249:0.07269058483649338 | -0.17089347328420423 | 0.40079958086106515
0.07269058483649338 | -0.17089347328420423 | 0.40079958086106515 | 0.3514954727223205 | 0.7714549169136249:0.08908624620743422 | -0.18015912790509603 | 0.3996228233881034
0.08908624620743422 | -0.18015912790509603 | 0.3996228233881034 | 0.3514954727223205 | 0.7714549169136249:0.10559499283084395 | -0.1894666151189215 | 0.3975162962385852
0.10559499283084395 | -0.1894666151189215 | 0.3975162962385852 | 0.3514954727223205 | 0.7714549169136249:0.12217373493225625 | -0.1987965761451047 | 0.3944693516576372
0.12217373493225625 | -0.1987965761451047 | 0.3944693516576372 | 0.3514954727223205 | 0.7714549169136249:0.1387788520971276 | -0.2081293875308372 | 0.3904737471445898
0.1387788520971276 | -0.2081293875308372 | 0.3904737471445898 | 0.3514954727223205 | 0.7714549169136249:0.1553663034550048 | -0.21744521113513215 | 0.3855236718223196
0.1553663034550048 | -0.21744521113513215 | 0.3855236718223196 | 0.3514954727223205 | 0.7714549169136249:0.17189173870880547 | -0.22672404455013417 | 0.37961576684139153
0.17189173870880547 | -0.22672404455013417 | 0.37961576684139153 | 0.3514954727223205 | 0.7714549169136249:0.1883106097478049 | -0.23594577184080823 | 0.37274913979543634
0.1883106097478049 | -0.23594577184080823 | 0.37274913979543634 | 0.3514954727223205 | 0.7714549169136249:0.20457828258304467 | -0.24509021448405566 | 0.36492537313761986
0.20457828258304467 | -0.24509021448405566 | 0.36492537313761986 | 0.3514954727223205 | 0.7714549169136249:0.22065014934457983 | -0.254137182388523 | 0.35614852660151897
0.22065014934457983 | -0.254137182388523 | 0.35614852660151897 | 0.3514954727223205 | 0.7714549169136249:0.2364817400812318 | -0.2630665248767956 | 0.3464251336429989
0.2364817400812318 | -0.2630665248767956 | 0.3464251336429989 | 0.3514954727223205 | 0.7714549169136249:0.25202883410530674 | -0.2718581815124059 | 0.33576419193288487
0.25202883410530674 | -0.2718581815124059 | 0.33576419193288487 | 0.3514954727223205 | 0.7714549169136249:0.2672475706270734 | -0.28049223265499634 | 0.32417714794330976
0.2672475706270734 | -0.28049223265499634 | 0.32417714794330976 | -0.9663641844580537 | -0.2781997419806972:0.26510103104521443 | -0.26709832825048174 | 0.34437168867415124
0.26510103104521443 | -0.26709832825048174 | 0.34437168867415124 | -0.9663641844580537 | -0.2781997419806972:0.2626094942989208 | -0.25255603085072487 | 0.36398570504496064
0.2626094942989208 | -0.25255603085072487 | 0.36398570504496064 | -0.9663641844580537 | -0.2781997419806972:0.259781025518548 | -0.23689100442842914 | 0.38294826801685034
0.259781025518548 | -0.23689100442842914 | 0.38294826801685034 | -0.9663641844580537 | -0.2781997419806972:0.25662482468637116 | -0.22013289551061987 | 0.40118982937179837
0.25662482468637116 | -0.22013289551061987 | 0.40118982937179837 | -0.9663641844580537 | -0.2781997419806972:0.2531512034176693 | -0.20231525818276452 | 0.41864245912495335
0.2531512034176693 | -0.20231525818276452 | 0.41864245912495335 | 0.5671470793667348 | 0.39511415257734384:0.26357745441283686 | -0.21600705396289044 | 0.41127998309757885
0.26357745441283686 | -0.21600705396289044 | 0.41127998309757885 | 0.5671470793667348 | 0.39511415257734384:0.27389473011721144 | -0.22956651808315165 | 0.4031905988264448
0.27389473011721144 | -0.22956651808315165 | 0.4031905988264448 | 0.5671470793667348 | 0.39511415257734384:0.2840855743757622 | -0.24296839011950944 | 0.3943788965972459
0.2840855743757622 | -0.24296839011950944 | 0.3943788965972459 | 0.5671470793667348 | 0.39511415257734384:0.29413264026417174 | -0.2561875497967172 | 0.3848507379149382
0.29413264026417174 | -0.2561875497967172 | 0.3848507379149382 | 0.5671470793667348 | 0.39511415257734384:0.30401871924542245 | -0.2691990589572555 | 0.3746132463418377
0.30401871924542245 | -0.2691990589572555 | 0.3746132463418377 | -0.782133736650596 | 0.5524778772619094:0.31708028989695425 | -0.25640737835117733 | 0.379355897353161
0.31708028989695425 | -0.25640737835117733 | 0.379355897353161 | -0.782133736650596 | 0.5524778772619094:0.3303130069228688 | -0.2432999101996689 | 0.383208533867073
0.3303130069228688 | -0.2432999101996689 | 0.383208533867073 | -0.782133736650596 | 0.5524778772619094:0.3436904848235409 | -0.22991412491915142 | 0.38614833599042697
0.3436904848235409 | -0.22991412491915142 | 0.38614833599042697 | -0.782133736650596 | 0.5524778772619094:0.35718559110048265 | -0.21628859237221398 | 0.3881549113699414
0.35718559110048265 | -0.21628859237221398 | 0.3881549113699414 | -0.782133736650596 | 0.5524778772619094:0.3707705224084288 | -0.20246287552178366 | 0.3892103674070029
0.3707705224084288 | -0.20246287552178366 | 0.3892103674070029 | -0.782133736650596 | 0.5524778772619094:0.38441688277692077 | -0.18847742101616127 | 0.38929937638326706
0.38441688277692077 | -0.18847742101616127 | 0.38929937638326706 | -0.782133736650596 | 0.5524778772619094:0.39809576367859734 | -0.17437344701684765 | 0.3884092333176987
0.39809576367859734 | -0.17437344701684765 | 0.3884092333176987 | -0.782133736650596 | 0.5524778772619094:0.4117778257168183 | -0.1601928285879417 | 0.386529906396305
0.4117778257168183 | -0.1601928285879417 | 0.386529906396305 | -0.782133736650596 | 0.5524778772619094:0.42543338170142064 | -0.1459779809718018 | 0.3836540798366137
0.42543338170142064 | -0.1459779809718018 | 0.3836540798366137 | -0.782133736650596 | 0.5524778772619094:0.4390324808780388 | -0.13177174108071732 | 0.3797771890702144
0.4390324808780388 | -0.13177174108071732 | 0.3797771890702144 | -0.782133736650596 | 0.5524778772619094:0.45254499407389837 | -0.11761724753847957 | 0.3748974481480829
0.45254499407389837 | -0.11761724753847957 | 0.3748974481480829 | -0.782133736650596 | 0.5524778772619094:0.46594069952092454 | -0.10355781960892507 | 0.3690158692949943
0.46594069952092454 | -0.10355781960892507 | 0.3690158692949943 | -0.782133736650596 | 0.5524778772619094:0.4791893691157476 | -0.0896368353508965 | 0.36213627456106323
0.4791893691157476 | -0.0896368353508965 | 0.36213627456106323 | -0.782133736650596 | 0.5524778772619094:0.49226085487548765 | -0.07589760934035539 | 0.35426529954028396
0.49226085487548765 | -0.07589760934035539 | 0.35426529954028396 | -0.782133736650596 | 0.5524778772619094:0.5051251753481534 | -0.06238327030094304 | 0.3454123891476222
0.5051251753481534 | -0.06238327030094304 | 0.3454123891476222 | 0.21240263740212706 | -0.15127550453723582:0.5056476595510695 | -0.06646129831256253 | 0.35072212679530423
0.5056476595510695 | -0.06646129831256253 | 0.35072212679530423 | 0.21240263740212706 | -0.15127550453723582:0.5060824671642976 | -0.07061425953665257 | 0.3559892648859915
0.5060824671642976 | -0.07061425953665257 | 0.3559892648859915 | 0.21240263740212706 | -0.15127550453723582:0.5064304309698002 | -0.07484147918856898 | 0.3612118207469095
0.5064304309698002 | -0.07484147918856898 | 0.3612118207469095 | 0.21240263740212706 | -0.15127550453723582:0.5066923975635884 | -0.0791422581149579 | 0.3663878367097837
0.5066923975635884 | -0.0791422581149579 | 0.3663878367097837 | 0.21240263740212706 | -0.15127550453723582:0.5068692270899096 | -0.08351587321392273 | 0.371515380384313
0.5068692270899096 | -0.08351587321392273 | 0.371515380384313 | 0.21240263740212706 | -0.15127550453723582:0.5069617929748311 | -0.08796157785561576 | 0.37659254492380967
0.5069617929748311 | -0.08796157785561576 | 0.37659254492380967 | 0.21240263740212706 | -0.15127550453723582:0.5069709816592471 | -0.09247860230316363 | 0.3816174492831621
0.5069709816592471 | -0.09247860230316363 | 0.3816174492831621 | 0.21240263740212706 | -0.15127550453723582:0.5068976923313997 | -0.09706615413387887 | 0.3865882384690309
0.5068976923313997 | -0.09706615413387887 | 0.3865882384690309 | 0.21240263740212706 | -0.15127550453723582:0.5067428366589297 | -0.10172341866067569 | 0.3915030837824496
0.5067428366589297 | -0.10172341866067569 | 0.3915030837824496 | 0.21240263740212706 | -0.15127550453723582:0.5065073385205423 | -0.10644955935361544 | 0.39636018305377974
0.5065073385205423 | -0.10644955935361544 | 0.39636018305377974 | 0.21240263740212706 | -0.15127550453723582:0.5061921337373221 | -0.11124371826152846 | 0.401157760870106
0.5061921337373221 | -0.11124371826152846 | 0.401157760870106 | 0.21240263740212706 | -0.15127550453723582:0.505798169803743 | -0.11610501643363413 | 0.4058940687951136
0.505798169803743 | -0.11610501643363413 | 0.4058940687951136 | 0.21240263740212706 | -0.15127550453723582:0.5053264056184332 | -0.12103255434109883 | 0.4105673855814622
0.5053264056184332 | -0.12103255434109883 | 0.4105673855814622 | 0.21240263740212706 | -0.15127550453723582:0.5047778112147618 | -0.1260254122984552 | 0.4151760173757566
0.5047778112147618 | -0.1260254122984552 | 0.4151760173757566 | 0.21240263740212706 | -0.15127550453723582:0.5041533674912451 | -0.13108265088483861 | 0.4197182979160772
0.5041533674912451 | -0.13108265088483861 | 0.4197182979160772 | -0.6309323973707166 | 0.1552002957527927:0.5099365951453549 | -0.11836175264828519 | 0.42179598778155736
0.5099365951453549 | -0.11836175264828519 | 0.42179598778155736 | -0.6309323973707166 | 0.1552002957527927:0.5157235545213794 | -0.10551068053605661 | 0.42340353532553365
0.5157235545213794 | -0.10551068053605661 | 0.42340353532553365 | -0.6309323973707166 | 0.1552002957527927:0.5215104650235283 | -0.09254578942238645 | 0.4245351491963021
0.5215104650235283 | -0.09254578942238645 | 0.4245351491963021 | -0.6309323973707166 | 0.1552002957527927:0.5272934920079742 | -0.07948365285676573 | 0.42518565272698794
0.5272934920079742 | -0.07948365285676573 | 0.42518565272698794 | -0.6309323973707166 | 0.1552002957527927:0.5330687522593571 | -0.06634104102891314 | 0.42535049170869144
0.5330687522593571 | -0.06634104102891314 | 0.42535049170869144 | -0.6309323973707166 | 0.1552002957527927:0.5388323195208429 | -0.05313489850175479 | 0.42502574132958415
0.5388323195208429 | -0.05313489850175479 | 0.42502574132958415 | -0.6309323973707166 | 0.1552002957527927:0.5445802300705083 | -0.03988232174174655 | 0.4242081122736323
0.5445802300705083 | -0.03988232174174655 | 0.4242081122736323 | -0.6309323973707166 | 0.1552002957527927:0.5503084883368139 | -0.026600536475914538 | 0.4228949559738311
0.5503084883368139 | -0.026600536475914538 | 0.4228949559738311 | -0.6309323973707166 | 0.1552002957527927:0.5560130725458805 | -0.01330687490511373 | 0.42108426901585005
0.5560130725458805 | -0.01330687490511373 | 0.42108426901585005 | -0.6309323973707166 | 0.1552002957527927:0.5616899403932969 | -1.87528030632933E-5 | 0.418774696689006
0.5616899403932969 | -1.87528030632933E-5 | 0.418774696689006 | -0.6309323973707166 | 0.1552002957527927:0.5673350347332153 | 0.01324635346932368 | 0.41596553568265904
0.5673350347332153 | 0.01324635346932368 | 0.41596553568265904 | -0.6309323973707166 | 0.1552002957527927:0.5729442892774053 | 0.026470930004759197 | 0.41265673592700836
0.5729442892774053 | 0.026470930004759197 | 0.41265673592700836 | -0.6309323973707166 | 0.1552002957527927:0.5785136342970958 | 0.03963744841608374 | 0.40884890157853704
0.5785136342970958 | 0.03963744841608374 | 0.40884890157853704 | -0.6309323973707166 | 0.1552002957527927:0.5840390023203383 | 0.05272838889907838 | 0.40454329115129184
0.5840390023203383 | 0.05272838889907838 | 0.40454329115129184 | -0.6309323973707166 | 0.1552002957527927:0.5895163338177056 | 0.06572626326233078 | 0.3997418167961655
0.5895163338177056 | 0.06572626326233078 | 0.3997418167961655 | -0.6309323973707166 | 0.1552002957527927:0.5949415828692146 | 0.07861363789504416 | 0.39444704273147835
0.5949415828692146 | 0.07861363789504416 | 0.39444704273147835 | -0.6309323973707166 | 0.1552002957527927:0.6003107228053679 | 0.0913731566439342 | 0.3886621828292789
0.6003107228053679 | 0.0913731566439342 | 0.3886621828292789 | -0.6309323973707166 | 0.1552002957527927:0.6056197518152651 | 0.103987563570481 | 0.382391097362472
0.6056197518152651 | 0.103987563570481 | 0.382391097362472 | -0.6309323973707166 | 0.1552002957527927:0.6108646985148631 | 0.11643972556019122 | 0.37563828891931905
0.6108646985148631 | 0.11643972556019122 | 0.37563828891931905 | -0.6309323973707166 | 0.1552002957527927:0.6160416274684835 | 0.1287126547556916 | 0.3684088974924862
0.6160416274684835 | 0.1287126547556916 | 0.3684088974924862 | -0.6309323973707166 | 0.1552002957527927:0.6211466446567293 | 0.14078953078591638 | 0.36070869475096146
0.6211466446567293 | 0.14078953078591638 | 0.36070869475096146 | -0.6309323973707166 | 0.1552002957527927:0.6261759028841638 | 0.15265372276389222 | 0.3525440775041915
0.6261759028841638 | 0.15265372276389222 | 0.3525440775041915 | -0.6309323973707166 | 0.1552002957527927:0.6311256071201043 | 0.1642888110261289 | 0.34392206036855555
0.6311256071201043 | 0.1642888110261289 | 0.34392206036855555 | -0.6309323973707166 | 0.1552002957527927:0.6359920197660145 | 0.17567860858693685 | 0.3348502676473757
0.6359920197660145 | 0.17567860858693685 | 0.3348502676473757 | -0.6309323973707166 | 0.1552002957527927:0.6407714658431161 | 0.1868071822814965 | 0.325336924436499
0.6407714658431161 | 0.1868071822814965 | 0.325336924436499 | -0.6309323973707166 | 0.1552002957527927:0.6454603380939758 | 0.1976588735719833 | 0.31539084696849073
0.6454603380939758 | 0.1976588735719833 | 0.31539084696849073 | -0.6309323973707166 | 0.1552002957527927:0.6500551019918603 | 0.20821831899149856 | 0.3050214322091378
0.6500551019918603 | 0.20821831899149856 | 0.3050214322091378 | -0.6309323973707166 | 0.1552002957527927:0.6545523006519147 | 0.21847047020117216 | 0.29423864672114064
0.6545523006519147 | 0.21847047020117216 | 0.29423864672114064 | -0.6309323973707166 | 0.1552002957527927:0.6589485596382332 | 0.22840061363627662 | 0.2830530148103705
0.6589485596382332 | 0.22840061363627662 | 0.2830530148103705 | -0.6309323973707166 | 0.1552002957527927:0.6632405916611575 | 0.23799438971783538 | 0.2714756059711618
0.6632405916611575 | 0.23799438971783538 | 0.2714756059711618 | -0.6309323973707166 | 0.1552002957527927:0.6674252011591477 | 0.2472378116067695 | 0.2595180216476649
0.6674252011591477 | 0.2472378116067695 | 0.2595180216476649 | -0.6309323973707166 | 0.1552002957527927:0.6714992887599394 | 0.2561172834783143 | 0.2471923813293202
0.6714992887599394 | 0.2561172834783143 | 0.2471923813293202 | -0.6309323973707166 | 0.1552002957527927:0.6754598556155926 | 0.26461961829503977 | 0.23451130799898579
0.6754598556155926 | 0.26461961829503977 | 0.23451130799898579 | -0.6309323973707166 | 0.1552002957527927:0.6793040076064614 | 0.2727320550574923 | 0.22148791295311554
0.6793040076064614 | 0.2727320550574923 | 0.22148791295311554 | -0.6309323973707166 | 0.1552002957527927:0.6830289594090999 | 0.2804422755122449 | 0.2081357800141319
0.6830289594090999 | 0.2804422755122449 | 0.2081357800141319 | -0.6309323973707166 | 0.1552002957527927:0.6866320384235038 | 0.28773842029775487 | 0.1944689491556062
0.6866320384235038 | 0.28773842029775487 | 0.1944689491556062 | -0.6309323973707166 | 0.1552002957527927:0.6901106885549382 | 0.2946091045092434 | 0.18050189956176865
0.6901106885549382 | 0.2946091045092434 | 0.18050189956176865 | -0.6309323973707166 | 0.1552002957527927:0.6934624738462389 | 0.3010434326645761 | 0.16624953214317628
0.6934624738462389 | 0.3010434326645761 | 0.16624953214317628 | -0.6309323973707166 | 0.1552002957527927:0.6966850819562538 | 0.3070310130538232 | 0.15172715153124727
0.6966850819562538 | 0.3070310130538232 | 0.15172715153124727 | -0.6309323973707166 | 0.1552002957527927:0.6997763274805422 | 0.3125619714560841 | 0.13695044757467656
0.6997763274805422 | 0.3125619714560841 | 0.13695044757467656 | -0.6309323973707166 | 0.1552002957527927:0.7027341551105337 | 0.3176269642078715 | 0.12193547636150015
0.7027341551105337 | 0.3176269642078715 | 0.12193547636150015 | -0.6309323973707166 | 0.1552002957527927:0.7055566426276698 | 0.3222171906082334 | 0.1066986407908459
0.7055566426276698 | 0.3222171906082334 | 0.1066986407908459 | -0.6309323973707166 | 0.1552002957527927:0.7082420037290618 | 0.3263244046466127 | 0.09125667071903365
0.7082420037290618 | 0.3263244046466127 | 0.09125667071903365 | -0.6309323973707166 | 0.1552002957527927:0.7107885906816449 | 0.3299409260403081 | 0.07562660270512112
0.7107885906816449 | 0.3299409260403081 | 0.07562660270512112 | -0.6309323973707166 | 0.1552002957527927:0.7131948968018378 | 0.33305965056922915 | 0.05982575938123347
0.7131948968018378 | 0.33305965056922915 | 0.05982575938123347 | 0.9914771930121138 | 0.1787504826507169:0.715752368656652 | 0.33056544087520834 | 0.07006582042675547
0.715752368656652 | 0.33056544087520834 | 0.07006582042675547 | 0.9914771930121138 | 0.1787504826507169:0.7183829544760911 | 0.32754785308015055 | 0.08017064178891786
0.7183829544760911 | 0.32754785308015055 | 0.08017064178891786 | 0.9914771930121138 | 0.1787504826507169:0.7210855893871297 | 0.32401325789164126 | 0.09011275356257897
0.7210855893871297 | 0.32401325789164126 | 0.09011275356257897 | 0.9914771930121138 | 0.1787504826507169:0.7238589526478165 | 0.31996944204218103 | 0.09986500663183762
0.7238589526478165 | 0.31996944204218103 | 0.09986500663183762 | 0.9914771930121138 | 0.1787504826507169:0.7267014709645068 | 0.31542559187647523 | 0.1094006483495491
0.7267014709645068 | 0.31542559187647523 | 0.1094006483495491 | 0.19061182280760702 | -0.5330920861497321:0.7252594174646987 | 0.3151559123280645 | 0.13205944097828848
0.7252594174646987 | 0.3151559123280645 | 0.13205944097828848 | 0.19061182280760702 | -0.5330920861497321:0.7231864260348573 | 0.31465927578343056 | 0.15471995279789041
0.7231864260348573 | 0.31465927578343056 | 0.15471995279789041 | 0.19061182280760702 | -0.5330920861497321:0.7204816550420858 | 0.31393529814141363 | 0.17736183328677413
0.7204816550420858 | 0.31393529814141363 | 0.17736183328677413 | 0.19061182280760702 | -0.5330920861497321:0.7171448530495397 | 0.3129838060119017 | 0.19996469625473168
0.7171448530495397 | 0.3129838060119017 | 0.19996469625473168 | 0.19061182280760702 | -0.5330920861497321:0.713176359476229 | 0.3118048370453108 | 0.2225081391885695
0.713176359476229 | 0.3118048370453108 | 0.2225081391885695 | -0.36891992829996734 | 0.1849717919348166:0.7168327210423442 | 0.3165990630489697 | 0.2106083494172779
0.7168327210423442 | 0.3165990630489697 | 0.2106083494172779 | -0.36891992829996734 | 0.1849717919348166:0.7203655756069196 | 0.32117445293488345 | 0.19855482966112703
0.7203655756069196 | 0.32117445293488345 | 0.19855482966112703 | -0.36891992829996734 | 0.1849717919348166:0.7237733580561354 | 0.32552757217723993 | 0.1863532261047922
0.7237733580561354 | 0.32552757217723993 | 0.1863532261047922 | -0.36891992829996734 | 0.1849717919348166:0.7270545620977771 | 0.32965510538998544 | 0.1740092704334657
0.7270545620977771 | 0.32965510538998544 | 0.1740092704334657 | -0.36891992829996734 | 0.1849717919348166:0.7302077410480337 | 0.33355385789922787 | 0.1615287766648308
0.7302077410480337 | 0.33355385789922787 | 0.1615287766648308 | -0.6191362837979901 | 0.6763509912292336:0.7365255472976528 | 0.3391421566577275 | 0.12663120843244968
0.7365255472976528 | 0.3391421566577275 | 0.12663120843244968 | -0.6191362837979901 | 0.6763509912292336:0.7416459326500302 | 0.34364835681613703 | 0.09130340317061325
0.7416459326500302 | 0.34364835681613703 | 0.09130340317061325 | -0.6191362837979901 | 0.6763509912292336:0.7455535738930621 | 0.3470571883740514 | 0.05562092638804472
0.7455535738930621 | 0.3470571883740514 | 0.05562092638804472 | -0.6191362837979901 | 0.6763509912292336:0.7482357949171146 | 0.34935578877922824 | 0.01966040467224417
0.7482357949171146 | 0.34935578877922824 | 0.01966040467224417 | -0.6191362837979901 | 0.6763509912292336:0.7496826027713297 | 0.35053373857169356 | -0.016500645227957023
0.7496826027713297 | 0.35053373857169356 | -0.016500645227957023 | -0.6191362837979901 | 0.6763509912292336:0.7498867176421342 | 0.3505830915005199 | -0.05278398966049025
0.7498867176421342 | 0.3505830915005199 | -0.05278398966049025 | -0.6191362837979901 | 0.6763509912292336:0.7488435966801887 | 0.3494983990397015 | -0.08911085327250134
0.7488435966801887 | 0.3494983990397015 | -0.08911085327250134 | -0.6191362837979901 | 0.6763509912292336:0.7465514516161917 | 0.3472767292424145 | -0.12540209575698924
0.7465514516161917 | 0.3472767292424145 | -0.12540209575698924 | -0.6191362837979901 | 0.6763509912292336:0.7430112601204115 | 0.3439176798859355 | -0.16157838973948913
0.7430112601204115 | 0.3439176798859355 | -0.16157838973948913 | -0.6191362837979901 | 0.6763509912292336:0.738226770874661 | 0.33942338587256127 | -0.19756039939850467
0.738226770874661 | 0.33942338587256127 | -0.19756039939850467 | -0.6191362837979901 | 0.6763509912292336:0.7322045023404513 | 0.3337985208650257 | -0.23326895941136883
0.7322045023404513 | 0.3337985208650257 | -0.23326895941136883 | -0.6191362837979901 | 0.6763509912292336:0.7249537352209217 | 0.32705029314808914 | -0.26862525381686453
0.7249537352209217 | 0.32705029314808914 | -0.26862525381686453 | -0.6191362837979901 | 0.6763509912292336:0.7164864986288109 | 0.31918843572116384 | -0.3035509943859722
0.7164864986288109 | 0.31918843572116384 | -0.3035509943859722 | -0.6191362837979901 | 0.6763509912292336:0.7068175499871359 | 0.3102251906400073 | -0.337968598093191
0.7068175499871359 | 0.3102251906400073 | -0.337968598093191 | -0.6191362837979901 | 0.6763509912292336:0.695964348703427 | 0.3001752876386272 | -0.37180136328326086
0.695964348703427 | 0.3001752876386272 | -0.37180136328326086 | -0.6191362837979901 | 0.6763509912292336:0.6839470236724878 | 0.28905591707557377 | -0.4049736441307843
0.6839470236724878 | 0.28905591707557377 | -0.4049736441307843 | -0.6191362837979901 | 0.6763509912292336:0.6707883346769137 | 0.27688669726171655 | -0.43741102299429
0.6707883346769137 | 0.27688669726171655 | -0.43741102299429 | -0.6191362837979901 | 0.6763509912292336:0.6565136277683052 | 0.2636896362393797 | -0.46904048027126777
0.6565136277683052 | 0.2636896362393797 | -0.46904048027126777 | -0.6191362837979901 | 0.6763509912292336:0.6411507847258946 | 0.24948908809532488 | -0.499790561365991
0.6411507847258946 | 0.24948908809532488 | -0.499790561365991 | -0.6191362837979901 | 0.6763509912292336:0.6247301667025909 | 0.23431170390248202 | -0.5295915403889637
0.6247301667025909 | 0.23431170390248202 | -0.5295915403889637 | -0.6191362837979901 | 0.6763509912292336:0.6072845521818806 | 0.218186377397517 | -0.558375580213962
0.6072845521818806 | 0.218186377397517 | -0.558375580213962 | -0.6191362837979901 | 0.6763509912292336:0.58884906938178 | 0.20114418551326718 | -0.5860768885270033
0.58884906938178 | 0.20114418551326718 | -0.5860768885270033 | -0.6191362837979901 | 0.6763509912292336:0.5694611232545839 | 0.1832183238967282 | -0.612631869510686
0.5694611232545839 | 0.1832183238967282 | -0.612631869510686 | -0.6191362837979901 | 0.6763509912292336:0.5491603172434338 | 0.16444403755464077 | -0.6379792708172403
0.5491603172434338 | 0.16444403755464077 | -0.6379792708172403 | -0.6191362837979901 | 0.6763509912292336:0.5279883699686962 | 0.1448585467797412 | -0.6620603254942239
0.5279883699686962 | 0.1448585467797412 | -0.6620603254942239 | -0.23025612049623545 | 0.03516057913769388:0.5276847001374136 | 0.13745197838938195 | -0.6657012149699568
0.5276847001374136 | 0.13745197838938195 | -0.6657012149699568 | -0.23025612049623545 | 0.03516057913769388:0.5273642385179187 | 0.12998929795968284 | -0.6692491517486872
0.5273642385179187 | 0.12998929795968284 | -0.6692491517486872 | -0.23025612049623545 | 0.03516057913769388:0.5270272674173384 | 0.1224718058479084 | -0.6727033503803241
0.5270272674173384 | 0.1224718058479084 | -0.6727033503803241 | -0.23025612049623545 | 0.03516057913769388:0.5266740695169858 | 0.11490081041251887 | -0.6760630448915848
0.5266740695169858 | 0.11490081041251887 | -0.6760630448915848 | -0.23025612049623545 | 0.03516057913769388:0.5263049278407834 | 0.10727762775292327 | -0.6793274888250451
