0.0 | 0.0 | 0.0 | -0.4462118306531313 | -0.7880927085932194:-3.9384634661929647E-4 | 2.2308740682774886E-4 | 0.009989750600699175
-3.9384634661929647E-4 | 2.2308740682774886E-4 | 0.009989750600699175 | -0.4462118306531313 | -0.7880927085932194:-0.00156570660392665 | 8.873223785655915E-4 | 0.01981845659547981
-0.00156570660392665 | 8.873223785655915E-4 | 0.01981845659547981 | -0.4462118306531313 | -0.7880927085932194:-0.00349882863941766 | 0.0019838870392532293 | 0.02942739865104413
-0.00349882863941766 | 0.0019838870392532293 | 0.02942739865104413 | -0.4462118306531313 | -0.7880927085932194:-0.006173556825004064 | 0.003502301765482385 | 0.038759456992997786
-0.006173556825004064 | 0.003502301765482385 | 0.038759456992997786 | -0.4462118306531313 | -0.7880927085932194:-0.009567432269135442 | 0.0054304799928514 | 0.04775928533413411
-0.009567432269135442 | 0.0054304799928514 | 0.04775928533413411 | -0.4462118306531313 | -0.7880927085932194:-0.01365530033718666 | 0.007754787230428994 | 0.05637347746805485
-0.01365530033718666 | 0.007754787230428994 | 0.05637347746805485 | 0.501040348802082 | 0.22569010351365004:-0.015110396865122881 | 0.007360262698474118 | 0.06582263588300183
-0.015110396865122881 | 0.007360262698474118 | 0.06582263588300183 | 0.501040348802082 | 0.22569010351365004:-0.016335685634163433 | 0.006492430861629428 | 0.07522882396664321
-0.016335685634163433 | 0.006492430861629428 | 0.07522882396664321 | 0.501040348802082 | 0.22569010351365004:-0.017333619219516025 | 0.00515609681438689 | 0.08457083890561401
-0.017333619219516025 | 0.00515609681438689 | 0.08457083890561401 | 0.501040348802082 | 0.22569010351365004:-0.018106944166877664 | 0.003356726248293307 | 0.09382781326159895
-0.018106944166877664 | 0.003356726248293307 | 0.09382781326159895 | 0.501040348802082 | 0.22569010351365004:-0.018658694397643297 | 0.0011004310457296551 | 0.10297923672518672
-0.018658694397643297 | 0.0011004310457296551 | 0.10297923672518672 | 0.501040348802082 | 0.22569010351365004:-0.01899218437853241 | -0.0016060456569417791 | 0.11200497723244296
-0.01899218437853241 | -0.0016060456569417791 | 0.11200497723244296 | 0.501040348802082 | 0.22569010351365004:-0.019111002065095806 | -0.004755344916024251 | 0.12088530143080622
-0.019111002065095806 | -0.004755344916024251 | 0.12088530143080622 | 0.501040348802082 | 0.22569010351365004:-0.01901900162866091 | -0.008339507915872346 | 0.12960089448165935
-0.01901900162866091 | -0.008339507915872346 | 0.12960089448165935 | 0.501040348802082 | 0.22569010351365004:-0.018720295976360796 | -0.012349992371751606 | 0.13813287918768113
-0.018720295976360796 | -0.012349992371751606 | 0.13813287918768113 | 0.501040348802082 | 0.22569010351365004:-0.018219249073970267 | -0.016777689378731475 | 0.1464628344338379
-0.018219249073970267 | -0.016777689378731475 | 0.1464628344338379 | -0.5913771031425341 | 0.31181477032522786:-0.01683987488202393 | -0.013153334618098311 | 0.15559642960820397
-0.01683987488202393 | -0.013153334618098311 | 0.15559642960820397 | -0.5913771031425341 | 0.31181477032522786:-0.015180305796902216 | -0.009006199045527019 | 0.16454221903226984
-0.015180305796902216 | -0.009006199045527019 | 0.16454221903226984 | -0.5913771031425341 | 0.31181477032522786:-0.01324610734274373 | -0.0043462992518341625 | 0.17327145657116128
-0.01324610734274373 | -0.0043462992518341625 | 0.17327145657116128 | -0.5913771031425341 | 0.31181477032522786:-0.011043401146543619 | 8.152826087246545E-4 | 0.18175605074000512
-0.011043401146543619 | 8.152826087246545E-4 | 0.18175605074000512 | -0.5913771031425341 | 0.31181477032522786:-0.008578848984207688 | 0.006466428419459769 | 0.18996860999972887
-0.008578848984207688 | 0.006466428419459769 | 0.18996860999972887 | 0.8593621287081825 | 0.6823060320069398:-0.0021797602599383237 | -0.0017719495323849088 | 0.1983495194012086
-0.0021797602599383237 | -0.0017719495323849088 | 0.1983495194012086 | 0.8593621287081825 | 0.6823060320069398:0.004763114628561493 | -0.01070624016597388 | 0.2060527919647419
0.004763114628561493 | -0.01070624016597388 | 0.2060527919647419 | 0.8593621287081825 | 0.6823060320069398:0.012218811188349055 | -0.02029898553145082 | 0.21300824201750457
0.012218811188349055 | -0.02029898553145082 | 0.21300824201750457 | 0.8593621287081825 | 0.6823060320069398:0.0201533578282779 | -0.030508862753443333 | 0.21914926374729227
0.0201533578282779 | -0.030508862753443333 | 0.21914926374729227 | 0.8593621287081825 | 0.6823060320069398:0.02852994115371879 | -0.041290885473901584 | 0.22441314583984528
0.02852994115371879 | -0.041290885473901584 | 0.22441314583984528 | 0.8593621287081825 | 0.6823060320069398:0.03730908288692569 | -0.05259662033437107 | 0.2287413676785226
0.03730908288692569 | -0.05259662033437107 | 0.2287413676785226 | 0.8593621287081825 | 0.6823060320069398:0.04644882761567046 | -0.064374417516742 | 0.23207987601772828
0.04644882761567046 | -0.064374417516742 | 0.23207987601772828 | 0.8593621287081825 | 0.6823060320069398:0.055904940536810305 | -0.07656965431441609 | 0.23437934112548797
0.055904940536810305 | -0.07656965431441609 | 0.23437934112548797 | 0.8593621287081825 | 0.6823060320069398:0.06563111432889421 | -0.08912499066295632 | 0.23559539147758501
0.06563111432889421 | -0.08912499066295632 | 0.23559539147758501 | 0.8593621287081825 | 0.6823060320069398:0.07557918425884645 | -0.10198063552074288 | 0.23568882617541043
0.07557918425884645 | -0.10198063552074288 | 0.23568882617541043 | -0.40042187470314716 | -0.542407592879135:0.07099656984557871 | -0.0999018825300273 | 0.24620096780267442
0.07099656984557871 | -0.0999018825300273 | 0.24620096780267442 | -0.40042187470314716 | -0.542407592879135:0.06593478807684525 | -0.09745603618684529 | 0.25657548004293673
0.06593478807684525 | -0.09745603618684529 | 0.25657548004293673 | -0.40042187470314716 | -0.542407592879135:0.06039915350567279 | -0.0946468490960084 | 0.2667833399117736
0.06039915350567279 | -0.0946468490960084 | 0.2667833399117736 | -0.40042187470314716 | -0.542407592879135:0.05439598569402915 | -0.09147881836478056 | 0.27679590338736393
0.05439598569402915 | -0.09147881836478056 | 0.27679590338736393 | -0.40042187470314716 | -0.542407592879135:0.04793259192903093 | -0.08795717335274822 | 0.2865849550513344
0.04793259192903093 | -0.08795717335274822 | 0.2865849550513344 | -0.40042187470314716 | -0.542407592879135:0.04101724846658955 | -0.08408786232369625 | 0.2961227566493543
0.04101724846658955 | -0.08408786232369625 | 0.2961227566493543 | -0.40042187470314716 | -0.542407592879135:0.03365918034350279 | -0.07987753802912545 | 0.30538209450789466
0.03365918034350279 | -0.07987753802912545 | 0.30538209450789466 | -0.40042187470314716 | -0.542407592879135:0.025868539800641188 | -0.07533354225428646 | 0.3143363257457734
0.025868539800641188 | -0.07533354225428646 | 0.3143363257457734 | -0.40042187470314716 | -0.542407592879135:0.017656383361444816 | -0.07046388935877301 | 0.3229594232213673
0.017656383361444816 | -0.07046388935877301 | 0.3229594232213673 | -0.40042187470314716 | -0.542407592879135:0.009034647611440128 | -0.06527724884485941 | 0.33122601915871197
0.009034647611440128 | -0.06527724884485941 | 0.33122601915871197 | -0.40042187470314716 | -0.542407592879135:1.6123725902872366E-5 | -0.05978292698781695 | 0.339111447398051
1.6123725902872366E-5 | -0.05978292698781695 | 0.339111447398051 | -0.40042187470314716 | -0.542407592879135:-0.009385569205862365 | -0.05399084756348227 | 0.34659178421887393
-0.009385569205862365 | -0.05399084756348227 | 0.34659178421887393 | -0.40042187470314716 | -0.542407592879135:-0.01915601200989514 | -0.04791153170928508 | 0.3536438876859016
-0.01915601200989514 | -0.04791153170928508 | 0.3536438876859016 | -0.40042187470314716 | -0.542407592879135:-0.02928001435968508 | -0.04155607695586383 | 0.36024543547103605
-0.02928001435968508 | -0.04155607695586383 | 0.36024543547103605 | -0.40042187470314716 | -0.542407592879135:-0.039741644758985006 | -0.03493613546722507 | 0.36637496110682477
-0.039741644758985006 | -0.03493613546722507 | 0.36637496110682477 | 0.13324703460335918 | -0.6838761614051552:-0.053124234996814956 | -0.03801218622913627 | 0.3707640997263777
-0.053124234996814956 | -0.03801218622913627 | 0.3707640997263777 | 0.13324703460335918 | -0.6838761614051552:-0.06684873295660926 | -0.04115194830288038 | 0.3745725567536251
-0.06684873295660926 | -0.04115194830288038 | 0.3745725567536251 | 0.13324703460335918 | -0.6838761614051552:-0.0808895600070802 | -0.04435054573221908 | 0.37778262210384206
-0.0808895600070802 | -0.04435054573221908 | 0.37778262210384206 | 0.13324703460335918 | -0.6838761614051552:-0.09522040532888852 | -0.04760295552002125 | 0.3803777596454836
-0.09522040532888852 | -0.04760295552002125 | 0.3803777596454836 | 0.13324703460335918 | -0.6838761614051552:-0.10981427670036083 | -0.05090401743534079 | 0.3823426348071699
-0.10981427670036083 | -0.05090401743534079 | 0.3823426348071699 | 0.13324703460335918 | -0.6838761614051552:-0.1246435521649557 | -0.054248443999557416 | 0.38366313998396073
-0.1246435521649557 | -0.054248443999557416 | 0.38366313998396073 | 0.13324703460335918 | -0.6838761614051552:-0.13968003249206262 | -0.057630830634450625 | 0.3843264177179968
-0.13968003249206262 | -0.057630830634450625 | 0.3843264177179968 | 0.13324703460335918 | -0.6838761614051552:-0.15489499434222825 | -0.061045665954940986 | 0.3843208816321617
-0.15489499434222825 | -0.061045665954940986 | 0.3843208816321617 | 0.13324703460335918 | -0.6838761614051552:-0.17025924404754922 | -0.06448734218918473 | 0.3836362350989404
-0.17025924404754922 | -0.06448734218918473 | 0.3836362350989404 | 0.13324703460335918 | -0.6838761614051552:-0.1857431719177426 | -0.06795016570862167 | 0.38226348763021356
-0.1857431719177426 | -0.06795016570862167 | 0.38226348763021356 | 0.13324703460335918 | -0.6838761614051552:-0.20131680698230736 | -0.07142836765057048 | 0.38019496897722327
-0.20131680698230736 | -0.07142836765057048 | 0.38019496897722327 | 0.13324703460335918 | -0.6838761614051552:-0.2169498720792249 | -0.07491611461594072 | 0.37742434093348365
-0.2169498720792249 | -0.07491611461594072 | 0.37742434093348365 | 0.13324703460335918 | -0.6838761614051552:-0.23261183920080186 | -0.07840751942466317 | 0.37394660683689374
-0.23261183920080186 | -0.07840751942466317 | 0.37394660683689374 | 0.13324703460335918 | -0.6838761614051552:-0.24827198500754744 | -0.08189665191147588 | 0.3697581187707879
-0.24827198500754744 | -0.08189665191147588 | 0.3697581187707879 | 0.13324703460335918 | -0.6838761614051552:-0.2638994464213875 | -0.08537754974478018 | 0.36485658246709995
-0.2638994464213875 | -0.08537754974478018 | 0.36485658246709995 | 0.6511706350073552 | 0.7133411771641387:-0.2537915455521915 | -0.09835832065053918 | 0.3754499315721471
-0.2537915455521915 | -0.09835832065053918 | 0.3754499315721471 | 0.6511706350073552 | 0.7133411771641387:-0.2431426532449401 | -0.11180629970526645 | 0.38526693492884156
-0.2431426532449401 | -0.11180629970526645 | 0.38526693492884156 | 0.6511706350073552 | 0.7133411771641387:-0.23198277856301264 | -0.1256952106489555 | 0.3942631064634181
-0.23198277856301264 | -0.1256952106489555 | 0.3942631064634181 | 0.6511706350073552 | 0.7133411771641387:-0.2203438347835731 | -0.1399969996771926 | 0.40239613413356246
-0.2203438347835731 | -0.1399969996771926 | 0.40239613413356246 | 0.6511706350073552 | 0.7133411771641387:-0.2082595473702491 | -0.15468191712410695 | 0.40962602498382594
-0.2082595473702491 | -0.15468191712410695 | 0.40962602498382594 | 0.6511706350073552 | 0.7133411771641387:-0.19576535628925917 | -0.16971860442350994 | 0.41591524313022177
-0.19576535628925917 | -0.16971860442350994 | 0.41591524313022177 | 0.6511706350073552 | 0.7133411771641387:-0.18289831297218884 | -0.1850741860779168 | 0.42122884027769913
-0.18289831297218884 | -0.1850741860779168 | 0.42122884027769913 | 0.6511706350073552 | 0.7133411771641387:-0.16969697224284097 | -0.2007143663517743 | 0.42553457839719044
-0.16969697224284097 | -0.2007143663517743 | 0.42553457839719044 | 0.6511706350073552 | 0.7133411771641387:-0.15620127953886653 | -0.2166035303927023 | 0.42880304421302284
-0.15620127953886653 | -0.2166035303927023 | 0.42880304421302284 | 0.6511706350073552 | 0.7133411771641387:-0.14245245377116644 | -0.232704849472956 | 0.4310077551762461
-0.14245245377116644 | -0.232704849472956 | 0.4310077551762461 | 0.6511706350073552 | 0.7133411771641387:-0.12849286617530797 | -0.2489803900325862 | 0.432125256625163
-0.12849286617530797 | -0.2489803900325862 | 0.432125256625163 | 0.6511706350073552 | 0.7133411771641387:-0.11436591551943831 | -0.2653912261960558 | 0.4321352098605722
-0.11436591551943831 | -0.2653912261960558 | 0.4321352098605722 | 0.6511706350073552 | 0.7133411771641387:-0.10011590004233017 | -0.28189755542523276 | 0.4310204708903811
-0.10011590004233017 | -0.28189755542523276 | 0.4310204708903811 | 0.6511706350073552 | 0.7133411771641387:-0.0857878865032502 | -0.2984588169638833 | 0.4287671596255791
-0.0857878865032502 | -0.2984588169638833 | 0.4287671596255791 | 0.6511706350073552 | 0.7133411771641387:-0.07142757673234623 | -0.31503381272196496 | 0.4253647193376864
-0.07142757673234623 | -0.31503381272196496 | 0.4253647193376864 | 0.6511706350073552 | 0.7133411771641387:-0.05708117207609664 | -0.3315808302421974 | 0.42080596621619293
-0.05708117207609664 | -0.3315808302421974 | 0.42080596621619293 | 0.6511706350073552 | 0.7133411771641387:-0.04279523613709291 | -0.34805776738659766 | 0.41508712889315547
-0.04279523613709291 | -0.34805776738659766 | 0.41508712889315547 | 0.6511706350073552 | 0.7133411771641387:-0.028616556211072286 | -0.3644222583768917 | 0.4082078778311313
-0.028616556211072286 | -0.3644222583768917 | 0.4082078778311313 | 0.6511706350073552 | 0.7133411771641387:-0.014592003826578548 | -0.3806318008199856 | 0.40017134449973923
-0.014592003826578548 | -0.3806318008199856 | 0.40017134449973923 | 0.6511706350073552 | 0.7133411771641387:-7.68394793975169E-4 | -0.39664388334794864 | 0.39098413029531187
-7.68394793975169E-4 | -0.39664388334794864 | 0.39098413029531187 | 0.6511706350073552 | 0.7133411771641387:0.012807650829224748 | -0.4124161135013189 | 0.38065630518730487
0.012807650829224748 | -0.4124161135013189 | 0.38065630518730487 | 0.6511706350073552 | 0.7133411771641387:0.026089848450680186 | -0.4279063454848533 | 0.36920139610431235
0.026089848450680186 | -0.4279063454848533 | 0.36920139610431235 | 0.6511706350073552 | 0.7133411771641387:0.039032387929141876 | -0.44307280742625466 | 0.35663636510138375
0.039032387929141876 | -0.44307280742625466 | 0.35663636510138375 | 0.6511706350073552 | 0.7133411771641387:0.05159007143310301 | -0.45787422777076436 | 0.342981577379188
0.05159007143310301 | -0.45787422777076436 | 0.342981577379188 | 0.6511706350073552 | 0.7133411771641387:0.06371844977546814 | -0.4722699604479139 | 0.3282607592539293
0.06371844977546814 | -0.4722699604479139 | 0.3282607592539293 | -0.9508684800941121 | 0.5014122514986346:0.07300835273118089 | -0.4594567285782567 | 0.3511657210000294
0.07300835273118089 | -0.4594567285782567 | 0.3511657210000294 | -0.9508684800941121 | 0.5014122514986346:0.08291500419549447 | -0.44541304562399553 | 0.3733100715076283
0.08291500419549447 | -0.44541304562399553 | 0.3733100715076283 | -0.9508684800941121 | 0.5014122514986346:0.093419710007689 | -0.43017282030279524 | 0.394610806522838
0.093419710007689 | -0.43017282030279524 | 0.394610806522838 | -0.9508684800941121 | 0.5014122514986346:0.10450146644981473 | -0.41377438728229876 | 0.4149870170143153
0.10450146644981473 | -0.41377438728229876 | 0.4149870170143153 | -0.9508684800941121 | 0.5014122514986346:0.11613701959751177 | -0.396260401732885 | 0.4343601868326772
0.11613701959751177 | -0.396260401732885 | 0.4343601868326772 | -0.9508684800941121 | 0.5014122514986346:0.12830093277554466 | -0.37767771833327046 | 0.4526544830080006
0.12830093277554466 | -0.37767771833327046 | 0.4526544830080006 | -0.9508684800941121 | 0.5014122514986346:0.140965661891864 | -0.35807725513372546 | 0.46979703766788816
0.140965661891864 | -0.35807725513372546 | 0.46979703766788816 | -0.9508684800941121 | 0.5014122514986346:0.1541016383972127 | -0.33751384273325513 | 0.4857182205882573
0.1541016383972127 | -0.33751384273325513 | 0.4857182205882573 | -0.9508684800941121 | 0.5014122514986346:0.16767735959141428 | -0.3160460592769514 | 0.5003519014219648
0.16767735959141428 | -0.3160460592769514 | 0.5003519014219648 | -0.9508684800941121 | 0.5014122514986346:0.1816594859725753 | -0.29373605182778917 | 0.5136357006862831
0.1816594859725753 | -0.29373605182778917 | 0.5136357006862831 | 0.037229256626216234 | -0.44629527047363493:0.1712133660868549 | -0.2965058718810827 | 0.5201965447293269
0.1712133660868549 | -0.2965058718810827 | 0.5201965447293269 | 0.037229256626216234 | -0.44629527047363493:0.16054260165604894 | -0.2992756202262399 | 0.5265046856946256
0.16054260165604894 | -0.2992756202262399 | 0.5265046856946256 | 0.037229256626216234 | -0.44629527047363493:0.1496539994768571 | -0.30204492565814256 | 0.5325535400144261
0.1496539994768571 | -0.30204492565814256 | 0.5325535400144261 | 0.037229256626216234 | -0.44629527047363493:0.13855453624817615 | -0.3048134007128809 | 0.5383367194817836
0.13855453624817615 | -0.3048134007128809 | 0.5383367194817836 | 0.037229256626216234 | -0.44629527047363493:0.12725135300689505 | -0.3075806421473182 | 0.5438480351545394
0.12725135300689505 | -0.3075806421473182 | 0.5438480351545394 | 0.0027501829342202466 | -0.5663887049748944:0.11243750185081502 | -0.3094038678608815 | 0.5503006455167494
0.11243750185081502 | -0.3094038678608815 | 0.5503006455167494 | 0.0027501829342202466 | -0.5663887049748944:0.09735311430705762 | -0.31121091973188797 | 0.5563161955814095
0.09735311430705762 | -0.31121091973188797 | 0.5563161955814095 | 0.0027501829342202466 | -0.5663887049748944:0.08201206304693498 | -0.3130019062629117 | 0.5618847294693907
0.08201206304693498 | -0.3130019062629117 | 0.5618847294693907 | 0.0027501829342202466 | -0.5663887049748944:0.06642855197285868 | -0.3147769325648184 | 0.5669967527067854
0.06642855197285868 | -0.3147769325648184 | 0.5669967527067854 | 0.0027501829342202466 | -0.5663887049748944:0.05061710063856584 | -0.3165361004492482 | 0.5716432422865125
0.05061710063856584 | -0.3165361004492482 | 0.5716432422865125 | -0.9692623926981159 | 0.40298181302430924:0.06274777834124379 | -0.2899885063963481 | 0.5882444568138112
0.06274777834124379 | -0.2899885063963481 | 0.5882444568138112 | -0.9692623926981159 | 0.40298181302430924:0.07524358426191369 | -0.26250335202861663 | 0.6033238158153011
0.07524358426191369 | -0.26250335202861663 | 0.6033238158153011 | -0.9692623926981159 | 0.40298181302430924:0.08807276021998356 | -0.23415580192740038 | 0.6168212204315964
0.08807276021998356 | -0.23415580192740038 | 0.6168212204315964 | -0.9692623926981159 | 0.40298181302430924:0.10120223237248038 | -0.20502429222603524 | 0.6286810611759819
0.10120223237248038 | -0.20502429222603524 | 0.6286810611759819 | -0.9692623926981159 | 0.40298181302430924:0.11459770986450901 | -0.1751902982262976 | 0.6388524204917942
0.11459770986450901 | -0.1751902982262976 | 0.6388524204917942 | 0.11230549152816716 | -0.5175719198517614:0.09853229253569196 | -0.1796463435660307 | 0.6437331906096873
0.09853229253569196 | -0.1796463435660307 | 0.6437331906096873 | 0.11230549152816716 | -0.5175719198517614:0.08226180062091948 | -0.18413835707994508 | 0.6481466213616329
0.08226180062091948 | -0.18413835707994508 | 0.6481466213616329 | 0.11230549152816716 | -0.5175719198517614:0.06579991613897795 | -0.18866348904293417 | 0.652085405455864
0.06579991613897795 | -0.18866348904293417 | 0.652085405455864 | 0.11230549152816716 | -0.5175719198517614:0.04916053978099266 | -0.19321884008412127 | 0.6555426685746397
0.04916053978099266 | -0.19321884008412127 | 0.6555426685746397 | 0.11230549152816716 | -0.5175719198517614:0.03235777772123982 | -0.19780146404129795 | 0.6585119754688051
0.03235777772123982 | -0.19780146404129795 | 0.6585119754688051 | -0.8412119399817244 | 0.40646759208706484:0.046098329259409265 | -0.1707067138267817 | 0.6684645921691512
0.046098329259409265 | -0.1707067138267817 | 0.6684645921691512 | -0.8412119399817244 | 0.40646759208706484:0.060074063172100844 | -0.14308364547567365 | 0.6769825270978913
0.060074063172100844 | -0.14308364547567365 | 0.6769825270978913 | -0.8412119399817244 | 0.40646759208706484:0.07425452207104377 | -0.11499473772766677 | 0.6840336597136201
0.07425452207104377 | -0.11499473772766677 | 0.6840336597136201 | -0.8412119399817244 | 0.40646759208706484:0.08860853134919289 | -0.08650402507417354 | 0.6895893110364852
0.08860853134919289 | -0.08650402507417354 | 0.6895893110364852 | -0.8412119399817244 | 0.40646759208706484:0.10310427526489929 | -0.05767694213709973 | 0.6936243314356503
0.10310427526489929 | -0.05767694213709973 | 0.6936243314356503 | -0.8412119399817244 | 0.40646759208706484:0.11770937483592991 | -0.028580164116235096 | 0.6961171796125001
0.11770937483592991 | -0.028580164116235096 | 0.6961171796125001 | -0.8412119399817244 | 0.40646759208706484:0.1323909673462621 | 7.185562910478893E-4 | 0.6970499925747973
0.1323909673462621 | 7.185562910478893E-4 | 0.6970499925747973 | -0.8412119399817244 | 0.40646759208706484:0.14711578726472874 | 0.03015055508579323 | 0.6964086464197905
0.14711578726472874 | 0.03015055508579323 | 0.6964086464197905 | -0.8412119399817244 | 0.40646759208706484:0.16185024837125195 | 0.05964642585967184 | 0.6941828077676107
0.16185024837125195 | 0.05964642585967184 | 0.6941828077676107 | -0.8412119399817244 | 0.40646759208706484:0.17656052688357113 | 0.08913619095764957 | 0.690365975709831
0.17656052688357113 | 0.08913619095764957 | 0.690365975709831 | -0.8412119399817244 | 0.40646759208706484:0.1912126453750656 | 0.1185494744800053 | 0.6849555141620414
0.1912126453750656 | 0.1185494744800053 | 0.6849555141620414 | -0.8412119399817244 | 0.40646759208706484:0.2057725572724832 | 0.14781567668838846 | 0.6779526745333158
0.2057725572724832 | 0.14781567668838846 | 0.6779526745333158 | -0.8412119399817244 | 0.40646759208706484:0.22020623172112652 | 0.17686414937756822 | 0.6693626086498696
0.22020623172112652 | 0.17686414937756822 | 0.6693626086498696 | -0.8412119399817244 | 0.40646759208706484:0.23447973860431504 | 0.20562437177237314 | 0.6591943718943369
0.23447973860431504 | 0.20562437177237314 | 0.6591943718943369 | -0.8412119399817244 | 0.40646759208706484:0.24855933350373238 | 0.23402612650850685 | 0.647460916546919
0.24855933350373238 | 0.23402612650850685 | 0.647460916546919 | -0.016069258869824576 | 0.10258761142170258:0.2527985461298774 | 0.23540518756153261 | 0.6483548717743233
0.2527985461298774 | 0.23540518756153261 | 0.6483548717743233 | -0.016069258869824576 | 0.10258761142170258:0.2570450562828315 | 0.23677825860988477 | 0.6491969071780019
0.2570450562828315 | 0.23677825860988477 | 0.6491969071780019 | -0.016069258869824576 | 0.10258761142170258:0.26129842228684286 | 0.23814534190875847 | 0.6499872730309306
0.26129842228684286 | 0.23814534190875847 | 0.6499872730309306 | -0.016069258869824576 | 0.10258761142170258:0.2655582069436855 | 0.23950643969919483 | 0.6507262198958657
0.2655582069436855 | 0.23950643969919483 | 0.6507262198958657 | -0.016069258869824576 | 0.10258761142170258:0.2698239774921576 | 0.240861554208891 | 0.6514139986061309
0.2698239774921576 | 0.240861554208891 | 0.6514139986061309 | -0.016069258869824576 | 0.10258761142170258:0.27409530556792516 | 0.24221068765301368 | 0.6520508602467174
0.27409530556792516 | 0.24221068765301368 | 0.6520508602467174 | -0.016069258869824576 | 0.10258761142170258:0.2783717671637005 | 0.24355384223497012 | 0.6526370561358448
0.2783717671637005 | 0.24355384223497012 | 0.6526370561358448 | -0.016069258869824576 | 0.10258761142170258:0.2826529425897597 | 0.24489102014717545 | 0.6531728378068067
0.2826529425897597 | 0.24489102014717545 | 0.6531728378068067 | -0.016069258869824576 | 0.10258761142170258:0.28693841643479656 | 0.24622222357180235 | 0.653658456990236
0.28693841643479656 | 0.24622222357180235 | 0.653658456990236 | -0.016069258869824576 | 0.10258761142170258:0.2912277775271095 | 0.2475474546815093 | 0.6540941655967245
0.2912277775271095 | 0.2475474546815093 | 0.6540941655967245 | -0.09431610427521542 | -0.20805342046420439:0.28533014207015084 | 0.25143125184415993 | 0.6580125125793472
0.28533014207015084 | 0.25143125184415993 | 0.6580125125793472 | -0.09431610427521542 | -0.20805342046420439:0.27936153074306436 | 0.2553352539735272 | 0.661835444603426
0.27936153074306436 | 0.2553352539735272 | 0.661835444603426 | -0.09431610427521542 | -0.20805342046420439:0.27332340947916833 | 0.2592589208270315 | 0.6655619655544456
0.27332340947916833 | 0.2592589208270315 | 0.6655619655544456 | -0.09431610427521542 | -0.20805342046420439:0.2672172514905329 | 0.2632017075844839 | 0.6691911041238612
0.2672172514905329 | 0.2632017075844839 | 0.6691911041238612 | -0.09431610427521542 | -0.20805342046420439:0.2610445369677441 | 0.26716306499638875 | 0.6727219138037484
0.2610445369677441 | 0.26716306499638875 | 0.6727219138037484 | -0.4625953120004833 | 0.7694816475848998:0.2873410574548476 | 0.2834969524810873 | 0.6577939018397672
0.2873410574548476 | 0.2834969524810873 | 0.6577939018397672 | -0.4625953120004833 | 0.7694816475848998:0.31309438615711205 | 0.29951751692856377 | 0.6414182881171158
0.31309438615711205 | 0.29951751692856377 | 0.6414182881171158 | -0.4625953120004833 | 0.7694816475848998:0.33824600480461786 | 0.3151893031226045 | 0.6236221759525833
0.33824600480461786 | 0.3151893031226045 | 0.6236221759525833 | -0.4625953120004833 | 0.7694816475848998:0.36273845716057895 | 0.3304774563034165 | 0.6044359206446615
0.36273845716057895 | 0.3304774563034165 | 0.6044359206446615 | -0.4625953120004833 | 0.7694816475848998:0.38651548133336977 | 0.3453478023716361 | 0.5838930720885784
0.38651548133336977 | 0.3453478023716361 | 0.5838930720885784 | 0.8438668685179218 | -0.49869354233849683:0.3725305568824142 | 0.3213110601155904 | 0.6090967744639357
0.3725305568824142 | 0.3213110601155904 | 0.6090967744639357 | 0.8438668685179218 | -0.49869354233849683:0.3578936870381293 | 0.2961515859216508 | 0.6329521939287304
0.3578936870381293 | 0.2961515859216508 | 0.6329521939287304 | 0.8438668685179218 | -0.49869354233849683:0.3426393885605865 | 0.2699262854572755 | 0.655392148398434
0.3426393885605865 | 0.2699262854572755 | 0.655392148398434 | 0.8438668685179218 | -0.49869354233849683:0.326803915120899 | 0.24269507533154844 | 0.6763528033641109
0.326803915120899 | 0.24269507533154844 | 0.6763528033641109 | 0.8438668685179218 | -0.49869354233849683:0.31042516842205004 | 0.2145207364509556 | 0.6957738508835973
0.31042516842205004 | 0.2145207364509556 | 0.6957738508835973 | 0.8438668685179218 | -0.49869354233849683:0.2935426047499696 | 0.1854687594536859 | 0.713598679656414
0.2935426047499696 | 0.1854687594536859 | 0.713598679656414 | 0.8438668685179218 | -0.49869354233849683:0.2761971371977463 | 0.1556071826236316 | 0.7297745357202245
0.2761971371977463 | 0.1556071826236316 | 0.7297745357202245 | 0.8438668685179218 | -0.49869354233849683:0.2584310338172511 | 0.1250064227053329 | 0.7442526733316583
0.2584310338172511 | 0.1250064227053329 | 0.7442526733316583 | 0.8438668685179218 | -0.49869354233849683:0.24028781196338223 | 0.09373909905986011 | 0.7569884956201065
0.24028781196338223 | 0.09373909905986011 | 0.7569884956201065 | 0.8438668685179218 | -0.49869354233849683:0.22181212910613013 | 0.061879851619352166 | 0.7679416846304434
0.22181212910613013 | 0.061879851619352166 | 0.7679416846304434 | 0.8438668685179218 | -0.49869354233849683:0.20304967039511013 | 0.029505153114362415 | 0.7770763203981659
0.20304967039511013 | 0.029505153114362415 | 0.7770763203981659 | 0.8438668685179218 | -0.49869354233849683:0.18404703326979543 | -0.0033068839366574565 | 0.7843609887299294
0.18404703326979543 | -0.0033068839366574565 | 0.7843609887299294 | 0.8438668685179218 | -0.49869354233849683:0.16485160941650356 | -0.036476704972493224 | 0.7897688773916798
0.16485160941650356 | -0.036476704972493224 | 0.7897688773916798 | 0.8438668685179218 | -0.49869354233849683:0.0 | 0.0 | 0.0
0.0 | 0.0 | 0.0 | 0.8438668685179218 | -0.49869354233849683:0.14551146438026308 | -0.0699235153531852 | 0.7932778604375272
0.14551146438026308 | -0.0699235153531852 | 0.7932778604375272 | 0.8438668685179218 | -0.49869354233849683:0.12607521514587106 | -0.10356548601590099 | 0.7948705704433507
0.12607521514587106 | -0.10356548601590099 | 0.7948705704433507 | 0.8438668685179218 | -0.49869354233849683:0.10659190600787838 | -0.13731996228593424 | 0.7945344584413334
0.10659190600787838 | -0.13731996228593424 | 0.7945344584413334 | 0.8438668685179218 | -0.49869354233849683:0.08711088305378034 | -0.17110367529766002 | 0.7922618413834925
0.08711088305378034 | -0.17110367529766002 | 0.7922618413834925 | 0.8438668685179218 | -0.49869354233849683:0.067681667588392 | -0.20483295547332503 | 0.7880499369952219
0.067681667588392 | -0.20483295547332503 | 0.7880499369952219 | 0.8438668685179218 | -0.49869354233849683:0.04835382883022277 | -0.23842394750207596 | 0.7819008859131316
0.04835382883022277 | -0.23842394750207596 | 0.7819008859131316 | 0.7842240121916755 | -0.31571388556863145:0.03624247845536388 | -0.26948686078726247 | 0.7743294271897838
0.03624247845536388 | -0.26948686078726247 | 0.7743294271897838 | 0.7842240121916755 | -0.31571388556863145:0.0242441512737539 | -0.30028901047640666 | 0.7653155723656795
0.0242441512737539 | -0.30028901047640666 | 0.7653155723656795 | 0.7842240121916755 | -0.31571388556863145:0.012382365313589716 | -0.33077183952646116 | 0.7548703055522878
0.012382365313589716 | -0.33077183952646116 | 0.7548703055522878 | 0.7842240121916755 | -0.31571388556863145:6.804513462466133E-4 | -0.36087720069990503 | 0.7430073932752208
6.804513462466133E-4 | -0.36087720069990503 | 0.7430073932752208 | 0.7842240121916755 | -0.31571388556863145:-0.010838492982548686 | -0.3905474709127752 | 0.7297433645477582
-0.010838492982548686 | -0.3905474709127752 | 0.7297433645477582 | 0.7842240121916755 | -0.31571388556863145:-0.022151648629121112 | -0.4197256647147487 | 0.7150974854867087
-0.022151648629121112 | -0.4197256647147487 | 0.7150974854867087 | 0.7842240121916755 | -0.31571388556863145:-0.03323652014610623 | -0.4483555466775133 | 0.6990917285187095
-0.03323652014610623 | -0.4483555466775133 | 0.6990917285187095 | 0.7842240121916755 | -0.31571388556863145:-0.0440709801059338 | -0.47638174246995213 | 0.6817507362354576
-0.0440709801059338 | -0.47638174246995213 | 0.6817507362354576 | 0.7842240121916755 | -0.31571388556863145:-0.05463331286596862 | -0.5037498484014229 | 0.6631017799670644
-0.05463331286596862 | -0.5037498484014229 | 0.6631017799670644 | 0.7842240121916755 | -0.31571388556863145:-0.06490225758917845 | -0.5304065392174557 | 0.6431747131525896
-0.06490225758917845 | -0.5304065392174557 | 0.6431747131525896 | 0.7842240121916755 | -0.31571388556863145:-0.0748570504356394 | -0.5562996739358468 | 0.6220019195976221
-0.0748570504356394 | -0.5562996739358468 | 0.6220019195976221 | 0.7842240121916755 | -0.31571388556863145:-0.08447746584189098 | -0.58137839951495 | 0.5996182567180313
-0.08447746584189098 | -0.58137839951495 | 0.5996182567180313 | 0.7842240121916755 | -0.31571388556863145:-0.09374385680697195 | -0.6055932521504346 | 0.576060993879139
-0.09374385680697195 | -0.6055932521504346 | 0.576060993879139 | 0.7842240121916755 | -0.31571388556863145:-0.10263719410594518 | -0.6288962560014468 | 0.5513697459490743
-0.10263719410594518 | -0.6288962560014468 | 0.5513697459490743 | 0.7842240121916755 | -0.31571388556863145:-0.11113910435386742 | -0.6512410191522484 | 0.5255864021941363
-0.11113910435386742 | -0.6512410191522484 | 0.5255864021941363 | 0.7842240121916755 | -0.31571388556863145:-0.11923190684542107 | -0.6725828266208573 | 0.4987550506532443
-0.11923190684542107 | -0.6725828266208573 | 0.4987550506532443 | 0.7842240121916755 | -0.31571388556863145:-0.12689864909785165 | -0.6928787302321915 | 0.47092189813704977
-0.12689864909785165 | -0.6928787302321915 | 0.47092189813704977 | 0.7842240121916755 | -0.31571388556863145:-0.13412314102744283 | -0.7120876351791665 | 0.44213518600598434
-0.13412314102744283 | -0.7120876351791665 | 0.44213518600598434 | 0.7842240121916755 | -0.31571388556863145:-0.1408899876923808 | -0.7301703831020134 | 0.4124451018893325
-0.1408899876923808 | -0.7301703831020134 | 0.4124451018893325 | 0.7842240121916755 | -0.31571388556863145:-0.1471846205377716 | -0.7470898315226471 | 0.3819036875157167
-0.1471846205377716 | -0.7470898315226471 | 0.3819036875157167 | 0.8658132952488058 | -0.6834808249041264:-0.1593069805666385 | -0.7642443681832951 | 0.34457937086065726
-0.1593069805666385 | -0.7642443681832951 | 0.34457937086065726 | 0.8658132952488058 | -0.6834808249041264:-0.17013816535377302 | -0.7797786746585942 | 0.30608259078363176
-0.17013816535377302 | -0.7797786746585942 | 0.30608259078363176 | 0.8658132952488058 | -0.6834808249041264:-0.17963865479959829 | -0.7936402766665296 | 0.2665291683934896
-0.17963865479959829 | -0.7936402766665296 | 0.2665291683934896 | 0.8658132952488058 | -0.6834808249041264:-0.1877730105805746 | -0.8057817903673836 | 0.2260385991916536
-0.1877730105805746 | -0.8057817903673836 | 0.2260385991916536 | 0.8658132952488058 | -0.6834808249041264:-0.19450999912379885 | -0.8161610861742901 | 0.18473368303186533
-0.19450999912379885 | -0.8161610861742901 | 0.18473368303186533 | 0.7216559880830693 | 0.4213163638495363:-0.19151183298752628 | -0.8236425593445524 | 0.15949435412215962
-0.19151183298752628 | -0.8236425593445524 | 0.15949435412215962 | 0.7216559880830693 | 0.4213163638495363:-0.18904368725843845 | -0.8302036269199391 | 0.13389961510279136
-0.18904368725843845 | -0.8302036269199391 | 0.13389961510279136 | 0.7216559880830693 | 0.4213163638495363:-0.18711322699228283 | -0.8358305327269839 | 0.10799464008833581
-0.18711322699228283 | -0.8358305327269839 | 0.10799464008833581 | 0.7216559880830693 | 0.4213163638495363:-0.18572713228484172 | -0.8405111935011753 | 0.08182529153992846
-0.18572713228484172 | -0.8405111935011753 | 0.08182529153992846 | 0.7216559880830693 | 0.4213163638495363:0.0 | 0.0 | 0.0
0.0 | 0.0 | 0.0 | 0.7216559880830693 | 0.4213163638495363:-0.1848910840586404 | -0.8442352247709088 | 0.055438036137360314
