0.0 | 0.0 | 0.0 | 0.5443836965521183 | -0.687766902873596:-3.4368832249880797E-4 | -2.721582390892152E-4 | 0.009990385789841844
-3.4368832249880797E-4 | -2.721582390892152E-4 | 0.009990385789841844 | 0.5443836965521183 | -0.687766902873596:-0.0013663108273845091 | -0.0010824684737442691 | 0.019823507679679747
-0.0013663108273845091 | -0.0010824684737442691 | 0.019823507679679747 | 0.5443836965521183 | -0.687766902873596:-0.0030533836272956623 | -0.0024202294185626805 | 0.029444332884038756
-0.0030533836272956623 | -0.0024202294185626805 | 0.029444332884038756 | 0.5443836965521183 | -0.687766902873596:-0.00538805693248234 | -0.004272846962695143 | 0.038799304752093366
-0.00538805693248234 | -0.004272846962695143 | 0.038799304752093366 | 0.5443836965521183 | -0.687766902873596:-0.008351196120531161 | -0.006625896268776632 | 0.04783649475867069
-0.008351196120531161 | -0.006625896268776632 | 0.04783649475867069 | 0.5443836965521183 | -0.687766902873596:-0.011921468316896139 | -0.009463188319962512 | 0.056505748151134544
-0.011921468316896139 | -0.009463188319962512 | 0.056505748151134544 | 0.5443836965521183 | -0.687766902873596:-0.016075434197726002 | -0.012766840690908277 | 0.06475882294425883
-0.016075434197726002 | -0.012766840690908277 | 0.06475882294425883 | 0.5443836965521183 | -0.687766902873596:-0.02078764471687059 | -0.016517352310649214 | 0.07254952197503778
-0.02078764471687059 | -0.016517352310649214 | 0.07254952197503778 | 0.5443836965521183 | -0.687766902873596:-0.026030742450148775 | -0.0206936819781105 | 0.07983381774967718
-0.026030742450148775 | -0.0206936819781105 | 0.07983381774967718 | -0.5368842644825083 | 0.7425847963744467:-0.025462396943884316 | -0.020502147735825593 | 0.08985608415523316
-0.025462396943884316 | -0.020502147735825593 | 0.08985608415523316 | -0.5368842644825083 | 0.7425847963744467:-0.02417944648027197 | -0.01979327139021647 | 0.09988824654179285
-0.02417944648027197 | -0.01979327139021647 | 0.09988824654179285 | -0.5368842644825083 | 0.7425847963744467:-0.022184730328310337 | -0.018568306828944614 | 0.1098701647251279
-0.022184730328310337 | -0.018568306828944614 | 0.1098701647251279 | -0.5368842644825083 | 0.7425847963744467:-0.019484016079855865 | -0.016830632094053666 | 0.11974223460389355
-0.019484016079855865 | -0.016830632094053666 | 0.11974223460389355 | -0.5368842644825083 | 0.7425847963744467:-0.01608595537433033 | -0.01458572006779879 | 0.12944558886062896
-0.01608595537433033 | -0.01458572006779879 | 0.12944558886062896 | -0.5368842644825083 | 0.7425847963744467:-0.01200203115860321 | -0.011841102983037866 | 0.1389222935094162
-0.01200203115860321 | -0.011841102983037866 | 0.1389222935094162 | -0.5368842644825083 | 0.7425847963744467:-0.007246496716028533 | -0.00860633092036367 | 0.1481155397706
-0.007246496716028533 | -0.00860633092036367 | 0.1481155397706 | -0.5368842644825083 | 0.7425847963744467:-0.001836306718422026 | -0.004892924468720139 | 0.15696983077081383
-0.001836306718422026 | -0.004892924468720139 | 0.15696983077081383 | -0.5368842644825083 | 0.7425847963744467:0.0042089594262882946 | -7.143217401952562E-4 | 0.1654311625855236
0.0042089594262882946 | -7.143217401952562E-4 | 0.1654311625855236 | -0.5368842644825083 | 0.7425847963744467:0.010867181639951345 | 0.003914180056997285 | 0.17344719916129958
0.010867181639951345 | 0.003914180056997285 | 0.17344719916129958 | -0.7996699733833428 | 0.2583339597621581:0.013725501835064602 | 0.011359623768368632 | 0.1812193502980175
0.013725501835064602 | 0.011359623768368632 | 0.1812193502980175 | -0.7996699733833428 | 0.2583339597621581:0.016778557477915984 | 0.019429602058765205 | 0.18853237044185578
0.016778557477915984 | 0.019429602058765205 | 0.18853237044185578 | -0.7996699733833428 | 0.2583339597621581:0.020017422979989596 | 0.028097151662990205 | 0.19534655321324124
0.020017422979989596 | 0.028097151662990205 | 0.19534655321324124 | -0.7996699733833428 | 0.2583339597621581:0.023432544522695747 | 0.037333331253842195 | 0.20162391264580792
0.023432544522695747 | 0.037333331253842195 | 0.20162391264580792 | -0.7996699733833428 | 0.2583339597621581:0.027013771151814275 | 0.04710731572833926 | 0.20732828147862126
0.027013771151814275 | 0.04710731572833926 | 0.20732828147862126 | -0.7996699733833428 | 0.2583339597621581:0.030750387159598352 | 0.05738649458927758 | 0.21242540400698973
0.030750387159598352 | 0.05738649458927758 | 0.21242540400698973 | -0.7996699733833428 | 0.2583339597621581:0.03463114566612323 | 0.06813657415186813 | 0.21688302331876486
0.03463114566612323 | 0.06813657415186813 | 0.21688302331876486 | -0.7996699733833428 | 0.2583339597621581:0.03864430330959438 | 0.07932168329910982 | 0.22067096275725584
0.03864430330959438 | 0.07932168329910982 | 0.22067096275725584 | -0.7996699733833428 | 0.2583339597621581:0.04277765595367094 | 0.09090448250414451 | 0.22376120146633394
0.04277765595367094 | 0.09090448250414451 | 0.22376120146633394 | -0.7996699733833428 | 0.2583339597621581:0.04701857531841553 | 0.10284627583306671 | 0.22612794388789403
0.04701857531841553 | 0.10284627583306671 | 0.22612794388789403 | -0.7996699733833428 | 0.2583339597621581:0.05135404644025046 | 0.11510712563755843 | 0.2277476830966072
0.05135404644025046 | 0.11510712563755843 | 0.2277476830966072 | -0.7996699733833428 | 0.2583339597621581:0.05577070586528324 | 0.12764596964327274 | 0.22859925787173285
0.05577070586528324 | 0.12764596964327274 | 0.22859925787173285 | -0.7996699733833428 | 0.2583339597621581:0.060254880479562345 | 0.14042074013710965 | 0.22866390342070897
0.060254880479562345 | 0.14042074013710965 | 0.22866390342070897 | -0.7996699733833428 | 0.2583339597621581:0.06479262687923648 | 0.15338848495440466 | 0.2279252956842086
0.06479262687923648 | 0.15338848495440466 | 0.2279252956842086 | -0.7996699733833428 | 0.2583339597621581:0.06936977118321386 | 0.1665054899655932 | 0.2263695891673434
0.06936977118321386 | 0.1665054899655932 | 0.2263695891673434 | -0.7996699733833428 | 0.2583339597621581:0.0739719491907585 | 0.17972740276110766 | 0.22398544825665567
0.0739719491907585 | 0.17972740276110766 | 0.22398544825665567 | -0.7996699733833428 | 0.2583339597621581:0.07858464678650362 | 0.19300935723311405 | 0.2207640719974977
0.07858464678650362 | 0.19300935723311405 | 0.2207640719974977 | -0.7996699733833428 | 0.2583339597621581:0.08319324049562171 | 0.2063060987531884 | 0.21669921232120082
0.08319324049562171 | 0.2063060987531884 | 0.21669921232120082 | -0.7996699733833428 | 0.2583339597621581:0.08778303809235011 | 0.21957210964616958 | 0.21178718572620703
0.08778303809235011 | 0.21957210964616958 | 0.21178718572620703 | -0.7996699733833428 | 0.2583339597621581:0.0923393191657369 | 0.23276173466218797 | 0.20602687843193124
0.0923393191657369 | 0.23276173466218797 | 0.20602687843193124 | -0.6044883105931984 | -0.9917686739129856:0.08408316664704452 | 0.24385943167839175 | 0.20746637147390246
0.08408316664704452 | 0.24385943167839175 | 0.20746637147390246 | -0.6044883105931984 | -0.9917686739129856:0.07556286797030631 | 0.2550702330769117 | 0.20804530522012765
0.07556286797030631 | 0.2550702330769117 | 0.20804530522012765 | -0.6044883105931984 | -0.9917686739129856:0.06682971646606495 | 0.26636389216918976 | 0.2077369450077482
0.06682971646606495 | 0.26636389216918976 | 0.2077369450077482 | -0.6044883105931984 | -0.9917686739129856:0.05793669672505786 | 0.2777090625702414 | 0.2065187186598596
0.05793669672505786 | 0.2777090625702414 | 0.2065187186598596 | -0.6044883105931984 | -0.9917686739129856:0.04893823638742556 | 0.289073447489673 | 0.20437235121262276
0.04893823638742556 | 0.289073447489673 | 0.20437235121262276 | 0.49822751653259 | -0.19480735780048253:0.04771863005563626 | 0.2889977003771489 | 0.21578753919750593
0.04771863005563626 | 0.2889977003771489 | 0.21578753919750593 | 0.49822751653259 | -0.19480735780048253:0.04634151170916079 | 0.288491033746344 | 0.22727941340129387
0.04634151170916079 | 0.288491033746344 | 0.22727941340129387 | 0.49822751653259 | -0.19480735780048253:0.04480583711439756 | 0.2875508510017175 | 0.2388306373572986
0.04480583711439756 | 0.2875508510017175 | 0.2388306373572986 | 0.49822751653259 | -0.19480735780048253:0.04311078443810268 | 0.28617512096304276 | 0.2504238339832954
0.04311078443810268 | 0.28617512096304276 | 0.2504238339832954 | 0.49822751653259 | -0.19480735780048253:0.04125575366144307 | 0.28436237664188546 | 0.2620416053395793
0.04125575366144307 | 0.28436237664188546 | 0.2620416053395793 | -0.32597578896389057 | 0.36178397358079883:0.046625781330920546 | 0.29313056601332477 | 0.2606160294036908
0.046625781330920546 | 0.29313056601332477 | 0.2606160294036908 | -0.32597578896389057 | 0.36178397358079883:0.052030103871356204 | 0.3018934672929694 | 0.2588232745456551
0.052030103871356204 | 0.3018934672929694 | 0.2588232745456551 | -0.32597578896389057 | 0.36178397358079883:0.057459140800346864 | 0.3106428446438123 | 0.256662782586627
0.057459140800346864 | 0.3106428446438123 | 0.256662782586627 | -0.32597578896389057 | 0.36178397358079883:0.06290333364688139 | 0.3193704749004249 | 0.2541343932853941
0.06290333364688139 | 0.3193704749004249 | 0.2541343932853941 | -0.32597578896389057 | 0.36178397358079883:0.06835315446564749 | 0.3280681552999649 | 0.2512383418496409
0.06835315446564749 | 0.3280681552999649 | 0.2512383418496409 | -0.32597578896389057 | 0.36178397358079883:0.07379911425720675 | 0.3367277111304725 | 0.24797525614230587
0.07379911425720675 | 0.3367277111304725 | 0.24797525614230587 | -0.32597578896389057 | 0.36178397358079883:0.07923177128858194 | 0.3453410032914821 | 0.24434615358792655
0.07923177128858194 | 0.3453410032914821 | 0.24434615358792655 | -0.32597578896389057 | 0.36178397358079883:0.08464173930891206 | 0.35389993576211864 | 0.24035243778397408
0.08464173930891206 | 0.35389993576211864 | 0.24035243778397408 | -0.32597578896389057 | 0.36178397358079883:0.09001969565496681 | 0.3623964629719314 | 0.235995894822425
0.09001969565496681 | 0.3623964629719314 | 0.235995894822425 | -0.32597578896389057 | 0.36178397358079883:0.09535638924142442 | 0.3708225970698358 | 0.2312786893268708
0.09535638924142442 | 0.3708225970698358 | 0.2312786893268708 | -0.06079576284214294 | -0.8809063964509904:0.08618196665066069 | 0.37611429760467185 | 0.23701858638591666
0.08618196665066069 | 0.37611429760467185 | 0.23701858638591666 | -0.06079576284214294 | -0.8809063964509904:0.07662740079431485 | 0.3813862023723473 | 0.2423331914513902
0.07662740079431485 | 0.3813862023723473 | 0.2423331914513902 | -0.06079576284214294 | -0.8809063964509904:0.06671326603844552 | 0.38663739202881775 | 0.2472003765614712
0.06671326603844552 | 0.38663739202881775 | 0.2472003765614712 | -0.06079576284214294 | -0.8809063964509904:0.0564613304203907 | 0.3918668585865621 | 0.2515990718164449
0.0564613304203907 | 0.3918668585865621 | 0.2515990718164449 | -0.06079576284214294 | -0.8809063964509904:0.045894499694064006 | 0.397073509229795 | 0.255509326275682
0.045894499694064006 | 0.397073509229795 | 0.255509326275682 | 0.6009512528940051 | 0.43767963496575124:0.052306298240233584 | 0.3935301811883196 | 0.269204869699033
0.052306298240233584 | 0.3935301811883196 | 0.269204869699033 | 0.6009512528940051 | 0.43767963496575124:0.05907460033366663 | 0.3894442111906855 | 0.2827285144190128
0.05907460033366663 | 0.3894442111906855 | 0.2827285144190128 | 0.6009512528940051 | 0.43767963496575124:0.06619632030275024 | 0.38481988865626704 | 0.2960501129058226
0.06619632030275024 | 0.38481988865626704 | 0.2960501129058226 | 0.6009512528940051 | 0.43767963496575124:0.0736675709547483 | 0.37966260189764256 | 0.3091397432102667
0.0736675709547483 | 0.37966260189764256 | 0.3091397432102667 | 0.6009512528940051 | 0.43767963496575124:0.08148367122432942 | 0.3739788285593697 | 0.32196776822101825
0.08148367122432942 | 0.3739788285593697 | 0.32196776822101825 | 0.6009512528940051 | 0.43767963496575124:0.08963915528218047 | 0.3677761240409634 | 0.3345048942246134
0.08963915528218047 | 0.3677761240409634 | 0.3345048942246134 | 0.6009512528940051 | 0.43767963496575124:0.09812778308048609 | 0.36106310793444685 | 0.3467222286674918
0.09812778308048609 | 0.36106310793444685 | 0.3467222286674918 | 0.6009512528940051 | 0.43767963496575124:0.10694255230977001 | 0.3538494485099939 | 0.3585913370213092
0.10694255230977001 | 0.3538494485099939 | 0.3585913370213092 | 0.6009512528940051 | 0.43767963496575124:0.1160757117393505 | 0.34614584528635817 | 0.3700842986548878
0.1160757117393505 | 0.34614584528635817 | 0.3700842986548878 | 0.6009512528940051 | 0.43767963496575124:0.12551877591148086 | 0.33796400972571483 | 0.38117376161847005
0.12551877591148086 | 0.33796400972571483 | 0.38117376161847005 | 0.6009512528940051 | 0.43767963496575124:0.13526254115713954 | 0.32931664409557726 | 0.39183299624827583
0.13526254115713954 | 0.32931664409557726 | 0.39183299624827583 | 0.6009512528940051 | 0.43767963496575124:0.14529710289938658 | 0.3202174185432298 | 0.40203594750193083
0.14529710289938658 | 0.3202174185432298 | 0.40203594750193083 | 0.6009512528940051 | 0.43767963496575124:0.15561187420820843 | 0.31068094643089594 | 0.4117572859380161
0.15561187420820843 | 0.31068094643089594 | 0.4117572859380161 | 0.6009512528940051 | 0.43767963496575124:0.16619560556888935 | 0.30072275798254466 | 0.4209724572556901
0.16619560556888935 | 0.30072275798254466 | 0.4209724572556901 | 0.6009512528940051 | 0.43767963496575124:0.17703640582409896 | 0.290359272295758 | 0.42965773031339083
0.17703640582409896 | 0.290359272295758 | 0.42965773031339083 | 0.6009512528940051 | 0.43767963496575124:0.1881217642481321 | 0.2796077677745732 | 0.4377902435483918
0.1881217642481321 | 0.2796077677745732 | 0.4377902435483918 | 0.6009512528940051 | 0.43767963496575124:0.19943857371006235 | 0.26848635104155427 | 0.44534804972242625
0.19943857371006235 | 0.26848635104155427 | 0.44534804972242625 | 0.6009512528940051 | 0.43767963496575124:0.21097315488097124 | 0.25701392438956105 | 0.45231015892149884
0.21097315488097124 | 0.25701392438956105 | 0.45231015892149884 | 0.6009512528940051 | 0.43767963496575124:0.22271128143890184 | 0.24521015183587558 | 0.4586565797415574
0.22271128143890184 | 0.24521015183587558 | 0.4586565797415574 | 0.6009512528940051 | 0.43767963496575124:0.23463820622375398 | 0.23309542384328097 | 0.46436835859496384
0.23463820622375398 | 0.23309542384328097 | 0.46436835859496384 | 0.774904849546068 | -0.3780576294571272:0.22735636952232685 | 0.21655361135366213 | 0.4809992941740937
0.22735636952232685 | 0.21655361135366213 | 0.4809992941740937 | 0.774904849546068 | -0.3780576294571272:0.21968802449229496 | 0.1992245480635919 | 0.496891168962339
0.21968802449229496 | 0.1992245480635919 | 0.496891168962339 | 0.774904849546068 | -0.3780576294571272:0.21164773925899283 | 0.18113702627552186 | 0.5119987117058429
0.21164773925899283 | 0.18113702627552186 | 0.5119987117058429 | 0.774904849546068 | -0.3780576294571272:0.20325106664563553 | 0.16232188790887747 | 0.5262781557645368
0.20325106664563553 | 0.16232188790887747 | 0.5262781557645368 | 0.774904849546068 | -0.3780576294571272:0.19451451093942218 | 0.14281195850248452 | 0.5396873499652095
0.19451451093942218 | 0.14281195850248452 | 0.5396873499652095 | -0.6610238816558669 | -0.3904598538619919:0.18531237636165532 | 0.16167840743261408 | 0.542091726637377
0.18531237636165532 | 0.16167840743261408 | 0.542091726637377 | -0.6610238816558669 | -0.3904598538619919:0.175993082919204 | 0.1807240982935845 | 0.5436396971049682
0.175993082919204 | 0.1807240982935845 | 0.5436396971049682 | -0.6610238816558669 | -0.3904598538619919:0.16657540388837155 | 0.19991778237668 | 0.5443190097477384
0.16657540388837155 | 0.19991778237668 | 0.5443190097477384 | -0.6610238816558669 | -0.3904598538619919:0.15707839667926926 | 0.2192277003434846 | 0.544119001484983
0.15707839667926926 | 0.2192277003434846 | 0.544119001484983 | -0.6610238816558669 | -0.3904598538619919:0.14752136718984055 | 0.2386216422016041 | 0.5430306224331609
0.14752136718984055 | 0.2386216422016041 | 0.5430306224331609 | -0.6610238816558669 | -0.3904598538619919:0.1379238337064903 | 0.2580670080980596 | 0.5410464575132465
0.1379238337064903 | 0.2580670080980596 | 0.5410464575132465 | -0.6610238816558669 | -0.3904598538619919:0.12830549041849793 | 0.27753086981717345 | 0.5381607449765156
0.12830549041849793 | 0.27753086981717345 | 0.5381607449765156 | -0.6610238816558669 | -0.3904598538619919:0.1186861706137945 | 0.29698003286895513 | 0.5343693918229881
0.1186861706137945 | 0.29698003286895513 | 0.5343693918229881 | -0.6610238816558669 | -0.3904598538619919:0.10908580962397973 | 0.31638109905336975 | 0.5296699860924257
0.10908580962397973 | 0.31638109905336975 | 0.5296699860924257 | -0.6610238816558669 | -0.3904598538619919:0.09952440758661218 | 0.33570052938560835 | 0.5240618060132824
0.09952440758661218 | 0.33570052938560835 | 0.5240618060132824 | -0.6610238816558669 | -0.3904598538619919:0.09002199209284356 | 0.3549047072672238 | 0.5175458260006636
0.09002199209284356 | 0.3549047072672238 | 0.5175458260006636 | -0.6610238816558669 | -0.3904598538619919:0.08059858078843352 | 0.3739600017880029 | 0.5101247194999488
0.08059858078843352 | 0.3739600017880029 | 0.5101247194999488 | -0.6610238816558669 | -0.3904598538619919:0.07127414399595988 | 0.39283283104377986 | 0.5018028586782322
0.07127414399595988 | 0.39283283104377986 | 0.5018028586782322 | -0.6610238816558669 | -0.3904598538619919:0.06206856742576061 | 0.4114897253556151 | 0.49258631097128713
0.06206856742576061 | 0.4114897253556151 | 0.49258631097128713 | -0.6610238816558669 | -0.3904598538619919:0.05300161504274925 | 0.42989739027660434 | 0.48248283249929713
0.05300161504274925 | 0.42989739027660434 | 0.48248283249929713 | 0.4481167983617762 | -0.13892043909552165:0.049851847224130275 | 0.42125200079487257 | 0.49501932540742644
0.049851847224130275 | 0.42125200079487257 | 0.49501932540742644 | 0.4481167983617762 | -0.13892043909552165:0.046595044269613695 | 0.4122454107083229 | 0.5073616199674049
0.046595044269613695 | 0.4122454107083229 | 0.5073616199674049 | 0.4481167983617762 | -0.13892043909552165:0.04323267015253407 | 0.40288235662846716 | 0.5194987020675761
0.04323267015253407 | 0.40288235662846716 | 0.5194987020675761 | 0.4481167983617762 | -0.13892043909552165:0.03976627928931187 | 0.39316786721740016 | 0.5314197067742015
0.03976627928931187 | 0.39316786721740016 | 0.5314197067742015 | 0.4481167983617762 | -0.13892043909552165:0.03619751509578428 | 0.38310725863360773 | 0.5431139262870062
0.03619751509578428 | 0.38310725863360773 | 0.5431139262870062 | 0.4481167983617762 | -0.13892043909552165:0.03252810848713139 | 0.37270612979405016 | 0.554570817744235
0.03252810848713139 | 0.37270612979405016 | 0.554570817744235 | 0.4481167983617762 | -0.13892043909552165:0.028759876322764555 | 0.3619703574568227 | 0.5657800108730555
0.028759876322764555 | 0.3619703574568227 | 0.5657800108730555 | 0.4481167983617762 | -0.13892043909552165:0.024894719797527998 | 0.3509060911287136 | 0.5767313154810267
0.024894719797527998 | 0.3509060911287136 | 0.5767313154810267 | 0.4481167983617762 | -0.13892043909552165:0.020934622780620415 | 0.33951974780215366 | 0.5874147287848572
0.020934622780620415 | 0.33951974780215366 | 0.5874147287848572 | 0.4481167983617762 | -0.13892043909552165:0.01688165010364351 | 0.3278180065260621 | 0.5978204425723064
0.01688165010364351 | 0.3278180065260621 | 0.5978204425723064 | 0.4481167983617762 | -0.13892043909552165:0.012737945799198513 | 0.31580780281515786 | 0.6079388501937117
0.012737945799198513 | 0.31580780281515786 | 0.6079388501937117 | 0.4481167983617762 | -0.13892043909552165:0.008505731291535312 | 0.30349632290244344 | 0.6177605533794335
0.008505731291535312 | 0.30349632290244344 | 0.6177605533794335 | 0.4481167983617762 | -0.13892043909552165:0.0041873035406609915 | 0.2908909978395293 | 0.6272763688796985
0.0041873035406609915 | 0.2908909978395293 | 0.6272763688796985 | 0.4481167983617762 | -0.13892043909552165:-2.149668585396114E-4 | 0.27799949744964536 | 0.6364773349236046
-2.149668585396114E-4 | 0.27799949744964536 | 0.6364773349236046 | 0.4481167983617762 | -0.13892043909552165:-0.00469863762067213 | 0.2648297241381208 | 0.6453547174939516
-0.00469863762067213 | 0.2648297241381208 | 0.6453547174939516 | 0.4481167983617762 | -0.13892043909552165:-0.009261196756190415 | 0.2513898065652995 | 0.6539000164148732
-0.009261196756190415 | 0.2513898065652995 | 0.6539000164148732 | 0.4481167983617762 | -0.13892043909552165:-0.01390006459815929 | 0.23768809318677953 | 0.6621049712493772
-0.01390006459815929 | 0.23768809318677953 | 0.6621049712493772 | 0.4481167983617762 | -0.13892043909552165:-0.01861259586787689 | 0.22373314566603852 | 0.6699615670038668
-0.01861259586787689 | 0.22373314566603852 | 0.6699615670038668 | 0.4481167983617762 | -0.13892043909552165:-0.023396081777795175 | 0.20953373216443438 | 0.677462039637085
-0.023396081777795175 | 0.20953373216443438 | 0.677462039637085 | 0.4481167983617762 | -0.13892043909552165:-0.028247752170138085 | 0.19509882051372074 | 0.6845988813708672
-0.028247752170138085 | 0.19509882051372074 | 0.6845988813708672 | 0.4481167983617762 | -0.13892043909552165:-0.033164777689618674 | 0.1804375712761619 | 0.6913648458003578
-0.033164777689618674 | 0.1804375712761619 | 0.6913648458003578 | 0.4481167983617762 | -0.13892043909552165:-0.03814427198865644 | 0.16555933069746942 | 0.6977529528014159
-0.03814427198865644 | 0.16555933069746942 | 0.6977529528014159 | 0.4481167983617762 | -0.13892043909552165:-0.04318329396347487 | 0.15047362355768712 | 0.7037564932330511
-0.04318329396347487 | 0.15047362355768712 | 0.7037564932330511 | 0.4481167983617762 | -0.13892043909552165:-0.04827885001943599 | 0.13519014592530354 | 0.7093690334330063
-0.04827885001943599 | 0.13519014592530354 | 0.7093690334330063 | 0.4481167983617762 | -0.13892043909552165:-0.05342789636399914 | 0.1197187578198502 | 0.7145844195045186
-0.05342789636399914 | 0.1197187578198502 | 0.7145844195045186 | 0.4481167983617762 | -0.13892043909552165:-0.058627341325657945 | 0.1040694757882008 | 0.7193967813926889
-0.058627341325657945 | 0.1040694757882008 | 0.7193967813926889 | 0.4481167983617762 | -0.13892043909552165:-0.06387404769718596 | 0.08825246539996812 | 0.7238005367487474
-0.06387404769718596 | 0.08825246539996812 | 0.7238005367487474 | 0.4481167983617762 | -0.13892043909552165:-0.06916483510157434 | 0.0722780336672173 | 0.7277903945809712
-0.06916483510157434 | 0.0722780336672173 | 0.7277903945809712 | 0.4481167983617762 | -0.13892043909552165:-0.0744964823789731 | 0.05615662139386757 | 0.7313613586907906
-0.0744964823789731 | 0.05615662139386757 | 0.7313613586907906 | 0.4481167983617762 | -0.13892043909552165:-0.07986572999300012 | 0.03989879546015729 | 0.7345087308930616
-0.07986572999300012 | 0.03989879546015729 | 0.7345087308930616 | -0.5551215778746947 | 0.31399469401475977:-0.06858683731637516 | 0.06047973823658381 | 0.7368630511854022
-0.06858683731637516 | 0.06047973823658381 | 0.7368630511854022 | -0.5551215778746947 | 0.31399469401475977:-0.05723891513533008 | 0.08118680729258543 | 0.7384388083121038
-0.05723891513533008 | 0.08118680729258543 | 0.7384388083121038 | -0.5551215778746947 | 0.31399469401475977:-0.04583515773378011 | 0.1019968314622588 | 0.7392295738019357
-0.04583515773378011 | 0.1019968314622588 | 0.7392295738019357 | -0.5551215778746947 | 0.31399469401475977:-0.03438887347478836 | 0.12288642426876706 | 0.7392298519232696
-0.03438887347478836 | 0.12288642426876706 | 0.7392298519232696 | -0.5551215778746947 | 0.31399469401475977:-0.022913468550324723 | 0.14383201254915434 | 0.7384350877883747
-0.022913468550324723 | 0.14383201254915434 | 0.7384350877883747 | 0.14867679012379065 | -0.698655832676216:-0.048886597103329876 | 0.13879328794295276 | 0.7406584506013942
-0.048886597103329876 | 0.13879328794295276 | 0.7406584506013942 | 0.14867679012379065 | -0.698655832676216:-0.07500251988317075 | 0.13371576231396887 | 0.741907848125571
-0.07500251988317075 | 0.13371576231396887 | 0.741907848125571 | 0.14867679012379065 | -0.698655832676216:-0.10122527821691563 | 0.1286071076530142 | 0.7421759131093637
-0.10122527821691563 | 0.1286071076530142 | 0.7421759131093637 | 0.14867679012379065 | -0.698655832676216:-0.12751860594816566 | 0.12347506615217796 | 0.7414566917157046
-0.12751860594816566 | 0.12347506615217796 | 0.7414566917157046 | 0.14867679012379065 | -0.698655832676216:-0.15384598310954978 | 0.1183274388336919 | 0.7397456555401476
-0.15384598310954978 | 0.1183274388336919 | 0.7397456555401476 | 0.14867679012379065 | -0.698655832676216:-0.1801706899928801 | 0.11317207408619367 | 0.7370397114963154
-0.1801706899928801 | 0.11317207408619367 | 0.7370397114963154 | 0.14867679012379065 | -0.698655832676216:-0.41353027650394747 | 0.21635733685772607 | 1.4688715388465283
-0.41353027650394747 | 0.21635733685772607 | 1.4688715388465283 | 0.14867679012379065 | -0.698655832676216:0.0 | 0.0 | 0.0
0.0 | 0.0 | 0.0 | 0.14867679012379065 | -0.698655832676216:-0.2333525858872454 | 0.1031739033489707 | 0.7307927026515202
-0.2333525858872454 | 0.1031739033489707 | 0.7307927026515202 | 0.14867679012379065 | -0.698655832676216:-0.25951506725939133 | 0.0980238086977252 | 0.7250534723058593
-0.25951506725939133 | 0.0980238086977252 | 0.7250534723058593 | -0.042268373949853943 | -0.8684239778704239:-0.29157192723624714 | 0.09984279365201232 | 0.7149507307479794
-0.29157192723624714 | 0.09984279365201232 | 0.7149507307479794 | -0.042268373949853943 | -0.8684239778704239:-0.32323895995178376 | 0.10164185185554331 | 0.7034031207401554
-0.32323895995178376 | 0.10164185185554331 | 0.7034031207401554 | -0.042268373949853943 | -0.8684239778704239:-0.3544504136498734 | 0.10341779187774236 | 0.6904262150386984
-0.3544504136498734 | 0.10341779187774236 | 0.6904262150386984 | -0.042268373949853943 | -0.8684239778704239:-0.7713364479386797 | 0.21062272564238071 | 1.353927411962573
-0.7713364479386797 | 0.21062272564238071 | 1.353927411962573 | -0.042268373949853943 | -0.8684239778704239:-0.4163690206780619 | 0.10717651737143896 | 0.6620459545158113
-0.4163690206780619 | 0.10717651737143896 | 0.6620459545158113 | -0.6530409100830428 | -0.42766466194192154:0.0 | 0.0 | 0.0
0.0 | 0.0 | 0.0 | -0.6530409100830428 | -0.42766466194192154:-0.4314951702203813 | 0.1290761388290882 | 0.6508728382657836
-0.4314951702203813 | 0.1290761388290882 | 0.6508728382657836 | -0.6530409100830428 | -0.42766466194192154:-0.4463884639926312 | 0.15065168245293847 | 0.6386160089854087
-0.4463884639926312 | 0.15065168245293847 | 0.6386160089854087 | -0.6530409100830428 | -0.42766466194192154:-0.461024590960299 | 0.1718656446202722 | 0.6252902154960651
-0.461024590960299 | 0.1718656446202722 | 0.6252902154960651 | -0.6530409100830428 | -0.42766466194192154:-0.475379568691203 | 0.19268099460563448 | 0.6109120613537584
-0.475379568691203 | 0.19268099460563448 | 0.6109120613537584 | -0.6530409100830428 | -0.42766466194192154:-0.48942978537631654 | 0.21306123912560793 | 0.5954999809745232
-0.48942978537631654 | 0.21306123912560793 | 0.5954999809745232 | -0.6530409100830428 | -0.42766466194192154:-0.5031520412542339 | 0.23297048602496773 | 0.5790742125764581
-0.5031520412542339 | 0.23297048602496773 | 0.5790742125764581 | -0.6530409100830428 | -0.42766466194192154:-0.5165235893681803 | 0.2523735069949815 | 0.5616567679861788
-0.5165235893681803 | 0.2523735069949815 | 0.5616567679861788 | -0.6530409100830428 | -0.42766466194192154:-0.5295221755857231 | 0.2712357992162353 | 0.5432713993619274
-0.5295221755857231 | 0.2712357992162353 | 0.5432713993619274 | -0.6530409100830428 | -0.42766466194192154:-0.5421260778126767 | 0.2895236458204522 | 0.5239435628917164
-0.5421260778126767 | 0.2895236458204522 | 0.5239435628917164 | 0.5337618710962333 | -0.4803433729205775:-0.5560546703511214 | 0.27609528499285574 | 0.5195452293219489
-0.5560546703511214 | 0.27609528499285574 | 0.5195452293219489 | 0.5337618710962333 | -0.4803433729205775:-0.5698812211697015 | 0.2627496644988909 | 0.51442978246655
-0.5698812211697015 | 0.2627496644988909 | 0.51442978246655 | 0.5337618710962333 | -0.4803433729205775:-0.583587759187818 | 0.24950701816794663 | 0.5086012065757899
-0.583587759187818 | 0.24950701816794663 | 0.5086012065757899 | 0.5337618710962333 | -0.4803433729205775:-0.5971564094683814 | 0.23638748463735482 | 0.5020645164685362
-0.5971564094683814 | 0.23638748463735482 | 0.5020645164685362 | 0.5337618710962333 | -0.4803433729205775:-0.6105694195307199 | 0.2234110780637124 | 0.4948257522663795
-0.6105694195307199 | 0.2234110780637124 | 0.4948257522663795 | -0.36844061373800274 | 0.6345180676270106:-0.5960308941290302 | 0.23300894878923373 | 0.5108885102687708
-0.5960308941290302 | 0.23300894878923373 | 0.5108885102687708 | -0.36844061373800274 | 0.6345180676270106:-0.5809463411406615 | 0.24291660577260643 | 0.5263227323124227
-0.5809463411406615 | 0.24291660577260643 | 0.5263227323124227 | -0.36844061373800274 | 0.6345180676270106:-0.5653360464998185 | 0.25312262792330387 | 0.5411037643099945
-0.5653360464998185 | 0.25312262792330387 | 0.5411037643099945 | -0.36844061373800274 | 0.6345180676270106:-0.549221126840326 | 0.2636151023640281 | 0.5552078373338531
-0.549221126840326 | 0.2636151023640281 | 0.5552078373338531 | -0.36844061373800274 | 0.6345180676270106:-0.5326234995399384 | 0.2743816414920772 | 0.5686121050510877
-0.5326234995399384 | 0.2743816414920772 | 0.5686121050510877 | -0.36844061373800274 | 0.6345180676270106:-0.5155658515327328 | 0.28540940076852905 | 0.5812946797918102
-0.5155658515327328 | 0.28540940076852905 | 0.5812946797918102 | -0.36844061373800274 | 0.6345180676270106:-0.4980716069371711 | 0.29668509720792713 | 0.5932346671970379
-0.4980716069371711 | 0.29668509720792713 | 0.5932346671970379 | -0.36844061373800274 | 0.6345180676270106:-0.9613050593998329 | 0.617016038028261 | 1.2100520322226203
-0.9613050593998329 | 0.617016038028261 | 1.2100520322226203 | -0.36844061373800274 | 0.6345180676270106:-0.4627973587821419 | 0.320567097080378 | 0.616042222748078
-0.4627973587821419 | 0.320567097080378 | 0.616042222748078 | -0.36844061373800274 | 0.6345180676270106:-0.44409263551879974 | 0.33251878574478155 | 0.6256437482533528
-0.44409263551879974 | 0.33251878574478155 | 0.6256437482533528 | -0.36844061373800274 | 0.6345180676270106:-0.4250520787876262 | 0.3446612028878846 | 0.634427835727891
-0.4250520787876262 | 0.3446612028878846 | 0.634427835727891 | -0.36844061373800274 | 0.6345180676270106:-0.40570232907302106 | 0.3569791403225153 | 0.6423790571045487
-0.40570232907302106 | 0.3569791403225153 | 0.6423790571045487 | -0.36844061373800274 | 0.6345180676270106:-0.38607054618087844 | 0.3694570763657481 | 0.6494831549032511
-0.38607054618087844 | 0.3694570763657481 | 0.6494831549032511 | -0.36844061373800274 | 0.6345180676270106:-0.366184369997546 | 0.38207919842050586 | 0.6557270655374623
-0.366184369997546 | 0.38207919842050586 | 0.6557270655374623 | -0.36844061373800274 | 0.6345180676270106:-0.34607188050260085 | 0.3948294260066163 | 0.6610989408546146
-0.34607188050260085 | 0.3948294260066163 | 0.6610989408546146 | -0.36844061373800274 | 0.6345180676270106:-0.32576155709536003 | 0.4076914342067539 | 0.6655881678791076
-0.32576155709536003 | 0.4076914342067539 | 0.6655881678791076 | -0.36844061373800274 | 0.6345180676270106:-0.3052822372959412 | 0.4206486774922453 | 0.6691853867290121
-0.3052822372959412 | 0.4206486774922453 | 0.6691853867290121 | -0.36844061373800274 | 0.6345180676270106:-0.28466307488257314 | 0.43368441389316814 | 0.671882506680447
-0.28466307488257314 | 0.43368441389316814 | 0.671882506680447 | -0.36844061373800274 | 0.6345180676270106:-0.2639334975275709 | 0.44678172947665473 | 0.6736727203564925
-0.2639334975275709 | 0.44678172947665473 | 0.6736727203564925 | -0.36844061373800274 | 0.6345180676270106:-0.24312316399508305 | 0.45992356309707816 | 0.6745505160198064
-0.24312316399508305 | 0.45992356309707816 | 0.6745505160198064 | 0.2980067742884833 | -0.48739686635254165:-0.2601047558302785 | 0.45060412795432825 | 0.6763760396738405
-0.2601047558302785 | 0.45060412795432825 | 0.6763760396738405 | 0.2980067742884833 | -0.48739686635254165:-0.27714635675599375 | 0.441233297777309 | 0.6776366305126373
-0.27714635675599375 | 0.441233297777309 | 0.6776366305126373 | 0.2980067742884833 | -0.48739686635254165:-0.29423363100485744 | 0.4318199214454168 | 0.6783294616030133
-0.29423363100485744 | 0.4318199214454168 | 0.6783294616030133 | 0.2980067742884833 | -0.48739686635254165:-0.3113521670505328 | 0.42237289690834245 | 0.678452216110216
-0.3113521670505328 | 0.42237289690834245 | 0.678452216110216 | 0.2980067742884833 | -0.48739686635254165:-0.32848749089789386 | 0.4129011630898134 | 0.6780030898407006
-0.32848749089789386 | 0.4129011630898134 | 0.6780030898407006 | 0.2980067742884833 | -0.48739686635254165:-0.34562507942380094 | 0.40341369175672526 | 0.6769807933104488
-0.34562507942380094 | 0.40341369175672526 | 0.6769807933104488 | 0.2980067742884833 | -0.48739686635254165:-0.36275037375629005 | 0.39391947936122307 | 0.6753845533378922
-0.36275037375629005 | 0.39391947936122307 | 0.6753845533378922 | 0.2980067742884833 | -0.48739686635254165:-0.37984879267990834 | 0.384427538863072 | 0.673214114160757
-0.37984879267990834 | 0.384427538863072 | 0.673214114160757 | 0.2980067742884833 | -0.48739686635254165:-0.3969057460549692 | 0.37494689153989924 | 0.6704697380763918
-0.3969057460549692 | 0.37494689153989924 | 0.6704697380763918 | 0.2980067742884833 | -0.48739686635254165:-0.41390664823854095 | 0.3654865587927105 | 0.6671522056059871
-0.41390664823854095 | 0.3654865587927105 | 0.6671522056059871 | 0.2980067742884833 | -0.48739686635254165:0.0 | 0.0 | 0.0
