0.0 | 0.0 | 0.0 | -0.3968811634974887 | -0.572729390642436:-2.862691844154669E-4 | 1.984275581300432E-4 | 0.009993931981869231
-2.862691844154669E-4 | 1.984275581300432E-4 | 0.009993931981869231 | -0.3968811634974887 | -0.572729390642436:-0.0011385477637769102 | 7.894243281350022E-4 | 0.019851713231349766
-0.0011385477637769102 | 7.894243281350022E-4 | 0.019851713231349766 | -0.3968811634974887 | -0.572729390642436:-0.002546115731343026 | 0.0017659134005624244 | 0.029538927630236043
-0.002546115731343026 | 0.0017659134005624244 | 0.029538927630236043 | -0.2665325812418178 | 0.32912635471885543:-0.002733140340839382 | 0.0028648512589660724 | 0.039204553295011255
-0.002733140340839382 | 0.0028648512589660724 | 0.039204553295011255 | -0.2665325812418178 | 0.32912635471885543:-0.0025974164765398856 | 0.004212744762659315 | 0.048759423889301406
-0.0025974164765398856 | 0.004212744762659315 | 0.048759423889301406 | -0.2665325812418178 | 0.32912635471885543:-0.002144132600631156 | 0.005805602795410425 | 0.058191671102505005
-0.002144132600631156 | 0.005805602795410425 | 0.058191671102505005 | -0.2665325812418178 | 0.32912635471885543:-0.0013786904073219731 | 0.007639258511058955 | 0.06748968733932825
-0.0013786904073219731 | 0.007639258511058955 | 0.06748968733932825 | -0.2665325812418178 | 0.32912635471885543:-3.066983172743329E-4 | 0.009709374580803232 | 0.07664213084477278
-3.066983172743329E-4 | 0.009709374580803232 | 0.07664213084477278 | 0.6531492128500969 | 0.7871573919881607:0.0030449888352717235 | 0.008061883445829032 | 0.08605231293291749
0.0030449888352717235 | 0.008061883445829032 | 0.08605231293291749 | 0.6531492128500969 | 0.7871573919881607:0.007117099855408441 | 0.005802162959056112 | 0.09517599158541301
0.007117099855408441 | 0.005802162959056112 | 0.09517599158541301 | 0.6531492128500969 | 0.7871573919881607:0.01188936282102157 | 0.0029459773450065674 | 0.10394250954641182
0.01188936282102157 | 0.0029459773450065674 | 0.10394250954641182 | 0.6531492128500969 | 0.7871573919881607:0.017337969079446118 | -4.8794044013855675E-4 | 0.11228336527414673
0.017337969079446118 | -4.8794044013855675E-4 | 0.11228336527414673 | 0.6531492128500969 | 0.7871573919881607:0.023435703231624753 | -0.004477992021475585 | 0.12013249022938866
0.023435703231624753 | -0.004477992021475585 | 0.12013249022938866 | -0.19679307075284846 | 0.6113963066270074:0.029039244121724435 | -0.003531860461561398 | 0.1279527644413948
0.029039244121724435 | -0.003531860461561398 | 0.1279527644413948 | -0.19679307075284846 | 0.6113963066270074:0.03511749672519118 | -0.0024231244328593027 | 0.13544206878751686
0.03511749672519118 | -0.0024231244328593027 | 0.13544206878751686 | -0.19679307075284846 | 0.6113963066270074:0.041653124300757405 | -0.001157335225444478 | 0.14257794913402266
0.041653124300757405 | -0.001157335225444478 | 0.14257794913402266 | -0.19679307075284846 | 0.6113963066270074:0.0486279898375406 | 2.596947070563349E-4 | 0.1493388484871161
0.0486279898375406 | 2.596947070563349E-4 | 0.1493388484871161 | -0.19679307075284846 | 0.6113963066270074:0.05602319434388675 | 0.0018219039271313298 | 0.15570413453401266
0.05602319434388675 | 0.0018219039271313298 | 0.15570413453401266 | -0.19679307075284846 | 0.6113963066270074:0.06381911587593353 | 0.0035229944393908585 | 0.1616541255217694
0.06381911587593353 | 0.0035229944393908585 | 0.1616541255217694 | -0.19679307075284846 | 0.6113963066270074:0.07199544924468737 | 0.005356444343301847 | 0.16717011445611796
0.07199544924468737 | 0.005356444343301847 | 0.16717011445611796 | -0.19679307075284846 | 0.6113963066270074:0.08053124634020109 | 0.007315520692958599 | 0.17223439160490428
0.08053124634020109 | 0.007315520692958599 | 0.17223439160490428 | -0.19679307075284846 | 0.6113963066270074:0.08940495701130596 | 0.009393292544146226 | 0.17683026529305756
0.08940495701130596 | 0.009393292544146226 | 0.17683026529305756 | -0.19679307075284846 | 0.6113963066270074:0.09859447043929892 | 0.011582644168920075 | 0.18094208097833953
0.09859447043929892 | 0.011582644168920075 | 0.18094208097833953 | -0.19679307075284846 | 0.6113963066270074:0.10807715694400288 | 0.013876288417924543 | 0.1845552385994349
0.10807715694400288 | 0.013876288417924543 | 0.1845552385994349 | -0.19679307075284846 | 0.6113963066270074:0.11782991016071354 | 0.016266780210689058 | 0.18765620819023976
0.11782991016071354 | 0.016266780210689058 | 0.18765620819023976 | -0.19679307075284846 | 0.6113963066270074:0.12782918952671196 | 0.018746530134183925 | 0.1902325437564807
0.12782918952671196 | 0.018746530134183925 | 0.1902325437564807 | -0.19679307075284846 | 0.6113963066270074:0.1380510630162619 | 0.02130781812998428 | 0.19227289541306147
0.1380510630162619 | 0.02130781812998428 | 0.19227289541306147 | -0.19679307075284846 | 0.6113963066270074:0.1484712500633214 | 0.02394280725047926 | 0.19376701978276722
0.1484712500633214 | 0.02394280725047926 | 0.19376701978276722 | -0.19679307075284846 | 0.6113963066270074:0.15906516461157771 | 0.026643557464674283 | 0.19470578865917076
0.15906516461157771 | 0.026643557464674283 | 0.19470578865917076 | -0.19679307075284846 | 0.6113963066270074:0.16980795823186834 | 0.02940203949426967 | 0.1950811959387737
0.16980795823186834 | 0.02940203949426967 | 0.1950811959387737 | -0.19679307075284846 | 0.6113963066270074:0.18067456324756015 | 0.03221014866085359 | 0.19488636282957117
0.18067456324756015 | 0.03221014866085359 | 0.19488636282957117 | -0.19679307075284846 | 0.6113963066270074:0.19163973580905047 | 0.03505971872522551 | 0.19411554134535614
0.19163973580905047 | 0.03505971872522551 | 0.19411554134535614 | -0.19679307075284846 | 0.6113963066270074:0.2026780988591983 | 0.037942535700063784 | 0.19276411609717226
0.2026780988591983 | 0.037942535700063784 | 0.19276411609717226 | -0.7980537106712016 | -0.5065938319502332:0.20280197785184706 | 0.046761629025159124 | 0.20115700851021323
0.20280197785184706 | 0.046761629025159124 | 0.20115700851021323 | -0.7980537106712016 | -0.5065938319502332:0.20254663621125824 | 0.05609299591626815 | 0.20921688643536918
0.20254663621125824 | 0.05609299591626815 | 0.20921688643536918 | -0.7980537106712016 | -0.5065938319502332:0.20192251366254688 | 0.06592193783689027 | 0.21690212254158237
0.20192251366254688 | 0.06592193783689027 | 0.21690212254158237 | -0.7980537106712016 | -0.5065938319502332:0.20094136979614907 | 0.0762316456465304 | 0.2241721935790002
0.20094136979614907 | 0.0762316456465304 | 0.2241721935790002 | -0.7980537106712016 | -0.5065938319502332:0.19961624498606767 | 0.0870032584819671 | 0.23098781980918748
0.19961624498606767 | 0.0870032584819671 | 0.23098781980918748 | 0.21892549877298406 | 0.9157286749564546:0.21453820605968232 | 0.08628586270254393 | 0.22733182280912523
0.21453820605968232 | 0.08628586270254393 | 0.22733182280912523 | 0.21892549877298406 | 0.9157286749564546:0.22944471257799748 | 0.08553840468397753 | 0.22275098612255384
0.22944471257799748 | 0.08553840468397753 | 0.22275098612255384 | 0.21892549877298406 | 0.9157286749564546:0.24428076369971308 | 0.08477429474329756 | 0.2172409889477711
0.24428076369971308 | 0.08477429474329756 | 0.2172409889477711 | 0.21892549877298406 | 0.9157286749564546:0.25899110735569586 | 0.08400701867244552 | 0.21080085270236548
0.25899110735569586 | 0.08400701867244552 | 0.21080085270236548 | 0.21892549877298406 | 0.9157286749564546:0.27352042534176935 | 0.08325009356090173 | 0.20343294782537757
0.27352042534176935 | 0.08325009356090173 | 0.20343294782537757 | 0.9729840430234211 | 0.14715100117376356:0.28012554060517836 | 0.07461381490459601 | 0.20901896347100024
0.28012554060517836 | 0.07461381490459601 | 0.20901896347100024 | 0.9729840430234211 | 0.14715100117376356:0.2867455227419393 | 0.06551820000547706 | 0.21411532221229912
0.2867455227419393 | 0.06551820000547706 | 0.21411532221229912 | 0.9729840430234211 | 0.14715100117376356:0.2933766640345894 | 0.055990505058440165 | 0.21869096999829996
0.2933766640345894 | 0.055990505058440165 | 0.21869096999829996 | 0.9729840430234211 | 0.14715100117376356:0.30001497194569016 | 0.04605987470200651 | 0.22271648534109367
0.30001497194569016 | 0.04605987470200651 | 0.22271648534109367 | 0.9729840430234211 | 0.14715100117376356:0.3066561843729616 | 0.03575724414252618 | 0.22616418880344913
0.3066561843729616 | 0.03575724414252618 | 0.22616418880344913 | 0.9729840430234211 | 0.14715100117376356:0.31329578576959793 | 0.025115235407122072 | 0.2290082464846943
0.31329578576959793 | 0.025115235407122072 | 0.2290082464846943 | 0.9729840430234211 | 0.14715100117376356:0.3199290240750674 | 0.014168048079607365 | 0.23122476719881302
0.3199290240750674 | 0.014168048079607365 | 0.23122476719881302 | 0.9729840430234211 | 0.14715100117376356:0.3265509283995458 | 0.0029513448884877502 | 0.23279189305969084
0.3265509283995458 | 0.0029513448884877502 | 0.23279189305969084 | 0.9729840430234211 | 0.14715100117376356:0.3331563274031355 | -0.008497867470150466 | 0.233689883210074
0.3331563274031355 | -0.008497867470150466 | 0.233689883210074 | 0.9729840430234211 | 0.14715100117376356:0.339739868309227 | -0.020141361879586983 | 0.23390119045317803
0.339739868309227 | -0.020141361879586983 | 0.23390119045317803 | 0.9967165935744993 | 0.7920599560555381:0.3536396338430041 | -0.03221978299378708 | 0.2220866218886286
0.3536396338430041 | -0.03221978299378708 | 0.2220866218886286 | 0.9967165935744993 | 0.7920599560555381:0.36710505207851174 | -0.04384310439168565 | 0.20889052468432112
0.36710505207851174 | -0.04384310439168565 | 0.20889052468432112 | 0.9967165935744993 | 0.7920599560555381:0.38007177296890404 | -0.054928881330232965 | 0.19434863080863352
0.38007177296890404 | -0.054928881330232965 | 0.19434863080863352 | 0.9967165935744993 | 0.7920599560555381:0.39247694756775786 | -0.06539636970763982 | 0.17850446316920632
0.39247694756775786 | -0.06539636970763982 | 0.17850446316920632 | 0.9967165935744993 | 0.7920599560555381:0.4042595807161451 | -0.0751669738578518 | 0.1614091750603901
0.4042595807161451 | -0.0751669738578518 | 0.1614091750603901 | 0.7824514107467133 | -0.2719259413559936:0.4071507459091226 | -0.08245161190734146 | 0.16589777998231803
0.4071507459091226 | -0.08245161190734146 | 0.16589777998231803 | 0.7824514107467133 | -0.2719259413559936:0.4099059538718617 | -0.0899753382876903 | 0.17014303985536472
0.4099059538718617 | -0.0899753382876903 | 0.17014303985536472 | 0.7824514107467133 | -0.2719259413559936:0.4125293977563729 | -0.09772794468396116 | 0.1741301651240299
0.4125293977563729 | -0.09772794468396116 | 0.1741301651240299 | 0.7824514107467133 | -0.2719259413559936:0.41502550911014247 | -0.10569851048065321 | 0.17784490609104608
0.41502550911014247 | -0.10569851048065321 | 0.17784490609104608 | 0.7824514107467133 | -0.2719259413559936:0.41739894867570015 | -0.11387542869233114 | 0.18127358885065448
0.41739894867570015 | -0.11387542869233114 | 0.18127358885065448 | 0.25178500571747753 | 0.12657897726150447:0.4232654577457513 | -0.11746297264027722 | 0.1791856439167887
0.4232654577457513 | -0.11746297264027722 | 0.1791856439167887 | 0.25178500571747753 | 0.12657897726150447:0.4290833480853671 | -0.12103569063078201 | 0.1769493040414769
0.4290833480853671 | -0.12103569063078201 | 0.1769493040414769 | 0.25178500571747753 | 0.12657897726150447:0.43485161708646025 | -0.12459077091394888 | 0.1745658208827212
0.43485161708646025 | -0.12459077091394888 | 0.1745658208827212 | 0.25178500571747753 | 0.12657897726150447:0.4405692756908479 | -0.12812543649661567 | 0.17203649240318164
0.4405692756908479 | -0.12812543649661567 | 0.17203649240318164 | 0.25178500571747753 | 0.12657897726150447:0.44623534865417724 | -0.13163694559170236 | 0.16936266202720773
0.44623534865417724 | -0.13163694559170236 | 0.16936266202720773 | -0.3945869620570508 | 0.743920563832067:0.4569326786151304 | -0.1295781458328933 | 0.1567961351442282
0.4569326786151304 | -0.1295781458328933 | 0.1567961351442282 | -0.3945869620570508 | 0.743920563832067:0.4671637986526953 | -0.1277234151716613 | 0.1436408517093497
0.4671637986526953 | -0.1277234151716613 | 0.1436408517093497 | -0.3945869620570508 | 0.743920563832067:0.4769012081747217 | -0.12608793408269836 | 0.12991922142613532
0.4769012081747217 | -0.12608793408269836 | 0.12991922142613532 | -0.3945869620570508 | 0.743920563832067:0.4861183569798353 | -0.12468639093356493 | 0.115655244650954
0.4861183569798353 | -0.12468639093356493 | 0.115655244650954 | -0.3945869620570508 | 0.743920563832067:0.4947897130371892 | -0.12353294554373373 | 0.1008744586778505
0.4947897130371892 | -0.12353294554373373 | 0.1008744586778505 | -0.3945869620570508 | 0.743920563832067:0.5028908278212327 | -0.12264119400479645 | 0.08560388045483691
0.5028908278212327 | -0.12264119400479645 | 0.08560388045483691 | -0.3945869620570508 | 0.743920563832067:0.510398399061728 | -0.12202413483737251 | 0.06987194587226853
0.510398399061728 | -0.12202413483737251 | 0.06987194587226853 | -0.3945869620570508 | 0.743920563832067:0.5172903307754417 | -0.12169413655699834 | 0.05370844577068823
0.5172903307754417 | -0.12169413655699834 | 0.05370844577068823 | -0.3945869620570508 | 0.743920563832067:0.5235457904525731 | -0.12166290671786717 | 0.03714445882198092
0.5235457904525731 | -0.12166290671786717 | 0.03714445882198092 | -0.3945869620570508 | 0.743920563832067:0.5291452632776625 | -0.121941462499767 | 0.0202122814438237
0.5291452632776625 | -0.121941462499767 | 0.0202122814438237 | -0.19669515651188996 | 0.7394748533077313:0.5340250749731297 | -0.12275973740670443 | 0.00185131981863762
0.5340250749731297 | -0.12275973740670443 | 0.00185131981863762 | -0.19669515651188996 | 0.7394748533077313:0.5381765847112518 | -0.1237481167463983 | -0.01682161110363012
0.5381765847112518 | -0.1237481167463983 | -0.01682161110363012 | -0.19669515651188996 | 0.7394748533077313:0.5415837129568537 | -0.124911255437397 | -0.035774444728097876
0.5415837129568537 | -0.124911255437397 | -0.035774444728097876 | -0.19669515651188996 | 0.7394748533077313:0.5442317519909885 | -0.1262534451936692 | -0.05497433015231046
0.5442317519909885 | -0.1262534451936692 | -0.05497433015231046 | -0.19669515651188996 | 0.7394748533077313:0.5461073980935645 | -0.12777860567508537 | -0.07438769564225645
0.5461073980935645 | -0.12777860567508537 | -0.07438769564225645 | 0.2735281236486766 | 0.1427680141383294:0.549737188967562 | -0.12772214090584555 | -0.08063879146683028
0.549737188967562 | -0.12772214090584555 | -0.08063879146683028 | 0.2735281236486766 | 0.1427680141383294:0.5532758635462791 | -0.12756205767973272 | -0.08695082866938542
0.5532758635462791 | -0.12756205767973272 | -0.08695082866938542 | 0.2735281236486766 | 0.1427680141383294:0.5567232080708813 | -0.12729722045741454 | -0.09332078926109588
0.5567232080708813 | -0.12729722045741454 | -0.09332078926109588 | 0.2735281236486766 | 0.1427680141383294:0.5600790350426976 | -0.1269265509976858 | -0.09974564535506936
0.5600790350426976 | -0.1269265509976858 | -0.09974564535506936 | 0.2735281236486766 | 0.1427680141383294:0.5633431831919147 | -0.12644902823478477 | -0.10622236031784027
0.5633431831919147 | -0.12644902823478477 | -0.10622236031784027 | -0.4046173420008974 | -0.6440505970795265:0.5703722440952816 | -0.12947639168003278 | -0.08605203851751675
0.5703722440952816 | -0.12947639168003278 | -0.08605203851751675 | -0.4046173420008974 | -0.6440505970795265:0.5767230848189264 | -0.13209791108904367 | -0.06545723546173932
0.5767230848189264 | -0.13209791108904367 | -0.06545723546173932 | -0.4046173420008974 | -0.6440505970795265:0.5823780710785869 | -0.13430201888763982 | -0.04447061116405138
0.5823780710785869 | -0.13430201888763982 | -0.04447061116405138 | -0.4046173420008974 | -0.6440505970795265:0.587320760434082 | -0.13607788809803179 | -0.02312578642239771
0.587320760434082 | -0.13607788809803179 | -0.02312578642239771 | -0.4046173420008974 | -0.6440505970795265:0.5915359365888904 | -0.13741545449219927 | -0.00145728131935563
0.5915359365888904 | -0.13741545449219927 | -0.00145728131935563 | -0.4046173420008974 | -0.6440505970795265:0.5950096413913286 | -0.13830543731801814 | 0.020499547905487248
0.5950096413913286 | -0.13830543731801814 | 0.020499547905487248 | -0.4046173420008974 | -0.6440505970795265:0.597729204486285 | -0.13873935856490593 | 0.04270857349296442
0.597729204486285 | -0.13873935856490593 | 0.04270857349296442 | -0.4046173420008974 | -0.6440505970795265:0.599683270570889 | -0.13870956073844987 | 0.06513296219145026
0.599683270570889 | -0.13870956073844987 | 0.06513296219145026 | -0.4046173420008974 | -0.6440505970795265:0.6008618242117834 | -0.13820922311619377 | 0.08773524255161291
0.6008618242117834 | -0.13820922311619377 | 0.08773524255161291 | -0.4046173420008974 | -0.6440505970795265:0.6012562121860512 | -0.13723237645950714 | 0.11047737336507701
0.6012562121860512 | -0.13723237645950714 | 0.11047737336507701 | -0.4046173420008974 | -0.6440505970795265:0.6008591633123963 | -0.13577391615925372 | 0.13332081312179866
0.6008591633123963 | -0.13577391615925372 | 0.13332081312179866 | -0.4046173420008974 | -0.6440505970795265:0.5996648057434726 | -0.13382961379574976 | 0.1562265903597364
0.5996648057434726 | -0.13382961379574976 | 0.1562265903597364 | -0.4046173420008974 | -0.6440505970795265:0.5976686816950263 | -0.13139612709634996 | 0.17915537477929355
0.5976686816950263 | -0.13139612709634996 | 0.17915537477929355 | -0.4046173420008974 | -0.6440505970795265:0.5948677595917005 | -0.12847100827681146 | 0.2020675489943109
0.5948677595917005 | -0.12847100827681146 | 0.2020675489943109 | -0.4046173420008974 | -0.6440505970795265:0.5912604436142388 | -0.125052710755428 | 0.22492328079066937
0.5912604436142388 | -0.125052710755428 | 0.22492328079066937 | -0.7688521830594979 | 0.9304998047104547:0.6046090117749827 | -0.11695644785919423 | 0.20292795077308234
0.6046090117749827 | -0.11695644785919423 | 0.20292795077308234 | -0.7688521830594979 | 0.9304998047104547:0.6169220657372918 | -0.10966234809747011 | 0.1798997542753913
0.6169220657372918 | -0.10966234809747011 | 0.1798997542753913 | -0.7688521830594979 | 0.9304998047104547:0.6281473997589657 | -0.10321541732609685 | 0.15591860703186988
0.6281473997589657 | -0.10321541732609685 | 0.15591860703186988 | -0.7688521830594979 | 0.9304998047104547:0.6382367019529767 | -0.09765752841774056 | 0.1310689815496051
0.6382367019529767 | -0.09765752841774056 | 0.1310689815496051 | -0.7688521830594979 | 0.9304998047104547:0.6471457808581604 | -0.09302722795999419 | 0.10543958793707375
0.6471457808581604 | -0.09302722795999419 | 0.10543958793707375 | -0.7688521830594979 | 0.9304998047104547:0.6548347758401931 | -0.08935955594440248 | 0.07912303555536226
0.6548347758401931 | -0.08935955594440248 | 0.07912303555536226 | -0.7688521830594979 | 0.9304998047104547:0.6612683503988066 | -0.08668587923610183 | 0.0522154768553289
0.6612683503988066 | -0.08668587923610183 | 0.0522154768553289 | -0.7688521830594979 | 0.9304998047104547:0.6664158675274336 | -0.08503373955715521 | 0.024816234839745377
0.6664158675274336 | -0.08503373955715521 | 0.024816234839745377 | -0.7688521830594979 | 0.9304998047104547:0.6702515463453693 | -0.08442671665706847 | -0.002972584340943385
0.6702515463453693 | -0.08442671665706847 | -0.002972584340943385 | -0.7688521830594979 | 0.9304998047104547:0.6727545992993385 | -0.08488430728154839 | -0.03104649208716026
0.6727545992993385 | -0.08488430728154839 | -0.03104649208716026 | -0.7892774868734884 | 0.6459506149285337:0.6746876405143709 | -0.08645026109968779 | -0.04961710555078547
0.6746876405143709 | -0.08645026109968779 | -0.04961710555078547 | -0.7892774868734884 | 0.6459506149285337:0.675982088041664 | -0.08875241573761983 | -0.06824730400937185
0.675982088041664 | -0.08875241573761983 | -0.06824730400937185 | -0.7892774868734884 | 0.6459506149285337:0.6766350677770561 | -0.09179574162587567 | -0.08688494498740695
0.6766350677770561 | -0.09179574162587567 | -0.08688494498740695 | -0.7892774868734884 | 0.6459506149285337:0.676645500396674 | -0.09558301947761372 | -0.10547749651179217
0.676645500396674 | -0.09558301947761372 | -0.10547749651179217 | -0.7892774868734884 | 0.6459506149285337:0.6760141143192158 | -0.10011482143213435 | -0.12397219218549971
0.6760141143192158 | -0.10011482143213435 | -0.12397219218549971 | -0.7892774868734884 | 0.6459506149285337:0.6747434532560135 | -0.10538949878812343 | -0.14231618744048724
0.6747434532560135 | -0.10538949878812343 | -0.14231618744048724 | -0.7892774868734884 | 0.6459506149285337:0.6728378783195765 | -0.11140317637163388 | -0.16045671650133286
0.6728378783195765 | -0.11140317637163388 | -0.16045671650133286 | -0.7892774868734884 | 0.6459506149285337:0.6703035646776101 | -0.11814975356398882 | -0.17834124958908149
0.6703035646776101 | -0.11814975356398882 | -0.17834124958908149 | -0.7892774868734884 | 0.6459506149285337:0.6671484927557785 | -0.12562091199494674 | -0.1959176498942572
0.6671484927557785 | -0.12562091199494674 | -0.1959176498942572 | -0.7892774868734884 | 0.6459506149285337:0.6633824340086463 | -0.13380612988659113 | -0.2131343298487618
0.6633824340086463 | -0.13380612988659113 | -0.2131343298487618 | -0.36073565222632586 | 0.9218998801404295:0.655643041646556 | -0.13819189316409197 | -0.24201718171842046
0.655643041646556 | -0.13819189316409197 | -0.24201718171842046 | -0.36073565222632586 | 0.9218998801404295:0.6465107566210548 | -0.1431097632538405 | -0.270529863139906
0.6465107566210548 | -0.1431097632538405 | -0.270529863139906 | -0.36073565222632586 | 0.9218998801404295:0.6360007841331949 | -0.14855465694935077 | -0.29859433532847746
0.6360007841331949 | -0.14855465694935077 | -0.29859433532847746 | -0.36073565222632586 | 0.9218998801404295:0.624132162806113 | -0.15451998298568004 | -0.3261332982706193
0.624132162806113 | -0.15451998298568004 | -0.3261332982706193 | -0.36073565222632586 | 0.9218998801404295:0.6109277291808723 | -0.16099765397852295 | -0.353070408898132
0.6109277291808723 | -0.16099765397852295 | -0.353070408898132 | 0.26268828185671644 | 0.6583653406082122:0.601193800834956 | -0.1569432955381309 | -0.3765007695950633
0.601193800834956 | -0.1569432955381309 | -0.3765007695950633 | 0.26268828185671644 | 0.6583653406082122:0.5906248330807387 | -0.15255691799638704 | -0.39960986391691655
0.5906248330807387 | -0.15255691799638704 | -0.39960986391691655 | 0.26268828185671644 | 0.6583653406082122:0.5792305689863113 | -0.1478421463260151 | -0.4223627070867959
0.5792305689863113 | -0.1478421463260151 | -0.4223627070867959 | 0.26268828185671644 | 0.6583653406082122:0.567022020375056 | -0.14280311445813787 | -0.4447246855309519
0.567022020375056 | -0.14280311445813787 | -0.4447246855309519 | 0.26268828185671644 | 0.6583653406082122:0.5540114539911585 | -0.13744446010821676 | -0.46666160998245587
0.5540114539911585 | -0.13744446010821676 | -0.46666160998245587 | 0.26268828185671644 | 0.6583653406082122:0.5402123757752406 | -0.13177131884385673 | -0.4881397679497539
0.5402123757752406 | -0.13177131884385673 | -0.4881397679497539 | 0.26268828185671644 | 0.6583653406082122:0.5256395132765235 | -0.12578931740450905 | -0.5091259754734798
0.5256395132765235 | -0.12578931740450905 | -0.5091259754734798 | 0.26268828185671644 | 0.6583653406082122:0.5103087962306958 | -0.11950456628418848 | -0.529587628096091
0.5103087962306958 | -0.11950456628418848 | -0.529587628096091 | 0.26268828185671644 | 0.6583653406082122:0.4942373353350007 | -0.11292365158931794 | -0.5494927509702929
0.4942373353350007 | -0.11292365158931794 | -0.5494927509702929 | 0.26268828185671644 | 0.6583653406082122:0.47744339925471735 | -0.10605362618485081 | -0.5688100480336713
0.47744339925471735 | -0.10605362618485081 | -0.5688100480336713 | 0.26268828185671644 | 0.6583653406082122:0.45994638989765235 | -0.09890200014281447 | -0.5875089501784982
0.45994638989765235 | -0.09890200014281447 | -0.5875089501784982 | 0.26268828185671644 | 0.6583653406082122:0.4417668159955923 | -0.09147673050835259 | -0.6055596623473454
0.4417668159955923 | -0.09147673050835259 | -0.6055596623473454 | 0.26268828185671644 | 0.6583653406082122:0.4229262650340715 | -0.08378621039932632 | -0.6229332094868596
0.4229262650340715 | -0.08378621039932632 | -0.6229332094868596 | 0.26268828185671644 | 0.6583653406082122:0.4034473735740107 | -0.07583925745642439 | -0.639601481293913
0.4034473735740107 | -0.07583925745642439 | -0.639601481293913 | 0.26268828185671644 | 0.6583653406082122:0.38335379601104336 | -0.06764510166161841 | -0.6555372756902251
0.38335379601104336 | -0.06764510166161841 | -0.6555372756902251 | 0.26268828185671644 | 0.6583653406082122:0.36267017182034067 | -0.05921337254368453 | -0.670714340963583
0.36267017182034067 | -0.05921337254368453 | -0.670714340963583 | 0.26268828185671644 | 0.6583653406082122:0.34142209133703005 | -0.05055408579030285 | -0.6851074165158422
0.34142209133703005 | -0.05055408579030285 | -0.6851074165158422 | 0.26268828185671644 | 0.6583653406082122:0.31963606012395473 | -0.041677629287086404 | -0.6986922721600617
0.31963606012395473 | -0.041677629287086404 | -0.6986922721600617 | 0.26268828185671644 | 0.6583653406082122:0.29733946198070527 | -0.032594748604635626 | -0.7114457459113396
0.29733946198070527 | -0.032594748604635626 | -0.7114457459113396 | 0.26268828185671644 | 0.6583653406082122:0.2745605206494446 | -0.02331653195545158 | -0.7233457802182289
0.2745605206494446 | -0.02331653195545158 | -0.7233457802182289 | 0.7527172372361282 | 0.5329199892115419:0.2559262207239925 | 0.003928729683458698 | -0.7329021827897948
0.2559262207239925 | 0.003928729683458698 | -0.7329021827897948 | 0.7527172372361282 | 0.5329199892115419:0.23700749536158838 | 0.031593614785172974 | -0.7409228099072149
0.23700749536158838 | 0.031593614785172974 | -0.7409228099072149 | 0.7527172372361282 | 0.5329199892115419:0.21784660986928372 | 0.059619028394028106 | -0.7473813401257363
0.21784660986928372 | 0.059619028394028106 | -0.7473813401257363 | 0.7527172372361282 | 0.5329199892115419:0.19848656727713632 | 0.08794476675946328 | -0.7522549397885432
0.19848656727713632 | 0.08794476675946328 | -0.7522549397885432 | 0.7527172372361282 | 0.5329199892115419:0.1789710098711197 | 0.11650965520456147 | -0.7555243283539359
0.1789710098711197 | 0.11650965520456147 | -0.7555243283539359 | -0.06389834097440517 | -0.09064841476973395:0.18289436578218954 | 0.11440748480557694 | -0.7571402754720173
0.18289436578218954 | 0.11440748480557694 | -0.7571402754720173 | -0.06389834097440517 | -0.09064841476973395:0.1868292551213031 | 0.11229050191611556 | -0.7587097506670606
0.1868292551213031 | 0.11229050191611556 | -0.7587097506670606 | -0.06389834097440517 | -0.09064841476973395:0.19077532545928477 | 0.1101590211611736 | -0.7602328251157155
0.19077532545928477 | 0.1101590211611736 | -0.7602328251157155 | -0.06389834097440517 | -0.09064841476973395:0.19473222687931724 | 0.10801335473724727 | -0.7617095720529479
0.19473222687931724 | 0.10801335473724727 | -0.7617095720529479 | -0.06389834097440517 | -0.09064841476973395:0.19869961196187091 | 0.10585381242949055 | -0.7631400667415598
0.19869961196187091 | 0.10585381242949055 | -0.7631400667415598 | 0.31242109886851677 | -0.20878185612167854:0.20716759081070535 | 0.11806390506413145 | -0.761227791372237
0.20716759081070535 | 0.11806390506413145 | -0.761227791372237 | 0.31242109886851677 | -0.20878185612167854:0.2156279231905458 | 0.1302697318269228 | -0.7590067387593997
0.2156279231905458 | 0.1302697318269228 | -0.7590067387593997 | 0.31242109886851677 | -0.20878185612167854:0.22407692446786598 | 0.14246573183526934 | -0.7564768435462721
0.22407692446786598 | 0.14246573183526934 | -0.7564768435462721 | 0.31242109886851677 | -0.20878185612167854:0.23251091245528954 | 0.15464634721685222 | -0.7536381846171967
0.23251091245528954 | 0.15464634721685222 | -0.7536381846171967 | 0.31242109886851677 | -0.20878185612167854:0.2409262090910005 | 0.16680602562082747 | -0.7504909847345225
0.2409262090910005 | 0.16680602562082747 | -0.7504909847345225 | 0.7488936691639754 | 0.5589964653538:0.22057872112718258 | 0.19525425205026892 | -0.7519722652276286
0.22057872112718258 | 0.19525425205026892 | -0.7519722652276286 | 0.7488936691639754 | 0.5589964653538:0.20017252423222232 | 0.2238000251578196 | -0.751795954636389
0.20017252423222232 | 0.2238000251578196 | -0.751795954636389 | 0.7488936691639754 | 0.5589964653538:0.17975529984304472 | 0.2523797158052776 | -0.7499550018188526
0.17975529984304472 | 0.2523797158052776 | -0.7499550018188526 | 0.7488936691639754 | 0.5589964653538:0.15937492508675177 | 0.28092935933658225 | -0.7464462073288356
0.15937492508675177 | 0.28092935933658225 | -0.7464462073288356 | 0.7488936691639754 | 0.5589964653538:0.1390793601908058 | 0.3093848060798363 | -0.7412702424183699
0.1390793601908058 | 0.3093848060798363 | -0.7412702424183699 | 0.07445543872666094 | 0.30962028575948497:0.1278947281643994 | 0.3128498614014381 | -0.7438601707999393
0.1278947281643994 | 0.3128498614014381 | -0.7438601707999393 | 0.07445543872666094 | 0.30962028575948497:0.11664287111802452 | 0.3163236542600769 | -0.7462485197772004
0.11664287111802452 | 0.3163236542600769 | -0.7462485197772004 | 0.07445543872666094 | 0.30962028575948497:0.10532744129930194 | 0.3198053869112423 | -0.7484339595485494
0.10532744129930194 | 0.3198053869112423 | -0.7484339595485494 | 0.07445543872666094 | 0.30962028575948497:0.09395211008563109 | 0.3232942560983476 | -0.750415231037838
0.09395211008563109 | 0.3232942560983476 | -0.750415231037838 | 0.07445543872666094 | 0.30962028575948497:0.08252056672714048 | 0.32678945336245757 | -0.7521911460773687
0.08252056672714048 | 0.32678945336245757 | -0.7521911460773687 | 0.7695021463329861 | 0.5821429678365566:0.06110660972294113 | 0.3562390571546823 | -0.7427331417584604
0.06110660972294113 | 0.3562390571546823 | -0.7427331417584604 | 0.7695021463329861 | 0.5821429678365566:0.03996373190262403 | 0.38535510200543843 | -0.7314878833984721
0.03996373190262403 | 0.38535510200543843 | -0.7314878833984721 | 0.7695021463329861 | 0.5821429678365566:0.019145188339457775 | 0.4140669012358522 | -0.7184753342815782
0.019145188339457775 | 0.4140669012358522 | -0.7184753342815782 | 0.7695021463329861 | 0.5821429678365566:-0.0012963874961613442 | 0.4423045040603446 | -0.7037198678867718
-0.0012963874961613442 | 0.4423045040603446 | -0.7037198678867718 | 0.7695021463329861 | 0.5821429678365566:-0.02130911640011135 | 0.46999887189710154 | -0.6872502194815944
-0.02130911640011135 | 0.46999887189710154 | -0.6872502194815944 | 0.7695021463329861 | 0.5821429678365566:-0.04084200446084907 | 0.4970820527270581 | -0.6690994266646229
-0.04084200446084907 | 0.4970820527270581 | -0.6690994266646229 | 0.7695021463329861 | 0.5821429678365566:-0.05984507211652357 | 0.5234873530595077 | -0.6493047589952212
-0.05984507211652357 | 0.5234873530595077 | -0.6493047589952212 | 0.7695021463329861 | 0.5821429678365566:-0.07826948091532415 | 0.549149507068412 | -0.6279076368765928
-0.07826948091532415 | 0.549149507068412 | -0.6279076368765928 | 0.7695021463329861 | 0.5821429678365566:-0.09606765765762049 | 0.5740048424705222 | -0.6049535398853116
-0.09606765765762049 | 0.5740048424705222 | -0.6049535398853116 | 0.7695021463329861 | 0.5821429678365566:-0.1131934156047123 | 0.5979914427245667 | -0.5804919047670971
-0.1131934156047123 | 0.5979914427245667 | -0.5804919047670971 | 0.7695021463329861 | 0.5821429678365566:-0.1296020724464384 | 0.6210493051399387 | -0.5545760133447111
-0.1296020724464384 | 0.6210493051399387 | -0.5545760133447111 | 0.7695021463329861 | 0.5821429678365566:-0.1452505647279878 | 0.6431204944935192 | -0.527262870609178
-0.1452505647279878 | 0.6431204944935192 | -0.527262870609178 | 0.7695021463329861 | 0.5821429678365566:-0.16009755844503104 | 0.6641492917644825 | -0.4986130732904037
-0.16009755844503104 | 0.6641492917644825 | -0.4986130732904037 | 0.7695021463329861 | 0.5821429678365566:-0.17410355552601686 | 0.684082337609114 | -0.4686906692270405
-0.17410355552601686 | 0.684082337609114 | -0.4686906692270405 | 0.7695021463329861 | 0.5821429678365566:-0.18723099593043457 | 0.702868770210783 | -0.43756300787880775
-0.18723099593043457 | 0.702868770210783 | -0.43756300787880775 | 0.7695021463329861 | 0.5821429678365566:-0.19944435510313951 | 0.720460357154245 | -0.40530058234658384
-0.19944435510313951 | 0.720460357154245 | -0.40530058234658384 | 0.7695021463329861 | 0.5821429678365566:-0.2107102365361655 | 0.7368116209883415 | -0.37197686328707746
-0.2107102365361655 | 0.7368116209883415 | -0.37197686328707746 | 0.7695021463329861 | 0.5821429678365566:-0.2209974592017261 | 0.7518799581568936 | -0.33766812512916644
-0.2209974592017261 | 0.7518799581568936 | -0.33766812512916644 | 0.7695021463329861 | 0.5821429678365566:-0.2302771396328822 | 0.7656257509940971 | -0.30245326501842484
-0.2302771396328822 | 0.7656257509940971 | -0.30245326501842484 | 0.7695021463329861 | 0.5821429678365566:-0.2385227684416833 | 0.7780124724980189 | -0.26641361493455307
-0.2385227684416833 | 0.7780124724980189 | -0.26641361493455307 | 0.39807067168516697 | -0.5074124647303495:-0.2324714033764934 | 0.7844753358269445 | -0.25727794232318146
-0.2324714033764934 | 0.7844753358269445 | -0.25727794232318146 | 0.39807067168516697 | -0.5074124647303495:-0.22664276582416676 | 0.7907501894072819 | -0.24784427901966666
-0.22664276582416676 | 0.7907501894072819 | -0.24784427901966666 | 0.39807067168516697 | -0.5074124647303495:-0.22104490943843302 | 0.7968307830819139 | -0.23812212807539623
-0.22104490943843302 | 0.7968307830819139 | -0.23812212807539623 | 0.39807067168516697 | -0.5074124647303495:-0.21568563515744188 | 0.8027110598615366 | -0.22812134036662002
-0.21568563515744188 | 0.8027110598615366 | -0.22812134036662002 | 0.39807067168516697 | -0.5074124647303495:-0.2105724820181365 | 0.8083851632553731 | -0.21785210370170205
-0.2105724820181365 | 0.8083851632553731 | -0.21785210370170205 | -0.33232419808002445 | -0.931819420142894:-0.19988955576124567 | 0.8059279954779281 | -0.24119130167900948
-0.19988955576124567 | 0.8059279954779281 | -0.24119130167900948 | -0.33232419808002445 | -0.931819420142894:-0.18811121614328385 | 0.8030641879181033 | -0.2639948560174332
