0.0 | 0.0 | 0.0 | -0.85769215823759 | 0.1812561751160715:9.05435242729868E-5 | 4.287146434783784E-4 | 0.009990395669075345
9.05435242729868E-5 | 4.287146434783784E-4 | 0.009990395669075345 | -0.85769215823759 | 0.1812561751160715:3.5985130291262777E-4 | 0.001704680512906065 | 0.019823586239344042
3.5985130291262777E-4 | 0.001704680512906065 | 0.019823586239344042 | -0.3217503560771695 | 0.21835015810862712:8.595713110251333E-4 | 0.0030198879288996228 | 0.029534569830253987
8.595713110251333E-4 | 0.0030198879288996228 | 0.029534569830253987 | -0.3217503560771695 | 0.21835015810862712:0.0015673311327361395 | 0.004636266716800508 | 0.03909888658224353
0.0015673311327361395 | 0.004636266716800508 | 0.03909888658224353 | -0.3217503560771695 | 0.21835015810862712:0.0024791326775963117 | 0.006548065920759294 | 0.04850723598257023
0.0024791326775963117 | 0.006548065920759294 | 0.04850723598257023 | -0.3217503560771695 | 0.21835015810862712:0.003590877709904498 | 0.008749384434138974 | 0.05775055656377209
0.003590877709904498 | 0.008749384434138974 | 0.05775055656377209 | -0.3217503560771695 | 0.21835015810862712:0.0048983715822380515 | 0.011234176487975644 | 0.06682002835585787
0.0048983715822380515 | 0.011234176487975644 | 0.06682002835585787 | 0.3136804062607985 | -0.6258231280398534:0.0031843697631539283 | 0.011582192762736643 | 0.07631575747546349
0.0031843697631539283 | 0.011582192762736643 | 0.07631575747546349 | 0.3136804062607985 | -0.6258231280398534:8.841377201746145E-4 | 0.011624139834175096 | 0.08569343123258122
8.841377201746145E-4 | 0.011624139834175096 | 0.08569343123258122 | 0.3136804062607985 | -0.6258231280398534:-0.0019930948331384098 | 0.011364491790895048 | 0.09491924714694433
-0.0019930948331384098 | 0.011364491790895048 | 0.09491924714694433 | 0.3136804062607985 | -0.6258231280398534:-0.005436769712451901 | 0.01080839283878765 | 0.10396009427154873
-0.005436769712451901 | 0.01080839283878765 | 0.10396009427154873 | 0.3136804062607985 | -0.6258231280398534:-0.00943503551546731 | 0.00996164010734868 | 0.11278361231204626
-0.00943503551546731 | 0.00996164010734868 | 0.11278361231204626 | 0.3136804062607985 | -0.6258231280398534:-0.01397478479435849 | 0.008830665478266053 | 0.12135824876942514
-0.01397478479435849 | 0.008830665478266053 | 0.12135824876942514 | 0.3136804062607985 | -0.6258231280398534:-0.019041693065961304 | 0.007422516476752294 | 0.129653314034043
-0.019041693065961304 | 0.007422516476752294 | 0.129653314034043 | 0.3136804062607985 | -0.6258231280398534:-0.02462025957591467 | 0.005744836267089326 | 0.13763903436301161
-0.02462025957591467 | 0.005744836267089326 | 0.13763903436301161 | 0.3136804062607985 | -0.6258231280398534:-0.030693849731174304 | 0.003805842794778136 | 0.14528660267692928
-0.030693849731174304 | 0.003805842794778136 | 0.14528660267692928 | 0.3136804062607985 | -0.6258231280398534:-0.037244739113686934 | 0.0016143071185337199 | 0.15256822711599916
-0.037244739113686934 | 0.0016143071185337199 | 0.15256822711599916 | 0.3136804062607985 | -0.6258231280398534:-0.04425415898652395 | -8.204690238545753E-4 | 0.15945717729965914
-0.04425415898652395 | -8.204690238545753E-4 | 0.15945717729965914 | 0.3136804062607985 | -0.6258231280398534:-0.05170234320242981 | -0.003488676371072197 | 0.16592782823797192
-0.05170234320242981 | -0.003488676371072197 | 0.16592782823797192 | 0.3136804062607985 | -0.6258231280398534:-0.05956857642354338 | -0.0063800219698796345 | 0.17195570184717668
-0.05956857642354338 | -0.0063800219698796345 | 0.17195570184717668 | 0.3136804062607985 | -0.6258231280398534:-0.06783124355999781 | -0.009483753636845393 | 0.17751750602598815
-0.06783124355999781 | -0.009483753636845393 | 0.17751750602598815 | 0.3136804062607985 | -0.6258231280398534:-0.0764678803341986 | -0.01278868500380681 | 0.18259117125341673
-0.0764678803341986 | -0.01278868500380681 | 0.18259117125341673 | 0.3136804062607985 | -0.6258231280398534:-0.08545522487681906 | -0.016283221100239387 | 0.18715588467311006
-0.08545522487681906 | -0.016283221100239387 | 0.18715588467311006 | 0.3136804062607985 | -0.6258231280398534:-0.09476927025993498 | -0.019955384425371703 | 0.19119212163341182
-0.09476927025993498 | -0.019955384425371703 | 0.19119212163341182 | 0.3136804062607985 | -0.6258231280398534:-0.10438531787225025 | -0.02379284146261662 | 0.1946816746565716
-0.10438531787225025 | -0.02379284146261662 | 0.1946816746565716 | 0.3136804062607985 | -0.6258231280398534:-0.11427803154103422 | -0.027782929588688554 | 0.19760767981474192
-0.11427803154103422 | -0.027782929588688554 | 0.19760767981474192 | 0.3136804062607985 | -0.6258231280398534:-0.12442149230520816 | -0.03191268432965155 | 0.19995464049459688
-0.12442149230520816 | -0.03191268432965155 | 0.19995464049459688 | 0.7204957798358052 | 0.8524617055180088:-0.11955882862239253 | -0.04034776999948564 | 0.21033395357004103
-0.11955882862239253 | -0.04034776999948564 | 0.21033395357004103 | 0.7204957798358052 | 0.8524617055180088:-0.1139573642077838 | -0.04937096693892795 | 0.22022301571588976
-0.1139573642077838 | -0.04937096693892795 | 0.22022301571588976 | 0.7204957798358052 | 0.8524617055180088:-0.1076417626313082 | -0.05896320375922581 | 0.22954844184675682
-0.1076417626313082 | -0.05896320375922581 | 0.22954844184675682 | 0.7204957798358052 | 0.8524617055180088:-0.10064064159671271 | -0.06910202252464859 | 0.23823907664443933
-0.10064064159671271 | -0.06910202252464859 | 0.23823907664443933 | 0.7204957798358052 | 0.8524617055180088:-0.09298644250442956 | -0.07976168279386675 | 0.2462263411540615
-0.09298644250442956 | -0.07976168279386675 | 0.2462263411540615 | 0.7204957798358052 | 0.8524617055180088:-0.08471528333984768 | -0.09091327997734822 | 0.25344456695629347
-0.08471528333984768 | -0.09091327997734822 | 0.25344456695629347 | 0.7204957798358052 | 0.8524617055180088:-0.07586679558882059 | -0.10252487744170113 | 0.2598313165789179
-0.07586679558882059 | -0.10252487744170113 | 0.2598313165789179 | 0.7204957798358052 | 0.8524617055180088:-0.06648394594150453 | -0.11456165174066091 | 0.26532768887465785
-0.06648394594150453 | -0.11456165174066091 | 0.26532768887465785 | 0.7204957798358052 | 0.8524617055180088:-0.05661284360150853 | -0.12698605030394816 | 0.26987860816035436
-0.05661284360150853 | -0.12698605030394816 | 0.26987860816035436 | 0.7204957798358052 | 0.8524617055180088:-0.04630253406969409 | -0.13975796086968062 | 0.27343309598478616
-0.04630253406969409 | -0.13975796086968062 | 0.27343309598478616 | -0.11053593485556612 | 0.49590004079231487:-0.04036689070586985 | -0.14131377160365344 | 0.2813761134831996
-0.04036689070586985 | -0.14131377160365344 | 0.2813761134831996 | -0.11053593485556612 | 0.49590004079231487:-0.034076492266467806 | -0.14276148451876303 | 0.2891532480124699
-0.034076492266467806 | -0.14276148451876303 | 0.2891532480124699 | -0.11053593485556612 | 0.49590004079231487:-0.02743783447950343 | -0.14410279623895716 | 0.296751151606256
-0.02743783447950343 | -0.14410279623895716 | 0.296751151606256 | -0.11053593485556612 | 0.49590004079231487:-0.020457816779063664 | -0.14533949127504986 | 0.30415675210405535
-0.020457816779063664 | -0.14533949127504986 | 0.30415675210405535 | -0.11053593485556612 | 0.49590004079231487:-0.013143732075588277 | -0.14647343980437544 | 0.3113572644320435
-0.013143732075588277 | -0.14647343980437544 | 0.3113572644320435 | -0.11053593485556612 | 0.49590004079231487:-0.005503256262082035 | -0.14750659539029254 | 0.31834020152164655
-0.005503256262082035 | -0.14750659539029254 | 0.31834020152164655 | -0.11053593485556612 | 0.49590004079231487:0.0024555625325233255 | -0.14844099264403843 | 0.3250933848603408
0.0024555625325233255 | -0.14844099264403843 | 0.3250933848603408 | -0.11053593485556612 | 0.49590004079231487:0.01072431493155146 | -0.1492787448314319 | 0.3316049546695332
0.01072431493155146 | -0.1492787448314319 | 0.3316049546695332 | -0.11053593485556612 | 0.49590004079231487:0.019294241528940992 | -0.15002204142694886 | 0.3378633797046877
0.019294241528940992 | -0.15002204142694886 | 0.3378633797046877 | -0.11053593485556612 | 0.49590004079231487:0.02815624432635011 | -0.15067314561771683 | 0.34385746667321904
0.02815624432635011 | -0.15067314561771683 | 0.34385746667321904 | -0.22992135485272303 | -0.9259548726145139:0.012333769254546656 | -0.1491401148457676 | 0.35223847106717443
0.012333769254546656 | -0.1491401148457676 | 0.35223847106717443 | -0.22992135485272303 | -0.9259548726145139:-0.0041252208046285155 | -0.14742106898663598 | 0.3598330340042306
-0.0041252208046285155 | -0.14742106898663598 | 0.3598330340042306 | -0.22992135485272303 | -0.9259548726145139:0.0 | 0.0 | 0.0
0.0 | 0.0 | 0.0 | -0.22992135485272303 | -0.9259548726145139:-0.021179317653121643 | -0.14552627219745196 | 0.36659752809070945
-0.021179317653121643 | -0.14552627219745196 | 0.36659752809070945 | -0.22992135485272303 | -0.9259548726145139:-0.03878459911261878 | -0.14346662442245872 | 0.37249076135935155
-0.03878459911261878 | -0.14346662442245872 | 0.37249076135935155 | -0.22992135485272303 | -0.9259548726145139:-0.05689476696535922 | -0.14125362799517127 | 0.3774741207356911
-0.05689476696535922 | -0.14125362799517127 | 0.3774741207356911 | -0.22992135485272303 | -0.9259548726145139:-0.07546129215510877 | -0.13889935239037232 | 0.3815117072441758
-0.07546129215510877 | -0.13889935239037232 | 0.3815117072441758 | -0.22992135485272303 | -0.9259548726145139:-0.09443356678754355 | -0.13641639723819843 | 0.3845704625826265
-0.09443356678754355 | -0.13641639723819843 | 0.3845704625826265 | -0.22992135485272303 | -0.9259548726145139:-0.11375906245236678 | -0.1338178537169279 | 0.3866202867203299
-0.11375906245236678 | -0.1338178537169279 | 0.3866202867203299 | -0.22992135485272303 | -0.9259548726145139:-0.13338349437396513 | -0.1311172644451002 | 0.3876341462024886
-0.13338349437396513 | -0.1311172644451002 | 0.3876341462024886 | 0.9487642649177961 | -0.378787432502961:-0.14243507388439358 | -0.15132809303645978 | 0.3833937152586948
-0.14243507388439358 | -0.15132809303645978 | 0.3833937152586948 | 0.9487642649177961 | -0.378787432502961:-0.15145975421793523 | -0.17152822564135128 | 0.37784496160990066
-0.15145975421793523 | -0.17152822564135128 | 0.37784496160990066 | 0.9487642649177961 | -0.378787432502961:-0.16042841737248192 | -0.1916446170938464 | 0.3709813138715319
-0.16042841737248192 | -0.1916446170938464 | 0.3709813138715319 | 0.9487642649177961 | -0.378787432502961:-0.1693117722001123 | -0.2116036788885678 | 0.36280092806674347
-0.1693117722001123 | -0.2116036788885678 | 0.36280092806674347 | 0.9487642649177961 | -0.378787432502961:-0.17808045903881142 | -0.23133154051487992 | 0.35330671952716663
-0.17808045903881142 | -0.23133154051487992 | 0.35330671952716663 | 0.9487642649177961 | -0.378787432502961:-0.18670515468128857 | -0.25075431202739296 | 0.3425063782874709
-0.18670515468128857 | -0.25075431202739296 | 0.3425063782874709 | 0.9487642649177961 | -0.378787432502961:-0.19515667732839415 | -0.26979834697021676 | 0.33041236795331486
-0.19515667732839415 | -0.26979834697021676 | 0.33041236795331486 | 0.9487642649177961 | -0.378787432502961:-0.20340609117603847 | -0.2883905047746129 | 0.31704190807590926
-0.20340609117603847 | -0.2883905047746129 | 0.31704190807590926 | 0.9487642649177961 | -0.378787432502961:-0.21142481028697802 | -0.3064584117546314 | 0.30241694011963993
-0.21142481028697802 | -0.3064584117546314 | 0.30241694011963993 | 0.9487642649177961 | -0.378787432502961:0.0 | 0.0 | 0.0
0.0 | 0.0 | 0.0 | 0.9487642649177961 | -0.378787432502961:-0.21918470140241908 | -0.32393071983301525 | 0.2865640771619784
-0.21918470140241908 | -0.32393071983301525 | 0.2865640771619784 | 0.9487642649177961 | -0.378787432502961:-0.22665818535300897 | -0.34073736214001293 | 0.2695145375168888
-0.22665818535300897 | -0.34073736214001293 | 0.2695145375168888 | 0.9487642649177961 | -0.378787432502961:-0.2338183367344593 | -0.3568098046407524 | 0.2513040625241274
-0.2338183367344593 | -0.3568098046407524 | 0.2513040625241274 | 0.9487642649177961 | -0.378787432502961:-0.24063898151974428 | -0.37208129296238557 | 0.23197281879701848
-0.24063898151974428 | -0.37208129296238557 | 0.23197281879701848 | 0.9487642649177961 | -0.378787432502961:-0.2470947922875153 | -0.3864870936103717 | 0.21156528527032492
-0.2470947922875153 | -0.3864870936103717 | 0.21156528527032492 | -0.6617629743227262 | 0.9717755046019565:-0.23822305293517143 | -0.38299178080832874 | 0.23828345821570807
-0.23822305293517143 | -0.38299178080832874 | 0.23828345821570807 | -0.6617629743227262 | 0.9717755046019565:-0.22792761361919922 | -0.3784996171436994 | 0.2646146848986568
-0.22792761361919922 | -0.3784996171436994 | 0.2646146848986568 | -0.6617629743227262 | 0.9717755046019565:-0.21622243747451364 | -0.37301842696502874 | 0.29044451424118733
-0.21622243747451364 | -0.37301842696502874 | 0.29044451424118733 | -0.6617629743227262 | 0.9717755046019565:-0.20312773993846012 | -0.36656030164081344 | 0.3156592118900754
-0.20312773993846012 | -0.36656030164081344 | 0.3156592118900754 | -0.6617629743227262 | 0.9717755046019565:-0.18866995092008132 | -0.35914158207862634 | 0.3401462592906732
-0.18866995092008132 | -0.35914158207862634 | 0.3401462592906732 | -0.6617629743227262 | 0.9717755046019565:-0.17288165000275502 | -0.35078282283067885 | 0.3637948496508514
-0.17288165000275502 | -0.35078282283067885 | 0.3637948496508514 | -0.6617629743227262 | 0.9717755046019565:-0.15580147491900576 | -0.34150873791348957 | 0.38649637868242337
-0.15580147491900576 | -0.34150873791348957 | 0.38649637868242337 | -0.6617629743227262 | 0.9717755046019565:-0.13747400364765383 | -0.33134812854550866 | 0.40814492803097124
-0.13747400364765383 | -0.33134812854550866 | 0.40814492803097124 | -0.6617629743227262 | 0.9717755046019565:-0.11794961059309284 | -0.3203337930817547 | 0.428637739337173
-0.11794961059309284 | -0.3203337930817547 | 0.428637739337173 | -0.6617629743227262 | 0.9717755046019565:-0.09728429741399403 | -0.30850241949838697 | 0.44787567691288643
-0.09728429741399403 | -0.30850241949838697 | 0.44787567691288643 | -0.043177268438050254 | 0.8727144571828376:-0.07825429953387797 | -0.3100259255114537 | 0.45602164519451094
-0.07825429953387797 | -0.3100259255114537 | 0.45602164519451094 | -0.043177268438050254 | 0.8727144571828376:-0.05872157628227814 | -0.3114990934722144 | 0.4633253721943795
-0.05872157628227814 | -0.3114990934722144 | 0.4633253721943795 | -0.043177268438050254 | 0.8727144571828376:-0.03872549292673266 | -0.31292408564815233 | 0.469758495828021
-0.03872549292673266 | -0.31292408564815233 | 0.469758495828021 | -0.043177268438050254 | 0.8727144571828376:-0.018306898593940524 | -0.31430313732520254 | 0.4752945741665542
-0.018306898593940524 | -0.31430313732520254 | 0.4752945741665542 | -0.043177268438050254 | 0.8727144571828376:0.002491969417675932 | -0.3156385521782674 | 0.4799091589206128
0.002491969417675932 | -0.3156385521782674 | 0.4799091589206128 | -0.043177268438050254 | 0.8727144571828376:0.023627584774791544 | -0.3169326974656723 | 0.4835798641011344
0.023627584774791544 | -0.3169326974656723 | 0.4835798641011344 | -0.043177268438050254 | 0.8727144571828376:0.04505523445345094 | -0.3181879990593153 | 0.48628642970249203
0.04505523445345094 | -0.3181879990593153 | 0.48628642970249203 | -0.043177268438050254 | 0.8727144571828376:0.06672912404228182 | -0.31940693632271255 | 0.48801078026545497
0.06672912404228182 | -0.31940693632271255 | 0.48801078026545497 | -0.043177268438050254 | 0.8727144571828376:0.08860248575020169 | -0.32059203684932314 | 0.4887370781897715
0.08860248575020169 | -0.32059203684932314 | 0.4887370781897715 | -0.043177268438050254 | 0.8727144571828376:0.11062768885876384 | -0.3217458710739365 | 0.4884517716787222
0.11062768885876384 | -0.3217458710739365 | 0.4884517716787222 | -0.043177268438050254 | 0.8727144571828376:0.1327563523545603 | -0.3228710467700662 | 0.48714363721076026
0.1327563523545603 | -0.3228710467700662 | 0.48714363721076026 | -0.043177268438050254 | 0.8727144571828376:0.1549394594729101 | -0.32397020344657257 | 0.484803816446167
0.1549394594729101 | -0.32397020344657257 | 0.484803816446167 | -0.043177268438050254 | 0.8727144571828376:0.17712747388055838 | -0.32504600665687455 | 0.48142584748987716
0.17712747388055838 | -0.32504600665687455 | 0.48142584748987716 | -0.043177268438050254 | 0.8727144571828376:0.1992704572222017 | -0.3261011422343145 | 0.47700569044469887
0.1992704572222017 | -0.3261011422343145 | 0.47700569044469887 | -0.043177268438050254 | 0.8727144571828376:0.22131818775335432 | -0.3271383104673369 | 0.47154174720247255
0.22131818775335432 | -0.3271383104673369 | 0.47154174720247255 | -0.714796939717955 | 0.3996021938726644:0.2323673432621831 | -0.312020457868428 | 0.4814055687915726
0.2323673432621831 | -0.312020457868428 | 0.4814055687915726 | -0.714796939717955 | 0.3996021938726644:0.2436462512779105 | -0.2964332742779874 | 0.49050791234610713
0.2436462512779105 | -0.2964332742779874 | 0.49050791234610713 | -0.714796939717955 | 0.3996021938726644:0.2551389213408779 | -0.2804053443065513 | 0.49882259528616757
0.2551389213408779 | -0.2804053443065513 | 0.49882259528616757 | -0.714796939717955 | 0.3996021938726644:0.2668287607292843 | -0.2639663517139965 | 0.5063249028712917
0.2668287607292843 | -0.2639663517139965 | 0.5063249028712917 | -0.714796939717955 | 0.3996021938726644:0.27869860793102497 | -0.24714702060225235 | 0.5129916456008274
0.27869860793102497 | -0.24714702060225235 | 0.5129916456008274 | -0.5948609454896272 | -0.9131396806284422:0.2561399423159836 | -0.2331202584311356 | 0.5353659670418551
0.2561399423159836 | -0.2331202584311356 | 0.5353659670418551 | -0.5948609454896272 | -0.9131396806284422:0.23244626310960204 | -0.21832986805076615 | 0.5563313304220685
0.23244626310960204 | -0.21832986805076615 | 0.5563313304220685 | -0.5948609454896272 | -0.9131396806284422:0.2076827516130817 | -0.20281710091129668 | 0.5758043705566891
0.2076827516130817 | -0.20281710091129668 | 0.5758043705566891 | -0.5948609454896272 | -0.9131396806284422:0.18191877957714597 | -0.18662600257160378 | 0.5937060836993524
0.18191877957714597 | -0.18662600257160378 | 0.5937060836993524 | -0.5948609454896272 | -0.9131396806284422:0.15522769429850358 | -0.169803277184279 | 0.6099621278017295
0.15522769429850358 | -0.169803277184279 | 0.6099621278017295 | -0.21369935628614734 | -0.5751342210331094:0.0 | 0.0 | 0.0
0.0 | 0.0 | 0.0 | -0.21369935628614734 | -0.5751342210331094:0.13830885709097496 | -0.16414811481751101 | 0.6192408632095905
0.13830885709097496 | -0.16414811481751101 | 0.6192408632095905 | -0.21369935628614734 | -0.5751342210331094:0.12103045136376522 | -0.15835057638076222 | 0.6279640780359017
0.12103045136376522 | -0.15835057638076222 | 0.6279640780359017 | -0.21369935628614734 | -0.5751342210331094:0.10340983361091105 | -0.1524170890555041 | 0.63611686882615
0.10340983361091105 | -0.1524170890555041 | 0.63611686882615 | -0.21369935628614734 | -0.5751342210331094:0.0 | 0.0 | 0.0
0.0 | 0.0 | 0.0 | 0.6054572425152669 | -0.32554803342487104:0.09359703231673011 | -0.1724765812027762 | 0.6360389871083854
0.09359703231673011 | -0.1724765812027762 | 0.6360389871083854 | 0.6054572425152669 | -0.32554803342487104:0.08374031325266307 | -0.19261208771238003 | 0.6351416161178136
0.08374031325266307 | -0.19261208771238003 | 0.6351416161178136 | 0.6054572425152669 | -0.32554803342487104:0.07385451521972408 | -0.21279627381800736 | 0.6334192508109169
0.07385451521972408 | -0.21279627381800736 | 0.6334192508109169 | 0.6054572425152669 | -0.32554803342487104:0.06395458300498458 | -0.23300158762812373 | 0.6308675880063461
0.06395458300498458 | -0.23300158762812373 | 0.6308675880063461 | 0.6054572425152669 | -0.32554803342487104:0.05405554526278733 | -0.25320030115260295 | 0.6274835349987811
0.05405554526278733 | -0.25320030115260295 | 0.6274835349987811 | 0.6054572425152669 | -0.32554803342487104:0.0441724922894009 | -0.27336455155451844 | 0.6232652163795365
0.0441724922894009 | -0.27336455155451844 | 0.6232652163795365 | 0.6054572425152669 | -0.32554803342487104:0.03432055372329801 | -0.29346638256731694 | 0.6182119790589269
0.03432055372329801 | -0.29346638256731694 | 0.6182119790589269 | 0.6054572425152669 | -0.32554803342487104:0.024514876203229008 | -0.3134777860175504 | 0.612324395488244
0.024514876203229008 | -0.3134777860175504 | 0.612324395488244 | 0.6054572425152669 | -0.32554803342487104:0.014770601016167895 | -0.3333707433935409 | 0.6056042650813964
0.014770601016167895 | -0.3333707433935409 | 0.6056042650813964 | 0.6054572425152669 | -0.32554803342487104:0.005102841767119504 | -0.35311726740040683 | 0.5980546138389329
0.005102841767119504 | -0.35311726740040683 | 0.5980546138389329 | 0.6054572425152669 | -0.32554803342487104:-0.004473337897407781 | -0.37268944344225474 | 0.5896796921795939
-0.004473337897407781 | -0.37268944344225474 | 0.5896796921795939 | 0.6054572425152669 | -0.32554803342487104:-0.013942946480637097 | -0.3920594709725549 | 0.5804849709870368
-0.013942946480637097 | -0.3920594709725549 | 0.5804849709870368 | 0.6054572425152669 | -0.32554803342487104:-0.02329108671009328 | -0.411199704654269 | 0.5704771358817453
-0.02329108671009328 | -0.411199704654269 | 0.5704771358817453 | 0.6054572425152669 | -0.32554803342487104:-0.032502977464411664 | -0.43008269527163634 | 0.5596640797305739
-0.032502977464411664 | -0.43008269527163634 | 0.5596640797305739 | 0.6054572425152669 | -0.32554803342487104:-0.04156397552161328 | -0.448681230336188 | 0.5480548934088532
-0.04156397552161328 | -0.448681230336188 | 0.5480548934088532 | 0.6054572425152669 | -0.32554803342487104:-0.05045959709842762 | -0.4669683743301789 | 0.5356598548321898
-0.05045959709842762 | -0.4669683743301789 | 0.5356598548321898 | 0.6054572425152669 | -0.32554803342487104:-0.05917553915066298 | -0.48491750853131776 | 0.5224904162774706
-0.05917553915066298 | -0.48491750853131776 | 0.5224904162774706 | 0.6054572425152669 | -0.32554803342487104:-0.06769770040503564 | -0.5025023703634162 | 0.5085591900149353
-0.06769770040503564 | -0.5025023703634162 | 0.5085591900149353 | 0.6054572425152669 | -0.32554803342487104:-0.07601220209337312 | -0.519697092218582 | 0.4938799322753127
-0.07601220209337312 | -0.519697092218582 | 0.4938799322753127 | 0.6054572425152669 | -0.32554803342487104:-0.08410540836059965 | -0.5364762396972473 | 0.4784675255782602
-0.08410540836059965 | -0.5364762396972473 | 0.4784675255782602 | 0.13824399761993078 | 0.767663781504605:-0.06607685041973133 | -0.5418309422785903 | 0.47944873918962827
-0.06607685041973133 | -0.5418309422785903 | 0.47944873918962827 | 0.13824399761993078 | 0.767663781504605:-0.04795392783984109 | -0.5471841230456747 | 0.4796762515607469
-0.04795392783984109 | -0.5471841230456747 | 0.4796762515607469 | 0.13824399761993078 | 0.767663781504605:-0.029767312722088768 | -0.5525304890646119 | 0.47914462781449885
-0.029767312722088768 | -0.5525304890646119 | 0.47914462781449885 | 0.13824399761993078 | 0.767663781504605:-0.011547934737493826 | -0.5578646943906662 | 0.47784974099131006
-0.011547934737493826 | -0.5578646943906662 | 0.47784974099131006 | 0.13824399761993078 | 0.767663781504605:0.006673073480286451 | -0.5631813498835072 | 0.47578878321475315
0.006673073480286451 | -0.5631813498835072 | 0.47578878321475315 | 0.13824399761993078 | 0.767663781504605:0.024864431354941097 | -0.5684750331047148 | 0.47296027449946365
0.024864431354941097 | -0.5684750331047148 | 0.47296027449946365 | 0.13824399761993078 | 0.767663781504605:0.04299476570211214 | -0.5737402982799367 | 0.46936406918761975
0.04299476570211214 | -0.5737402982799367 | 0.46936406918761975 | 0.13824399761993078 | 0.767663781504605:0.06103266628012127 | -0.578971686307959 | 0.46500136000456394
0.06103266628012127 | -0.578971686307959 | 0.46500136000456394 | 0.13824399761993078 | 0.767663781504605:0.07894674145817815 | -0.5841637347990059 | 0.45987467972809526
0.07894674145817815 | -0.5841637347990059 | 0.45987467972809526 | 0.13824399761993078 | 0.767663781504605:0.0967056739034109 | -0.5893109881244349 | 0.4539879004705014
0.0967056739034109 | -0.5893109881244349 | 0.4539879004705014 | 0.29827076558617893 | -0.5497822322219656:0.0847151299447777 | -0.598000761981595 | 0.4491297019568421
0.0847151299447777 | -0.598000761981595 | 0.4491297019568421 | 0.29827076558617893 | -0.5497822322219656:0.0728235198698024 | -0.6066190612319176 | 0.44377749616839424
0.0728235198698024 | -0.6066190612319176 | 0.44377749616839424 | 0.29827076558617893 | -0.5497822322219656:0.06104581121845909 | -0.6151579567683072 | 0.4379345103410728
0.06104581121845909 | -0.6151579567683072 | 0.4379345103410728 | 0.29827076558617893 | -0.5497822322219656:0.04939688032152434 | -0.62360956245778 | 0.4316045561789039
0.04939688032152434 | -0.62360956245778 | 0.4316045561789039 | 0.29827076558617893 | -0.5497822322219656:0.03789149468530395 | -0.6319660447473368 | 0.4247920260917937
0.03789149468530395 | -0.6319660447473368 | 0.4247920260917937 | 0.29827076558617893 | -0.5497822322219656:0.0265442955163131 | -0.6402196321986651 | 0.4175018887542308
0.0265442955163131 | -0.6402196321986651 | 0.4175018887542308 | 0.29827076558617893 | -0.5497822322219656:0.015369780405657174 | -0.6483626249411572 | 0.4097396839918588
0.015369780405657174 | -0.6483626249411572 | 0.4097396839918588 | 0.29827076558617893 | -0.5497822322219656:0.004382286192627927 | -0.6563874040323014 | 0.4015115170031933
0.004382286192627927 | -0.6563874040323014 | 0.4015115170031933 | 0.29827076558617893 | -0.5497822322219656:-0.006404027973256454 | -0.6642864407152018 | 0.3928240519247268
-0.006404027973256454 | -0.6642864407152018 | 0.3928240519247268 | 0.29827076558617893 | -0.5497822322219656:-0.016975197352807392 | -0.6720523055627297 | 0.38368450474823135
-0.016975197352807392 | -0.6720523055627297 | 0.38368450474823135 | 0.7933047048797386 | -0.30682873977354297:-0.02251129554511655 | -0.6887432518471499 | 0.3574706274883681
-0.02251129554511655 | -0.6887432518471499 | 0.3574706274883681 | 0.7933047048797386 | -0.30682873977354297:-0.027648680980417062 | -0.7044008011197889 | 0.33044270519322083
-0.027648680980417062 | -0.7044008011197889 | 0.33044270519322083 | 0.7933047048797386 | -0.30682873977354297:-0.03237401727027356 | -0.7189897047734846 | 0.3026485899221214
-0.03237401727027356 | -0.7189897047734846 | 0.3026485899221214 | 0.7933047048797386 | -0.30682873977354297:-0.03667474272474669 | -0.732476681226963 | 0.27413786409562135
-0.03667474272474669 | -0.732476681226963 | 0.27413786409562135 | 0.7933047048797386 | -0.30682873977354297:-0.04053909798134514 | -0.7448304892746833 | 0.24496174527165948
-0.04053909798134514 | -0.7448304892746833 | 0.24496174527165948 | 0.8954783511483342 | -0.8387690174181077:-0.04950084208478023 | -0.7571146930269563 | 0.21006624334205526
-0.04950084208478023 | -0.7571146930269563 | 0.21006624334205526 | 0.8954783511483342 | -0.8387690174181077:-0.056988552132787085 | -0.7678273905132542 | 0.1742073949361398
-0.056988552132787085 | -0.7678273905132542 | 0.1742073949361398 | 0.8954783511483342 | -0.8387690174181077:-0.06296161058036942 | -0.7769224050012085 | 0.13751943619345042
-0.06296161058036942 | -0.7769224050012085 | 0.13751943619345042 | 0.8954783511483342 | -0.8387690174181077:-0.06738521666910957 | -0.7843596806010638 | 0.10014050711827593
-0.06738521666910957 | -0.7843596806010638 | 0.10014050711827593 | 0.8954783511483342 | -0.8387690174181077:-0.07023054853363053 | -0.7901054673446666 | 0.062212116108518956
-0.07023054853363053 | -0.7901054673446666 | 0.062212116108518956 | 0.8954783511483342 | -0.8387690174181077:-0.07147490175790727 | -0.7941324814639543 | 0.02387858918282859
-0.07147490175790727 | -0.7941324814639543 | 0.02387858918282859 | 0.8954783511483342 | -0.8387690174181077:-0.07110180376462916 | -0.796420040161351 | -0.014713493898995011
-0.07110180376462916 | -0.796420040161351 | -0.014713493898995011 | 0.8954783511483342 | -0.8387690174181077:-0.0691011035180491 | -0.7969541702669005 | -0.053415874371268046
-0.0691011035180491 | -0.7969541702669005 | -0.053415874371268046 | 0.8954783511483342 | -0.8387690174181077:-0.06546903612018395 | -0.7957276902821562 | -0.09207919775460027
-0.06546903612018395 | -0.7957276902821562 | -0.09207919775460027 | 0.8954783511483342 | -0.8387690174181077:-0.06020826198138973 | -0.7927402654179119 | -0.13055360336846178
-0.06020826198138973 | -0.7927402654179119 | -0.13055360336846178 | 0.18654139973611383 | -0.4877951066082389:-0.056963388408166615 | -0.7933971946073584 | -0.1397052139313999
-0.056963388408166615 | -0.7933971946073584 | -0.1397052139313999 | 0.18654139973611383 | -0.4877951066082389:-0.05348620017512262 | -0.7939464617991447 | -0.14879815292276533
-0.05348620017512262 | -0.7939464617991447 | -0.14879815292276533 | 0.18654139973611383 | -0.4877951066082389:-0.049777907712860614 | -0.7943886814414185 | -0.15782514446762974
-0.049777907712860614 | -0.7943886814414185 | -0.15782514446762974 | 0.18654139973611383 | -0.4877951066082389:-0.045839916726198915 | -0.7947245409738528 | -0.16677894989388165
-0.045839916726198915 | -0.7947245409738528 | -0.16677894989388165 | 0.18654139973611383 | -0.4877951066082389:-0.04167382703495903 | -0.7949548004305598 | -0.1756523736582949
-0.04167382703495903 | -0.7949548004305598 | -0.1756523736582949 | 0.18654139973611383 | -0.4877951066082389:-0.03728143126054562 | -0.7950802919836235 | -0.18443826922864304
-0.03728143126054562 | -0.7950802919836235 | -0.18443826922864304 | 0.18654139973611383 | -0.4877951066082389:-0.03266471335977528 | -0.7951019194278217 | -0.19312954491761758
-0.03266471335977528 | -0.7951019194278217 | -0.19312954491761758 | 0.18654139973611383 | -0.4877951066082389:-0.027825847007548976 | -0.7950206576071039 | -0.20171916966392445
-0.027825847007548976 | -0.7950206576071039 | -0.20171916966392445 | 0.18654139973611383 | -0.4877951066082389:-0.022767193830045773 | -0.7948375517835302 | -0.21020017875628128
-0.022767193830045773 | -0.7948375517835302 | -0.21020017875628128 | 0.18654139973611383 | -0.4877951066082389:-0.017491301490241362 | -0.7945537169491388 | -0.2185656794960522
-0.017491301490241362 | -0.7945537169491388 | -0.2185656794960522 | 0.18654139973611383 | -0.4877951066082389:-0.012000901627641003 | -0.7941703370817521 | -0.2268088567941433
-0.012000901627641003 | -0.7941703370817521 | -0.2268088567941433 | 0.18654139973611383 | -0.4877951066082389:-0.006298907654236796 | -0.7936886643451331 | -0.2349229786980871
-0.006298907654236796 | -0.7936886643451331 | -0.2349229786980871 | 0.18654139973611383 | -0.4877951066082389:-3.8841240879028405E-4 | -0.7931100182346 | -0.24290140184518094
-3.8841240879028405E-4 | -0.7931100182346 | -0.24290140184518094 | 0.18654139973611383 | -0.4877951066082389:0.00572731432836715 | -0.7924357846686334 | -0.25073757683755815
0.00572731432836715 | -0.7924357846686334 | -0.25073757683755815 | 0.18654139973611383 | -0.4877951066082389:0.01204482845770416 | -0.7916674150275966 | -0.2584250535353547
0.01204482845770416 | -0.7916674150275966 | -0.2584250535353547 | 0.18654139973611383 | -0.4877951066082389:0.0185605143176506 | -0.7908064251402394 | -0.265957486263936
0.0185605143176506 | -0.7908064251402394 | -0.265957486263936 | 0.18654139973611383 | -0.4877951066082389:0.025270587574056425 | -0.7898543942191054 | -0.2733286389315026
0.025270587574056425 | -0.7898543942191054 | -0.2733286389315026 | 0.18654139973611383 | -0.4877951066082389:0.03217109823937614 | -0.7888129637456984 | -0.2805323900532315
0.03217109823937614 | -0.7888129637456984 | -0.2805323900532315 | 0.18654139973611383 | -0.4877951066082389:0.0392579338189174 | -0.787683836306428 | -0.2875627376783285
0.0392579338189174 | -0.787683836306428 | -0.2875627376783285 | 0.18654139973611383 | -0.4877951066082389:0.046526822581400396 | -0.786468774380424 | -0.29441380421651786
0.046526822581400396 | -0.786468774380424 | -0.29441380421651786 | 0.5115402185215521 | 0.15214075274293815:0.04421701580926163 | -0.7801536876186077 | -0.31537052871588145
0.04421701580926163 | -0.7801536876186077 | -0.31537052871588145 | 0.5115402185215521 | 0.15214075274293815:0.04174354128737301 | -0.773274461424549 | -0.33617244947166824
0.04174354128737301 | -0.773274461424549 | -0.33617244947166824 | 0.5115402185215521 | 0.15214075274293815:0.03910751382228028 | -0.7658347483661885 | -0.3568028130283665
0.03910751382228028 | -0.7658347483661885 | -0.3568028130283665 | 0.5115402185215521 | 0.15214075274293815:0.036310185303729536 | -0.7578386621172086 | -0.3772449717884214
0.036310185303729536 | -0.7578386621172086 | -0.3772449717884214 | 0.5115402185215521 | 0.15214075274293815:0.033352943709960226 | -0.7492907743000501 | -0.3974823977654509
0.033352943709960226 | -0.7492907743000501 | -0.3974823977654509 | 0.5115402185215521 | 0.15214075274293815:0.03023731200287738 | -0.7401961109572284 | -0.4174986962260405
0.03023731200287738 | -0.7401961109572284 | -0.4174986962260405 | 0.5115402185215521 | 0.15214075274293815:0.02696494691423057 | -0.7305601486543623 | -0.4372776192094818
0.02696494691423057 | -0.7305601486543623 | -0.4372776192094818 | 0.5115402185215521 | 0.15214075274293815:0.023537637624007512 | -0.7203888102191058 | -0.45680307891482386
0.023537637624007512 | -0.7203888102191058 | -0.45680307891482386 | 0.5115402185215521 | 0.15214075274293815:0.01995730433232401 | -0.7096884601198639 | -0.4760591609448994
0.01995730433232401 | -0.7096884601198639 | -0.4760591609448994 | 0.5115402185215521 | 0.15214075274293815:0.016225996726182412 | -0.698465899489122 | -0.4950301373968671
0.016225996726182412 | -0.698465899489122 | -0.4950301373968671 | -0.7470829153967389 | -0.33754671714863016:0.02417254669277691 | -0.7176685643984229 | -0.4690458028544455
0.02417254669277691 | -0.7176685643984229 | -0.4690458028544455 | -0.7470829153967389 | -0.33754671714863016:0.03167960605077935 | -0.7359036420789806 | -0.4421784980369452
0.03167960605077935 | -0.7359036420789806 | -0.4421784980369452 | -0.7470829153967389 | -0.33754671714863016:0.03873192889268173 | -0.7531366756280562 | -0.4144722936975498
0.03873192889268173 | -0.7531366756280562 | -0.4144722936975498 | -0.7470829153967389 | -0.33754671714863016:0.04531504456901736 | -0.7693348930293809 | -0.3859728667550968
0.04531504456901736 | -0.7693348930293809 | -0.3859728667550968 | -0.7470829153967389 | -0.33754671714863016:0.05141528516906124 | -0.7844672694701131 | -0.3567274211818443
0.05141528516906124 | -0.7844672694701131 | -0.3567274211818443 | -0.28892069983407076 | 0.8077025944287572:0.03748908852098065 | -0.79078873585037 | -0.3477021079849223
0.03748908852098065 | -0.79078873585037 | -0.3477021079849223 | -0.28892069983407076 | 0.8077025944287572:0.023920396878835515 | -0.7969743973418986 | -0.3380101006683418
