0.0 | 0.0 | 0.0 | -0.6576814852962276 | -0.10060304684884036:-5.027411677841205E-5 | 3.2878147985326844E-4 | 0.009994467232008301
-5.027411677841205E-5 | 3.2878147985326844E-4 | 0.009994467232008301 | -0.6576814852962276 | -0.10060304684884036:0.0 | 0.0 | 0.0
0.0 | 0.0 | 0.0 | -0.6576814852962276 | -0.10060304684884036:-1.9992616129716376E-4 | 0.0013078345721839746 | 0.019855971350246995
-1.9992616129716376E-4 | 0.0013078345721839746 | 0.019855971350246995 | -0.6576814852962276 | -0.10060304684884036:-4.470545009293259E-4 | 0.002925257577692908 | 0.029553213215779927
-4.470545009293259E-4 | 0.002925257577692908 | 0.029553213215779927 | -0.014865668046115887 | 0.3259029215706435:4.5799830258503997E-5 | 0.003910048575178737 | 0.03920948674026978
4.5799830258503997E-5 | 0.003910048575178737 | 0.03920948674026978 | -0.014865668046115887 | 0.3259029215706435:8.515453078951842E-4 | 0.004899492836874075 | 0.04875700000343039
8.515453078951842E-4 | 0.004899492836874075 | 0.04875700000343039 | -0.014865668046115887 | 0.3259029215706435:0.0019651990887733194 | 0.005893462122637416 | 0.058189157159042965
0.0019651990887733194 | 0.005893462122637416 | 0.058189157159042965 | -0.014865668046115887 | 0.3259029215706435:0.0033816792910441717 | 0.006891822653772195 | 0.06749951096622686
0.0033816792910441717 | 0.006891822653772195 | 0.06749951096622686 | -0.014865668046115887 | 0.3259029215706435:0.00509580842189421 | 0.00789443527873368 | 0.07668176358947854
0.00509580842189421 | 0.00789443527873368 | 0.07668176358947854 | 0.9449737193093211 | 0.49643924167486286:0.007841197210466725 | 0.004773139864977183 | 0.08599418145980431
0.007841197210466725 | 0.004773139864977183 | 0.08599418145980431 | 0.9449737193093211 | 0.49643924167486286:0.011030118865467915 | 7.808097397018487E-4 | 0.09497638861099078
0.011030118865467915 | 7.808097397018487E-4 | 0.09497638861099078 | 0.9449737193093211 | 0.49643924167486286:0.014647997199934041 | -0.004056416653472117 | 0.10355222201178127
0.014647997199934041 | -0.004056416653472117 | 0.10355222201178127 | 0.9449737193093211 | 0.49643924167486286:0.018677866701807724 | -0.009707793570748247 | 0.11164807841793634
0.018677866701807724 | -0.009707793570748247 | 0.11164807841793634 | 0.9449737193093211 | 0.49643924167486286:0.023100469859454312 | -0.016138145549832505 | 0.11919323956376138
0.023100469859454312 | -0.016138145549832505 | 0.11919323956376138 | 0.44880974004111507 | -0.7314358551764841:0.02008396804835086 | -0.02015618652815765 | 0.12813283746858595
0.02008396804835086 | -0.02015618652815765 | 0.12813283746858595 | 0.44880974004111507 | -0.7314358551764841:0.016422762972919447 | -0.024550295013535006 | 0.1367890345634002
0.016422762972919447 | -0.024550295013535006 | 0.1367890345634002 | 0.44880974004111507 | -0.7314358551764841:0.012134249728190882 | -0.02931054714751946 | 0.14511528374898797
0.012134249728190882 | -0.02931054714751946 | 0.14511528374898797 | 0.44880974004111507 | -0.7314358551764841:0.007237970876479732 | -0.0344256838596213 | 0.15306640576177144
0.007237970876479732 | -0.0344256838596213 | 0.15306640576177144 | 0.44880974004111507 | -0.7314358551764841:0.0017555418315899907 | -0.039883155263145786 | 0.16059871465404663
0.0017555418315899907 | -0.039883155263145786 | 0.16059871465404663 | -0.8991410918783891 | 0.18708500329226863:0.003438021741341696 | -0.03427046941478262 | 0.1703850412207899
0.003438021741341696 | -0.03427046941478262 | 0.1703850412207899 | -0.8991410918783891 | 0.18708500329226863:0.005284217580875855 | -0.02784160566284255 | 0.17987441567352347
0.005284217580875855 | -0.02784160566284255 | 0.17987441567352347 | -0.8991410918783891 | 0.18708500329226863:0.007289922263136961 | -0.02061576716561153 | 0.18901145814261522
0.007289922263136961 | -0.02061576716561153 | 0.18901145814261522 | -0.8991410918783891 | 0.18708500329226863:0.009450270678021427 | -0.012615349031533718 | 0.1977421764812739
0.009450270678021427 | -0.012615349031533718 | 0.1977421764812739 | -0.8991410918783891 | 0.18708500329226863:0.01175975977601279 | -0.0038658457812255076 | 0.20601414320946
0.01175975977601279 | -0.0038658457812255076 | 0.20601414320946 | -0.8991410918783891 | 0.18708500329226863:0.014212270463086984 | 0.005604250034420222 | 0.21377666635460013
0.014212270463086984 | 0.005604250034420222 | 0.21377666635460013 | -0.8991410918783891 | 0.18708500329226863:0.016801091229138476 | 0.015763557696114594 | 0.22098095375283977
0.016801091229138476 | 0.015763557696114594 | 0.22098095375283977 | -0.8991410918783891 | 0.18708500329226863:0.01951894342819835 | 0.026577926274508057 | 0.2275802703961456
0.01951894342819835 | 0.026577926274508057 | 0.2275802703961456 | -0.8991410918783891 | 0.18708500329226863:0.022358008124985784 | 0.03801056028300409 | 0.23353008843307022
0.022358008124985784 | 0.03801056028300409 | 0.23353008843307022 | -0.8991410918783891 | 0.18708500329226863:0.02530995441885897 | 0.05002215260585685 | 0.2387882294542294
0.02530995441885897 | 0.05002215260585685 | 0.2387882294542294 | -0.8991410918783891 | 0.18708500329226863:0.028365969153018034 | 0.06257102426637107 | 0.24331499871758533
0.028365969153018034 | 0.06257102426637107 | 0.24331499871758533 | -0.8991410918783891 | 0.18708500329226863:0.03151678791386797 | 0.07561327058530065 | 0.2470733109932901
0.03151678791386797 | 0.07561327058530065 | 0.2470733109932901 | -0.8991410918783891 | 0.18708500329226863:0.03475272722277273 | 0.08910291326612985 | 0.2500288077331456
0.03475272722277273 | 0.08910291326612985 | 0.2500288077331456 | -0.8991410918783891 | 0.18708500329226863:0.0380637178200372 | 0.10299205793180544 | 0.25214996529554323
0.0380637178200372 | 0.10299205793180544 | 0.25214996529554323 | -0.8991410918783891 | 0.18708500329226863:0.04143933893883206 | 0.11723105662671984 | 0.2534081939830459
0.04143933893883206 | 0.11723105662671984 | 0.2534081939830459 | 0.7913061654756803 | 0.5714761053890267:0.050029656235269115 | 0.10983940066273845 | 0.2630813064463471
0.050029656235269115 | 0.10983940066273845 | 0.2630813064463471 | 0.7913061654756803 | 0.5714761053890267:0.059058766210702274 | 0.10178610513472891 | 0.2722038216782421
0.059058766210702274 | 0.10178610513472891 | 0.2722038216782421 | 0.7913061654756803 | 0.5714761053890267:0.06850785004216609 | 0.09309659021369876 | 0.2807216299970463
0.06850785004216609 | 0.09309659021369876 | 0.2807216299970463 | 0.7913061654756803 | 0.5714761053890267:0.07835615259982565 | 0.08379899206005209 | 0.28858259224531135
0.07835615259982565 | 0.08379899206005209 | 0.28858259224531135 | 0.7913061654756803 | 0.5714761053890267:0.08858105794940696 | 0.07392406210738559 | 0.29573673150815516
0.08858105794940696 | 0.07392406210738559 | 0.29573673150815516 | -0.903698279945973 | 0.6847295746168869:0.10064601309560706 | 0.08908198003263246 | 0.29510410113174146
0.10064601309560706 | 0.08908198003263246 | 0.29510410113174146 | -0.903698279945973 | 0.6847295746168869:0.11284382619791133 | 0.10445297579988251 | 0.2931476477135968
0.11284382619791133 | 0.10445297579988251 | 0.2931476477135968 | -0.903698279945973 | 0.6847295746168869:0.12511876678747202 | 0.11996402735799669 | 0.28984020801051
0.12511876678747202 | 0.11996402735799669 | 0.28984020801051 | -0.903698279945973 | 0.6847295746168869:0.13741393546275216 | 0.13554042720537268 | 0.2851609638594139
0.13741393546275216 | 0.13554042720537268 | 0.2851609638594139 | -0.903698279945973 | 0.6847295746168869:0.14967152619494462 | 0.15110612565559423 | 0.27909557225759674
0.14967152619494462 | 0.15110612565559423 | 0.27909557225759674 | 0.6386906950354794 | -0.12090415642935737:0.15069019876063194 | 0.1447467562229776 | 0.2899436281846164
0.15069019876063194 | 0.1447467562229776 | 0.2899436281846164 | 0.6386906950354794 | -0.12090415642935737:0.15158511458755441 | 0.13785018454660392 | 0.30063313225013566
0.15158511458755441 | 0.13785018454660392 | 0.30063313225013566 | 0.6386906950354794 | -0.12090415642935737:0.15235770639823132 | 0.13042239279660495 | 0.3111393140923209
0.15235770639823132 | 0.13042239279660495 | 0.3111393140923209 | 0.6386906950354794 | -0.12090415642935737:0.15300959317698037 | 0.12247036401529632 | 0.32143771189081605
0.15300959317698037 | 0.12247036401529632 | 0.32143771189081605 | 0.6386906950354794 | -0.12090415642935737:0.15354257711690034 | 0.11400206648950406 | 0.33150421123780305
0.15354257711690034 | 0.11400206648950406 | 0.33150421123780305 | 0.8519358460362789 | -0.09246864018363832:0.15443867022873947 | 0.10139133628095043 | 0.34219628205706876
0.15443867022873947 | 0.10139133628095043 | 0.34219628205706876 | 0.8519358460362789 | -0.09246864018363832:0.1552381533068199 | 0.08809020018476277 | 0.3523654911983485
0.1552381533068199 | 0.08809020018476277 | 0.3523654911983485 | 0.8519358460362789 | -0.09246864018363832:0.1559440334256137 | 0.07412340127604633 | 0.3619716350375981
0.1559440334256137 | 0.07412340127604633 | 0.3619716350375981 | 0.8519358460362789 | -0.09246864018363832:0.15655954310850406 | 0.05951780890264935 | 0.3709758127427012
0.15655954310850406 | 0.05951780890264935 | 0.3709758127427012 | 0.8519358460362789 | -0.09246864018363832:0.15708813244980435 | 0.04430234815752421 | 0.37934053311465554
0.15708813244980435 | 0.04430234815752421 | 0.37934053311465554 | -0.4304579290003665 | -0.9273339788132309:0.14136649223254238 | 0.05320163771501929 | 0.39064904105986287
0.14136649223254238 | 0.05320163771501929 | 0.39064904105986287 | -0.4304579290003665 | -0.9273339788132309:0.12487422504790047 | 0.062451269039263124 | 0.4010359775397081
0.12487422504790047 | 0.062451269039263124 | 0.4010359775397081 | -0.4304579290003665 | -0.9273339788132309:0.10765772851810862 | 0.07203049391120375 | 0.41044432795001207
0.10765772851810862 | 0.07203049391120375 | 0.41044432795001207 | -0.4304579290003665 | -0.9273339788132309:0.08976662974442462 | 0.0819170315132578 | 0.4188200509129807
0.08976662974442462 | 0.0819170315132578 | 0.4188200509129807 | -0.4304579290003665 | -0.9273339788132309:0.07125362108053457 | 0.09208714238495452 | 0.42611229041615317
0.07125362108053457 | 0.09208714238495452 | 0.42611229041615317 | 0.08051626860322791 | -0.7531900200644179:0.055842825718098954 | 0.09151306619704136 | 0.43427987419931036
0.055842825718098954 | 0.09151306619704136 | 0.43427987419931036 | 0.08051626860322791 | -0.7531900200644179:0.03992587981465068 | 0.09087308178857012 | 0.4418315444353009
0.03992587981465068 | 0.09087308178857012 | 0.4418315444353009 | 0.08051626860322791 | -0.7531900200644179:0.023529616027619493 | 0.09017010950959592 | 0.4487407693893317
0.023529616027619493 | 0.09017010950959592 | 0.4487407693893317 | 0.08051626860322791 | -0.7531900200644179:0.006682096562002471 | 0.0894072025868411 | 0.45498226411985243
0.006682096562002471 | 0.0894072025868411 | 0.45498226411985243 | 0.08051626860322791 | -0.7531900200644179:-0.010587445013213514 | 0.08858754102214084 | 0.460532043634295
-0.010587445013213514 | 0.08858754102214084 | 0.460532043634295 | 0.08051626860322791 | -0.7531900200644179:-0.028248664066057305 | 0.0877144252589841 | 0.4653674733240969
-0.028248664066057305 | 0.0877144252589841 | 0.4653674733240969 | 0.08051626860322791 | -0.7531900200644179:-0.046270167196905465 | 0.08679126963013628 | 0.4694673165992942
-0.046270167196905465 | 0.08679126963013628 | 0.4694673165992942 | 0.08051626860322791 | -0.7531900200644179:-0.06461957640231608 | 0.08582159559965996 | 0.47281177964853427
-0.06461957640231608 | 0.08582159559965996 | 0.47281177964853427 | 0.08051626860322791 | -0.7531900200644179:-0.0832635949790177 | 0.08480902481290187 | 0.47538255325585155
-0.0832635949790177 | 0.08480902481290187 | 0.47538255325585155 | 0.08051626860322791 | -0.7531900200644179:-0.10216807503744096 | 0.08375727196828642 | 0.4771628516112152
-0.10216807503744096 | 0.08375727196828642 | 0.4771628516112152 | 0.08051626860322791 | -0.7531900200644179:-0.12129808649214624 | 0.08267013752498498 | 0.47813744805756286
-0.12129808649214624 | 0.08267013752498498 | 0.47813744805756286 | 0.08051626860322791 | -0.7531900200644179:-0.1406179873947062 | 0.08155150026071656 | 0.4782927077227974
-0.1406179873947062 | 0.08155150026071656 | 0.4782927077227974 | 0.08051626860322791 | -0.7531900200644179:-0.16009149547304258 | 0.08040530969413817 | 0.4776166169909928
-0.16009149547304258 | 0.08040530969413817 | 0.4776166169909928 | 0.08051626860322791 | -0.7531900200644179:-0.1796817607399106 | 0.07923557838641093 | 0.4760988097729957
-0.1796817607399106 | 0.07923557838641093 | 0.4760988097729957 | 0.08051626860322791 | -0.7531900200644179:-0.19935143903214447 | 0.0780463741366777 | 0.4737305905423632
-0.19935143903214447 | 0.0780463741366777 | 0.4737305905423632 | 0.08051626860322791 | -0.7531900200644179:-0.21906276634145216 | 0.0768418120862635 | 0.4705049541085664
-0.21906276634145216 | 0.0768418120862635 | 0.4705049541085664 | 0.08051626860322791 | -0.7531900200644179:-0.23877763379695782 | 0.07562604674651086 | 0.4664166021052232
-0.23877763379695782 | 0.07562604674651086 | 0.4664166021052232 | 0.08051626860322791 | -0.7531900200644179:-0.25845766315933316 | 0.0744032639651917 | 0.4614619561770681
-0.25845766315933316 | 0.0744032639651917 | 0.4614619561770681 | 0.08051626860322791 | -0.7531900200644179:-0.2780642826862576 | 0.07317767284646859 | 0.4556391678552032
-0.2780642826862576 | 0.07317767284646859 | 0.4556391678552032 | 0.08051626860322791 | -0.7531900200644179:-0.2975588032290706 | 0.07195349763937786 | 0.44894812511611804
-0.2975588032290706 | 0.07195349763937786 | 0.44894812511611804 | 0.35549411646755935 | 0.7494942723881726:-0.28284127081788535 | 0.06450010748800405 | 0.46486203638224666
-0.28284127081788535 | 0.06450010748800405 | 0.46486203638224666 | 0.35549411646755935 | 0.7494942723881726:-0.26737368077863144 | 0.05669142437253205 | 0.4801333112369619
-0.26737368077863144 | 0.05669142437253205 | 0.4801333112369619 | 0.35549411646755935 | 0.7494942723881726:-0.25118069418444616 | 0.04853870929312132 | 0.4947199241387601
-0.25118069418444616 | 0.04853870929312132 | 0.4947199241387601 | 0.35549411646755935 | 0.7494942723881726:-0.23428882643439575 | 0.040054114320237755 | 0.5085810879379622
-0.23428882643439575 | 0.040054114320237755 | 0.5085810879379622 | 0.35549411646755935 | 0.7494942723881726:-0.21672639270782218 | 0.031250657583596464 | 0.5216773511359314
-0.21672639270782218 | 0.031250657583596464 | 0.5216773511359314 | 0.35549411646755935 | 0.7494942723881726:-0.1985234494161639 | 0.022142196336269127 | 0.5339706921489942
-0.1985234494161639 | 0.022142196336269127 | 0.5339706921489942 | 0.35549411646755935 | 0.7494942723881726:-0.17971173178882366 | 0.012743398156992214 | 0.5454246103812501
-0.17971173178882366 | 0.012743398156992214 | 0.5454246103812501 | 0.35549411646755935 | 0.7494942723881726:-0.1603245877371613 | 0.003069710357327171 | 0.5560042139178982
-0.1603245877371613 | 0.003069710357327171 | 0.5560042139178982 | 0.35549411646755935 | 0.7494942723881726:-0.14039690814786399 | -0.006862672336193754 | 0.5656763036585062
-0.14039690814786399 | -0.006862672336193754 | 0.5656763036585062 | 0.35549411646755935 | 0.7494942723881726:-0.11996505376377797 | -0.017036841751497 | 0.5744094537178164
-0.11996505376377797 | -0.017036841751497 | 0.5744094537178164 | 0.4548790799505993 | 0.8280301358093671:-0.09678588180016301 | -0.0303073536331544 | 0.5824152672876188
-0.09678588180016301 | -0.0303073536331544 | 0.5824152672876188 | 0.4548790799505993 | 0.8280301358093671:-0.07313399692862799 | -0.043845925726363255 | 0.5891289991520416
-0.07313399692862799 | -0.043845925726363255 | 0.5891289991520416 | 0.4548790799505993 | 0.8280301358093671:-0.049066401132524806 | -0.057621686442832054 | 0.5945175478816438
-0.049066401132524806 | -0.057621686442832054 | 0.5945175478816438 | 0.4548790799505993 | 0.8280301358093671:-0.024641719654084904 | -0.0716028338600716 | 0.598551158297635
-0.024641719654084904 | -0.0716028338600716 | 0.598551158297635 | 0.4548790799505993 | 0.8280301358093671:7.995368762681032E-5 | -0.08575671956135889 | 0.601203521060647
7.995368762681032E-5 | -0.08575671956135889 | 0.601203521060647 | -0.6012468573941665 | 0.9835327912984384:0.02993882640557688 | -0.06808455571037841 | 0.6066739311622626
0.02993882640557688 | -0.06808455571037841 | 0.6066739311622626 | -0.6012468573941665 | 0.9835327912984384:0.060192370883644486 | -0.0501353865537042 | 0.6100952018030696
0.060192370883644486 | -0.0501353865537042 | 0.6100952018030696 | -0.6012468573941665 | 0.9835327912984384:0.09073470397927452 | -0.03197343168953237 | 0.6114307672717132
0.09073470397927452 | -0.03197343168953237 | 0.6114307672717132 | -0.6012468573941665 | 0.9835327912984384:0.12145782483293655 | -0.013664319198053665 | 0.6106516823057078
0.12145782483293655 | -0.013664319198053665 | 0.6106516823057078 | -0.6012468573941665 | 0.9835327912984384:0.15225202128851834 | 0.004725160287754271 | 0.6077367873845603
0.15225202128851834 | 0.004725160287754271 | 0.6077367873845603 | -0.6012468573941665 | 0.9835327912984384:0.1830062847857971 | 0.02312730513803718 | 0.6026728442057916
0.1830062847857971 | 0.02312730513803718 | 0.6026728442057916 | -0.6012468573941665 | 0.9835327912984384:0.21360873212066123 | 0.041473758936966476 | 0.5954546407518819
0.21360873212066123 | 0.041473758936966476 | 0.5954546407518819 | -0.6012468573941665 | 0.9835327912984384:0.2439470324417736 | 0.05969577035864093 | 0.5860850654738101
0.2439470324417736 | 0.05969577035864093 | 0.5860850654738101 | -0.6012468573941665 | 0.9835327912984384:0.27390883783166475 | 0.0777244557035508 | 0.5745751502363916
0.27390883783166475 | 0.0777244557035508 | 0.5745751502363916 | -0.6012468573941665 | 0.9835327912984384:0.30338221580588776 | 0.09549106308058652 | 0.5609440817909359
0.30338221580588776 | 0.09549106308058652 | 0.5609440817909359 | -0.6012468573941665 | 0.9835327912984384:0.3322560820558913 | 0.11292723721286846 | 0.5452191816624392
0.3322560820558913 | 0.11292723721286846 | 0.5452191816624392 | -0.6012468573941665 | 0.9835327912984384:0.3604206317596952 | 0.12996528384288064 | 0.5274358544598101
0.3604206317596952 | 0.12996528384288064 | 0.5274358544598101 | -0.6012468573941665 | 0.9835327912984384:0.3877677677892659 | 0.14653843271352462 | 0.5076375047394635
0.3877677677892659 | 0.14653843271352462 | 0.5076375047394635 | -0.6012468573941665 | 0.9835327912984384:0.41419152415466254 | 0.16258109810669774 | 0.4858754226731179
0.41419152415466254 | 0.16258109810669774 | 0.4858754226731179 | -0.6012468573941665 | 0.9835327912984384:0.4395884830424972 | 0.17802913592990333 | 0.46220863889073627
0.4395884830424972 | 0.17802913592990333 | 0.46220863889073627 | 0.033570318888507256 | -0.8797229861210505:0.4209620338855977 | 0.17815707602191466 | 0.48384418042792987
0.4209620338855977 | 0.17815707602191466 | 0.48384418042792987 | 0.033570318888507256 | -0.8797229861210505:0.4012718852129642 | 0.17823557914036403 | 0.5047075206369129
0.4012718852129642 | 0.17823557914036403 | 0.5047075206369129 | 0.033570318888507256 | -0.8797229861210505:0.38055151193529335 | 0.1782659604325021 | 0.524746114784925
0.38055151193529335 | 0.1782659604325021 | 0.524746114784925 | 0.033570318888507256 | -0.8797229861210505:0.3588369637653108 | 0.17824963374789338 | 0.5439089479186237
0.3588369637653108 | 0.17824963374789338 | 0.5439089479186237 | 0.033570318888507256 | -0.8797229861210505:0.3361667919944802 | 0.17818810895759007 | 0.5621466596523135
0.3361667919944802 | 0.17818810895759007 | 0.5621466596523135 | 0.1147556801923586 | -0.17763845754453933:0.33271863358286957 | 0.1757876098104969 | 0.5688022012740035
0.33271863358286957 | 0.1757876098104969 | 0.5688022012740035 | 0.1147556801923586 | -0.17763845754453933:0.3291722938943913 | 0.17332545309054392 | 0.5754045163189403
0.3291722938943913 | 0.17332545309054392 | 0.5754045163189403 | 0.1147556801923586 | -0.17763845754453933:0.3255287230293149 | 0.17080222872064343 | 0.5819519876576891
0.3255287230293149 | 0.17080222872064343 | 0.5819519876576891 | 0.1147556801923586 | -0.17763845754453933:0.3217888841142056 | 0.16821853529285935 | 0.5884430197855863
0.3217888841142056 | 0.16821853529285935 | 0.5884430197855863 | 0.1147556801923586 | -0.17763845754453933:0.3179537530362788 | 0.16557497989502856 | 0.5948760388748013
0.3179537530362788 | 0.16557497989502856 | 0.5948760388748013 | 0.47371652286291566 | -0.1410176613650722:0.3151047723775884 | 0.15210575546350924 | 0.603500118437438
0.3151047723775884 | 0.15210575546350924 | 0.603500118437438 | 0.47371652286291566 | -0.1410176613650722:0.3121649394434902 | 0.1383672547172674 | 0.611780507602127
0.3121649394434902 | 0.1383672547172674 | 0.611780507602127 | 0.47371652286291566 | -0.1410176613650722:0.3091370738754664 | 0.12436844653885792 | 0.6197084745692649
0.3091370738754664 | 0.12436844653885792 | 0.6197084745692649 | 0.47371652286291566 | -0.1410176613650722:0.3060240643580059 | 0.11011853899814117 | 0.6272755613441063
0.3060240643580059 | 0.11011853899814117 | 0.6272755613441063 | 0.47371652286291566 | -0.1410176613650722:0.30282886627923933 | 0.09562697153093858 | 0.6344735902859924
0.30282886627923933 | 0.09562697153093858 | 0.6344735902859924 | 0.47371652286291566 | -0.1410176613650722:0.2995544993473036 | 0.08090340696653264 | 0.641294670416606
0.2995544993473036 | 0.08090340696653264 | 0.641294670416606 | 0.47371652286291566 | -0.1410176613650722:0.2962040451644272 | 0.06595772341061501 | 0.6477312034837581
0.2962040451644272 | 0.06595772341061501 | 0.6477312034837581 | 0.47371652286291566 | -0.1410176613650722:0.2927806447607306 | 0.05080000599036438 | 0.6537758897776058
0.2927806447607306 | 0.05080000599036438 | 0.6537758897776058 | 0.47371652286291566 | -0.1410176613650722:0.2892874960897416 | 0.03544053846835293 | 0.6594217336962771
0.2892874960897416 | 0.03544053846835293 | 0.6594217336962771 | 0.47371652286291566 | -0.1410176613650722:0.2857278514876782 | 0.019889794732073085 | 0.6646620490579664
0.2857278514876782 | 0.019889794732073085 | 0.6646620490579664 | 0.3584610473640397 | -0.8544016660999239:0.25805194495773165 | 0.008004903434802202 | 0.6790899269661992
0.25805194495773165 | 0.008004903434802202 | 0.6790899269661992 | 0.3584610473640397 | -0.8544016660999239:0.2296744322934643 | -0.004182781642376732 | 0.6921210222990695
0.2296744322934643 | -0.004182781642376732 | 0.6921210222990695 | 0.3584610473640397 | -0.8544016660999239:0.20065660128554086 | -0.01664794885934029 | 0.7037154132001717
0.20065660128554086 | -0.01664794885934029 | 0.7037154132001717 | 0.3584610473640397 | -0.8544016660999239:0.1710616156264635 | -0.029364470412699184 | 0.7138363948037423
0.1710616156264635 | -0.029364470412699184 | 0.7138363948037423 | 0.3584610473640397 | -0.8544016660999239:0.14095436806501205 | -0.04230546302284832 | 0.7224505816462994
0.14095436806501205 | -0.04230546302284832 | 0.7224505816462994 | 0.3584610473640397 | -0.8544016660999239:0.1104013289775061 | -0.055443350614782005 | 0.7295280021337263
0.1104013289775061 | -0.055443350614782005 | 0.7295280021337263 | 0.3584610473640397 | -0.8544016660999239:0.07947039072533357 | -0.06874992883981701 | 0.7350421848268169
0.07947039072533357 | -0.06874992883981701 | 0.7350421848268169 | 0.3584610473640397 | -0.8544016660999239:0.04823070817825581 | -0.08219643128098664 | 0.7389702363281856
0.04823070817825581 | -0.08219643128098664 | 0.7389702363281856 | 0.3584610473640397 | -0.8544016660999239:0.016752535791999534 | -0.09575359718087295 | 0.7412929105742663
0.016752535791999534 | -0.09575359718087295 | 0.7412929105742663 | 0.3584610473640397 | -0.8544016660999239:-0.01489293836323391 | -0.10939174052705969 | 0.7419946693570623
-0.01489293836323391 | -0.10939174052705969 | 0.7419946693570623 | 0.8675432265104008 | 0.3771863210406452:-0.0010035567792385791 | -0.1419355104470572 | 0.7391565175927894
-0.0010035567792385791 | -0.1419355104470572 | 0.7391565175927894 | 0.8675432265104008 | 0.3771863210406452:0.012848685894638834 | -0.17442577627271572 | 0.734601236348027
0.012848685894638834 | -0.17442577627271572 | 0.734601236348027 | 0.8675432265104008 | 0.3771863210406452:0.02663006091743192 | -0.2067849970001019 | 0.7283291447289173
0.02663006091743192 | -0.2067849970001019 | 0.7283291447289173 | 0.8675432265104008 | 0.3771863210406452:0.04030684583380584 | -0.23893555423095947 | 0.720344771753048
0.04030684583380584 | -0.23893555423095947 | 0.720344771753048 | 0.8675432265104008 | 0.3771863210406452:0.053845408650056825 | -0.27079994571296684 | 0.710656860857199
0.053845408650056825 | -0.27079994571296684 | 0.710656860857199 | -0.22646165646979144 | 0.11013925641350308:0.05795481410670966 | -0.2635547075465574 | 0.7155932922004737
0.05795481410670966 | -0.2635547075465574 | 0.7155932922004737 | -0.22646165646979144 | 0.11013925641350308:0.06210125503507413 | -0.25622087950395755 | 0.7204104574736192
0.06210125503507413 | -0.25622087950395755 | 0.7204104574736192 | -0.22646165646979144 | 0.11013925641350308:0.06628388527054696 | -0.24880031067713126 | 0.7251068740890148
0.06628388527054696 | -0.24880031067713126 | 0.7251068740890148 | -0.22646165646979144 | 0.11013925641350308:0.07050185092539252 | -0.24129486506041875 | 0.7296810945711059
0.07050185092539252 | -0.24129486506041875 | 0.7296810945711059 | -0.22646165646979144 | 0.11013925641350308:0.07475429063111783 | -0.23370642106443462 | 0.7341317066485686
0.07475429063111783 | -0.23370642106443462 | 0.7341317066485686 | -0.22646165646979144 | 0.11013925641350308:0.07904033578022407 | -0.2260368710311469 | 0.7384573333397384
0.07904033578022407 | -0.2260368710311469 | 0.7384573333397384 | -0.22646165646979144 | 0.11013925641350308:0.0833591107672671 | -0.21828812075017012 | 0.7426566330310465
0.0833591107672671 | -0.21828812075017012 | 0.7426566330310465 | -0.22646165646979144 | 0.11013925641350308:0.08770973322922693 | -0.21046208897635443 | 0.7467282995487068
0.08770973322922693 | -0.21046208897635443 | 0.7467282995487068 | -0.22646165646979144 | 0.11013925641350308:0.09209131428515782 | -0.20256070694870854 | 0.7506710622235033
0.09209131428515782 | -0.20256070694870854 | 0.7506710622235033 | -0.22646165646979144 | 0.11013925641350308:0.09650295877507098 | -0.19458591791071855 | 0.7544836859490971
0.09650295877507098 | -0.19458591791071855 | 0.7544836859490971 | -0.22646165646979144 | 0.11013925641350308:0.10094376549805162 | -0.1865396766321159 | 0.7581649712333842
0.10094376549805162 | -0.1865396766321159 | 0.7581649712333842 | -0.22646165646979144 | 0.11013925641350308:0.10541282744957137 | -0.17842394893214975 | 0.7617137542434023
0.10541282744957137 | -0.17842394893214975 | 0.7617137542434023 | -0.22646165646979144 | 0.11013925641350308:0.10990923205796754 | -0.1702407112044111 | 0.7651289068436427
0.10990923205796754 | -0.1702407112044111 | 0.7651289068436427 | -0.22646165646979144 | 0.11013925641350308:0.11443206142007334 | -0.16199194994327204 | 0.768409336627812
0.11443206142007334 | -0.16199194994327204 | 0.768409336627812 | -0.22646165646979144 | 0.11013925641350308:0.11898039253597403 | -0.1536796612719762 | 0.7715539869440704
0.11898039253597403 | -0.1536796612719762 | 0.7715539869440704 | -0.7888577195982229 | 0.7005257016042488:0.14649302560591337 | -0.12345194981862129 | 0.7743543479916468
0.14649302560591337 | -0.12345194981862129 | 0.7743543479916468 | -0.7888577195982229 | 0.7005257016042488:0.1741102008430655 | -0.0930564793096198 | 0.7749728791337134
0.1741102008430655 | -0.0930564793096198 | 0.7749728791337134 | -0.7888577195982229 | 0.7005257016042488:0.20175366928750726 | -0.06258119348807134 | 0.7733971934256658
0.20175366928750726 | -0.06258119348807134 | 0.7733971934256658 | -0.7888577195982229 | 0.7005257016042488:0.22934475907560703 | -0.03211463800771441 | 0.7696213107376906
0.22934475907560703 | -0.03211463800771441 | 0.7696213107376906 | -0.7888577195982229 | 0.7005257016042488:0.25680460901321034 | -0.0017456981990007225 | 0.763645697889757
0.25680460901321034 | -0.0017456981990007225 | 0.763645697889757 | -0.3811903716768936 | 0.6896715740430777:0.2836588630638417 | 0.012839351152437839 | 0.7560517728943523
0.2836588630638417 | 0.012839351152437839 | 0.7560517728943523 | -0.3811903716768936 | 0.6896715740430777:0.3102806375112426 | 0.027311033727119405 | 0.7472166229067341
0.3102806375112426 | 0.027311033727119405 | 0.7472166229067341 | -0.3811903716768936 | 0.6896715740430777:0.33662527327625824 | 0.04164454802096573 | 0.7371493407285499
0.33662527327625824 | 0.04164454802096573 | 0.7371493407285499 | -0.3811903716768936 | 0.6896715740430777:0.3626484206250087 | 0.05581524362009849 | 0.7258611394179297
0.3626484206250087 | 0.05581524362009849 | 0.7258611394179297 | -0.3811903716768936 | 0.6896715740430777:0.3883061164182049 | 0.06979866402780921 | 0.7133653379659535
0.3883061164182049 | 0.06979866402780921 | 0.7133653379659535 | -0.6791837886840766 | -0.4559636033168939:0.37284992310004306 | 0.09419212404599042 | 0.7208819803446715
0.37284992310004306 | 0.09419212404599042 | 0.7208819803446715 | -0.6791837886840766 | -0.4559636033168939:0.35720011023176745 | 0.11887928532868752 | 0.7272062043649754
0.35720011023176745 | 0.11887928532868752 | 0.7272062043649754 | -0.6791837886840766 | -0.4559636033168939:0.3413847573687505 | 0.14381874285326068 | 0.7323218990539715
0.3413847573687505 | 0.14381874285326068 | 0.7323218990539715 | -0.6791837886840766 | -0.4559636033168939:0.32543232615534556 | 0.1689684847895805 | 0.7362150815015553
0.32543232615534556 | 0.1689684847895805 | 0.7362150815015553 | -0.6791837886840766 | -0.4559636033168939:0.30937160909313555 | 0.19428596830828448 | 0.7388739276796343
0.30937160909313555 | 0.19428596830828448 | 0.7388739276796343 | 0.8963715233650948 | 0.7002426247500753:0.3360399889574772 | 0.16132993341241697 | 0.737117753053937
0.3360399889574772 | 0.16132993341241697 | 0.737117753053937 | 0.8963715233650948 | 0.7002426247500753:0.36262617060212676 | 0.12841233698969834 | 0.7329274931200729
0.36262617060212676 | 0.12841233698969834 | 0.7329274931200729 | 0.8963715233650948 | 0.7002426247500753:0.3890435692819416 | 0.09564423353056428 | 0.7263071145867741
0.3890435692819416 | 0.09564423353056428 | 0.7263071145867741 | 0.8963715233650948 | 0.7002426247500753:0.41520582799591566 | 0.06313656842484816 | 0.7172687791316008
0.41520582799591566 | 0.06313656842484816 | 0.7172687791316008 | 0.8963715233650948 | 0.7002426247500753:0.44102711234994274 | 0.03099980014921755 | 0.7058328277763621
0.44102711234994274 | 0.03099980014921755 | 0.7058328277763621 | 0.8963715233650948 | 0.7002426247500753:0.4664224043547982 | -6.56476812496809E-4 | 0.6920277371527419
0.4664224043547982 | -6.56476812496809E-4 | 0.6920277371527419 | 0.8963715233650948 | 0.7002426247500753:0.4913077941439603 | -0.03172390701383154 | 0.675890047759907
0.4913077941439603 | -0.03172390701383154 | 0.675890047759907 | 0.8963715233650948 | 0.7002426247500753:0.5156007686019102 | -0.06209574575855381 | 0.6574642644128943
0.5156007686019102 | -0.06209574575855381 | 0.6574642644128943 | 0.8963715233650948 | 0.7002426247500753:0.5392204959033542 | -0.09166722619556511 | 0.6368027291764378
0.5392204959033542 | -0.09166722619556511 | 0.6368027291764378 | 0.8963715233650948 | 0.7002426247500753:0.5620881049767945 | -0.12033592052420783 | 0.6139654671749781
0.5620881049767945 | -0.12033592052420783 | 0.6139654671749781 | -0.4942777975894057 | -0.678934917028766:0.5418536372994751 | -0.10532591192602014 | 0.6366746258465241
0.5418536372994751 | -0.10532591192602014 | 0.6366746258465241 | -0.4942777975894057 | -0.678934917028766:0.5208215898612885 | -0.08972788618309435 | 0.6583324461773827
0.5208215898612885 | -0.08972788618309435 | 0.6583324461773827 | -0.4942777975894057 | -0.678934917028766:0.4990282774095576 | -0.07356768707846095 | 0.6788954857642011
0.4990282774095576 | -0.07356768707846095 | 0.6788954857642011 | -0.4942777975894057 | -0.678934917028766:0.476511542892343 | -0.056872295205651735 | 0.6983222233499617
0.476511542892343 | -0.056872295205651735 | 0.6983222233499617 | -0.4942777975894057 | -0.678934917028766:0.45331068895280424 | -0.03966977911898972 | 0.7165731419362942
0.45331068895280424 | -0.03966977911898972 | 0.7165731419362942 | 0.6499235843379323 | 0.532717685228788:0.47303061473542485 | -0.0630426860524973 | 0.7038305167596235
0.47303061473542485 | -0.0630426860524973 | 0.7038305167596235 | 0.6499235843379323 | 0.532717685228788:0.4924082983904263 | -0.08602830168544351 | 0.6897754376685583
0.4924082983904263 | -0.08602830168544351 | 0.6897754376685583 | 0.6499235843379323 | 0.532717685228788:0.5114079393507325 | -0.10858251065625568 | 0.6744292914223848
0.5114079393507325 | -0.10858251065625568 | 0.6744292914223848 | 0.6499235843379323 | 0.532717685228788:0.5299943337137911 | -0.13066188628670528 | 0.6578159369051093
0.5299943337137911 | -0.13066188628670528 | 0.6578159369051093 | 0.6499235843379323 | 0.532717685228788:0.5481329422665588 | -0.15222377421701294 | 0.6399616651139297
0.5481329422665588 | -0.15222377421701294 | 0.6399616651139297 | -0.09361931592919426 | 0.8225507568058381:0.5749746970148237 | -0.14947699467379105 | 0.6186252269110071
0.5749746970148237 | -0.14947699467379105 | 0.6186252269110071 | -0.09361931592919426 | 0.8225507568058381:0.6009477734142621 | -0.14682280751556642 | 0.5961412825937771
0.6009477734142621 | -0.14682280751556642 | 0.5961412825937771 | -0.09361931592919426 | 0.8225507568058381:0.6260033903030724 | -0.14426688486514117 | 0.5725461710596846
0.6260033903030724 | -0.14426688486514117 | 0.5725461710596846 | -0.09361931592919426 | 0.8225507568058381:0.6500942962103728 | -0.1418147293398404 | 0.5478783380870027
0.6500942962103728 | -0.1418147293398404 | 0.5478783380870027 | -0.09361931592919426 | 0.8225507568058381:0.6731748590350257 | -0.13947166369431918 | 0.5221782699724855
0.6731748590350257 | -0.13947166369431918 | 0.5221782699724855 | -0.09361931592919426 | 0.8225507568058381:0.6952011528351392 | -0.13724282078312755 | 0.495488423319145
0.6952011528351392 | -0.13724282078312755 | 0.495488423319145 | -0.09361931592919426 | 0.8225507568058381:0.7161310415663777 | -0.13513313386175363 | 0.4678531511028723
