0.0 | 0.0 | 0.0 | -0.9162873061447419 | -0.8569064169140546:-4.2787269764228074E-4 | 4.579833993247906E-4 | 0.009980339481227845
-4.2787269764228074E-4 | 4.579833993247906E-4 | 0.009980339481227845 | -0.9162873061447419 | -0.8569064169140546:0.0 | 0.0 | 0.0
0.0 | 0.0 | 0.0 | -0.9162873061447419 | -0.8569064169140546:-0.0016986900836652777 | 0.001820025781948953 | 0.01974365614957621
-0.0016986900836652777 | 0.001820025781948953 | 0.01974365614957621 | -0.8774988934344041 | -0.6791016493207875:-0.003529231786189384 | 0.004006274163564694 | 0.029217181440476157
-0.003529231786189384 | 0.004006274163564694 | 0.029217181440476157 | -0.8774988934344041 | -0.6791016493207875:-0.005986231342359654 | 0.007010104879445089 | 0.03831054543875656
-0.005986231342359654 | 0.007010104879445089 | 0.03831054543875656 | -0.8774988934344041 | -0.6791016493207875:-0.009044378866046358 | 0.010800615305610384 | 0.046941677949899896
-0.009044378866046358 | 0.010800615305610384 | 0.046941677949899896 | -0.8774988934344041 | -0.6791016493207875:-0.012674918136839537 | 0.015342370739320654 | 0.055032090860251126
-0.012674918136839537 | 0.015342370739320654 | 0.055032090860251126 | -0.8774988934344041 | -0.6791016493207875:-0.016845827591372466 | 0.020595630341016302 | 0.06250724004958363
-0.016845827591372466 | 0.020595630341016302 | 0.06250724004958363 | -0.8774988934344041 | -0.6791016493207875:0.0 | 0.0 | 0.0
0.0 | 0.0 | 0.0 | -0.8774988934344041 | -0.6791016493207875:-0.021522014254670326 | 0.026516590273986118 | 0.06929686559793852
-0.021522014254670326 | 0.026516590273986118 | 0.06929686559793852 | -0.8774988934344041 | -0.6791016493207875:-0.02666551965707041 | 0.033057642834830814 | 0.0753353090816582
-0.02666551965707041 | 0.033057642834830814 | 0.0753353090816582 | -0.8774988934344041 | -0.6791016493207875:-0.03223573674452479 | 0.04016765031673886 | 0.08056180685778952
-0.03223573674452479 | 0.04016765031673886 | 0.08056180685778952 | -0.8774988934344041 | -0.6791016493207875:-0.038189636756558676 | 0.047792232301896775 | 0.08492075834339169
-0.038189636756558676 | 0.047792232301896775 | 0.08492075834339169 | -0.9212353993660531 | -0.44425547276385036:-0.04343867009115504 | 0.056070354411921985 | 0.08875581486186501
-0.04343867009115504 | 0.056070354411921985 | 0.08875581486186501 | -0.9212353993660531 | -0.44425547276385036:-0.048877125496216256 | 0.06478629557764815 | 0.09173255864616481
-0.048877125496216256 | 0.06478629557764815 | 0.09173255864616481 | -0.9212353993660531 | -0.44425547276385036:-0.05447621081077603 | 0.07388087458734094 | 0.09381695204804719
-0.05447621081077603 | 0.07388087458734094 | 0.09381695204804719 | -0.9212353993660531 | -0.44425547276385036:-0.06020632335371634 | 0.08329312561797897 | 0.09497956600616109
-0.06020632335371634 | 0.08329312561797897 | 0.09497956600616109 | -0.9212353993660531 | -0.44425547276385036:-0.06603718210831405 | 0.09296057014085424 | 0.09519567609079238
-0.06603718210831405 | 0.09296057014085424 | 0.09519567609079238 | 0.9135146815109569 | -0.8546185557732069:-0.07424564739193801 | 0.09359087173173397 | 0.10195672158462488
-0.07424564739193801 | 0.09359087173173397 | 0.10195672158462488 | 0.9135146815109569 | -0.8546185557732069:-0.08293578960688708 | 0.09360597270137005 | 0.10837560531001
-0.08293578960688708 | 0.09360597270137005 | 0.10837560531001 | 0.9135146815109569 | -0.8546185557732069:-0.09208830507719912 | 0.09302583053221708 | 0.11438219381098502
-0.09208830507719912 | 0.09302583053221708 | 0.11438219381098502 | 0.9135146815109569 | -0.8546185557732069:-0.10168005811114078 | 0.09187454521791956 | 0.1199087865785251
-0.10168005811114078 | 0.09187454521791956 | 0.1199087865785251 | 0.9135146815109569 | -0.8546185557732069:-0.11168423171611286 | 0.09018020790164585 | 0.12489053855446519
-0.11168423171611286 | 0.09018020790164585 | 0.12489053855446519 | -0.0208287609710609 | -0.8185775059463425:-0.12166325161389424 | 0.09415349411026334 | 0.1252341637101848
-0.12166325161389424 | 0.09415349411026334 | 0.1252341637101848 | -0.0208287609710609 | -0.8185775059463425:-0.13180094024558464 | 0.098093971819149 | 0.12490455859993799
-0.13180094024558464 | 0.098093971819149 | 0.12490455859993799 | -0.0208287609710609 | -0.8185775059463425:-0.14205741029775498 | 0.10200100300534215 | 0.12389248118126361
-0.14205741029775498 | 0.10200100300534215 | 0.12389248118126361 | -0.0208287609710609 | -0.8185775059463425:-0.15239242631441563 | 0.10587393593840938 | 0.1221908606654285
-0.15239242631441563 | 0.10587393593840938 | 0.1221908606654285 | -0.0208287609710609 | -0.8185775059463425:-0.16276551536848105 | 0.10971210802973236 | 0.1197948043518342
-0.16276551536848105 | 0.10971210802973236 | 0.1197948043518342 | -0.2812206041590206 | -0.04795872753915531:-0.16850849295468495 | 0.11511555166981036 | 0.12179607132333325
-0.16850849295468495 | 0.11511555166981036 | 0.12179607132333325 | -0.2812206041590206 | -0.04795872753915531:-0.1742106986705625 | 0.12056386924975826 | 0.12360264548194655
-0.1742106986705625 | 0.12056386924975826 | 0.12360264548194655 | -0.2812206041590206 | -0.04795872753915531:-0.1798718689449461 | 0.12605268644666523 | 0.12521493875134126
-0.1798718689449461 | 0.12605268644666523 | 0.12521493875134126 | -0.2812206041590206 | -0.04795872753915531:-0.18549174154650006 | 0.13157766452578457 | 0.12663343804140847
-0.18549174154650006 | 0.13157766452578457 | 0.12663343804140847 | -0.2812206041590206 | -0.04795872753915531:-0.19107005578989167 | 0.13713450127429083 | 0.12785870419760004
-0.19107005578989167 | 0.13713450127429083 | 0.12785870419760004 | -0.2812206041590206 | -0.04795872753915531:-0.19660655273785554 | 0.14271893191384732 | 0.12889137094376268
-0.19660655273785554 | 0.14271893191384732 | 0.12889137094376268 | -0.2812206041590206 | -0.04795872753915531:-0.20210097539917538 | 0.148326729992051 | 0.12973214381879528
-0.20210097539917538 | 0.148326729992051 | 0.12973214381879528 | -0.2812206041590206 | -0.04795872753915531:-0.20755306892259462 | 0.15395370825283572 | 0.13038179910746273
-0.20755306892259462 | 0.15395370825283572 | 0.13038179910746273 | -0.2812206041590206 | -0.04795872753915531:-0.21296258078667885 | 0.15959571948590812 | 0.13084118276567613
-0.21296258078667885 | 0.15959571948590812 | 0.13084118276567613 | -0.2812206041590206 | -0.04795872753915531:-0.21832926098564753 | 0.16524865735530025 | 0.13111120934057263
-0.21832926098564753 | 0.16524865735530025 | 0.13111120934057263 | -0.5504498974858898 | 0.9688742097816394:-0.2168086638014417 | 0.17266618106900022 | 0.14007948987354357
-0.2168086638014417 | 0.17266618106900022 | 0.14007948987354357 | -0.5504498974858898 | 0.9688742097816394:-0.214665916381656 | 0.18037310251815386 | 0.1488478195373344
-0.214665916381656 | 0.18037310251815386 | 0.1488478195373344 | -0.5504498974858898 | 0.9688742097816394:-0.21190971799116598 | 0.18836583083111336 | 0.15736656194871035
-0.21190971799116598 | 0.18836583083111336 | 0.15736656194871035 | -0.5504498974858898 | 0.9688742097816394:-0.20855175025124417 | 0.19663906634700634 | 0.16558665911772819
-0.20855175025124417 | 0.19663906634700634 | 0.16558665911772819 | -0.5504498974858898 | 0.9688742097816394:-0.20460663716487648 | 0.20518582024472298 | 0.17345986002682157
-0.20460663716487648 | 0.20518582024472298 | 0.17345986002682157 | 0.5408283146320052 | -0.18029678171382235:-0.21025536656264965 | 0.20435112945881517 | 0.18056541500552825
-0.21025536656264965 | 0.20435112945881517 | 0.18056541500552825 | 0.5408283146320052 | -0.18029678171382235:-0.2159590233355262 | 0.20319093589905535 | 0.18762758119848844
-0.2159590233355262 | 0.20319093589905535 | 0.18762758119848844 | 0.5408283146320052 | -0.18029678171382235:-0.22171748400204727 | 0.20170703399370815 | 0.19463323634393692
-0.22171748400204727 | 0.20170703399370815 | 0.19463323634393692 | 0.5408283146320052 | -0.18029678171382235:-0.22753046959478418 | 0.19990167000980064 | 0.2015693634554907
-0.22753046959478418 | 0.19990167000980064 | 0.2015693634554907 | 0.5408283146320052 | -0.18029678171382235:-0.23339754757622533 | 0.19777753668234865 | 0.20842306682521095
-0.23339754757622533 | 0.19777753668234865 | 0.20842306682521095 | -0.35609984148585694 | -0.5288418403774182:-0.24279431689086017 | 0.204884582011005 | 0.20200583167696795
-0.24279431689086017 | 0.204884582011005 | 0.20200583167696795 | -0.35609984148585694 | -0.5288418403774182:-0.25205963817426635 | 0.21190100038439486 | 0.195014720109854
-0.25205963817426635 | 0.21190100038439486 | 0.195014720109854 | -0.35609984148585694 | -0.5288418403774182:-0.26117266265673056 | 0.21881277336263505 | 0.1874556264364582
-0.26117266265673056 | 0.21881277336263505 | 0.1874556264364582 | -0.35609984148585694 | -0.5288418403774182:-0.27011278617852863 | 0.2256060374917377 | 0.17933545546909002
-0.27011278617852863 | 0.2256060374917377 | 0.17933545546909002 | -0.35609984148585694 | -0.5288418403774182:-0.27885968051499166 | 0.23226710553469943 | 0.17066210774269575
-0.27885968051499166 | 0.23226710553469943 | 0.17066210774269575 | -0.35609984148585694 | -0.5288418403774182:-0.28739332410725815 | 0.23878248731417706 | 0.16144446340974028
-0.28739332410725815 | 0.23878248731417706 | 0.16144446340974028 | -0.35609984148585694 | -0.5288418403774182:-0.29569403216256607 | 0.24513891014211353 | 0.15169236483860793
-0.29569403216256607 | 0.24513891014211353 | 0.15169236483860793 | -0.35609984148585694 | -0.5288418403774182:-0.3037424860890159 | 0.2513233388124192 | 0.14141659794849026
-0.3037424860890159 | 0.2513233388124192 | 0.14141659794849026 | -0.35609984148585694 | -0.5288418403774182:-0.31151976223085853 | 0.2573229951335527 | 0.13062887231498266
-0.31151976223085853 | 0.2573229951335527 | 0.13062887231498266 | -0.35609984148585694 | -0.5288418403774182:-0.31900735987152373 | 0.2631253769785893 | 0.11934180008187756
-0.31900735987152373 | 0.2631253769785893 | 0.11934180008187756 | -0.35609984148585694 | -0.5288418403774182:-0.32618722847277937 | 0.2687182768311942 | 0.10756887371581669
-0.32618722847277937 | 0.2687182768311942 | 0.10756887371581669 | -0.35609984148585694 | -0.5288418403774182:-0.33304179411961776 | 0.2740897998066769 | 0.09532444264162798
-0.33304179411961776 | 0.2740897998066769 | 0.09532444264162798 | -0.35609984148585694 | -0.5288418403774182:-0.33955398514172686 | 0.2792283811281493 | 0.08262368879722004
-0.33955398514172686 | 0.2792283811281493 | 0.08262368879722004 | -0.35609984148585694 | -0.5288418403774182:-0.3457072568835997 | 0.2841228030386471 | 0.06948260114797211
-0.3457072568835997 | 0.2841228030386471 | 0.06948260114797211 | -0.35609984148585694 | -0.5288418403774182:-0.35148561559669567 | 0.28876221113092004 | 0.055917949201510275
-0.35148561559669567 | 0.28876221113092004 | 0.055917949201510275 | -0.35609984148585694 | -0.5288418403774182:-0.356873641428308 | 0.293136130077456 | 0.04194725556466583
-0.356873641428308 | 0.293136130077456 | 0.04194725556466583 | -0.35609984148585694 | -0.5288418403774182:-0.3618565104831184 | 0.29723447874421005 | 0.027588767585310592
-0.3618565104831184 | 0.29723447874421005 | 0.027588767585310592 | -0.35609984148585694 | -0.5288418403774182:-0.3664200159347999 | 0.3010475846723839 | 0.012861428122507235
-0.3664200159347999 | 0.3010475846723839 | 0.012861428122507235 | -0.35609984148585694 | -0.5288418403774182:-0.3705505881663136 | 0.3045661979134824 | -0.0022151545107860215
-0.3705505881663136 | 0.3045661979134824 | -0.0022151545107860215 | -0.35609984148585694 | -0.5288418403774182:-0.37423531391896425 | 0.3077815042038612 | -0.0176207373875652
-0.37423531391896425 | 0.3077815042038612 | -0.0176207373875652 | 0.1975217872735382 | 0.3243449958529079:-0.3784005546143572 | 0.31121219478878537 | -0.008599939586426686
-0.3784005546143572 | 0.31121219478878537 | -0.008599939586426686 | 0.1975217872735382 | 0.3243449958529079:-0.3823790538574041 | 0.3145216384959344 | 6.174229673892029E-4
-0.3823790538574041 | 0.3145216384959344 | 6.174229673892029E-4 | 0.1975217872735382 | 0.3243449958529079:-0.3861665185498815 | 0.31770727531196385 | 0.010025159598111344
-0.3861665185498815 | 0.31770727531196385 | 0.010025159598111344 | 0.1975217872735382 | 0.3243449958529079:-0.38975879967772187 | 0.32076663163064545 | 0.019616980925397876
-0.38975879967772187 | 0.32076663163064545 | 0.019616980925397876 | 0.1975217872735382 | 0.3243449958529079:-0.3931518935210363 | 0.3236973210189156 | 0.02938650305371393
-0.3931518935210363 | 0.3236973210189156 | 0.02938650305371393 | 0.22557998341591357 | -0.30805743069382463:-0.39739420130346126 | 0.32645057523300736 | 0.02723526009620869
-0.39739420130346126 | 0.32645057523300736 | 0.02723526009620869 | 0.22557998341591357 | -0.30805743069382463:-0.4015695912519899 | 0.3291937764996238 | 0.025024509411977647
-0.4015695912519899 | 0.3291937764996238 | 0.025024509411977647 | 0.22557998341591357 | -0.30805743069382463:-0.40567709831070253 | 0.33192822613369444 | 0.02275557348258328
-0.40567709831070253 | 0.33192822613369444 | 0.02275557348258328 | 0.22557998341591357 | -0.30805743069382463:-0.40971578480670345 | 0.3346551997137581 | 0.020429807936797495
-0.40971578480670345 | 0.3346551997137581 | 0.020429807936797495 | 0.22557998341591357 | -0.30805743069382463:-0.4136847409422053 | 0.3373759467748201 | 0.01804860057172597
-0.4136847409422053 | 0.3373759467748201 | 0.01804860057172597 | 0.22557998341591357 | -0.30805743069382463:-0.41758308526758725 | 0.3400916905145248 | 0.01561337036660948
-0.41758308526758725 | 0.3400916905145248 | 0.01561337036660948 | 0.22557998341591357 | -0.30805743069382463:-0.4214099651353891 | 0.3428036275126711 | 0.013125566489795126
-0.4214099651353891 | 0.3428036275126711 | 0.013125566489795126 | 0.22557998341591357 | -0.30805743069382463:-0.42516455713522205 | 0.34551292746407114 | 0.010586667299377517
-0.42516455713522205 | 0.34551292746407114 | 0.010586667299377517 | 0.22557998341591357 | -0.30805743069382463:-0.4288460675096424 | 0.3482207329247693 | 0.00799817933798419
-0.4288460675096424 | 0.3482207329247693 | 0.00799817933798419 | 0.22557998341591357 | -0.30805743069382463:-0.43245373255092545 | 0.350928159071632 | 0.005361636322206209
-0.43245373255092545 | 0.350928159071632 | 0.005361636322206209 | 0.22557998341591357 | -0.30805743069382463:-0.4359868189788294 | 0.35363629347529013 | 0.0026785981271419956
-0.4359868189788294 | 0.35363629347529013 | 0.0026785981271419956 | 0.22557998341591357 | -0.30805743069382463:-0.4394446242993233 | 0.3563461958864398 | -4.935023345176148E-5
-0.4394446242993233 | 0.3563461958864398 | -4.935023345176148E-5 | 0.22557998341591357 | -0.30805743069382463:-0.4428264771443047 | 0.35905889803547275 | -0.002820599630938503
-0.4428264771443047 | 0.35905889803547275 | -0.002820599630938503 | 0.22557998341591357 | -0.30805743069382463:-0.44613173759237057 | 0.36177540344545456 | -0.005633517849020997
-0.44613173759237057 | 0.36177540344545456 | -0.005633517849020997 | 0.22557998341591357 | -0.30805743069382463:-0.4493597974706738 | 0.3644966872583666 | -0.008486450613945706
-0.4493597974706738 | 0.3644966872583666 | -0.008486450613945706 | -0.8191117987989986 | 0.5245031659310757:-0.45309415812840115 | 0.366492756614619 | -0.01169665887161031
-0.45309415812840115 | 0.366492756614619 | -0.01169665887161031 | -0.8191117987989986 | 0.5245031659310757:-0.45688462777776095 | 0.36832359450734486 | -0.014908227640418659
-0.45688462777776095 | 0.36832359450734486 | -0.014908227640418659 | -0.8191117987989986 | 0.5245031659310757:-0.4607318641711977 | 0.36998876503967537 | -0.018112129955841105
-0.4607318641711977 | 0.36998876503967537 | -0.018112129955841105 | -0.8191117987989986 | 0.5245031659310757:-0.4646362583206276 | 0.3714882399676789 | -0.0212992809964625
-0.4646362583206276 | 0.3714882399676789 | -0.0212992809964625 | -0.8191117987989986 | 0.5245031659310757:-0.4685979329891232 | 0.3728224016747106 | -0.024460564499561244
-0.4685979329891232 | 0.3728224016747106 | -0.024460564499561244 | 0.20257894184882685 | -0.8934381775571059:-0.4703304109033972 | 0.3755451421256417 | -0.041866694030153084
-0.4703304109033972 | 0.3755451421256417 | -0.041866694030153084 | 0.20257894184882685 | -0.8934381775571059:-0.4712396291282488 | 0.37842176603583155 | -0.05941442592190871
-0.4712396291282488 | 0.37842176603583155 | -0.05941442592190871 | 0.20257894184882685 | -0.8934381775571059:-0.47131578050014866 | 0.381455027144888 | -0.07706228728842657
-0.47131578050014866 | 0.381455027144888 | -0.07706228728842657 | 0.20257894184882685 | -0.8934381775571059:-0.47055110226419217 | 0.3846472155287941 | -0.09476820935583774
-0.47055110226419217 | 0.3846472155287941 | -0.09476820935583774 | 0.20257894184882685 | -0.8934381775571059:-0.468939906094171 | 0.38800015028442303 | -0.11248963444844051
-0.468939906094171 | 0.38800015028442303 | -0.11248963444844051 | -0.6471166506108104 | -0.12997158153488053:-0.4709996826404321 | 0.38652300772234227 | -0.1288155945100078
-0.4709996826404321 | 0.38652300772234227 | -0.1288155945100078 | -0.6471166506108104 | -0.12997158153488053:-0.4729192475546391 | 0.38446837225895436 | -0.1451842411957811
-0.4729192475546391 | 0.38446837225895436 | -0.1451842411957811 | -0.6471166506108104 | -0.12997158153488053:-0.47469825065441285 | 0.3818329388756112 | -0.16157322572877764
-0.47469825065441285 | 0.3818329388756112 | -0.16157322572877764 | -0.6471166506108104 | -0.12997158153488053:-0.47633650763038204 | 0.37861423820896434 | -0.17796005853967234
-0.47633650763038204 | 0.37861423820896434 | -0.17796005853967234 | -0.6471166506108104 | -0.12997158153488053:-0.47783400083925187 | 0.3748106409031884 | -0.19432214159738415
-0.47783400083925187 | 0.3748106409031884 | -0.19432214159738415 | -0.11766427909209987 | 0.6226947613695444:-0.4864691930035434 | 0.3757844843814304 | -0.1825855724928367
-0.4864691930035434 | 0.3757844843814304 | -0.1825855724928367 | -0.11766427909209987 | 0.6226947613695444:-0.4947384021302099 | 0.37680007782924463 | -0.17050862059541672
-0.4947384021302099 | 0.37680007782924463 | -0.17050862059541672 | -0.11766427909209987 | 0.6226947613695444:-0.5026286133856388 | 0.37786018086409 | -0.1581037056609027
-0.5026286133856388 | 0.37786018086409 | -0.1581037056609027 | -0.11766427909209987 | 0.6226947613695444:-0.5101272516057875 | 0.3789674688414699 | -0.1453837408418961
-0.5101272516057875 | 0.3789674688414699 | -0.1453837408418961 | -0.11766427909209987 | 0.6226947613695444:-0.5172221983517531 | 0.3801245296095104 | -0.13236211594651692
-0.5172221983517531 | 0.3801245296095104 | -0.13236211594651692 | 0.5469038826926145 | 0.7421342603535346:-0.5241306814644702 | 0.3856184648609826 | -0.10318714458097045
-0.5241306814644702 | 0.3856184648609826 | -0.10318714458097045 | 0.5469038826926145 | 0.7421342603535346:-0.52993540839865 | 0.39030634322566016 | -0.07347553941241625
-0.52993540839865 | 0.39030634322566016 | -0.07347553941241625 | 0.5469038826926145 | 0.7421342603535346:-0.5346122662318322 | 0.3941694951320365 | -0.0432932159301469
-0.5346122662318322 | 0.3941694951320365 | -0.0432932159301469 | 0.5469038826926145 | 0.7421342603535346:-0.5381397753386601 | 0.3971911690807026 | -0.012707726944172215
-0.5381397753386601 | 0.3971911690807026 | -0.012707726944172215 | 0.5469038826926145 | 0.7421342603535346:-0.5404991557164252 | 0.3993565827585215 | 0.018211901172056066
-0.5404991557164252 | 0.3993565827585215 | 0.018211901172056066 | 0.7328241350254683 | 0.8648800302351598:-0.5412000796375409 | 0.40036360304770824 | 0.0564384733713732
-0.5412000796375409 | 0.40036360304770824 | 0.0564384733713732 | 0.7328241350254683 | 0.8648800302351598:-0.540203868447108 | 0.39993895060610996 | 0.09485039522777328
-0.540203868447108 | 0.39993895060610996 | 0.09485039522777328 | 0.7328241350254683 | 0.8648800302351598:-0.537499211441407 | 0.398070611074278 | 0.13331655324492786
-0.537499211441407 | 0.398070611074278 | 0.13331655324492786 | 0.7328241350254683 | 0.8648800302351598:-0.533080795716856 | 0.394751630365505 | 0.17170464384701933
-0.533080795716856 | 0.394751630365505 | 0.17170464384701933 | 0.7328241350254683 | 0.8648800302351598:-0.526949360434287 | 0.38998016932288593 | 0.2098816472790297
-0.526949360434287 | 0.38998016932288593 | 0.2098816472790297 | -0.39547528992243075 | 0.3212868626028753:-0.5260053007208043 | 0.3958379782957131 | 0.2115217899940678
-0.5260053007208043 | 0.3958379782957131 | 0.2115217899940678 | -0.39547528992243075 | 0.3212868626028753:-0.5249982723494782 | 0.4017275472869457 | 0.21302337065529908
-0.5249982723494782 | 0.4017275472869457 | 0.21302337065529908 | -0.39547528992243075 | 0.3212868626028753:-0.5239310222815732 | 0.407645987399583 | 0.21438424434240844
-0.5239310222815732 | 0.407645987399583 | 0.21438424434240844 | -0.39547528992243075 | 0.3212868626028753:-0.5228063342645655 | 0.41359035857283644 | 0.21560238455571845
-0.5228063342645655 | 0.41359035857283644 | 0.21560238455571845 | -0.39547528992243075 | 0.3212868626028753:-0.5216270266075966 | 0.4195576723512566 | 0.21667588484982048
-0.5216270266075966 | 0.4195576723512566 | 0.21667588484982048 | -0.7162653808301491 | 0.1817886547696015:-0.5219633216405484 | 0.42884572465983695 | 0.20711611661042628
-0.5219633216405484 | 0.42884572465983695 | 0.20711611661042628 | -0.7162653808301491 | 0.1817886547696015:-0.5223602441878512 | 0.4377971935342764 | 0.19718004293556746
-0.5223602441878512 | 0.4377971935342764 | 0.19718004293556746 | -0.7162653808301491 | 0.1817886547696015:-0.5228218771263116 | 0.446396806257809 | 0.18688041578426784
-0.5228218771263116 | 0.446396806257809 | 0.18688041578426784 | -0.7162653808301491 | 0.1817886547696015:-0.5233521748753063 | 0.4546297741312202 | 0.17623064189430515
-0.5233521748753063 | 0.4546297741312202 | 0.17623064189430515 | -0.7162653808301491 | 0.1817886547696015:-0.5239549569774624 | 0.46248181823938594 | 0.16524476229632867
-0.5239549569774624 | 0.46248181823938594 | 0.16524476229632867 | -0.9749009673487468 | 0.47269309315846497:-0.5224833397563557 | 0.47182878369012116 | 0.1554640427569849
-0.5224833397563557 | 0.47182878369012116 | 0.1554640427569849 | -0.9749009673487468 | 0.47269309315846497:-0.5212206728694397 | 0.4806967774077222 | 0.14515945326276203
-0.5212206728694397 | 0.4806967774077222 | 0.14515945326276203 | -0.9749009673487468 | 0.47269309315846497:-0.5201801866901477 | 0.4890584235040265 | 0.1343593891664714
-0.5201801866901477 | 0.4890584235040265 | 0.1343593891664714 | -0.9749009673487468 | 0.47269309315846497:-0.5193744032276371 | 0.49688775821889664 | 0.1230940088876924
-0.5193744032276371 | 0.49688775821889664 | 0.1230940088876924 | -0.9749009673487468 | 0.47269309315846497:-0.518815092655629 | 0.5041603218403878 | 0.11139514410735174
-0.518815092655629 | 0.5041603218403878 | 0.11139514410735174 | -0.9749009673487468 | 0.47269309315846497:-0.5185132321651409 | 0.5108532459723918 | 0.09929620415145557
-0.5185132321651409 | 0.5108532459723918 | 0.09929620415145557 | -0.9749009673487468 | 0.47269309315846497:-0.518478967281375 | 0.5169453358528457 | 0.08683207486917333
-0.518478967281375 | 0.5169453358528457 | 0.08683207486917333 | -0.9749009673487468 | 0.47269309315846497:-0.5187215757770787 | 0.5224171474419137 | 0.07403901232877885
-0.5187215757770787 | 0.5224171474419137 | 0.07403901232877885 | -0.9749009673487468 | 0.47269309315846497:-0.5192494343061114 | 0.5272510590164003 | 0.06095453167209364
-0.5192494343061114 | 0.5272510590164003 | 0.06095453167209364 | -0.9749009673487468 | 0.47269309315846497:-0.5200699878721196 | 0.5314313370248627 | 0.04761729148431648
-0.5200699878721196 | 0.5314313370248627 | 0.04761729148431648 | 0.18701840977478046 | 0.21240898494730098:-0.5212594460841018 | 0.5327793705082371 | 0.05830360473549945
-0.5212594460841018 | 0.5327793705082371 | 0.05830360473549945 | 0.18701840977478046 | 0.21240898494730098:-0.522315076711223 | 0.5340073355254731 | 0.06904757858215937
-0.522315076711223 | 0.5340073355254731 | 0.06904757858215937 | 0.18701840977478046 | 0.21240898494730098:-0.5232361392450429 | 0.5351145898047633 | 0.07984592737268414
-0.5232361392450429 | 0.5351145898047633 | 0.07984592737268414 | 0.18701840977478046 | 0.21240898494730098:-0.5240219374080297 | 0.536100529726653 | 0.09069535679158491
-0.5240219374080297 | 0.536100529726653 | 0.09069535679158491 | 0.18701840977478046 | 0.21240898494730098:-0.5246718190944009 | 0.5369645902788633 | 0.10159256481247425
-0.5246718190944009 | 0.5369645902788633 | 0.10159256481247425 | 0.18701840977478046 | 0.21240898494730098:-0.5251851763009512 | 0.5377062450023402 | 0.11253424264598344
-0.5251851763009512 | 0.5377062450023402 | 0.11253424264598344 | 0.18701840977478046 | 0.21240898494730098:-0.5255614450481119 | 0.5383250059286055 | 0.12351707568252479
-0.5255614450481119 | 0.5383250059286055 | 0.12351707568252479 | 0.18701840977478046 | 0.21240898494730098:-0.5258001052912817 | 0.5388204235084828 | 0.13453774442968047
-0.5258001052912817 | 0.5388204235084828 | 0.13453774442968047 | 0.18701840977478046 | 0.21240898494730098:-0.5259006808225024 | 0.5391920865323385 | 0.14559292544416103
-0.5259006808225024 | 0.5391920865323385 | 0.14559292544416103 | 0.18701840977478046 | 0.21240898494730098:-0.5258627391626405 | 0.5394396220418045 | 0.15667929225813104
-0.5258627391626405 | 0.5394396220418045 | 0.15667929225813104 | 0.18701840977478046 | 0.21240898494730098:-0.5256858914440556 | 0.5395626952332151 | 0.16779351629979544
-0.5256858914440556 | 0.5395626952332151 | 0.16779351629979544 | 0.18701840977478046 | 0.21240898494730098:-0.5253697922840317 | 0.5395610093527168 | 0.1789322678081131
-0.5253697922840317 | 0.5395610093527168 | 0.1789322678081131 | 0.18701840977478046 | 0.21240898494730098:-0.5249141396488781 | 0.5394343055831925 | 0.19009221674149046
-0.5249141396488781 | 0.5394343055831925 | 0.19009221674149046 | 0.18701840977478046 | 0.21240898494730098:-0.5243186747089226 | 0.5391823629231212 | 0.20127003368034835
-0.5243186747089226 | 0.5391823629231212 | 0.20127003368034835 | 0.18701840977478046 | 0.21240898494730098:-0.5235831816844438 | 0.5388049980573868 | 0.2124623907234131
-0.5235831816844438 | 0.5388049980573868 | 0.2124623907234131 | -0.5405504979133338 | 0.6328092791028626:-0.5185148268144246 | 0.5458783765115598 | 0.2148903586874269
-0.5185148268144246 | 0.5458783765115598 | 0.2148903586874269 | -0.5405504979133338 | 0.6328092791028626:-0.5133454916374305 | 0.553015046056025 | 0.21696289525173285
-0.5133454916374305 | 0.553015046056025 | 0.21696289525173285 | -0.5405504979133338 | 0.6328092791028626:-0.5080869256975404 | 0.5602053238582698 | 0.21867439130435073
-0.5080869256975404 | 0.5602053238582698 | 0.21867439130435073 | -0.5405504979133338 | 0.6328092791028626:-0.5027510691697827 | 0.5674393525109522 | 0.2200199009581194
-0.5027510691697827 | 0.5674393525109522 | 0.2200199009581194 | -0.5405504979133338 | 0.6328092791028626:-0.4973500305450571 | 0.5747071189660318 | 0.2209951530176575
-0.4973500305450571 | 0.5747071189660318 | 0.2209951530176575 | 0.2562729436063298 | -0.5573273263416039:-0.5048454751956157 | 0.5733345261120562 | 0.21495944846978254
-0.5048454751956157 | 0.5733345261120562 | 0.21495944846978254 | 0.2562729436063298 | -0.5573273263416039:-0.5121716980980011 | 0.5720170343268052 | 0.20867676193897644
-0.5121716980980011 | 0.5720170343268052 | 0.20867676193897644 | 0.2562729436063298 | -0.5573273263416039:-0.519321226121015 | 0.5707583258302122 | 0.20215252735103917
-0.519321226121015 | 0.5707583258302122 | 0.20215252735103917 | 0.2562729436063298 | -0.5573273263416039:-0.5262867461207392 | 0.5695620089562325 | 0.19539245784648607
-0.5262867461207392 | 0.5695620089562325 | 0.19539245784648607 | 0.2562729436063298 | -0.5573273263416039:-0.5330611133119589 | 0.5684316142864674 | 0.18840253979806754
-0.5330611133119589 | 0.5684316142864674 | 0.18840253979806754 | 0.2562729436063298 | -0.5573273263416039:-0.539637359448804 | 0.5673705908693734 | 0.1811890265304985
-0.539637359448804 | 0.5673705908693734 | 0.1811890265304985 | 0.2562729436063298 | -0.5573273263416039:-0.5460087008060697 | 0.5663823025290426 | 0.17375843174975714
-0.5460087008060697 | 0.5663823025290426 | 0.17375843174975714 | 0.2562729436063298 | -0.5573273263416039:-0.5521685459530232 | 0.565470024267384 | 0.16611752268965851
-0.5521685459530232 | 0.565470024267384 | 0.16611752268965851 | 0.2562729436063298 | -0.5573273263416039:-0.5581105033116671 | 0.5646369387634493 | 0.15827331298363134
-0.5581105033116671 | 0.5646369387634493 | 0.15827331298363134 | 0.2562729436063298 | -0.5573273263416039:-0.5638283884917428 | 0.5638861329734937 | 0.15023305526990427
-0.5638283884917428 | 0.5638861329734937 | 0.15023305526990427 | 0.6460416821854265 | -0.5369752256881817:-0.5694652736433596 | 0.5600383317782942 | 0.15352518090708323
-0.5694652736433596 | 0.5600383317782942 | 0.15352518090708323 | 0.6460416821854265 | -0.5369752256881817:-0.5751820196187154 | 0.5560611796272639 | 0.15654139317763693
-0.5751820196187154 | 0.5560611796272639 | 0.15654139317763693 | 0.6460416821854265 | -0.5369752256881817:-0.5809711604597396 | 0.5519638370610238 | 0.15927487016035435
-0.5809711604597396 | 0.5519638370610238 | 0.15927487016035435 | 0.6460416821854265 | -0.5369752256881817:-0.5868250373490653 | 0.5477557020797548 | 0.1617193039687752
-0.5868250373490653 | 0.5477557020797548 | 0.1617193039687752 | 0.6460416821854265 | -0.5369752256881817:-0.5927358132230296 | 0.5434463928086757 | 0.16386891425677597
-0.5927358132230296 | 0.5434463928086757 | 0.16386891425677597 | 0.6460416821854265 | -0.5369752256881817:-0.5986954877501489 | 0.5390457297070697 | 0.16571846071418683
-0.5986954877501489 | 0.5390457297070697 | 0.16571846071418683 | 0.6460416821854265 | -0.5369752256881817:-0.6046959126460081 | 0.5345637173556312 | 0.16726325452779456
-0.6046959126460081 | 0.5345637173556312 | 0.16726325452779456 | 0.6460416821854265 | -0.5369752256881817:-0.6107288072948478 | 0.5300105258574135 | 0.1684991687850026
-0.6107288072948478 | 0.5300105258574135 | 0.1684991687850026 | 0.6460416821854265 | -0.5369752256881817:-0.6167857746474823 | 0.5253964718886834 | 0.1694226477995464
-0.6167857746474823 | 0.5253964718886834 | 0.1694226477995464 | 0.6460416821854265 | -0.5369752256881817:-0.6228583173646456 | 0.520731999436407 | 0.1700307153407632
-0.6228583173646456 | 0.520731999436407 | 0.1700307153407632 | 0.6460416821854265 | -0.5369752256881817:-0.6289378541746231 | 0.5160276602597094 | 0.17032098175003796
-0.6289378541746231 | 0.5160276602597094 | 0.17032098175003796 | 0.6460416821854265 | -0.5369752256881817:-0.6350157364133366 | 0.5112940941134241 | 0.17029164993024537
-0.6350157364133366 | 0.5112940941134241 | 0.17029164993024537 | 0.6460416821854265 | -0.5369752256881817:-0.6410832647149078 | 0.5065420087717882 | 0.16994152019613828
-0.6410832647149078 | 0.5065420087717882 | 0.16994152019613828 | 0.6460416821854265 | -0.5369752256881817:-0.6471317058203852 | 0.5017821598912278 | 0.169269993975945
-0.6471317058203852 | 0.5017821598912278 | 0.169269993975945 | 0.6460416821854265 | -0.5369752256881817:-0.6531523094721905 | 0.4970253307510788 | 0.16827707635653155
-0.6531523094721905 | 0.4970253307510788 | 0.16827707635653155 | -0.9510692027788794 | 0.1590842559704917:-0.6532445635541393 | 0.5054390435474048 | 0.14994083130369873
-0.6532445635541393 | 0.5054390435474048 | 0.14994083130369873 | -0.9510692027788794 | 0.1590842559704917:-0.6534711077945872 | 0.5129743962457738 | 0.1311874478835584
-0.6534711077945872 | 0.5129743962457738 | 0.1311874478835584 | -0.9510692027788794 | 0.1590842559704917:-0.6538353759381579 | 0.5196106753024807 | 0.11206042324580778
-0.6538353759381579 | 0.5196106753024807 | 0.11206042324580778 | -0.9510692027788794 | 0.1590842559704917:-0.6543404414100564 | 0.5253292881745821 | 0.09260430570816425
-0.6543404414100564 | 0.5253292881745821 | 0.09260430570816425 | -0.9510692027788794 | 0.1590842559704917:-0.6549890091506683 | 0.5301138147834905 | 0.07286458738609625
-0.6549890091506683 | 0.5301138147834905 | 0.07286458738609625 | -0.17835426303590873 | 0.5176313887761275:-0.6541971337065178 | 0.5317102863471632 | 0.08521688646527181
-0.6541971337065178 | 0.5317102863471632 | 0.08521688646527181 | -0.17835426303590873 | 0.5176313887761275:-0.6530701889868595 | 0.5334085007281999 | 0.09755018937055127
-0.6530701889868595 | 0.5334085007281999 | 0.09755018937055127 | -0.17835426303590873 | 0.5176313887761275:-0.6516084447196704 | 0.5352085479886455 | 0.10985437630651518
-0.6516084447196704 | 0.5352085479886455 | 0.10985437630651518 | -0.17835426303590873 | 0.5176313887761275:-0.6498124502528952 | 0.5371104204525494 | 0.12211933165187361
-0.6498124502528952 | 0.5371104204525494 | 0.12211933165187361 | -0.17835426303590873 | 0.5176313887761275:-0.6476830342928253 | 0.5391140127711367 | 0.13433495264794715
-0.6476830342928253 | 0.5391140127711367 | 0.13433495264794715 | 0.699964616543947 | -0.9050670020764422:-0.6550705930669807 | 0.535001279401726 | 0.12387283108276748
-0.6550705930669807 | 0.535001279401726 | 0.12387283108276748 | 0.699964616543947 | -0.9050670020764422:-0.6619696566000925 | 0.5312400472529646 | 0.11292882088059741
-0.6619696566000925 | 0.5312400472529646 | 0.11292882088059741 | 0.699964616543947 | -0.9050670020764422:-0.668358542318515 | 0.5278478730851504 | 0.10153781218847868
-0.668358542318515 | 0.5278478730851504 | 0.10153781218847868 | 0.699964616543947 | -0.9050670020764422:-0.6742171942677828 | 0.5248410822232898 | 0.08973631012706207
-0.6742171942677828 | 0.5248410822232898 | 0.08973631012706207 | 0.699964616543947 | -0.9050670020764422:-0.6795272559869119 | 0.5222347101164218 | 0.07756231465886998
-0.6795272559869119 | 0.5222347101164218 | 0.07756231465886998 | 0.3733097509029346 | 0.5910625398708362:-0.6777477679076327 | 0.5215400399242753 | 0.10751109068363007
-0.6777477679076327 | 0.5215400399242753 | 0.10751109068363007 | 0.3733097509029346 | 0.5910625398708362:-0.6750676523391661 | 0.5202747149481866 | 0.13742185849721977
-0.6750676523391661 | 0.5202747149481866 | 0.13742185849721977 | 0.3733097509029346 | 0.5910625398708362:-0.6714875835502454 | 0.5184388172709475 | 0.16725618161272493
-0.6714875835502454 | 0.5184388172709475 | 0.16725618161272493 | 0.3733097509029346 | 0.5910625398708362:-0.6670094186134463 | 0.5160331759383325 | 0.19697563395273932
