0.0 | 0.0 | 0.0 | -0.02054857825365919 | 0.4598605221470562:2.299098803684335E-4 | 1.0274287319256281E-5 | 0.009997351443553893
2.299098803684335E-4 | 1.0274287319256281E-5 | 0.009997351443553893 | -0.02054857825365919 | 0.4598605221470562:9.147987284610186E-4 | 4.088623754516796E-5 | 0.019878920282600503
9.147987284610186E-4 | 4.088623754516796E-5 | 0.019878920282600503 | -0.02054857825365919 | 0.4598605221470562:0.002047118252497047 | 9.15065270420401E-5 | 0.029630226702065623
0.002047118252497047 | 9.15065270420401E-5 | 0.029630226702065623 | -0.02054857825365919 | 0.4598605221470562:0.0036189464581221267 | 1.6178896073770765E-4 | 0.03923711863510787
0.0036189464581221267 | 1.6178896073770765E-4 | 0.03923711863510787 | -0.02054857825365919 | 0.4598605221470562:0.005621999136985496 | 2.5137098142358205E-4 | 0.04868577972198786
0.005621999136985496 | 2.5137098142358205E-4 | 0.04868577972198786 | -0.02054857825365919 | 0.4598605221470562:0.008047641482872042 | 3.598741849329956E-4 | 0.05796273692005455
0.008047641482872042 | 3.598741849329956E-4 | 0.05796273692005455 | -0.02054857825365919 | 0.4598605221470562:0.01088689982600248 | 4.869048407785126E-4 | 0.06705486776404024
0.01088689982600248 | 4.869048407785126E-4 | 0.06705486776404024 | -0.02054857825365919 | 0.4598605221470562:0.014130473476159033 | 6.320544178313181E-4 | 0.07594940727608024
0.014130473476159033 | 6.320544178313181E-4 | 0.07594940727608024 | -0.02054857825365919 | 0.4598605221470562:0.01776874666534274 | 7.949001146275725E-4 | 0.08463395452509859
0.01776874666534274 | 7.949001146275725E-4 | 0.08463395452509859 | -0.02054857825365919 | 0.4598605221470562:0.021791800580721943 | 9.750053938891723E-4 | 0.0930964788354201
0.021791800580721943 | 9.750053938891723E-4 | 0.0930964788354201 | -0.02054857825365919 | 0.4598605221470562:0.02618942547868912 | 0.0011719205208476913 | 0.1013253256446881
0.02618942547868912 | 0.0011719205208476913 | 0.1013253256446881 | -0.02054857825365919 | 0.4598605221470562:0.030951132870906603 | 0.0013851831049648267 | 0.10930922201138205
0.030951132870906603 | 0.0013851831049648267 | 0.10930922201138205 | -0.02054857825365919 | 0.4598605221470562:0.036066167773287555 | 0.0016143186446445634 | 0.11703728177244199
0.036066167773287555 | 0.0016143186446445634 | 0.11703728177244199 | -0.02054857825365919 | 0.4598605221470562:0.04152352100893081 | 0.0018588410745343786 | 0.12449901035171573
0.04152352100893081 | 0.0018588410745343786 | 0.12449901035171573 | -0.02054857825365919 | 0.4598605221470562:0.04731194155610313 | 0.002118253315017915 | 0.1316843092201524
0.04731194155610313 | 0.002118253315017915 | 0.1316843092201524 | -0.02054857825365919 | 0.4598605221470562:0.05341994893244195 | 0.0023920478235042175 | 0.1385834800088659
0.05341994893244195 | 0.0023920478235042175 | 0.1385834800088659 | -0.02054857825365919 | 0.4598605221470562:0.05983584560663635 | 0.002679707147121624 | 0.14518722827639863
0.05983584560663635 | 0.002679707147121624 | 0.14518722827639863 | -0.02054857825365919 | 0.4598605221470562:0.06654772942892984 | 0.0029807044764295076 | 0.15148666693170298
0.06654772942892984 | 0.0029807044764295076 | 0.15148666693170298 | -0.02054857825365919 | 0.4598605221470562:0.07354350607188193 | 0.003294504199762849 | 0.15747331931456388
0.07354350607188193 | 0.003294504199762849 | 0.15747331931456388 | -0.02054857825365919 | 0.4598605221470562:0.0808109014729197 | 0.003620562457833154 | 0.16313912193536484
0.0808109014729197 | 0.003620562457833154 | 0.16313912193536484 | -0.02054857825365919 | 0.4598605221470562:0.08833747427030847 | 0.003958327698206809 | 0.16847642687629327
0.08833747427030847 | 0.003958327698206809 | 0.16847642687629327 | -0.02054857825365919 | 0.4598605221470562:0.09611062822427663 | 0.004307241229293712 | 0.17347800385626444
0.09611062822427663 | 0.004307241229293712 | 0.17347800385626444 | -0.02054857825365919 | 0.4598605221470562:0.10411762461513019 | 0.004666737773478924 | 0.17813704196201874
0.10411762461513019 | 0.004666737773478924 | 0.17813704196201874 | -0.02054857825365919 | 0.4598605221470562:0.11234559461030735 | 0.005036246019034851 | 0.1824471510480299
0.11234559461030735 | 0.005036246019034851 | 0.1824471510480299 | -0.02054857825365919 | 0.4598605221470562:0.12078155159243176 | 0.005415189170460466 | 0.18640236280802913
0.12078155159243176 | 0.005415189170460466 | 0.18640236280802913 | -0.02054857825365919 | 0.4598605221470562:0.1294124034405424 | 0.005802985496894286 | 0.18999713152112152
0.1294124034405424 | 0.005802985496894286 | 0.18999713152112152 | -0.02054857825365919 | 0.4598605221470562:0.1382249647567917 | 0.006199048878256286 | 0.19322633447563797
0.1382249647567917 | 0.006199048878256286 | 0.19322633447563797 | -0.02054857825365919 | 0.4598605221470562:0.14720596903103234 | 0.006602789348777671 | 0.1960852720740256
0.14720596903103234 | 0.006602789348777671 | 0.1960852720740256 | -0.02054857825365919 | 0.4598605221470562:0.15634208073583045 | 0.007013613637583682 | 0.1985696676222357
0.15634208073583045 | 0.007013613637583682 | 0.1985696676222357 | -0.02054857825365919 | 0.4598605221470562:0.16561990734457477 | 0.007430925706000124 | 0.20067566680723203
0.16561990734457477 | 0.007430925706000124 | 0.20067566680723203 | -0.02054857825365919 | 0.4598605221470562:0.17502601126548112 | 0.007854127281259782 | 0.20239983686637597
0.17502601126548112 | 0.007854127281259782 | 0.20239983686637597 | -0.02054857825365919 | 0.4598605221470562:0.18454692168442222 | 0.008282618386290075 | 0.2037391654526104
0.18454692168442222 | 0.008282618386290075 | 0.2037391654526104 | -0.02054857825365919 | 0.4598605221470562:0.1941691463096471 | 0.008715797865272323 | 0.2046910591994875
0.1941691463096471 | 0.008715797865272323 | 0.2046910591994875 | -0.02054857825365919 | 0.4598605221470562:0.20387918301159624 | 0.009153063904663306 | 0.20525334199025025
0.20387918301159624 | 0.009153063904663306 | 0.20525334199025025 | -0.02054857825365919 | 0.4598605221470562:0.213663531351155 | 0.009593814549383017 | 0.20542425293527256
0.213663531351155 | 0.009593814549383017 | 0.20542425293527256 | -0.12188608166167625 | -0.9457825859001325:0.20854924338705993 | 0.011102812239767279 | 0.2203380920723177
0.20854924338705993 | 0.011102812239767279 | 0.2203380920723177 | -0.12188608166167625 | -0.9457825859001325:0.20244359584526972 | 0.012730896581118811 | 0.23515183401587514
0.20244359584526972 | 0.012730896581118811 | 0.23515183401587514 | -0.12188608166167625 | -0.9457825859001325:0.195347867406527 | 0.014478184946182693 | 0.24980227783069875
0.195347867406527 | 0.014478184946182693 | 0.24980227783069875 | -0.12188608166167625 | -0.9457825859001325:0.1872671101302732 | 0.01634430734848591 | 0.2642263096364603
0.1872671101302732 | 0.01634430734848591 | 0.2642263096364603 | -0.12188608166167625 | -0.9457825859001325:0.178210134290691 | 0.018328407737244534 | 0.2783611218010904
0.178210134290691 | 0.018328407737244534 | 0.2783611218010904 | 0.21810926861451185 | 0.7138734911882392:0.1918368040011722 | 0.0156007498984988 | 0.2775043730739464
0.1918368040011722 | 0.0156007498984988 | 0.2775043730739464 | 0.21810926861451185 | 0.7138734911882392:0.20557707537705916 | 0.012820142460926887 | 0.275942534601505
0.20557707537705916 | 0.012820142460926887 | 0.275942534601505 | 0.21810926861451185 | 0.7138734911882392:0.21939733404131 | 0.009996953764977223 | 0.27366738232560817
0.21939733404131 | 0.009996953764977223 | 0.27366738232560817 | 0.21810926861451185 | 0.7138734911882392:0.23326364323268134 | 0.0071416583939973854 | 0.27067237839434544
0.23326364323268134 | 0.0071416583939973854 | 0.27067237839434544 | 0.21810926861451185 | 0.7138734911882392:0.24714181780490385 | 0.004264814634576286 | 0.2669526808234046
0.24714181780490385 | 0.004264814634576286 | 0.2669526808234046 | -0.8217837519687932 | -0.9174518146986534:0.23876204999727424 | 0.015493264908421733 | 0.2824591762346156
0.23876204999727424 | 0.015493264908421733 | 0.2824591762346156 | -0.8217837519687932 | -0.9174518146986534:0.22943677280642127 | 0.027543733734966103 | 0.2972090818059554
0.22943677280642127 | 0.027543733734966103 | 0.2972090818059554 | -0.8217837519687932 | -0.9174518146986534:0.21920113922107642 | 0.04038713180383735 | 0.3111054103817805
0.21920113922107642 | 0.04038713180383735 | 0.3111054103817805 | -0.8217837519687932 | -0.9174518146986534:0.20809564951117654 | 0.05398951376615535 | 0.32405421528866896
0.20809564951117654 | 0.05398951376615535 | 0.32405421528866896 | -0.8217837519687932 | -0.9174518146986534:0.19616598217113612 | 0.06831221901910023 | 0.335965110048166
0.19616598217113612 | 0.06831221901910023 | 0.335965110048166 | 0.38409847483382076 | -0.2176710934008117:0.19543259138597957 | 0.06279514759795335 | 0.34452743927281304
0.19543259138597957 | 0.06279514759795335 | 0.34452743927281304 | 0.38409847483382076 | -0.2176710934008117:0.1945213863658699 | 0.05700620605393292 | 0.35297030536953145
0.1945213863658699 | 0.05700620605393292 | 0.35297030536953145 | 0.38409847483382076 | -0.2176710934008117:0.19343465746763577 | 0.05094890870205798 | 0.36128363022007726
0.19343465746763577 | 0.05094890870205798 | 0.36128363022007726 | 0.38409847483382076 | -0.2176710934008117:0.1921748261081957 | 0.04462700694390531 | 0.3694574929869425
0.1921748261081957 | 0.04462700694390531 | 0.3694574929869425 | 0.38409847483382076 | -0.2176710934008117:0.19074444209033814 | 0.03804448456685988 | 0.37748213649502027
0.19074444209033814 | 0.03804448456685988 | 0.37748213649502027 | 0.38409847483382076 | -0.2176710934008117:0.1891461808648982 | 0.031205552929963187 | 0.3853479734469438
0.1891461808648982 | 0.031205552929963187 | 0.3853479734469438 | 0.38409847483382076 | -0.2176710934008117:0.1873828407316056 | 0.024114646040352183 | 0.3930455924699725
0.1873828407316056 | 0.024114646040352183 | 0.3930455924699725 | 0.38409847483382076 | -0.2176710934008117:0.1854573399808963 | 0.01677641552430248 | 0.40056576399235944
0.1854573399808963 | 0.01677641552430248 | 0.40056576399235944 | 0.38409847483382076 | -0.2176710934008117:0.1833727139789838 | 0.009195725496906476 | 0.4078994459472849
0.1833727139789838 | 0.009195725496906476 | 0.4078994459472849 | 0.38409847483382076 | -0.2176710934008117:0.1811321121984939 | 0.0013776473344329354 | 0.415037789302545
0.1811321121984939 | 0.0013776473344329354 | 0.415037789302545 | -0.283971269162157 | -0.9975398315406154:0.1621535234617273 | 0.007358095054997821 | 0.4286078194079277
0.1621535234617273 | 0.007358095054997821 | 0.4286078194079277 | -0.283971269162157 | -0.9975398315406154:0.14225207222874836 | 0.01360164503578254 | 0.4411649375816733
0.14225207222874836 | 0.01360164503578254 | 0.4411649375816733 | -0.283971269162157 | -0.9975398315406154:0.12148092353618445 | 0.020093682656861234 | 0.4526458204427808
0.12148092353618445 | 0.020093682656861234 | 0.4526458204427808 | -0.283971269162157 | -0.9975398315406154:0.09989704506754116 | 0.02681848773951037 | 0.46299032576310317
0.09989704506754116 | 0.02681848773951037 | 0.46299032576310317 | -0.283971269162157 | -0.9975398315406154:0.07756102304386836 | 0.033759285272101425 | 0.47214172932890364
0.07756102304386836 | 0.033759285272101425 | 0.47214172932890364 | 0.9310165780376114 | 0.5854768589018176:0.0923695141695724 | 0.01187954999553914 | 0.47583480751630525
0.0923695141695724 | 0.01187954999553914 | 0.47583480751630525 | 0.9310165780376114 | 0.5854768589018176:0.10738748744146065 | -0.010384999023878627 | 0.47798959006957453
0.10738748744146065 | -0.010384999023878627 | 0.47798959006957453 | 0.9310165780376114 | 0.5854768589018176:0.12256523758394167 | -0.03295598409184672 | 0.4785704219555367
0.12256523758394167 | -0.03295598409184672 | 0.4785704219555367 | 0.9310165780376114 | 0.5854768589018176:0.13785179261882163 | -0.05575288124913505 | 0.47754737583223417
0.13785179261882163 | -0.05575288124913505 | 0.47754737583223417 | 0.9310165780376114 | 0.5854768589018176:0.1531951058347225 | -0.07869332187296357 | 0.4748964102574398
0.1531951058347225 | -0.07869332187296357 | 0.4748964102574398 | 0.9310165780376114 | 0.5854768589018176:0.16854225249285015 | -0.10169340233126328 | 0.4705995055486696
0.16854225249285015 | -0.10169340233126328 | 0.4705995055486696 | 0.9310165780376114 | 0.5854768589018176:0.0 | 0.0 | 0.0
0.0 | 0.0 | 0.0 | 0.9310165780376114 | 0.5854768589018176:0.18383963052373176 | -0.12466800051645516 | 0.46464477677922034
0.18383963052373176 | -0.12466800051645516 | 0.46464477677922034 | 0.9310165780376114 | 0.5854768589018176:0.1990331644563934 | -0.14753109806238296 | 0.4570265634803583
0.1990331644563934 | -0.14753109806238296 | 0.4570265634803583 | 0.9310165780376114 | 0.5854768589018176:0.21406851181099285 | -0.17019610702943921 | 0.447745495706684
0.21406851181099285 | -0.17019610702943921 | 0.447745495706684 | 0.9310165780376114 | 0.5854768589018176:0.22889127117832686 | -0.19257619982877583 | 0.4368085362094476
0.22889127117832686 | -0.19257619982877583 | 0.4368085362094476 | 0.9310165780376114 | 0.5854768589018176:0.24344719120484015 | -0.21458464114681752 | 0.4242289985510048
0.24344719120484015 | -0.21458464114681752 | 0.4242289985510048 | 0.9310165780376114 | 0.5854768589018176:0.25768237969980134 | -0.23613512062610842 | 0.4100265410823667
0.25768237969980134 | -0.23613512062610842 | 0.4100265410823667 | 0.9310165780376114 | 0.5854768589018176:0.271543512082161 | -0.25714208505782854 | 0.3942271367944272
0.271543512082161 | -0.25714208505782854 | 0.3942271367944272 | 0.9310165780376114 | 0.5854768589018176:0.28497803838830116 | -0.27752106884508687 | 0.37686301914187226
0.28497803838830116 | -0.27752106884508687 | 0.37686301914187226 | 0.9310165780376114 | 0.5854768589018176:0.29793438806829187 | -0.29718902150430915 | 0.35797260402655695
0.29793438806829187 | -0.29718902150430915 | 0.35797260402655695 | 0.9310165780376114 | 0.5854768589018176:0.31036217180750825 | -0.31606463098463955 | 0.33760038821386473
0.31036217180750825 | -0.31606463098463955 | 0.33760038821386473 | 0.9310165780376114 | 0.5854768589018176:0.32221237962231974 | -0.3340686416021943 | 0.3157968245412448
0.32221237962231974 | -0.3340686416021943 | 0.3157968245412448 | 0.9310165780376114 | 0.5854768589018176:0.3334375744931215 | -0.3511241654072026 | 0.29261817436207593
0.3334375744931215 | -0.3511241654072026 | 0.29261817436207593 | 0.9310165780376114 | 0.5854768589018176:0.34399208081513777 | -0.367156985827374 | 0.2681263377503029
0.34399208081513777 | -0.367156985827374 | 0.2681263377503029 | 0.007074975780817949 | -0.7257862161987463:0.33656115759846017 | -0.37002105405212227 | 0.2824140809216189
0.33656115759846017 | -0.37002105405212227 | 0.2824140809216189 | 0.007074975780817949 | -0.7257862161987463:0.3285140731019869 | -0.37286322398272187 | 0.2964887897111481
0.3285140731019869 | -0.37286322398272187 | 0.2964887897111481 | 0.007074975780817949 | -0.7257862161987463:0.31985764944112205 | -0.3756837132459889 | 0.31032386357728114
0.31985764944112205 | -0.3756837132459889 | 0.31032386357728114 | 0.007074975780817949 | -0.7257862161987463:0.31059984113381844 | -0.37848272559032026 | 0.32389296648612387
0.31059984113381844 | -0.37848272559032026 | 0.32389296648612387 | 0.007074975780817949 | -0.7257862161987463:0.30074972294424285 | -0.38126045102379447 | 0.3371700740040282
0.30074972294424285 | -0.38126045102379447 | 0.3371700740040282 | -0.9857197656509582 | -0.17271228229348212:0.29972668072875663 | -0.366704918163399 | 0.3606042764659598
0.29972668072875663 | -0.366704918163399 | 0.3606042764659598 | -0.9857197656509582 | -0.17271228229348212:0.2984648803296359 | -0.3508635469312109 | 0.383395842247257
0.2984648803296359 | -0.3508635469312109 | 0.383395842247257 | -0.9857197656509582 | -0.17271228229348212:0.2969699520599516 | -0.3337657364819764 | 0.4054712690042237
0.2969699520599516 | -0.3337657364819764 | 0.4054712690042237 | -0.9857197656509582 | -0.17271228229348212:0.2952482297725183 | -0.31544494829545844 | 0.4267585529187521
0.2952482297725183 | -0.31544494829545844 | 0.4267585529187521 | -0.9857197656509582 | -0.17271228229348212:0.2933067359257393 | -0.29593862648502167 | 0.44718741800216577
0.2933067359257393 | -0.29593862648502167 | 0.44718741800216577 | -0.9857197656509582 | -0.17271228229348212:0.2911531644958387 | -0.2752881056983387 | 0.4666895407288365
0.2911531644958387 | -0.2752881056983387 | 0.4666895407288365 | -0.9857197656509582 | -0.17271228229348212:0.28879586178655003 | -0.25353850688491963 | 0.48519876931852934
0.28879586178655003 | -0.25353850688491963 | 0.48519876931852934 | -0.9857197656509582 | -0.17271228229348212:0.2862438051934859 | -0.23073862124080602 | 0.5026513370034209
0.2862438051934859 | -0.23073862124080602 | 0.5026513370034209 | -0.9857197656509582 | -0.17271228229348212:0.2835065799864438 | -0.2069407826754821 | 0.5189860686345433
0.2835065799864438 | -0.2069407826754821 | 0.5189860686345433 | -0.9857197656509582 | -0.17271228229348212:0.28059435417863554 | -0.1822007291795451 | 0.5341445800030797
0.28059435417863554 | -0.1822007291795451 | 0.5341445800030797 | -0.9857197656509582 | -0.17271228229348212:0.2775178515574481 | -0.15657745350408625 | 0.5480714692744186
0.2775178515574481 | -0.15657745350408625 | 0.5480714692744186 | -0.9857197656509582 | -0.17271228229348212:0.27428832295666083 | -0.13013304359378353 | 0.5607144999569194
0.27428832295666083 | -0.13013304359378353 | 0.5607144999569194 | -0.9857197656509582 | -0.17271228229348212:0.2709175158551176 | -0.10293251324539021 | 0.5720247748531122
0.2709175158551176 | -0.10293251324539021 | 0.5720247748531122 | -0.9857197656509582 | -0.17271228229348212:0.2674176423917487 | -0.07504362349161475 | 0.581956900468338
0.2674176423917487 | -0.07504362349161475 | 0.581956900468338 | -0.9857197656509582 | -0.17271228229348212:0.26380134589131643 | -0.046536695237053394 | 0.5904691413805345
0.26380134589131643 | -0.046536695237053394 | 0.5904691413805345 | -0.9857197656509582 | -0.17271228229348212:0.2600816659995573 | -0.01748441369804432 | 0.5975235641049643
0.2600816659995573 | -0.01748441369804432 | 0.5975235641049643 | -0.9857197656509582 | -0.17271228229348212:0.2562720025304479 | 0.01203837477828884 | 0.6030861700190471
0.2562720025304479 | 0.01203837477828884 | 0.6030861700190471 | -0.9857197656509582 | -0.17271228229348212:0.2523860781318632 | 0.04195487291868005 | 0.607127016944986
0.2523860781318632 | 0.04195487291868005 | 0.607127016944986 | -0.9857197656509582 | -0.17271228229348212:0.2484378998793204 | 0.07218654913503464 | 0.6096203290215172
0.2484378998793204 | 0.07218654913503464 | 0.6096203290215172 | -0.9857197656509582 | -0.17271228229348212:0.2444417199105935 | 0.10265335990717617 | 0.6105445945307153
0.2444417199105935 | 0.10265335990717617 | 0.6105445945307153 | -0.9857197656509582 | -0.17271228229348212:0.24041199521654733 | 0.13327397728554402 | 0.6098826513812412
0.24041199521654733 | 0.13327397728554402 | 0.6098826513812412 | -0.9857197656509582 | -0.17271228229348212:0.23636334670598558 | 0.1639660208479512 | 0.6076217599858253
0.23636334670598558 | 0.1639660208479512 | 0.6076217599858253 | -0.9857197656509582 | -0.17271228229348212:0.23231051766434518 | 0.19464629343213424 | 0.603753663307451
0.23231051766434518 | 0.19464629343213424 | 0.603753663307451 | -0.9857197656509582 | -0.17271228229348212:0.22826833172769412 | 0.22523101995531114 | 0.5982746338865965
0.22826833172769412 | 0.22523101995531114 | 0.5982746338865965 | -0.9857197656509582 | -0.17271228229348212:0.22425165049476803 | 0.25563608862357867 | 0.5911855076994925
0.22425165049476803 | 0.25563608862357867 | 0.5911855076994925 | -0.9857197656509582 | -0.17271228229348212:0.22027533090086138 | 0.2857772938274836 | 0.5824917047359008
0.22027533090086138 | 0.2857772938274836 | 0.5824917047359008 | -0.9857197656509582 | -0.17271228229348212:0.21635418247788962 | 0.31557058001574134 | 0.5722032362234799
0.21635418247788962 | 0.31557058001574134 | 0.5722032362234799 | -0.9857197656509582 | -0.17271228229348212:0.21250292462522324 | 0.34493228583665747 | 0.5603346984643593
0.21250292462522324 | 0.34493228583665747 | 0.5603346984643593 | -0.9857197656509582 | -0.17271228229348212:0.20873614401579488 | 0.3737793878365032 | 0.5469052532884007
0.20873614401579488 | 0.3737793878365032 | 0.5469052532884007 | -0.9857197656509582 | -0.17271228229348212:0.20506825226151193 | 0.40202974300576866 | 0.5319385951661957
0.20506825226151193 | 0.40202974300576866 | 0.5319385951661957 | -0.3414220775104633 | 0.6476490889100803:0.22292068519904973 | 0.4128333912785953 | 0.5203295064028808
0.22292068519904973 | 0.4128333912785953 | 0.5203295064028808 | -0.3414220775104633 | 0.6476490889100803:0.24044285765889484 | 0.42345717332745725 | 0.5078809791182195
0.24044285765889484 | 0.42345717332745725 | 0.5078809791182195 | -0.3414220775104633 | 0.6476490889100803:0.2576044960815942 | 0.433885149721732 | 0.4946059551868913
0.2576044960815942 | 0.433885149721732 | 0.4946059551868913 | -0.3414220775104633 | 0.6476490889100803:0.27437576261590024 | 0.44410159751747 | 0.48051877037002555
0.27437576261590024 | 0.44410159751747 | 0.48051877037002555 | -0.3414220775104633 | 0.6476490889100803:0.0 | 0.0 | 0.0
0.0 | 0.0 | 0.0 | -0.3414220775104633 | 0.6476490889100803:0.29072730480239173 | 0.45409103663093164 | 0.46563513434504955
0.29072730480239173 | 0.45409103663093164 | 0.46563513434504955 | -0.3414220775104633 | 0.6476490889100803:0.3066303044773271 | 0.4638382558199905 | 0.4499721085020809
0.3066303044773271 | 0.4638382558199905 | 0.4499721085020809 | -0.3414220775104633 | 0.6476490889100803:0.3220565258199706 | 0.47332833823266585 | 0.4335480815461068
0.3220565258199706 | 0.47332833823266585 | 0.4335480815461068 | -0.3414220775104633 | 0.6476490889100803:0.33697836246835067 | 0.48254668648280097 | 0.4163827429474196
0.33697836246835067 | 0.48254668648280097 | 0.4163827429474196 | -0.3414220775104633 | 0.6476490889100803:0.0 | 0.0 | 0.0
0.0 | 0.0 | 0.0 | -0.7994449208262528 | -0.5328327249107547:0.32755239578666107 | 0.5007311328437174 | 0.407172456243849
0.32755239578666107 | 0.5007311328437174 | 0.407172456243849 | -0.7994449208262528 | -0.5328327249107547:0.3183418785013288 | 0.5185742702269591 | 0.3969347406479429
0.3183418785013288 | 0.5185742702269591 | 0.3969347406479429 | -0.7994449208262528 | -0.5328327249107547:0.30937589927629006 | 0.536032473232013 | 0.38568781495876436
0.30937589927629006 | 0.536032473232013 | 0.38568781495876436 | -0.7994449208262528 | -0.5328327249107547:0.30068304116594646 | 0.5530628174377923 | 0.37345259048390744
0.30068304116594646 | 0.5530628174377923 | 0.37345259048390744 | -0.7994449208262528 | -0.5328327249107547:0.29229130527220804 | 0.5696231948588657 | 0.36025262768063726
0.29229130527220804 | 0.5696231948588657 | 0.36025262768063726 | -0.7994449208262528 | -0.5328327249107547:0.2842280357403908 | 0.5856724275340935 | 0.3461140857069225
0.2842280357403908 | 0.5856724275340935 | 0.3461140857069225 | -0.7994449208262528 | -0.5328327249107547:0.2765198462928602 | 0.6011703789467352 | 0.33106566500897117
0.2765198462928602 | 0.6011703789467352 | 0.33106566500897117 | -0.7994449208262528 | -0.5328327249107547:0.2691925484951554 | 0.6160780629809226 | 0.3151385430899438
0.2691925484951554 | 0.6160780629809226 | 0.3151385430899438 | -0.7994449208262528 | -0.5328327249107547:0.2622710819447249 | 0.6303577501259716 | 0.2983663036224158
0.2622710819447249 | 0.6303577501259716 | 0.2983663036224158 | -0.7994449208262528 | -0.5328327249107547:0.25577944656729557 | 0.6439730706473221 | 0.2807848590843065
0.25577944656729557 | 0.6439730706473221 | 0.2807848590843065 | -0.7994449208262528 | -0.5328327249107547:0.24974063720031836 | 0.6568891144509243 | 0.26243236711500373
0.24974063720031836 | 0.6568891144509243 | 0.26243236711500373 | -0.7994449208262528 | -0.5328327249107547:0.2441765806369034 | 0.6690725273766258 | 0.24334914080452563
0.2441765806369034 | 0.6690725273766258 | 0.24334914080452563 | -0.7994449208262528 | -0.5328327249107547:0.2391080752971888 | 0.6804916036654935 | 0.2235775531444304
0.2391080752971888 | 0.6804916036654935 | 0.2235775531444304 | -0.7994449208262528 | -0.5328327249107547:0.0 | 0.0 | 0.0
0.0 | 0.0 | 0.0 | -0.7994449208262528 | -0.5328327249107547:0.23455473368718316 | 0.6911163743560627 | 0.2031619358841965
0.23455473368718316 | 0.6911163743560627 | 0.2031619358841965 | -0.5524430301236376 | -0.3198117948225312:0.23232368943354587 | 0.6986923841478871 | 0.18832441889039586
0.23232368943354587 | 0.6986923841478871 | 0.18832441889039586 | -0.5524430301236376 | -0.3198117948225312:0.23031740105790988 | 0.7058490087263936 | 0.1731940650373076
0.23031740105790988 | 0.7058490087263936 | 0.1731940650373076 | -0.5524430301236376 | -0.3198117948225312:0.22854137304980782 | 0.7125768721953945 | 0.15778671112341414
0.22854137304980782 | 0.7125768721953945 | 0.15778671112341414 | -0.5524430301236376 | -0.3198117948225312:0.22700083267044135 | 0.7188670686665013 | 0.14211858344993544
0.22700083267044135 | 0.7188670686665013 | 0.14211858344993544 | -0.5524430301236376 | -0.3198117948225312:0.22570072337633817 | 0.7247111739204861 | 0.12620627857970135
0.22570072337633817 | 0.7247111739204861 | 0.12620627857970135 | -0.3449777707586492 | 0.03845420001424582:0.2265957602377 | 0.7289576516321592 | 0.11359280889273293
0.2265957602377 | 0.7289576516321592 | 0.11359280889273293 | -0.3449777707586492 | 0.03845420001424582:0.22746021059322175 | 0.732969638649049 | 0.10086436108365149
0.22746021059322175 | 0.732969638649049 | 0.10086436108365149 | -0.3449777707586492 | 0.03845420001424582:0.22829384397185848 | 0.7367446364237349 | 0.0880257713084589
0.22829384397185848 | 0.7367446364237349 | 0.0880257713084589 | -0.3449777707586492 | 0.03845420001424582:0.22909644083557978 | 0.7402802479966812 | 0.0750819207000859
0.22909644083557978 | 0.7402802479966812 | 0.0750819207000859 | -0.3449777707586492 | 0.03845420001424582:0.22986779265042756 | 0.7435741786132528 | 0.06203773325949413
0.22986779265042756 | 0.7435741786132528 | 0.06203773325949413 | 0.018875828755617663 | 0.9155458171908546:0.23315087619067043 | 0.7456030791053418 | 0.05230115855560058
0.23315087619067043 | 0.7456030791053418 | 0.05230115855560058 | 0.018875828755617663 | 0.9155458171908546:0.23598456822635683 | 0.7476201524085546 | 0.04239721849921807
0.23598456822635683 | 0.7476201524085546 | 0.04239721849921807 | 0.018875828755617663 | 0.9155458171908546:0.2383603597148074 | 0.7496257939757545 | 0.0323469670772667
0.2383603597148074 | 0.7496257939757545 | 0.0323469670772667 | 0.018875828755617663 | 0.9155458171908546:0.2402707433094271 | 0.7516203767104024 | 0.02217188242519086
0.2402707433094271 | 0.7516203767104024 | 0.02217188242519086 | 0.018875828755617663 | 0.9155458171908546:0.24170923395303845 | 0.7536042505402918 | 0.01189381856888616
0.24170923395303845 | 0.7536042505402918 | 0.01189381856888616 | 0.018875828755617663 | 0.9155458171908546:0.24267038712808997 | 0.7555777420389234 | 0.0015349561947459733
0.24267038712808997 | 0.7555777420389234 | 0.0015349561947459733 | 0.018875828755617663 | 0.9155458171908546:0.24314981471942332 | 0.7575411540954917 | -0.008882247437917101
0.24314981471942332 | 0.7575411540954917 | -0.008882247437917101 | 0.018875828755617663 | 0.9155458171908546:0.24314419845073587 | 0.7594947656342796 | -0.019335109325723465
0.24314419845073587 | 0.7594947656342796 | -0.019335109325723465 | 0.018875828755617663 | 0.9155458171908546:0.2426513008616169 | 0.7614388313843286 | -0.029800772173530277
0.2426513008616169 | 0.7614388313843286 | -0.029800772173530277 | 0.018875828755617663 | 0.9155458171908546:0.24166997379777655 | 0.7633735816998559 | -0.040256256350780006
0.24166997379777655 | 0.7633735816998559 | -0.040256256350780006 | 0.018875828755617663 | 0.9155458171908546:0.24020016439272496 | 0.7652992224320592 | -0.050678512231520756
0.24020016439272496 | 0.7652992224320592 | -0.050678512231520756 | 0.018875828755617663 | 0.9155458171908546:0.23824291852520219 | 0.7672159348525973 | -0.061044472796616844
0.23824291852520219 | 0.7672159348525973 | -0.061044472796616844 | 0.018875828755617663 | 0.9155458171908546:0.23580038174232953 | 0.7691238756290595 | -0.07133110637646212
0.23580038174232953 | 0.7691238756290595 | -0.07133110637646212 | 0.018875828755617663 | 0.9155458171908546:0.23287579764443223 | 0.7710231768525588 | -0.08151546941187604
0.23287579764443223 | 0.7710231768525588 | -0.08151546941187604 | 0.018875828755617663 | 0.9155458171908546:0.2294735037332174 | 0.7729139461174697 | -0.09157475911108293
0.2294735037332174 | 0.7729139461174697 | -0.09157475911108293 | -0.34594354358884183 | 0.6516174957006136:0.22645863277391953 | 0.7730065062304661 | -0.11261012870434683
0.22645863277391953 | 0.7730065062304661 | -0.11261012870434683 | -0.34594354358884183 | 0.6516174957006136:0.2227452391481748 | 0.772712561484024 | -0.13357939482102665
0.2227452391481748 | 0.772712561484024 | -0.13357939482102665 | -0.34594354358884183 | 0.6516174957006136:0.21833478923127814 | 0.7720327755830674 | -0.1544518184111041
0.21833478923127814 | 0.7720327755830674 | -0.1544518184111041 | -0.34594354358884183 | 0.6516174957006136:0.2132298066110252 | 0.7709683723419936 | -0.17519670464288595
0.2132298066110252 | 0.7709683723419936 | -0.17519670464288595 | -0.34594354358884183 | 0.6516174957006136:0.2074338703116254 | 0.7695211351617424 | -0.1957834497105182
0.2074338703116254 | 0.7695211351617424 | -0.1957834497105182 | 0.9134742082625749 | -0.7379505476916934:0.21367720618138009 | 0.779356823883397 | -0.15301694878085215
0.21367720618138009 | 0.779356823883397 | -0.15301694878085215 | 0.9134742082625749 | -0.7379505476916934:0.21832811667258056 | 0.7872259633065966 | -0.10954737406845538
0.21832811667258056 | 0.7872259633065966 | -0.10954737406845538 | 0.9134742082625749 | -0.7379505476916934:0.2213614854410224 | 0.7930941291117755 | -0.06552555678860017
0.2213614854410224 | 0.7930941291117755 | -0.06552555678860017 | 0.9134742082625749 | -0.7379505476916934:0.22275791714569948 | 0.7969339197228074 | -0.02110488123962284
0.22275791714569948 | 0.7969339197228074 | -0.02110488123962284 | 0.9134742082625749 | -0.7379505476916934:0.2225038262253065 | 0.7987250787177764 | 0.02355926248885254
0.2225038262253065 | 0.7987250787177764 | 0.02355926248885254 | 0.9814092725349655 | 0.5418685683876214:0.2245817198295299 | 0.7982457520585271 | 0.05677479925202533
0.2245817198295299 | 0.7982457520585271 | 0.05677479925202533 | 0.9814092725349655 | 0.5418685683876214:0.2275574430460665 | 0.7961137695381879 | 0.0899241806736697
0.2275574430460665 | 0.7961137695381879 | 0.0899241806736697 | 0.9814092725349655 | 0.5418685683876214:0.2314284060595284 | 0.7923314388468583 | 0.12290021610341739
0.2314284060595284 | 0.7923314388468583 | 0.12290021610341739 | 0.9814092725349655 | 0.5418685683876214:0.23618904911447913 | 0.7869064495410711 | 0.1555959005654941
0.23618904911447913 | 0.7869064495410711 | 0.1555959005654941 | 0.9814092725349655 | 0.5418685683876214:0.24183085226532341 | 0.7798518640971679 | 0.18790476886172058
0.24183085226532341 | 0.7798518640971679 | 0.18790476886172058 | -0.6715472034274947 | -0.06478411555195507:0.24177313977650527 | 0.7872412840061429 | 0.16271523925610865
0.24177313977650527 | 0.7872412840061429 | 0.16271523925610865 | -0.6715472034274947 | -0.06478411555195507:0.24179226220464045 | 0.7937752900003332 | 0.13723941609849533
0.24179226220464045 | 0.7937752900003332 | 0.13723941609849533 | -0.6715472034274947 | -0.06478411555195507:0.24188927539800176 | 0.7994430718358885 | 0.11150715006469625
0.24188927539800176 | 0.7994430718358885 | 0.11150715006469625 | -0.6715472034274947 | -0.06478411555195507:0.24206513266572216 | 0.804234869224814 | 0.0855486901412803
0.24206513266572216 | 0.804234869224814 | 0.0855486901412803 | -0.6715472034274947 | -0.06478411555195507:0.2423206834978444 | 0.8081419858014272 | 0.0593946458991681
0.2423206834978444 | 0.8081419858014272 | 0.0593946458991681 | -0.6715472034274947 | -0.06478411555195507:0.2426566724163095 | 0.8111568017381359 | 0.03307594929616897
0.2426566724163095 | 0.8111568017381359 | 0.03307594929616897 | -0.6715472034274947 | -0.06478411555195507:0.24307373795833342 | 0.8132727849955828 | 0.006623816057313547
0.24307373795833342 | 0.8132727849955828 | 0.006623816057313547 | -0.6715472034274947 | -0.06478411555195507:0.24357241179333755 | 0.8144845011940092 | -0.01993029331784868
0.24357241179333755 | 0.8144845011940092 | -0.01993029331784868 | -0.6715472034274947 | -0.06478411555195507:0.24415311797439898 | 0.8147876220944568 | -0.046554712871291315
0.24415311797439898 | 0.8147876220944568 | -0.046554712871291315 | -0.6715472034274947 | -0.06478411555195507:0.24481617232513742 | 0.8141789326801572 | -0.07321761077600542
0.24481617232513742 | 0.8141789326801572 | -0.07321761077600542 | -0.8099240731977468 | -0.29175367917153316:0.24676149348029952 | 0.8119402888675324 | -0.10271349371998895
0.24676149348029952 | 0.8119402888675324 | -0.10271349371998895 | -0.8099240731977468 | -0.29175367917153316:0.2491342731799122 | 0.8084872105350129 | -0.13211085110049225
0.2491342731799122 | 0.8084872105350129 | -0.13211085110049225 | -0.8099240731977468 | -0.29175367917153316:0.2519329986893055 | 0.8038230058793303 | -0.16135298232511985
0.2519329986893055 | 0.8038230058793303 | -0.16135298232511985 | -0.8099240731977468 | -0.29175367917153316:0.25515530492270244 | 0.7979533499564226 | -0.19038333344592928
0.25515530492270244 | 0.7979533499564226 | -0.19038333344592928 | -0.8099240731977468 | -0.29175367917153316:0.25879797750315703 | 0.7908862784826525 | -0.21914560931688243
0.25879797750315703 | 0.7908862784826525 | -0.21914560931688243 | -0.8099240731977468 | -0.29175367917153316:0.26285695751840166 | 0.7826321769201101 | -0.24758388538315046
0.26285695751840166 | 0.7826321769201101 | -0.24758388538315046 | -0.8099240731977468 | -0.29175367917153316:0.2673273479638425 | 0.7732037648653076 | -0.27564271887841585
0.2673273479638425 | 0.7732037648653076 | -0.27564271887841585 | -0.8099240731977468 | -0.29175367917153316:0.27220342186073054 | 0.762616075770211 | -0.3032672592075656
0.27220342186073054 | 0.762616075770211 | -0.3032672592075656 | -0.8099240731977468 | -0.29175367917153316:0.27747863203417467 | 0.7508864320337949 | -0.3304033572939815
