0.0 | 0.0 | 0.0 | -0.7583609880257081 | -0.9963513900882361:-4.9761171721272E-4 | 3.790896376195674E-4 | 0.009980414501689903
-4.9761171721272E-4 | 3.790896376195674E-4 | 0.009980414501689903 | -0.7583609880257081 | -0.9963513900882361:-0.0019759025491432876 | 0.0015067569937842196 | 0.019744252137722795
-0.0019759025491432876 | 0.0015067569937842196 | 0.019744252137722795 | -0.7583609880257081 | -0.9963513900882361:-0.00440754468036105 | 0.003364359239496517 | 0.029178828588520056
-0.00440754468036105 | 0.003364359239496517 | 0.029178828588520056 | -0.7583609880257081 | -0.9963513900882361:-0.007758076795805875 | 0.005927752699162014 | 0.03817523307444312
-0.007758076795805875 | 0.005927752699162014 | 0.03817523307444312 | -0.7583609880257081 | -0.9963513900882361:-0.011986204538133868 | 0.009167508939681546 | 0.04662899194080192
-0.011986204538133868 | 0.009167508939681546 | 0.04662899194080192 | -0.7583609880257081 | -0.9963513900882361:-0.017044137321460137 | 0.013049159153610712 | 0.05444069932027168
-0.017044137321460137 | 0.013049159153610712 | 0.05444069932027168 | -0.7583609880257081 | -0.9963513900882361:-0.022877959294609493 | 0.01753346521447141 | 0.06151661183034568
-0.022877959294609493 | 0.01753346521447141 | 0.06151661183034568 | -0.7583609880257081 | -0.9963513900882361:-0.029428032096241147 | 0.022576715663472413 | 0.06776920447982815
-0.029428032096241147 | 0.022576715663472413 | 0.06776920447982815 | -0.7583609880257081 | -0.9963513900882361:-0.03662942690664078 | 0.028131044777870318 | 0.07311768518629636
-0.03662942690664078 | 0.028131044777870318 | 0.07311768518629636 | -0.7583609880257081 | -0.9963513900882361:-0.04441238317708529 | 0.034144772772396026 | 0.07748846554471889
-0.04441238317708529 | 0.034144772772396026 | 0.07748846554471889 | -0.7583609880257081 | -0.9963513900882361:-0.05270279130792563 | 0.040562765096949116 | 0.08081558573478298
-0.05270279130792563 | 0.040562765096949116 | 0.08081558573478298 | -0.7583609880257081 | -0.9963513900882361:-0.06142269645127596 | 0.04732680871642203 | 0.08304109170967122
-0.06142269645127596 | 0.04732680871642203 | 0.08304109170967122 | -0.7583609880257081 | -0.9963513900882361:-0.07049082053374511 | 0.05437600319232749 | 0.08411536307076528
-0.07049082053374511 | 0.05437600319232749 | 0.08411536307076528 | -0.7583609880257081 | -0.9963513900882361:-0.0798230995292315 | 0.06164716433105211 | 0.08399739029971576
-0.0798230995292315 | 0.06164716433105211 | 0.08399739029971576 | -0.7583609880257081 | -0.9963513900882361:-0.08933323296158402 | 0.06907523812020433 | 0.08265500029019313
-0.08933323296158402 | 0.06907523812020433 | 0.08265500029019313 | -0.7583609880257081 | -0.9963513900882361:-0.0989332425819981 | 0.07659372264275344 | 0.08006502939510396
-0.0989332425819981 | 0.07659372264275344 | 0.08006502939510396 | -0.7583609880257081 | -0.9963513900882361:-0.1085340371463831 | 0.08413509563850274 | 0.07621344347978343
-0.1085340371463831 | 0.08413509563850274 | 0.07621344347978343 | -0.7583609880257081 | -0.9963513900882361:-0.11804598021355284 | 0.09163124537389739 | 0.07109540474635923
-0.11804598021355284 | 0.09163124537389739 | 0.07109540474635923 | -0.7583609880257081 | -0.9963513900882361:-0.12737945789582716 | 0.0990139024841536 | 0.06471528536781301
-0.12737945789582716 | 0.0990139024841536 | 0.06471528536781301 | 0.45492668836745387 | -0.9411217395625928:-0.1365846651308975 | 0.10215104268132835 | 0.06377834354557055
-0.1365846651308975 | 0.10215104268132835 | 0.06377834354557055 | 0.45492668836745387 | -0.9411217395625928:-0.14580984486991433 | 0.10519599144395055 | 0.062263766789061536
-0.14580984486991433 | 0.10519599144395055 | 0.062263766789061536 | 0.45492668836745387 | -0.9411217395625928:-0.15501669511693095 | 0.1081679566937264 | 0.0601659404177739
-0.15501669511693095 | 0.1081679566937264 | 0.0601659404177739 | 0.45492668836745387 | -0.9411217395625928:-0.16416668456804184 | 0.1110862829436009 | 0.05748218276677419
-0.16416668456804184 | 0.1110862829436009 | 0.05748218276677419 | 0.45492668836745387 | -0.9411217395625928:-0.17322122326612632 | 0.11397036893516893 | 0.05421274889561212
-0.17322122326612632 | 0.11397036893516893 | 0.05421274889561212 | 0.7127517384681485 | 0.41086189638764736:-0.17829323190536428 | 0.11607095413401719 | 0.06405002265731108
-0.17829323190536428 | 0.11607095413401719 | 0.06405002265731108 | 0.7127517384681485 | 0.41086189638764736:-0.18304731579041444 | 0.11769618357799866 | 0.07430641522969306
-0.18304731579041444 | 0.11769618357799866 | 0.07430641522969306 | 0.7127517384681485 | 0.41086189638764736:-0.18747148409337688 | 0.11882397587574989 | 0.08494875415689429
-0.18747148409337688 | 0.11882397587574989 | 0.08494875415689429 | 0.7127517384681485 | 0.41086189638764736:-0.1915546799754222 | 0.11943385472219048 | 0.09594262345592997
-0.1915546799754222 | 0.11943385472219048 | 0.09594262345592997 | 0.7127517384681485 | 0.41086189638764736:-0.1952868069050524 | 0.11950699625691319 | 0.10725246281158385
-0.1952868069050524 | 0.11950699625691319 | 0.10725246281158385 | 0.3123360476036121 | -0.7682745024076842:-0.20522366703526762 | 0.12129936565116695 | 0.10452562363087292
-0.20522366703526762 | 0.12129936565116695 | 0.10452562363087292 | 0.3123360476036121 | -0.7682745024076842:-0.2151024784954445 | 0.12305247558170906 | 0.10124474256335425
-0.2151024784954445 | 0.12305247558170906 | 0.10124474256335425 | 0.3123360476036121 | -0.7682745024076842:-0.22489366213152584 | 0.12477894325453276 | 0.09741083955704477
-0.22489366213152584 | 0.12477894325453276 | 0.09741083955704477 | 0.3123360476036121 | -0.7682745024076842:-0.23456775821801346 | 0.12649134491543124 | 0.0930266558214079
-0.23456775821801346 | 0.12649134491543124 | 0.0930266558214079 | 0.3123360476036121 | -0.7682745024076842:-0.2440955066800905 | 0.1282021831949125 | 0.08809664060072553
-0.2440955066800905 | 0.1282021831949125 | 0.08809664060072553 | 0.3123360476036121 | -0.7682745024076842:-0.2534479263249474 | 0.12992385482296864 | 0.08262693380848951
-0.2534479263249474 | 0.12992385482296864 | 0.08262693380848951 | 0.3123360476036121 | -0.7682745024076842:-0.26259639290747305 | 0.13166861878533442 | 0.07662534459408343
-0.26259639290747305 | 0.13166861878533442 | 0.07662534459408343 | 0.3123360476036121 | -0.7682745024076842:-0.27151271585947523 | 0.1334485649913031 | 0.0701013259213088
-0.27151271585947523 | 0.1334485649913031 | 0.0701013259213088 | 0.3123360476036121 | -0.7682745024076842:-0.28016921351592305 | 0.1352755835214814 | 0.06306594524631715
-0.28016921351592305 | 0.1352755835214814 | 0.06306594524631715 | 0.3123360476036121 | -0.7682745024076842:-0.2885387866763329 | 0.13716133452203394 | 0.05553185139028294
-0.2885387866763329 | 0.13716133452203394 | 0.05553185139028294 | -0.33165316701936054 | -0.05758762924067207:-0.29470677611105955 | 0.14094031926536799 | 0.05351111234175843
-0.29470677611105955 | 0.14094031926536799 | 0.05351111234175843 | -0.33165316701936054 | -0.05758762924067207:-0.3008115359377044 | 0.14467404663172356 | 0.05133478274956316
-0.3008115359377044 | 0.14467404663172356 | 0.05133478274956316 | -0.33165316701936054 | -0.05758762924067207:-0.30685297840267456 | 0.14835881802293338 | 0.04900492970969461
-0.30685297840267456 | 0.14835881802293338 | 0.04900492970969461 | -0.33165316701936054 | -0.05758762924067207:-0.3128310215254775 | 0.1519909992908275 | 0.04652368777155669
-0.3128310215254775 | 0.1519909992908275 | 0.04652368777155669 | -0.33165316701936054 | -0.05758762924067207:-0.318745589309537 | 0.15556702164738168 | 0.043893257294609356
-0.318745589309537 | 0.15556702164738168 | 0.043893257294609356 | -0.33165316701936054 | -0.05758762924067207:-0.32459661194647893 | 0.15908338254050003 | 0.041115902798331216
-0.32459661194647893 | 0.15908338254050003 | 0.041115902798331216 | -0.33165316701936054 | -0.05758762924067207:-0.3303840260139168 | 0.16253664649555777 | 0.0381939513061198
-0.3303840260139168 | 0.16253664649555777 | 0.0381939513061198 | -0.33165316701936054 | -0.05758762924067207:-0.33610777466676556 | 0.16592344592280694 | 0.03512979068373667
-0.33610777466676556 | 0.16592344592280694 | 0.03512979068373667 | -0.33165316701936054 | -0.05758762924067207:-0.34176780782210336 | 0.1692404818907831 | 0.03192586797291108
-0.34176780782210336 | 0.1692404818907831 | 0.03192586797291108 | -0.33165316701936054 | -0.05758762924067207:-0.3473640823376183 | 0.17248452486583776 | 0.02858468772070255
-0.3473640823376183 | 0.17248452486583776 | 0.02858468772070255 | -0.33165316701936054 | -0.05758762924067207:-0.35289656218367504 | 0.17565241541794174 | 0.02510881030521528
-0.35289656218367504 | 0.17565241541794174 | 0.02510881030521528 | -0.33165316701936054 | -0.05758762924067207:-0.35836521860901627 | 0.17874106489291508 | 0.02150085025825943
-0.35836521860901627 | 0.17874106489291508 | 0.02150085025825943 | -0.33165316701936054 | -0.05758762924067207:-0.3637700303001594 | 0.1817474560512311 | 0.017763474585538397
-0.3637700303001594 | 0.1817474560512311 | 0.017763474585538397 | -0.33165316701936054 | -0.05758762924067207:-0.36911098353448146 | 0.18466864367357072 | 0.01389940108493981
-0.36911098353448146 | 0.18466864367357072 | 0.01389940108493981 | -0.33165316701936054 | -0.05758762924067207:-0.37438807232709337 | 0.18750175513329292 | 0.009911396663503602
-0.37438807232709337 | 0.18750175513329292 | 0.009911396663503602 | -0.8880069014955778 | -0.18692538946666093:-0.37958140374714944 | 0.19036217366976338 | -0.0019465693471567569
-0.37958140374714944 | 0.19036217366976338 | -0.0019465693471567569 | -0.8880069014955778 | -0.18692538946666093:-0.38460911476100357 | 0.1926636829716717 | -0.014130074863803355
-0.38460911476100357 | 0.1926636829716717 | -0.014130074863803355 | -0.8880069014955778 | -0.18692538946666093:-0.3894674545967245 | 0.19438558169071296 | -0.026608839792087835
-0.3894674545967245 | 0.19438558169071296 | -0.026608839792087835 | -0.8880069014955778 | -0.18692538946666093:-0.3941530094850325 | 0.19550876533013195 | -0.03935139319510039
-0.3941530094850325 | 0.19550876533013195 | -0.03935139319510039 | -0.8880069014955778 | -0.18692538946666093:-0.3986627150268536 | 0.19601578675901976 | -0.05232516213252536
-0.3986627150268536 | 0.19601578675901976 | -0.05232516213252536 | 0.5108169704173915 | 0.2517097864443567:-0.4041591046468458 | 0.19972574044410774 | -0.04280365949217302
-0.4041591046468458 | 0.19972574044410774 | -0.04280365949217302 | 0.5108169704173915 | 0.2517097864443567:-0.4094900938643935 | 0.20317936810099013 | -0.032993590233897585
-0.4094900938643935 | 0.20317936810099013 | -0.032993590233897585 | 0.5108169704173915 | 0.2517097864443567:-0.4146509940743517 | 0.20636625809279519 | -0.022905885410196447
-0.4146509940743517 | 0.20636625809279519 | -0.022905885410196447 | 0.5108169704173915 | 0.2517097864443567:-0.4196372977734928 | 0.2092763688956074 | -0.012551867170574216
-0.4196372977734928 | 0.2092763688956074 | -0.012551867170574216 | 0.5108169704173915 | 0.2517097864443567:-0.42444468379798117 | 0.21190003984794892 | -0.0019432334275819585
-0.42444468379798117 | 0.21190003984794892 | -0.0019432334275819585 | -0.3761483931030041 | 0.6464558958295437:-0.42911668764008226 | 0.21417286142387404 | 0.007878326579653816
-0.42911668764008226 | 0.21417286142387404 | 0.007878326579653816 | -0.3761483931030041 | 0.6464558958295437:-0.43341948132827923 | 0.216607716315945 | 0.017907130915232106
-0.43341948132827923 | 0.216607716315945 | 0.017907130915232106 | -0.3761483931030041 | 0.6464558958295437:-0.4373437948924792 | 0.21921067065043687 | 0.028125714579847028
-0.4373437948924792 | 0.21921067065043687 | 0.028125714579847028 | -0.3761483931030041 | 0.6464558958295437:-0.4408810376007146 | 0.22198739505537102 | 0.03851610368168634
-0.4408810376007146 | 0.22198739505537102 | 0.03851610368168634 | -0.3761483931030041 | 0.6464558958295437:-0.44402331608722 | 0.22494315382986851 | 0.04905985095814236
-0.44402331608722 | 0.22494315382986851 | 0.04905985095814236 | -0.3761483931030041 | 0.6464558958295437:-0.4467634511069889 | 0.22808279490461913 | 0.059738072098007855
-0.4467634511069889 | 0.22808279490461913 | 0.059738072098007855 | -0.3761483931030041 | 0.6464558958295437:-0.4490949928932757 | 0.2314107406078083 | 0.0705314827949981
-0.4490949928932757 | 0.2314107406078083 | 0.0705314827949981 | -0.3761483931030041 | 0.6464558958295437:-0.451012235097064 | 0.23493097924939121 | 0.08142043646258879
-0.451012235097064 | 0.23493097924939121 | 0.08142043646258879 | -0.3761483931030041 | 0.6464558958295437:-0.4525102272900625 | 0.23864705753509874 | 0.09238496253946682
-0.4525102272900625 | 0.23864705753509874 | 0.09238496253946682 | -0.3761483931030041 | 0.6464558958295437:-0.4535847860153517 | 0.24256207382008554 | 0.10340480531427243
-0.4535847860153517 | 0.24256207382008554 | 0.10340480531427243 | 0.8133399269385115 | 0.10979277533054166:-0.45706040331023345 | 0.24031522109602577 | 0.11671712086500241
-0.45706040331023345 | 0.24031522109602577 | 0.11671712086500241 | 0.8133399269385115 | 0.10979277533054166:-0.4604161843598291 | 0.23746348073573387 | 0.13004375736507567
-0.4604161843598291 | 0.23746348073573387 | 0.13004375736507567 | 0.8133399269385115 | 0.10979277533054166:-0.4636521442211823 | 0.23400354333857898 | 0.14335549956984206
-0.4636521442211823 | 0.23400354333857898 | 0.14335549956984206 | 0.8133399269385115 | 0.10979277533054166:-0.4667684815516573 | 0.22993348404953906 | 0.15662293506933933
-0.4667684815516573 | 0.22993348404953906 | 0.15662293506933933 | 0.8133399269385115 | 0.10979277533054166:-0.46976557958332776 | 0.22525277084483974 | 0.1698165206296256
-0.46976557958332776 | 0.22525277084483974 | 0.1698165206296256 | 0.8133399269385115 | 0.10979277533054166:-0.4726440066810369 | 0.21996226974094313 | 0.1829066487823221
-0.4726440066810369 | 0.21996226974094313 | 0.1829066487823221 | 0.8133399269385115 | 0.10979277533054166:-0.47540451648424664 | 0.2140642469248739 | 0.1958637145199349
-0.47540451648424664 | 0.2140642469248739 | 0.1958637145199349 | 0.8133399269385115 | 0.10979277533054166:-0.47804804763370967 | 0.20756236781026516 | 0.2086581819549389
-0.47804804763370967 | 0.20756236781026516 | 0.2086581819549389 | 0.8133399269385115 | 0.10979277533054166:-0.4805757230847014 | 0.2004616930297214 | 0.2212606508013364
-0.4805757230847014 | 0.2004616930297214 | 0.2212606508013364 | 0.8133399269385115 | 0.10979277533054166:-0.48298884900954775 | 0.19276867138042242 | 0.23364192253835903
-0.48298884900954775 | 0.19276867138042242 | 0.23364192253835903 | 0.8133399269385115 | 0.10979277533054166:-0.4852889132929441 | 0.1844911297459202 | 0.245773066117283
-0.4852889132929441 | 0.1844911297459202 | 0.245773066117283 | 0.8133399269385115 | 0.10979277533054166:-0.48747758362431526 | 0.1756382600233195 | 0.2576254830738023
-0.48747758362431526 | 0.1756382600233195 | 0.2576254830738023 | 0.8133399269385115 | 0.10979277533054166:-0.4895567051923848 | 0.16622060309089193 | 0.2691709719102411
-0.4895567051923848 | 0.16622060309089193 | 0.2691709719102411 | 0.8133399269385115 | 0.10979277533054166:-0.49152829798784836 | 0.1562500298571372 | 0.2803817916139053
-0.49152829798784836 | 0.1562500298571372 | 0.2803817916139053 | 0.8133399269385115 | 0.10979277533054166:-0.4933945537208224 | 0.1457397194380956 | 0.29123072418019724
-0.4933945537208224 | 0.1457397194380956 | 0.29123072418019724 | 0.9724476847841423 | 0.9082461448450341:-0.4826739544370575 | 0.1323214877141936 | 0.32227457539904947
-0.4826739544370575 | 0.1323214877141936 | 0.32227457539904947 | 0.9724476847841423 | 0.9082461448450341:-0.4704485180132565 | 0.1172936327147518 | 0.3522772783355803
-0.4704485180132565 | 0.1172936327147518 | 0.3522772783355803 | 0.9724476847841423 | 0.9082461448450341:-0.45676489297585476 | 0.10070199062721663 | 0.38108084561181155
-0.45676489297585476 | 0.10070199062721663 | 0.38108084561181155 | 0.9724476847841423 | 0.9082461448450341:-0.44167743974762175 | 0.0826007617890383 | 0.40853157582749233
-0.44167743974762175 | 0.0826007617890383 | 0.40853157582749233 | 0.9724476847841423 | 0.9082461448450341:-0.42524801885262775 | 0.06305230379323845 | 0.4344808721370548
-0.42524801885262775 | 0.06305230379323845 | 0.4344808721370548 | 0.9724476847841423 | 0.9082461448450341:-0.40754573933038785 | 0.04212688146928123 | 0.45878603942571594
-0.40754573933038785 | 0.04212688146928123 | 0.45878603942571594 | 0.9724476847841423 | 0.9082461448450341:-0.3886466685073344 | 0.019902374867015737 | 0.48131105590822365
-0.3886466685073344 | 0.019902374867015737 | 0.48131105590822365 | 0.9724476847841423 | 0.9082461448450341:-0.36863350447353227 | -0.0035360534116559705 | 0.5019273150974293
-0.36863350447353227 | -0.0035360534116559705 | 0.5019273150974293 | 0.9724476847841423 | 0.9082461448450341:-0.34759521280529526 | -0.028096329978787082 | 0.5205143342341838
-0.34759521280529526 | -0.028096329978787082 | 0.5205143342341838 | 0.9724476847841423 | 0.9082461448450341:-0.3256266292595349 | -0.05367987976724464 | 0.536960425434124
-0.3256266292595349 | -0.05367987976724464 | 0.536960425434124 | 0.9724476847841423 | 0.9082461448450341:-0.30282803034210204 | -0.08018207052831627 | 0.551163325990057
-0.30282803034210204 | -0.08018207052831627 | 0.551163325990057 | 0.9724476847841423 | 0.9082461448450341:-0.2793046738190412 | -0.10749269058643307 | 0.5630307844697544
-0.2793046738190412 | -0.10749269058643307 | 0.5630307844697544 | 0.9724476847841423 | 0.9082461448450341:-0.25516631139625545 | -0.13549645754463313 | 0.5724810994671863
-0.25516631139625545 | -0.13549645754463313 | 0.5724810994671863 | 0.9724476847841423 | 0.9082461448450341:-0.2305266759382114 | -0.16407355547318403 | 0.5794436080992647
-0.2305266759382114 | -0.16407355547318403 | 0.5794436080992647 | 0.9724476847841423 | 0.9082461448450341:-0.20550294572967331 | -0.1931001979649345 | 0.5838591215889757
-0.20550294572967331 | -0.1931001979649345 | 0.5838591215889757 | -0.02054857825365919 | 0.4598605221470562:-0.19306185480649418 | -0.19354411216086653 | 0.5918195537819813
-0.19306185480649418 | -0.19354411216086653 | 0.5918195537819813 | -0.02054857825365919 | 0.4598605221470562:-0.18035766039154666 | -0.19396616113757226 | 0.5994843057896944
-0.18035766039154666 | -0.19396616113757226 | 0.5994843057896944 | -0.02054857825365919 | 0.4598605221470562:-0.16739826826204762 | -0.1943667936979523 | 0.606845555138511
-0.16739826826204762 | -0.1943667936979523 | 0.606845555138511 | -0.02054857825365919 | 0.4598605221470562:-0.15419179292616647 | -0.19474646709231358 | 0.6138957061896217
-0.15419179292616647 | -0.19474646709231358 | 0.6138957061896217 | -0.02054857825365919 | 0.4598605221470562:-0.1407465510662611 | -0.19510564673793418 | 0.620627395155644
-0.1407465510662611 | -0.19510564673793418 | 0.620627395155644 | -0.02054857825365919 | 0.4598605221470562:-0.1270710548756 | -0.1954448059336702 | 0.627033494932828
-0.1270710548756 | -0.1954448059336702 | 0.627033494932828 | -0.02054857825365919 | 0.4598605221470562:-0.11317400529348731 | -0.19576442556983054 | 0.633107119746871
-0.11317400529348731 | -0.19576442556983054 | 0.633107119746871 | -0.02054857825365919 | 0.4598605221470562:-0.09906428514373289 | -0.19606499383353615 | 0.6388416296105994
-0.09906428514373289 | -0.19606499383353615 | 0.6388416296105994 | -0.02054857825365919 | 0.4598605221470562:-0.08475095218146578 | -0.19634700590979826 | 0.6442306345918283
-0.08475095218146578 | -0.19634700590979826 | 0.6442306345918283 | -0.02054857825365919 | 0.4598605221470562:-0.0702432320532651 | -0.19661096367851805 | 0.6492679988898331
-0.0702432320532651 | -0.19661096367851805 | 0.6492679988898331 | -0.02054857825365919 | 0.4598605221470562:-0.055550511175596284 | -0.19685737540764947 | 0.6539478447190703
-0.055550511175596284 | -0.19685737540764947 | 0.6539478447190703 | -0.02054857825365919 | 0.4598605221470562:-0.040682329536643635 | -0.19708675544274534 | 0.6582645559987945
-0.040682329536643635 | -0.19708675544274534 | 0.6582645559987945 | -0.02054857825365919 | 0.4598605221470562:-0.02564837342649895 | -0.1972996238931053 | 0.6622127818474439
-0.02564837342649895 | -0.1972996238931053 | 0.6622127818474439 | -0.02054857825365919 | 0.4598605221470562:-0.010458468100758012 | -0.1974965063147618 | 0.6657874398807131
-0.010458468100758012 | -0.1974965063147618 | 0.6657874398807131 | -0.02054857825365919 | 0.4598605221470562:0.004877429617387463 | -0.19767793339051387 | 0.6689837193123935
0.004877429617387463 | -0.19767793339051387 | 0.6689837193123935 | -0.02054857825365919 | 0.4598605221470562:0.020349238791553148 | -0.19784444060726614 | 0.6717970838572214
0.020349238791553148 | -0.19784444060726614 | 0.6717970838572214 | -0.02054857825365919 | 0.4598605221470562:0.03594676187801582 | -0.19799656793084885 | 0.6742232744349792
0.03594676187801582 | -0.19799656793084885 | 0.6742232744349792 | -0.02054857825365919 | 0.4598605221470562:0.05165969227792999 | -0.19813485947860343 | 0.6762583116753405
0.05165969227792999 | -0.19813485947860343 | 0.6762583116753405 | -0.02054857825365919 | 0.4598605221470562:0.06747762193096207 | -0.1982598631899073 | 0.6778984982230085
0.06747762193096207 | -0.1982598631899073 | 0.6778984982230085 | -0.02054857825365919 | 0.4598605221470562:0.08339004894520485 | -0.19837213049490376 | 0.6791404208428311
0.08339004894520485 | -0.19837213049490376 | 0.6791404208428311 | -0.02054857825365919 | 0.4598605221470562:0.09938638525844112 | -0.19847221598162523 | 0.6799809523246942
0.09938638525844112 | -0.19847221598162523 | 0.6799809523246942 | -0.02054857825365919 | 0.4598605221470562:0.11545596432571159 | -0.1985606770617716 | 0.6804172531880894
0.11545596432571159 | -0.1985606770617716 | 0.6804172531880894 | -0.02054857825365919 | 0.4598605221470562:0.1315880488282275 | -0.19863807363533414 | 0.6804467731864285
0.1315880488282275 | -0.19863807363533414 | 0.6804467731864285 | -0.02054857825365919 | 0.4598605221470562:0.14777183839863284 | -0.19870496775431512 | 0.6800672526112592
0.14777183839863284 | -0.19870496775431512 | 0.6800672526112592 | -0.02054857825365919 | 0.4598605221470562:0.1639964773577134 | -0.19876192328573605 | 0.6792767233966153
0.1639964773577134 | -0.19876192328573605 | 0.6792767233966153 | -0.02054857825365919 | 0.4598605221470562:0.18025106245758948 | -0.19880950557418675 | 0.6780735100239248
0.18025106245758948 | -0.19880950557418675 | 0.6780735100239248 | -0.02054857825365919 | 0.4598605221470562:0.1965246506265359 | -0.19884828110411146 | 0.6764562302279664
0.1965246506265359 | -0.19884828110411146 | 0.6764562302279664 | -0.02054857825365919 | 0.4598605221470562:0.2128062667105617 | -0.19887881716205857 | 0.6744237955044952
0.2128062667105617 | -0.19887881716205857 | 0.6744237955044952 | -0.02054857825365919 | 0.4598605221470562:0.2290849112068969 | -0.19890168149911247 | 0.6719754114202487
0.2290849112068969 | -0.19890168149911247 | 0.6719754114202487 | -0.02054857825365919 | 0.4598605221470562:0.2453495679846256 | -0.19891744199371963 | 0.6691105777261726
0.2453495679846256 | -0.19891744199371963 | 0.6691105777261726 | -0.02054857825365919 | 0.4598605221470562:0.2615892119876726 | -0.19892666631512856 | 0.6658290882748474
0.2615892119876726 | -0.19892666631512856 | 0.6658290882748474 | -0.02054857825365919 | 0.4598605221470562:0.27779281691545066 | -0.1989299215876441 | 0.6621310307431258
0.27779281691545066 | -0.1989299215876441 | 0.6621310307431258 | -0.02054857825365919 | 0.4598605221470562:0.29394936287647866 | -0.19892777405592277 | 0.6580167861611699
0.29394936287647866 | -0.19892777405592277 | 0.6580167861611699 | -0.02054857825365919 | 0.4598605221470562:0.3100478440103416 | -0.1989207887514981 | 0.6534870282491809
0.3100478440103416 | -0.1989207887514981 | 0.6534870282491809 | -0.02054857825365919 | 0.4598605221470562:0.32607727607339143 | -0.1989095291607681 | 0.6485427225631142
0.32607727607339143 | -0.1989095291607681 | 0.6485427225631142 | -0.12188608166167625 | -0.9457825859001325:0.2959678424851475 | -0.19559409701039687 | 0.6666141327867194
0.2959678424851475 | -0.19559409701039687 | 0.6666141327867194 | -0.12188608166167625 | -0.9457825859001325:0.264925646641025 | -0.19214900269858415 | 0.6832464421452329
0.264925646641025 | -0.19214900269858415 | 0.6832464421452329 | -0.12188608166167625 | -0.9457825859001325:0.23301989092379927 | -0.18858306471817166 | 0.6983907138730032
0.23301989092379927 | -0.18858306471817166 | 0.6983907138730032 | -0.12188608166167625 | -0.9457825859001325:0.20032227628981403 | -0.18490543350172928 | 0.712001459828457
0.20032227628981403 | -0.18490543350172928 | 0.712001459828457 | -0.12188608166167625 | -0.9457825859001325:0.16690683022283892 | -0.1811255696488101 | 0.7240367685654974
0.16690683022283892 | -0.1811255696488101 | 0.7240367685654974 | 0.21810926861451185 | 0.7138734911882392:0.19315879717668238 | -0.1895919198375826 | 0.7178032566195398
0.19315879717668238 | -0.1895919198375826 | 0.7178032566195398 | 0.21810926861451185 | 0.7138734911882392:0.21923954327586515 | -0.19800770256771338 | 0.7104942640717056
0.21923954327586515 | -0.19800770256771338 | 0.7104942640717056 | 0.21810926861451185 | 0.7138734911882392:0.24510826382304174 | -0.20636046466061808 | 0.7021150335191706
0.24510826382304174 | -0.20636046466061808 | 0.7021150335191706 | 0.21810926861451185 | 0.7138734911882392:0.27072432291011594 | -0.21463779476859068 | 0.6926725171125057
0.27072432291011594 | -0.21463779476859068 | 0.6926725171125057 | 0.21810926861451185 | 0.7138734911882392:0.2960473191125992 | -0.22282734348703492 | 0.6821753694980401
0.2960473191125992 | -0.22282734348703492 | 0.6821753694980401 | -0.8217837519687932 | -0.9174518146986534:0.2648212510262198 | -0.19517789837123178 | 0.7056292316690573
0.2648212510262198 | -0.19517789837123178 | 0.7056292316690573 | -0.8217837519687932 | -0.9174518146986534:0.23250410181476866 | -0.1664998380738254 | 0.7265053944101396
0.23250410181476866 | -0.1664998380738254 | 0.7265053944101396 | -0.8217837519687932 | -0.9174518146986534:0.19921683811874047 | -0.13689952377956294 | 0.7447079062458002
0.19921683811874047 | -0.13689952377956294 | 0.7447079062458002 | -0.8217837519687932 | -0.9174518146986534:0.16508488831255264 | -0.10648752213539181 | 0.7601509850977877
0.16508488831255264 | -0.10648752213539181 | 0.7601509850977877 | -0.8217837519687932 | -0.9174518146986534:0.13023765550373056 | -0.07537817704285255 | 0.7727594074942346
0.13023765550373056 | -0.07537817704285255 | 0.7727594074942346 | 0.38409847483382076 | -0.2176710934008117:0.12216625411247506 | -0.09044788627221445 | 0.7746285557427157
0.12216625411247506 | -0.09044788627221445 | 0.7746285557427157 | 0.38409847483382076 | -0.2176710934008117:0.11405239347239515 | -0.10558791522604682 | 0.7760975627020983
0.11405239347239515 | -0.10558791522604682 | 0.7760975627020983 | 0.38409847483382076 | -0.2176710934008117:0.10590095355208362 | -0.12078976080621673 | 0.7771639588048274
0.10590095355208362 | -0.12078976080621673 | 0.7771639588048274 | 0.38409847483382076 | -0.2176710934008117:0.09771684197198383 | -0.1360448679172086 | 0.7778255200071413
0.09771684197198383 | -0.1360448679172086 | 0.7778255200071413 | 0.38409847483382076 | -0.2176710934008117:0.08950499098300568 | -0.15134463479562132 | 0.7780802688839188
0.08950499098300568 | -0.15134463479562132 | 0.7780802688839188 | 0.38409847483382076 | -0.2176710934008117:0.08127035443963493 | -0.16668041835079728 | 0.7779264755743753
0.08127035443963493 | -0.16668041835079728 | 0.7779264755743753 | 0.38409847483382076 | -0.2176710934008117:0.07301790476917702 | -0.18204353951354402 | 0.777362658578717
0.07301790476917702 | -0.18204353951354402 | 0.777362658578717 | 0.38409847483382076 | -0.2176710934008117:0.06475262993891917 | -0.19742528858992858 | 0.7763875854060203
0.06475262993891917 | -0.19742528858992858 | 0.7763875854060203 | 0.38409847483382076 | -0.2176710934008117:0.056479530422883784 | -0.21281693061713158 | 0.7750002730735517
0.056479530422883784 | -0.21281693061713158 | 0.7750002730735517 | 0.38409847483382076 | -0.2176710934008117:0.0482036161698538 | -0.22820971071836882 | 0.7731999884579466
0.0482036161698538 | -0.22820971071836882 | 0.7731999884579466 | -0.283971269162157 | -0.9975398315406154:0.00945959332094759 | -0.2177261695722592 | 0.7796527940714242
0.00945959332094759 | -0.2177261695722592 | 0.7796527940714242 | -0.283971269162157 | -0.9975398315406154:-0.02964256463927839 | -0.2071207982215419 | 0.7840040094479122
-0.02964256463927839 | -0.2071207982215419 | 0.7840040094479122 | -0.283971269162157 | -0.9975398315406154:-0.06899588042583105 | -0.19642394071762304 | 0.7862320370707963
-0.06899588042583105 | -0.19642394071762304 | 0.7862320370707963 | -0.283971269162157 | -0.9975398315406154:-0.108492234951445 | -0.18566630774303775 | 0.7863212168595197
-0.108492234951445 | -0.18566630774303775 | 0.7863212168595197 | -0.283971269162157 | -0.9975398315406154:-0.14802267464338925 | -0.1748788896047391 | 0.7842618904012184
-0.14802267464338925 | -0.1748788896047391 | 0.7842618904012184 | 0.9310165780376114 | 0.5854768589018176:-0.12554773709245737 | -0.21165719605200894 | 0.7810198870497018
-0.12554773709245737 | -0.21165719605200894 | 0.7810198870497018 | 0.9310165780376114 | 0.5854768589018176:-0.10317451561606106 | -0.24831995069105772 | 0.7753805314874782
-0.10317451561606106 | -0.24831995069105772 | 0.7753805314874782 | 0.9310165780376114 | 0.5854768589018176:-0.08097453033841973 | -0.28475333521280977 | 0.7673511956796233
-0.08097453033841973 | -0.28475333521280977 | 0.7673511956796233 | 0.9310165780376114 | 0.5854768589018176:-0.05901901323377601 | -0.3208438120045387 | 0.7569468378785871
-0.05901901323377601 | -0.3208438120045387 | 0.7569468378785871 | 0.9310165780376114 | 0.5854768589018176:-0.03737867931994998 | -0.3564784885918495 | 0.7441899790807796
-0.03737867931994998 | -0.3564784885918495 | 0.7441899790807796 | 0.9310165780376114 | 0.5854768589018176:0.0 | 0.0 | 0.0
0.0 | 0.0 | 0.0 | 0.9310165780376114 | 0.5854768589018176:-0.01612349895631482 | -0.3915454808940575 | 0.7291106550043196
-0.01612349895631482 | -0.3915454808940575 | 0.7291106550043196 | 0.9310165780376114 | 0.5854768589018176:0.004677528012944521 | -0.42593427411191165 | 0.7117463437033464
0.004677528012944521 | -0.42593427411191165 | 0.7117463437033464 | 0.9310165780376114 | 0.5854768589018176:0.024956595534632697 | -0.45953608007330615 | 0.6921418690133976
0.024956595534632697 | -0.45953608007330615 | 0.6921418690133976 | 0.9310165780376114 | 0.5854768589018176:0.044647311313667615 | -0.49224418987315044 | 0.6703492801013482
0.044647311313667615 | -0.49224418987315044 | 0.6703492801013482 | 0.9310165780376114 | 0.5854768589018176:0.06368491275379284 | -0.5239543206578503 | 0.6464277074709628
0.06368491275379284 | -0.5239543206578503 | 0.6464277074709628 | 0.9310165780376114 | 0.5854768589018176:0.08200647816671847 | -0.5545649554228964 | 0.6204431958521326
0.08200647816671847 | -0.5545649554228964 | 0.6204431958521326 | 0.9310165780376114 | 0.5854768589018176:0.09955113255915649 | -0.5839776747137551 | 0.5924685144767494
0.09955113255915649 | -0.5839776747137551 | 0.5924685144767494 | 0.9310165780376114 | 0.5854768589018176:0.11626024732434104 | -0.6120974791455351 | 0.5625829453182547
0.11626024732434104 | -0.6120974791455351 | 0.5625829453182547 | 0.9310165780376114 | 0.5854768589018176:0.13207763318362709 | -0.638833101685762 | 0.530872049943639
0.13207763318362709 | -0.638833101685762 | 0.530872049943639 | 0.9310165780376114 | 0.5854768589018176:0.14694972574525522 | -0.6640973086767801 | 0.49742741569617976
0.14694972574525522 | -0.6640973086767801 | 0.49742741569617976 | 0.9310165780376114 | 0.5854768589018176:0.16082576307048413 | -0.6878071886098756 | 0.4623463819949194
0.16082576307048413 | -0.6878071886098756 | 0.4623463819949194 | 0.9310165780376114 | 0.5854768589018176:0.17365795466281853 | -0.7098844277019616 | 0.4257317476017164
0.17365795466281853 | -0.7098844277019616 | 0.4257317476017164 | 0.9310165780376114 | 0.5854768589018176:0.1854016413230859 | -0.7302555713674703 | 0.3876914597686181
0.1854016413230859 | -0.7302555713674703 | 0.3876914597686181 | 0.9310165780376114 | 0.5854768589018176:0.19601544534226178 | -0.7488522707228622 | 0.3483382862378903
0.19601544534226178 | -0.7488522707228622 | 0.3483382862378903 | 0.007074975780817949 | -0.7257862161987463:0.18358414614646534 | -0.7503091375581867 | 0.3555879616131108
0.18358414614646534 | -0.7503091375581867 | 0.3555879616131108 | 0.007074975780817949 | -0.7257862161987463:0.17087186042801505 | -0.7517554532453072 | 0.3623858458263811
0.17087186042801505 | -0.7517554532453072 | 0.3623858458263811 | 0.007074975780817949 | -0.7257862161987463:0.15789528073177195 | -0.7531911907048698 | 0.36872106225044377
0.15789528073177195 | -0.7531911907048698 | 0.36872106225044377 | 0.007074975780817949 | -0.7257862161987463:0.1446715173134514 | -0.7546163173381633 | 0.37458336165437345
0.1446715173134514 | -0.7546163173381633 | 0.37458336165437345 | 0.007074975780817949 | -0.7257862161987463:0.13121807421437026 | -0.75603079527089 | 0.37996313801683357
0.13121807421437026 | -0.75603079527089 | 0.37996313801683357 | -0.9857197656509582 | -0.17271228229348212:0.12782858225970983 | -0.7376296927137638 | 0.41856748022171075
0.12782858225970983 | -0.7376296927137638 | 0.41856748022171075 | -0.9857197656509582 | -0.17271228229348212:0.12410542109436662 | -0.7173009889326512 | 0.4562419618164171
0.12410542109436662 | -0.7173009889326512 | 0.4562419618164171 | -0.9857197656509582 | -0.17271228229348212:0.12005708732662868 | -0.6950907281065515 | 0.4928868756800995
0.12005708732662868 | -0.6950907281065515 | 0.4928868756800995 | -0.9857197656509582 | -0.17271228229348212:0.11569294794866636 | -0.6710499819548161 | 0.5284049094031502
0.11569294794866636 | -0.6710499819548161 | 0.5284049094031502 | -0.9857197656509582 | -0.17271228229348212:0.11102321774724189 | -0.645234727236474 | 0.5627014069034146
0.11102321774724189 | -0.645234727236474 | 0.5627014069034146 | -0.9857197656509582 | -0.17271228229348212:0.10605893442747316 | -0.6177057100323822 | 0.5956846234582684
0.10605893442747316 | -0.6177057100323822 | 0.5956846234582684 | -0.9857197656509582 | -0.17271228229348212:0.10081193151343015 | -0.5885282971572643 | 0.6272659734664643
