0.0 | 0.0 | 0.0 | -0.612969149530298 | -0.4642608244501465:-2.3200056075604156E-4 | 3.064365954309478E-4 | 0.009992610887690443
-2.3200056075604156E-4 | 3.064365954309478E-4 | 0.009992610887690443 | -0.612969149530298 | -0.4642608244501465:-9.224629707868304E-4 | 0.0012188806724087176 | 0.01984120439827068
-9.224629707868304E-4 | 0.0012188806724087176 | 0.01984120439827068 | -0.612969149530298 | -0.4642608244501465:-0.00206215170230927 | 0.0027257986264972445 | 0.02950367694380565
-0.00206215170230927 | 0.0027257986264972445 | 0.02950367694380565 | -0.612969149530298 | -0.4642608244501465:-0.0036406260865233654 | 0.0048140491112844686 | 0.038938993319966135
-0.0036406260865233654 | 0.0048140491112844686 | 0.038938993319966135 | -0.612969149530298 | -0.4642608244501465:-0.0056462800349429965 | 0.007468934157731089 | 0.048107273391026564
-0.0056462800349429965 | 0.007468934157731089 | 0.048107273391026564 | -0.612969149530298 | -0.4642608244501465:-0.008066383809474203 | 0.010674253052312843 | 0.05696987526880082
-0.008066383809474203 | 0.010674253052312843 | 0.05696987526880082 | -0.612969149530298 | -0.4642608244501465:-0.010887127734516215 | 0.01441235883495573 | 0.06548947486049275
-0.010887127734516215 | 0.01441235883495573 | 0.06548947486049275 | -0.612969149530298 | -0.4642608244501465:-0.014093667741945877 | 0.018664217274454664 | 0.07363014166866055
-0.014093667741945877 | 0.018664217274454664 | 0.07363014166866055 | -0.612969149530298 | -0.4642608244501465:-0.01767017263765369 | 0.023409468176037507 | 0.0813574107348336
-0.01767017263765369 | 0.023409468176037507 | 0.0813574107348336 | -0.612969149530298 | -0.4642608244501465:-0.021599872976329787 | 0.028626488873010003 | 0.08863835062675607
-0.021599872976329787 | 0.028626488873010003 | 0.08863835062675607 | -0.612969149530298 | -0.4642608244501465:-0.025865111429452983 | 0.034292459751982474 | 0.09544162737775241
-0.025865111429452983 | 0.034292459751982474 | 0.09544162737775241 | -0.612969149530298 | -0.4642608244501465:-0.030447394529914226 | 0.04038343165903424 | 0.10173756429529979
-0.030447394529914226 | 0.04038343165903424 | 0.10173756429529979 | -0.612969149530298 | -0.4642608244501465:-0.03532744567540963 | 0.04687439503233404 | 0.10749819756453138
-0.03532744567540963 | 0.04687439503233404 | 0.10749819756453138 | -0.612969149530298 | -0.4642608244501465:-0.040485259271665075 | 0.053739350605178315 | 0.11269732758107387
-0.040485259271665075 | 0.053739350605178315 | 0.11269732758107387 | -0.612969149530298 | -0.4642608244501465:-0.045900155895706174 | 0.06095138152216106 | 0.11731056595632472
-0.045900155895706174 | 0.06095138152216106 | 0.11731056595632472 | -0.612969149530298 | -0.4642608244501465:-0.051550838358760065 | 0.06848272671022437 | 0.12131537814697735
-0.051550838358760065 | 0.06848272671022437 | 0.12131537814697735 | -0.612969149530298 | -0.4642608244501465:-0.05741544854797109 | 0.07630485534567188 | 0.12469112166930718
-0.05741544854797109 | 0.07630485534567188 | 0.12469112166930718 | -0.612969149530298 | -0.4642608244501465:-0.0634716249259264 | 0.08438854225785009 | 0.12741907986740486
-0.0634716249259264 | 0.08438854225785009 | 0.12741907986740486 | -0.612969149530298 | -0.4642608244501465:-0.069696560567019 | 0.09270394411011068 | 0.12948249121317934
-0.069696560567019 | 0.09270394411011068 | 0.12948249121317934 | -0.612969149530298 | -0.4642608244501465:-0.07606706160992371 | 0.10122067619886113 | 0.13086657412454938
-0.07606706160992371 | 0.10122067619886113 | 0.13086657412454938 | 0.19452797222188822 | 0.4528888864396441:-0.07634399672140668 | 0.10443218726107605 | 0.13953134615596663
-0.07634399672140668 | 0.10443218726107605 | 0.13953134615596663 | 0.19452797222188822 | 0.4528888864396441:-0.0762548981711344 | 0.10745641526202138 | 0.14828598157132866
-0.0762548981711344 | 0.10745641526202138 | 0.14828598157132866 | 0.19452797222188822 | 0.4528888864396441:-0.07579838973244546 | 0.11029299884148826 | 0.15711499749050484
-0.07579838973244546 | 0.11029299884148826 | 0.15711499749050484 | 0.19452797222188822 | 0.4528888864396441:-0.07497356053352 | 0.11294177366701483 | 0.16600295271387688
-0.07497356053352 | 0.11294177366701483 | 0.16600295271387688 | 0.19452797222188822 | 0.4528888864396441:-0.07377996116202667 | 0.11540277086284001 | 0.17493446243479838
-0.07377996116202667 | 0.11540277086284001 | 0.17493446243479838 | 0.19452797222188822 | 0.4528888864396441:-0.07221759941591421 | 0.11767621528557015 | 0.18389421274704576
-0.07221759941591421 | 0.11767621528557015 | 0.18389421274704576 | 0.19452797222188822 | 0.4528888864396441:-0.07028693570752065 | 0.11976252364959827 | 0.19286697493824256
-0.07028693570752065 | 0.11976252364959827 | 0.19286697493824256 | 0.19452797222188822 | 0.4528888864396441:-0.06798887812833487 | 0.12166230250538745 | 0.20183761956045787
-0.06798887812833487 | 0.12166230250538745 | 0.20183761956045787 | 0.19452797222188822 | 0.4528888864396441:-0.06532477718191343 | 0.12337634607380121 | 0.21079113026947383
-0.06532477718191343 | 0.12337634607380121 | 0.21079113026947383 | 0.19452797222188822 | 0.4528888864396441:-0.062296420192604174 | 0.12490563393973098 | 0.21971261742444614
-0.062296420192604174 | 0.12490563393973098 | 0.21971261742444614 | 0.19452797222188822 | 0.4528888864396441:-0.05890602539788059 | 0.12625132860833654 | 0.22858733143996446
-0.05890602539788059 | 0.12625132860833654 | 0.22858733143996446 | 0.19452797222188822 | 0.4528888864396441:-0.05515623573222639 | 0.127414772927275 | 0.23740067588277247
-0.05515623573222639 | 0.127414772927275 | 0.23740067588277247 | 0.19452797222188822 | 0.4528888864396441:-0.05105011231064971 | 0.12839748737835333 | 0.24613822030568366
-0.05105011231064971 | 0.12839748737835333 | 0.24613822030568366 | 0.19452797222188822 | 0.4528888864396441:-0.04659112762002815 | 0.12920116724209763 | 0.2547857128114899
-0.04659112762002815 | 0.12920116724209763 | 0.2547857128114899 | 0.19452797222188822 | 0.4528888864396441:-0.041783158426608624 | 0.1298276796387814 | 0.2633290923399372
-0.041783158426608624 | 0.1298276796387814 | 0.2633290923399372 | -0.5513172321729285 | 0.4614751673134496:-0.03663021749456297 | 0.14028695046618656 | 0.26672595087507833
-0.03663021749456297 | 0.14028695046618656 | 0.26672595087507833 | -0.5513172321729285 | 0.4614751673134496:-0.03125918082435564 | 0.15097078642606254 | 0.2695784774933596
-0.03125918082435564 | 0.15097078642606254 | 0.2695784774933596 | -0.5513172321729285 | 0.4614751673134496:-0.025687488205032194 | 0.16185901431529692 | 0.2718701851686136
-0.025687488205032194 | 0.16185901431529692 | 0.2718701851686136 | -0.5513172321729285 | 0.4614751673134496:-0.01993301920133006 | 0.17293091361177426 | 0.273585861268935
-0.01993301920133006 | 0.17293091361177426 | 0.273585861268935 | -0.5513172321729285 | 0.4614751673134496:-0.014014055468235753 | 0.1841652611873017 | 0.274711593212948
-0.014014055468235753 | 0.1841652611873017 | 0.274711593212948 | -0.0455447157822757 | -0.7710964150476216:-0.025072940247599318 | 0.18852477676210233 | 0.27907557409433714
-0.025072940247599318 | 0.18852477676210233 | 0.27907557409433714 | -0.0455447157822757 | -0.7710964150476216:-0.03649672840565388 | 0.1928693280222027 | 0.2829133851544574
-0.03649672840565388 | 0.1928693280222027 | 0.2829133851544574 | -0.0455447157822757 | -0.7710964150476216:-0.04825935746344445 | 0.19719777024296015 | 0.28620454092551384
-0.04825935746344445 | 0.19719777024296015 | 0.28620454092551384 | -0.0455447157822757 | -0.7710964150476216:-0.060333792693587185 | 0.20150889608247358 | 0.2889298621175769
-0.060333792693587185 | 0.20150889608247358 | 0.2889298621175769 | -0.0455447157822757 | -0.7710964150476216:-0.07269209119255549 | 0.2058014393555765 | 0.2910715169641449
-0.07269209119255549 | 0.2058014393555765 | 0.2910715169641449 | 0.8718731861764413 | 0.5663779569813179:-0.06529729985547883 | 0.19629458386453935 | 0.3069775936328121
-0.06529729985547883 | 0.19629458386453935 | 0.3069775936328121 | 0.8718731861764413 | 0.5663779569813179:-0.05730371325216166 | 0.1858390517732218 | 0.32235579655928426
-0.05730371325216166 | 0.1858390517732218 | 0.32235579655928426 | 0.8718731861764413 | 0.5663779569813179:-0.04872641774277087 | 0.17445658939593622 | 0.33713123683555146
-0.04872641774277087 | 0.17445658939593622 | 0.33713123683555146 | 0.8718731861764413 | 0.5663779569813179:-0.039583086045287263 | 0.16217295693014178 | 0.3512305691824178
-0.039583086045287263 | 0.16217295693014178 | 0.3512305691824178 | 0.8718731861764413 | 0.5663779569813179:-0.029893919526743584 | 0.149017846004587 | 0.36458228446489116
-0.029893919526743584 | 0.149017846004587 | 0.36458228446489116 | 0.8718731861764413 | 0.5663779569813179:-0.01968158113960161 | 0.13502478267562257 | 0.3771169953433766
-0.01968158113960161 | 0.13502478267562257 | 0.3771169953433766 | 0.8718731861764413 | 0.5663779569813179:-0.008971119268797345 | 0.12023101625887023 | 0.38876771407030297
-0.008971119268797345 | 0.12023101625887023 | 0.38876771407030297 | 0.8718731861764413 | 0.5663779569813179:0.002210117215363905 | 0.10467739442979784 | 0.39947012147322347
0.002210117215363905 | 0.10467739442979784 | 0.39947012147322347 | 0.8718731861764413 | 0.5663779569813179:0.013832572374783414 | 0.08840822507134938 | 0.4091628261999283
0.013832572374783414 | 0.08840822507134938 | 0.4091628261999283 | 0.8718731861764413 | 0.5663779569813179:0.02586458474065667 | 0.07147112538959899 | 0.4177876133382785
0.02586458474065667 | 0.07147112538959899 | 0.4177876133382785 | 0.8718731861764413 | 0.5663779569813179:0.038272496593160454 | 0.05391685885924069 | 0.42528968156350544
0.038272496593160454 | 0.05391685885924069 | 0.42528968156350544 | 0.8718731861764413 | 0.5663779569813179:0.051020770582233865 | 0.035799160599475854 | 0.4316178680081926
0.051020770582233865 | 0.035799160599475854 | 0.4316178680081926 | 0.8718731861764413 | 0.5663779569813179:0.06407211326482787 | 0.017174551817475958 | 0.43672486009507594
0.06407211326482787 | 0.017174551817475958 | 0.43672486009507594 | 0.8718731861764413 | 0.5663779569813179:0.07738760511238829 | -0.0018978560091413854 | 0.440567393619947
0.07738760511238829 | -0.0018978560091413854 | 0.440567393619947 | 0.8718731861764413 | 0.5663779569813179:0.09092683652229572 | -0.0213565665074249 | 0.4431064364211732
0.09092683652229572 | -0.0213565665074249 | 0.4431064364211732 | -0.3937317789088972 | 0.020389979595798247:0.09248297956669216 | -0.012782338544719885 | 0.4487048917755452
0.09248297956669216 | -0.012782338544719885 | 0.4487048917755452 | -0.3937317789088972 | 0.020389979595798247:0.09403902330279212 | -0.003993612855203388 | 0.4540791474017656
0.09403902330279212 | -0.003993612855203388 | 0.4540791474017656 | -0.3937317789088972 | 0.020389979595798247:0.09559473590639422 | 0.0050030479047009635 | 0.45922350289253266
0.09559473590639422 | 0.0050030479047009635 | 0.45922350289253266 | -0.3937317789088972 | 0.020389979595798247:0.09714987837101674 | 0.014200961962785641 | 0.4641324449550073
0.09714987837101674 | 0.014200961962785641 | 0.4641324449550073 | -0.3937317789088972 | 0.020389979595798247:0.09870420477331532 | 0.023593333323557175 | 0.4688006493106993
0.09870420477331532 | 0.023593333323557175 | 0.4688006493106993 | -0.44300006615222576 | -0.22477726839265344:0.0944500709372218 | 0.034339150320413125 | 0.4743332391424051
0.0944500709372218 | 0.034339150320413125 | 0.4743332391424051 | -0.44300006615222576 | -0.22477726839265344:0.09006998527688492 | 0.045312709364869974 | 0.4795290658561093
0.09006998527688492 | 0.045312709364869974 | 0.4795290658561093 | -0.44300006615222576 | -0.22477726839265344:0.08556904227860884 | 0.0565043111732253 | 0.48437917476346115
0.08556904227860884 | 0.0565043111732253 | 0.48437917476346115 | -0.44300006615222576 | -0.22477726839265344:0.0809524501430241 | 0.06790402589504207 | 0.48887497455192275
0.0809524501430241 | 0.06790402589504207 | 0.48887497455192275 | -0.44300006615222576 | -0.22477726839265344:0.07622552548478878 | 0.07950170351401109 | 0.49300824357961304
0.07622552548478878 | 0.07950170351401109 | 0.49300824357961304 | 0.2555138832343067 | -0.20644679817898304:0.07181917916617664 | 0.07391387561790896 | 0.49959051038901947
0.07181917916617664 | 0.07391387561790896 | 0.49959051038901947 | 0.2555138832343067 | -0.20644679817898304:0.06728924911954193 | 0.06817389037042076 | 0.5060221006208891
0.06728924911954193 | 0.06817389037042076 | 0.5060221006208891 | 0.2555138832343067 | -0.20644679817898304:0.06263823169464422 | 0.062284792295095315 | 0.5122987036433031
0.06263823169464422 | 0.062284792295095315 | 0.5122987036433031 | 0.2555138832343067 | -0.20644679817898304:0.057868669218056557 | 0.05624968363415217 | 0.5184161086777337
0.057868669218056557 | 0.05624968363415217 | 0.5184161086777337 | 0.2555138832343067 | -0.20644679817898304:0.05298314857813935 | 0.050071722601151336 | 0.524370205704006
0.05298314857813935 | 0.050071722601151336 | 0.524370205704006 | 0.2555138832343067 | -0.20644679817898304:0.047984299807801944 | 0.04375412163066095 | 0.5301569863215114
0.047984299807801944 | 0.04375412163066095 | 0.5301569863215114 | 0.2555138832343067 | -0.20644679817898304:0.042874794665504146 | 0.037300145625489556 | 0.5357725445667576
0.042874794665504146 | 0.037300145625489556 | 0.5357725445667576 | 0.2555138832343067 | -0.20644679817898304:0.03765734521494535 | 0.030713110202025717 | 0.5412130776875337
0.03765734521494535 | 0.030713110202025717 | 0.5412130776875337 | 0.2555138832343067 | -0.20644679817898304:0.03233470240388303 | 0.023996379934249745 | 0.546474886873856
0.03233470240388303 | 0.023996379934249745 | 0.546474886873856 | 0.2555138832343067 | -0.20644679817898304:0.02690965464252021 | 0.017153366596951436 | 0.5515543779458909
0.02690965464252021 | 0.017153366596951436 | 0.5515543779458909 | 0.2555138832343067 | -0.20644679817898304:0.021385026381894934 | 0.01018752740869111 | 0.5564480619991627
0.021385026381894934 | 0.01018752740869111 | 0.5564480619991627 | 0.2555138832343067 | -0.20644679817898304:0.01576367669270018 | 0.00310236327504132 | 0.5611525560071726
0.01576367669270018 | 0.00310236327504132 | 0.5611525560071726 | 0.2555138832343067 | -0.20644679817898304:0.010048497844959148 | -0.004098582967365871 | 0.5656645833817748
0.010048497844959148 | -0.004098582967365871 | 0.5656645833817748 | 0.2555138832343067 | -0.20644679817898304:0.0042424138889743945 | -0.011411728305473545 | 0.5699809744914646
0.0042424138889743945 | -0.011411728305473545 | 0.5699809744914646 | 0.2555138832343067 | -0.20644679817898304:-0.0016516207620339562 | -0.018833451302582738 | 0.5740986671379353
-0.0016516207620339562 | -0.018833451302582738 | 0.5740986671379353 | -0.7777316122732763 | 0.8334227398661096:0.022443722058995974 | 0.0035258259501720346 | 0.5782196212000557
0.022443722058995974 | 0.0035258259501720346 | 0.5782196212000557 | -0.7777316122732763 | 0.8334227398661096:0.046826902174997465 | 0.02619180545912414 | 0.5804044272481974
0.046826902174997465 | 0.02619180545912414 | 0.5804044272481974 | -0.7777316122732763 | 0.8334227398661096:0.07141207468467647 | 0.04908502770164702 | 0.5806195520877431
0.07141207468467647 | 0.04908502770164702 | 0.5806195520877431 | -0.7777316122732763 | 0.8334227398661096:0.09611173086107055 | 0.07212434051398109 | 0.5788386656626336
0.09611173086107055 | 0.07212434051398109 | 0.5788386656626336 | -0.7777316122732763 | 0.8334227398661096:0.12083702805276327 | 0.09522720393862816 | 0.5750427954794759
0.12083702805276327 | 0.09522720393862816 | 0.5750427954794759 | -0.7777316122732763 | 0.8334227398661096:0.14549812619457042 | 0.11831000178718121 | 0.5692204528640943
0.14549812619457042 | 0.11831000178718121 | 0.5692204528640943 | -0.7777316122732763 | 0.8334227398661096:0.1700045296304762 | 0.14128835871857692 | 0.5613677305113569
0.1700045296304762 | 0.14128835871857692 | 0.5613677305113569 | -0.7777316122732763 | 0.8334227398661096:0.19426543293153709 | 0.16407746161184544 | 0.5514883708993104
0.19426543293153709 | 0.16407746161184544 | 0.5514883708993104 | -0.7777316122732763 | 0.8334227398661096:0.21819006937643926 | 0.18659238399629086 | 0.5395938052505613
0.21819006937643926 | 0.18659238399629086 | 0.5395938052505613 | -0.7777316122732763 | 0.8334227398661096:0.2416880607524149 | 0.2087484122904808 | 0.5257031628367415
0.2416880607524149 | 0.2087484122904808 | 0.5257031628367415 | -0.7777316122732763 | 0.8334227398661096:0.26466976712933665 | 0.23046137259467692 | 0.5098432505350736
0.26466976712933665 | 0.23046137259467692 | 0.5098432505350736 | -0.7777316122732763 | 0.8334227398661096:0.28704663526000074 | 0.25164795677931195 | 0.49204850265984135
0.28704663526000074 | 0.25164795677931195 | 0.49204850265984135 | -0.7777316122732763 | 0.8334227398661096:0.3087315442648808 | 0.27222604661483274 | 0.47236090120475893
0.3087315442648808 | 0.27222604661483274 | 0.47236090120475893 | -0.7777316122732763 | 0.8334227398661096:0.3296391472699365 | 0.2921150346956436 | 0.45082986674471925
0.3296391472699365 | 0.2921150346956436 | 0.45082986674471925 | -0.7777316122732763 | 0.8334227398661096:0.3496862076813594 | 0.31123614092300134 | 0.42751212035718567
0.3496862076813594 | 0.31123614092300134 | 0.42751212035718567 | 0.18986966216483236 | -0.6733278873305171:0.33693335233202326 | 0.30893706050721725 | 0.4445258736437765
0.33693335233202326 | 0.30893706050721725 | 0.4445258736437765 | 0.18986966216483236 | -0.6733278873305171:0.3235097811887 | 0.306434769600898 | 0.46113219273951955
0.3235097811887 | 0.306434769600898 | 0.46113219273951955 | 0.18986966216483236 | -0.6733278873305171:0.30942898478539016 | 0.30373305713774457 | 0.4773023237616485
0.30942898478539016 | 0.30373305713774457 | 0.4773023237616485 | 0.18986966216483236 | -0.6733278873305171:0.29470556960424776 | 0.3008360280173772 | 0.4930080450776515
0.29470556960424776 | 0.3008360280173772 | 0.4930080450776515 | 0.18986966216483236 | -0.6733278873305171:0.2793552369354648 | 0.2977480973732831 | 0.5082217129162103
0.2793552369354648 | 0.2977480973732831 | 0.5082217129162103 | 0.18986966216483236 | -0.6733278873305171:0.2633947600631634 | 0.29447398436418126 | 0.5229163060380344
0.2633947600631634 | 0.29447398436418126 | 0.5229163060380344 | 0.18986966216483236 | -0.6733278873305171:0.24684195981655233 | 0.2910187054995461 | 0.5370654694022079
0.24684195981655233 | 0.2910187054995461 | 0.5370654694022079 | 0.18986966216483236 | -0.6733278873305171:0.2297156785277732 | 0.2873875675107218 | 0.5506435567656922
0.2297156785277732 | 0.2873875675107218 | 0.5506435567656922 | 0.18986966216483236 | -0.6733278873305171:0.21203575244003048 | 0.2835861597795848 | 0.5636256721552115
0.21203575244003048 | 0.2835861597795848 | 0.5636256721552115 | 0.18986966216483236 | -0.6733278873305171:0.19382298261162223 | 0.27962034633736366 | 0.5759877101527735
0.19382298261162223 | 0.27962034633736366 | 0.5759877101527735 | 0.18986966216483236 | -0.6733278873305171:0.17509910436349063 | 0.27549625744677364 | 0.5877063949379462
0.17509910436349063 | 0.27549625744677364 | 0.5877063949379462 | 0.18986966216483236 | -0.6733278873305171:0.15588675531980645 | 0.2712202807811561 | 0.5987593180321866
0.15588675531980645 | 0.2712202807811561 | 0.5987593180321866 | 0.18986966216483236 | -0.6733278873305171:0.13620944209293295 | 0.266799052214866 | 0.6091249746923708
0.13620944209293295 | 0.266799052214866 | 0.6091249746923708 | 0.18986966216483236 | -0.6733278873305171:0.1160915056658629 | 0.26223944623963114 | 0.6187827989031831
0.1160915056658629 | 0.26223944623963114 | 0.6187827989031831 | 0.18986966216483236 | -0.6733278873305171:0.09555808552687406 | 0.2575485660220842 | 0.6277131969198848
0.09555808552687406 | 0.2575485660220842 | 0.6277131969198848 | 0.9983179843870444 | 0.5950965578911973:0.11507587061164415 | 0.22694584836541942 | 0.6395807945087455
0.11507587061164415 | 0.22694584836541942 | 0.6395807945087455 | 0.9983179843870444 | 0.5950965578911973:0.13497429312330134 | 0.19563296383383566 | 0.649323057304585
0.13497429312330134 | 0.19563296383383566 | 0.649323057304585 | 0.9983179843870444 | 0.5950965578911973:0.1551879406104728 | 0.16371851551055983 | 0.6568866838599803
0.1551879406104728 | 0.16371851551055983 | 0.6568866838599803 | 0.9983179843870444 | 0.5950965578911973:0.17564972187202166 | 0.13131411305173835 | 0.6622260567917735
0.17564972187202166 | 0.13131411305173835 | 0.6622260567917735 | 0.9983179843870444 | 0.5950965578911973:0.19629111098341046 | 0.09853396868089526 | 0.6653034592143356
0.19629111098341046 | 0.09853396868089526 | 0.6653034592143356 | -0.4991797621294667 | -0.6387711196293777:0.1757788481055904 | 0.11559871733525817 | 0.6714242827756891
0.1757788481055904 | 0.11559871733525817 | 0.6714242827756891 | -0.4991797621294667 | -0.6387711196293777:0.15499749340653501 | 0.13287641797224303 | 0.6764400084570639
0.15499749340653501 | 0.13287641797224303 | 0.6764400084570639 | -0.4991797621294667 | -0.6387711196293777:0.13398432356387424 | 0.1503382705377394 | 0.6803331405696795
0.13398432356387424 | 0.1503382705377394 | 0.6803331405696795 | -0.4991797621294667 | -0.6387711196293777:0.11277725530281746 | 0.16795494807403344 | 0.683088237160149
0.11277725530281746 | 0.16795494807403344 | 0.683088237160149 | -0.4991797621294667 | -0.6387711196293777:0.09141477358417838 | 0.18569665238815958 | 0.6846919468477637
0.09141477358417838 | 0.18569665238815958 | 0.6846919468477637 | -0.4991797621294667 | -0.6387711196293777:0.06993585860239637 | 0.2035331707005419 | 0.6851330416172914
0.06993585860239637 | 0.2035331707005419 | 0.6851330416172914 | -0.4991797621294667 | -0.6387711196293777:0.048379911735618286 | 0.221433933163647 | 0.6844024455069757
0.048379911735618286 | 0.221433933163647 | 0.6844024455069757 | -0.4991797621294667 | -0.6387711196293777:0.0267866805915995 | 0.23936807113899938 | 0.6824932591390649
0.0267866805915995 | 0.23936807113899938 | 0.6824932591390649 | -0.4991797621294667 | -0.6387711196293777:0.005196183294560619 | 0.25730447611965346 | 0.679400780048411
0.005196183294560619 | 0.25730447611965346 | 0.679400780048411 | -0.4991797621294667 | -0.6387711196293777:-0.01635136784067992 | 0.2752118591842887 | 0.6751225187726817
-0.01635136784067992 | 0.2752118591842887 | 0.6751225187726817 | -0.24243454358924565 | -0.07003902854455113:-0.01877309586496434 | 0.2844272053560921 | 0.6741693736303489
-0.01877309586496434 | 0.2844272053560921 | 0.6741693736303489 | -0.24243454358924565 | -0.07003902854455113:-0.021198986349381777 | 0.29364964944272387 | 0.6730581203504471
-0.021198986349381777 | 0.29364964944272387 | 0.6730581203504471 | -0.24243454358924565 | -0.07003902854455113:-0.02362827366451814 | 0.302876623718598 | 0.6717887945535495
-0.02362827366451814 | 0.302876623718598 | 0.6717887945535495 | -0.24243454358924565 | -0.07003902854455113:-0.02606019499323331 | 0.31210556911675447 | 0.6703614729590583
-0.02606019499323331 | 0.31210556911675447 | 0.6703614729590583 | -0.24243454358924565 | -0.07003902854455113:-0.02849399047339496 | 0.3213339357329872 | 0.6687762730881985
-0.02849399047339496 | 0.3213339357329872 | 0.6687762730881985 | -0.24243454358924565 | -0.07003902854455113:-0.03092890333893461 | 0.3305591833241195 | 0.6670333529621857
-0.03092890333893461 | 0.3305591833241195 | 0.6670333529621857 | -0.24243454358924565 | -0.07003902854455113:-0.03336418005922592 | 0.3397787818004261 | 0.6651329107955775
-0.03336418005922592 | 0.3397787818004261 | 0.6651329107955775 | -0.24243454358924565 | -0.07003902854455113:-0.03579907047678077 | 0.3489902117121524 | 0.6630751846849847
-0.03579907047678077 | 0.3489902117121524 | 0.6630751846849847 | -0.24243454358924565 | -0.07003902854455113:-0.03823282794325067 | 0.3581909647301629 | 0.66086045229315
-0.03823282794325067 | 0.3581909647301629 | 0.66086045229315 | -0.24243454358924565 | -0.07003902854455113:-0.040664709453746894 | 0.36737854412066895 | 0.6584890305285498
-0.040664709453746894 | 0.36737854412066895 | 0.6584890305285498 | 0.0378817444754731 | -0.772971648260885:-0.06631887113228174 | 0.3673178912544479 | 0.6592510237280464
-0.06631887113228174 | 0.3673178912544479 | 0.6592510237280464 | 0.0378817444754731 | -0.772971648260885:-0.09206260671186506 | 0.367239925092548 | 0.6589922191893578
-0.09206260671186506 | 0.367239925092548 | 0.6589922191893578 | 0.0378817444754731 | -0.772971648260885:-0.11785444877808349 | 0.367146791995399 | 0.6577071343272394
-0.11785444877808349 | 0.367146791995399 | 0.6577071343272394 | 0.0378817444754731 | -0.772971648260885:-0.1436526649233567 | 0.3670406517372804 | 0.6553920017997612
-0.1436526649233567 | 0.3670406517372804 | 0.6553920017997612 | 0.0378817444754731 | -0.772971648260885:-0.16941532913578072 | 0.3669236740305699 | 0.6520447805923908
-0.16941532913578072 | 0.3669236740305699 | 0.6520447805923908 | 0.0378817444754731 | -0.772971648260885:-0.19510039359035236 | 0.3667980350273652 | 0.6476651641177753
-0.19510039359035236 | 0.3667980350273652 | 0.6476651641177753 | 0.0378817444754731 | -0.772971648260885:-0.2206657607185898 | 0.36666591380447855 | 0.6422545853190371
-0.2206657607185898 | 0.36666591380447855 | 0.6422545853190371 | 0.0378817444754731 | -0.772971648260885:-0.24606935543233366 | 0.36652948883794423 | 0.6358162187696692
-0.24606935543233366 | 0.36652948883794423 | 0.6358162187696692 | 0.0378817444754731 | -0.772971648260885:-0.271269197377463 | 0.36639093447306337 | 0.6283549797679484
-0.271269197377463 | 0.36639093447306337 | 0.6283549797679484 | 0.0378817444754731 | -0.772971648260885:-0.29622347309346164 | 0.366252417396133 | 0.6198775204292417
-0.29622347309346164 | 0.366252417396133 | 0.6198775204292417 | 0.6529083817867118 | 0.5062905048557711:-0.2809409564782932 | 0.3468083761775098 | 0.6406142136516451
-0.2809409564782932 | 0.3468083761775098 | 0.6406142136516451 | 0.6529083817867118 | 0.5062905048557711:-0.2651002631809911 | 0.3266287882722523 | 0.6603439853283106
-0.2651002631809911 | 0.3266287882722523 | 0.6603439853283106 | 0.6529083817867118 | 0.5062905048557711:-0.24872746986309302 | 0.30574660297329004 | 0.6790256205553931
-0.24872746986309302 | 0.30574660297329004 | 0.6790256205553931 | 0.6529083817867118 | 0.5062905048557711:-0.23184976122782164 | 0.28419622797970945 | 0.6966197029778556
-0.23184976122782164 | 0.28419622797970945 | 0.6966197029778556 | 0.6529083817867118 | 0.5062905048557711:-0.21449538110430133 | 0.26201346762718813 | 0.7130886953345481
-0.21449538110430133 | 0.26201346762718813 | 0.7130886953345481 | 0.27763369410108885 | 0.34507431757461937:-0.20263823618198895 | 0.25276219924767673 | 0.7221725548643008
-0.20263823618198895 | 0.25276219924767673 | 0.7221725548643008 | 0.27763369410108885 | 0.34507431757461937:-0.19058991694082916 | 0.24335253142145064 | 0.7309199861512354
-0.19058991694082916 | 0.24335253142145064 | 0.7309199861512354 | 0.27763369410108885 | 0.34507431757461937:-0.1783567126018233 | 0.23378950149663424 | 0.7393244747239152
-0.1783567126018233 | 0.23378950149663424 | 0.7393244747239152 | 0.27763369410108885 | 0.34507431757461937:-0.165945037080228 | 0.22407824833030077 | 0.7473797093930443
-0.165945037080228 | 0.22407824833030077 | 0.7473797093930443 | 0.27763369410108885 | 0.34507431757461937:-0.15336142488910154 | 0.21422400902043037 | 0.7550795859292663
-0.15336142488910154 | 0.21422400902043037 | 0.7550795859292663 | 0.27763369410108885 | 0.34507431757461937:-0.14061252698357718 | 0.20423211558923882 | 0.7624182106070805
-0.14061252698357718 | 0.20423211558923882 | 0.7624182106070805 | 0.27763369410108885 | 0.34507431757461937:-0.12770510654847467 | 0.19410799161994063 | 0.7693899036133303
-0.12770510654847467 | 0.19410799161994063 | 0.7693899036133303 | 0.27763369410108885 | 0.34507431757461937:-0.11464603473184498 | 0.18385714884904658 | 0.775989202318911
-0.11464603473184498 | 0.18385714884904658 | 0.775989202318911 | 0.27763369410108885 | 0.34507431757461937:-0.10144228632708474 | 0.17348518371629496 | 0.782210864412562
-0.10144228632708474 | 0.17348518371629496 | 0.782210864412562 | 0.27763369410108885 | 0.34507431757461937:-0.0881009354062563 | 0.1629977738743733 | 0.7880498708954349
-0.0881009354062563 | 0.1629977738743733 | 0.7880498708954349 | -0.636236628452467 | 0.8510336017880089:-0.05486473687368054 | 0.18842265062771446 | 0.7873542778844467
-0.05486473687368054 | 0.18842265062771446 | 0.7873542778844467 | -0.636236628452467 | 0.8510336017880089:-0.021643998004393428 | 0.21386608791842576 | 0.7844083413045269
-0.021643998004393428 | 0.21386608791842576 | 0.7844083413045269 | -0.636236628452467 | 0.8510336017880089:0.011463419438060285 | 0.23925500802442556 | 0.7792106455311938
0.011463419438060285 | 0.23925500802442556 | 0.7792106455311938 | -0.636236628452467 | 0.8510336017880089:0.04435961056254989 | 0.26451619417586514 | 0.7717664536264266
0.04435961056254989 | 0.26451619417586514 | 0.7717664536264266 | -0.636236628452467 | 0.8510336017880089:0.07694692163113226 | 0.2895765104572696 | 0.7620877132847994
0.07694692163113226 | 0.2895765104572696 | 0.7620877132847994 | -0.10005377039009455 | -0.928572513246537:0.04165363591188953 | 0.2940342990093967 | 0.765069639193058
0.04165363591188953 | 0.2940342990093967 | 0.765069639193058 | -0.10005377039009455 | -0.928572513246537:0.0061825711639338365 | 0.2985088145846362 | 0.7663703135028044
0.0061825711639338365 | 0.2985088145846362 | 0.7663703135028044 | -0.10005377039009455 | -0.928572513246537:-0.029386366337656344 | 0.3029915399231129 | 0.7659798164492173
-0.029386366337656344 | 0.3029915399231129 | 0.7659798164492173 | -0.10005377039009455 | -0.928572513246537:-0.06497275960713766 | 0.30747389238321077 | 0.7638921059105286
-0.06497275960713766 | 0.30747389238321077 | 0.7638921059105286 | -0.10005377039009455 | -0.928572513246537:-0.10049586832999235 | 0.31194724407257013 | 0.7601050423672433
-0.10049586832999235 | 0.31194724407257013 | 0.7601050423672433 | -0.10005377039009455 | -0.928572513246537:-0.13587481735756546 | 0.3164029421219645 | 0.7546204046613525
-0.13587481735756546 | 0.3164029421219645 | 0.7546204046613525 | -0.10005377039009455 | -0.928572513246537:-0.17102878586719816 | 0.32083232905389636 | 0.74744389650985
-0.17102878586719816 | 0.32083232905389636 | 0.74744389650985 | -0.10005377039009455 | -0.928572513246537:-0.20587719673903093 | 0.3252267631976835 | 0.738585143748935
-0.20587719673903093 | 0.3252267631976835 | 0.738585143748935 | -0.10005377039009455 | -0.928572513246537:-0.24033990570014785 | 0.3295776391025633 | 0.7280576823070248
-0.24033990570014785 | 0.3295776391025633 | 0.7280576823070248 | -0.10005377039009455 | -0.928572513246537:-0.2743373897872945 | 0.33387640790052586 | 0.7158789369270835
-0.2743373897872945 | 0.33387640790052586 | 0.7158789369270835 | 0.06345859868809356 | 0.8950823315884935:-0.24246167485264314 | 0.33225290009088937 | 0.7299175568603715
-0.24246167485264314 | 0.33225290009088937 | 0.7299175568603715 | 0.06345859868809356 | 0.8950823315884935:-0.20992152437099665 | 0.33057387492223356 | 0.7425181521497279
-0.20992152437099665 | 0.33057387492223356 | 0.7425181521497279 | 0.06345859868809356 | 0.8950823315884935:-0.17678237659673912 | 0.3288439822297242 | 0.7536491180146783
-0.17678237659673912 | 0.3288439822297242 | 0.7536491180146783 | 0.06345859868809356 | 0.8950823315884935:-0.14311115233627714 | 0.32706798112977253 | 0.7632818777956203
-0.14311115233627714 | 0.32706798112977253 | 0.7632818777956203 | 0.06345859868809356 | 0.8950823315884935:-0.10897611410216235 | 0.32525073015176176 | 0.7713909519856657
-0.10897611410216235 | 0.32525073015176176 | 0.7713909519856657 | 0.06345859868809356 | 0.8950823315884935:-0.0744467221244367 | 0.3233971771364921 | 0.7779540206287834
-0.0744467221244367 | 0.3233971771364921 | 0.7779540206287834 | 0.06345859868809356 | 0.8950823315884935:-0.039593487531592975 | 0.32151234892312175 | 0.7829519789431885
-0.039593487531592975 | 0.32151234892312175 | 0.7829519789431885 | 0.06345859868809356 | 0.8950823315884935:-0.004487823019674431 | 0.31960134084710035 | 0.786368986044053
-0.004487823019674431 | 0.31960134084710035 | 0.786368986044053 | 0.06345859868809356 | 0.8950823315884935:0.030798108666540314 | 0.3176693060717639 | 0.7881925066544682
0.030798108666540314 | 0.3176693060717639 | 0.7881925066544682 | 0.06345859868809356 | 0.8950823315884935:0.06619154811159822 | 0.3157214447768766 | 0.7884133457090172
0.06619154811159822 | 0.3157214447768766 | 0.7884133457090172 | 0.06345859868809356 | 0.8950823315884935:0.1016192941340085 | 0.31376299322744217 | 0.7870256757695699
0.1016192941340085 | 0.31376299322744217 | 0.7870256757695699 | 0.06345859868809356 | 0.8950823315884935:0.1370078598815082 | 0.3117992127465783 | 0.7840270571889647
0.1370078598815082 | 0.3117992127465783 | 0.7840270571889647 | 0.06345859868809356 | 0.8950823315884935:0.17228362977846357 | 0.3098353786163557 | 0.7794184509735942
0.17228362977846357 | 0.3098353786163557 | 0.7794184509735942 | 0.06345859868809356 | 0.8950823315884935:0.20737301698510313 | 0.307876768930619 | 0.7732042243120674
0.20737301698510313 | 0.307876768930619 | 0.7732042243120674 | 0.06345859868809356 | 0.8950823315884935:0.24220262102720236 | 0.3059286534240755 | 0.7653921487528805
0.24220262102720236 | 0.3059286534240755 | 0.7653921487528805 | 0.06345859868809356 | 0.8950823315884935:0.2766993852545132 | 0.30399628230176035 | 0.7559933910301169
0.2766993852545132 | 0.30399628230176035 | 0.7559933910301169 | 0.06345859868809356 | 0.8950823315884935:0.31079075378662546 | 0.3020848750931222 | 0.7450224965520675
0.31079075378662546 | 0.3020848750931222 | 0.7450224965520675 | 0.06345859868809356 | 0.8950823315884935:0.34440482760609914 | 0.3001996095549728 | 0.7324973655833844
0.34440482760609914 | 0.3001996095549728 | 0.7324973655833844 | 0.06345859868809356 | 0.8950823315884935:0.3774705194605765 | 0.29834561064723175 | 0.7184392221676177
0.3774705194605765 | 0.29834561064723175 | 0.7184392221676177 | 0.06345859868809356 | 0.8950823315884935:0.4099177072381792 | 0.2965279396054399 | 0.702872575852183
