0.0 | 0.0 | 0.0 | -0.8460849302896944 | -0.5705235699592393:-2.849679116696264E-4 | 4.2291629349544557E-4 | 0.00998698828967045
-2.849679116696264E-4 | 4.2291629349544557E-4 | 0.00998698828967045 | -0.8460849302896944 | -0.5705235699592393:0.0 | 0.0 | 0.0
0.0 | 0.0 | 0.0 | -0.8460849302896944 | -0.5705235699592393:-0.0011321885085758844 | 0.0016813588029441773 | 0.019796494178435
-0.0011321885085758844 | 0.0016813588029441773 | 0.019796494178435 | -0.41293239057503706 | 0.608441664289433:-7.920631528299592E-4 | 0.003118906626635609 | 0.02952616565719731
-7.920631528299592E-4 | 0.003118906626635609 | 0.02952616565719731 | -0.41293239057503706 | 0.608441664289433:1.383235998722713E-4 | 0.004945649935253593 | 0.0390921455182463
1.383235998722713E-4 | 0.004945649935253593 | 0.0390921455182463 | -0.41293239057503706 | 0.608441664289433:0.0016467435741149598 | 0.00715380672212762 | 0.048457058245296364
0.0016467435741149598 | 0.00715380672212762 | 0.048457058245296364 | -0.41293239057503706 | 0.608441664289433:0.0037195693647755065 | 0.009734634065494352 | 0.05758449980229771
0.0037195693647755065 | 0.009734634065494352 | 0.05758449980229771 | -0.41293239057503706 | 0.608441664289433:0.006341820561672478 | 0.012678458794702974 | 0.06643910707973788
0.006341820561672478 | 0.012678458794702974 | 0.06643910707973788 | 0.36261150852693214 | 0.03768271819648139:0.00735473143186121 | 0.013045804466874311 | 0.07578982220861008
0.00735473143186121 | 0.013045804466874311 | 0.07578982220861008 | 0.36261150852693214 | 0.03768271819648139:0.008393499691247593 | 0.013063453303492567 | 0.0850773873219337
0.008393499691247593 | 0.013063453303492567 | 0.0850773873219337 | 0.36261150852693214 | 0.03768271819648139:0.009457782226586664 | 0.01273562891918556 | 0.09429285068874083
0.009457782226586664 | 0.01273562891918556 | 0.09429285068874083 | 0.36261150852693214 | 0.03768271819648139:0.010547216630311718 | 0.012066732014124115 | 0.10342742006579142
0.010547216630311718 | 0.012066732014124115 | 0.10342742006579142 | 0.36261150852693214 | 0.03768271819648139:0.011661421684007058 | 0.011061335846168863 | 0.11247246537960498
0.011661421684007058 | 0.011061335846168863 | 0.11247246537960498 | 0.36261150852693214 | 0.03768271819648139:0.012799997843949702 | 0.009724181681134092 | 0.12141952130133982
0.012799997843949702 | 0.009724181681134092 | 0.12141952130133982 | 0.36261150852693214 | 0.03768271819648139:0.013962527728502316 | 0.008060174223274652 | 0.13026028971485282
0.013962527728502316 | 0.008060174223274652 | 0.13026028971485282 | 0.36261150852693214 | 0.03768271819648139:0.015148576607142 | 0.00607437702808411 | 0.13898664207830058
0.015148576607142 | 0.00607437702808411 | 0.13898664207830058 | 0.36261150852693214 | 0.03768271819648139:0.016357692890911546 | 0.0037720078994682993 | 0.14759062167968318
0.016357692890911546 | 0.0037720078994682993 | 0.14759062167968318 | 0.36261150852693214 | 0.03768271819648139:0.017589408624082342 | 0.0011584342733400588 | 0.15606444578675838
0.017589408624082342 | 0.0011584342733400588 | 0.15606444578675838 | 0.36261150852693214 | 0.03768271819648139:0.018843239976820025 | -0.0017608314103444433 | 0.16440050769179182
0.018843239976820025 | -0.0017608314103444433 | 0.16440050769179182 | 0.36261150852693214 | 0.03768271819648139:0.020118687738646723 | -0.004980136345107078 | 0.1725913786516371
0.020118687738646723 | -0.004980136345107078 | 0.1725913786516371 | 0.36261150852693214 | 0.03768271819648139:0.021415237812495685 | -0.00849369200304928 | 0.18062980972367337
0.021415237812495685 | -0.00849369200304928 | 0.18062980972367337 | 0.36261150852693214 | 0.03768271819648139:0.022732361709156906 | -0.012295578785580186 | 0.188508733498155
0.022732361709156906 | -0.012295578785580186 | 0.188508733498155 | 0.36261150852693214 | 0.03768271819648139:0.024069517041914346 | -0.016379750677839144 | 0.19622126572756438
0.024069517041914346 | -0.016379750677839144 | 0.19622126572756438 | 0.36261150852693214 | 0.03768271819648139:0.025426148021178374 | -0.020740039904906138 | 0.20376070685357783
0.025426148021178374 | -0.020740039904906138 | 0.20376070685357783 | 0.36261150852693214 | 0.03768271819648139:0.026801685948918852 | -0.025370161587916162 | 0.21112054343229847
0.026801685948918852 | -0.025370161587916162 | 0.21112054343229847 | 0.36261150852693214 | 0.03768271819648139:0.0281955497127076 | -0.03026371839821762 | 0.21829444945842047
0.0281955497127076 | -0.03026371839821762 | 0.21829444945842047 | 0.36261150852693214 | 0.03768271819648139:0.029607146279180596 | -0.035414205207739524 | 0.22527628758903262
0.029607146279180596 | -0.035414205207739524 | 0.22527628758903262 | 0.36261150852693214 | 0.03768271819648139:0.031035871186734232 | -0.040815013733758176 | 0.23206011026778395
0.031035871186734232 | -0.040815013733758176 | 0.23206011026778395 | -0.8967309768835559 | 0.8748058565632233:0.04254545294517642 | -0.03134698376102385 | 0.2395201016880839
0.04254545294517642 | -0.03134698376102385 | 0.2395201016880839 | -0.8967309768835559 | 0.8748058565632233:0.05466069214344943 | -0.02121305670812612 | 0.24593528588669056
0.05466069214344943 | -0.02121305670812612 | 0.24593528588669056 | -0.8967309768835559 | 0.8748058565632233:0.06732556467817163 | -0.010469049394428831 | 0.25122412893618185
0.06732556467817163 | -0.010469049394428831 | 0.25122412893618185 | -0.8967309768835559 | 0.8748058565632233:0.08047957722842636 | 8.245038816516725E-4 | 0.25531126833900863
0.08047957722842636 | 8.245038816516725E-4 | 0.25531126833900863 | -0.8967309768835559 | 0.8748058565632233:0.09405811019640709 | 0.012602692145538219 | 0.25812799086271276
0.09405811019640709 | 0.012602692145538219 | 0.25812799086271276 | -0.16420232119384348 | -0.6588923919271501:0.08776246574235957 | 0.01510957846553218 | 0.26785350935290886
0.08776246574235957 | 0.01510957846553218 | 0.26785350935290886 | -0.16420232119384348 | -0.6588923919271501:0.08090260336507427 | 0.017748249754821144 | 0.27734311356491137
0.08090260336507427 | 0.017748249754821144 | 0.27734311356491137 | -0.16420232119384348 | -0.6588923919271501:0.07348933945711511 | 0.020516223493255215 | 0.2865687895790474
0.07348933945711511 | 0.020516223493255215 | 0.2865687895790474 | -0.16420232119384348 | -0.6588923919271501:0.06553465458655805 | 0.023410723722928406 | 0.2955030985252183
0.06553465458655805 | 0.023410723722928406 | 0.2955030985252183 | -0.16420232119384348 | -0.6588923919271501:0.05705166527183869 | 0.026428687897992686 | 0.304119223682509
0.05705166527183869 | 0.026428687897992686 | 0.304119223682509 | -0.16420232119384348 | -0.6588923919271501:0.04805459409561097 | 0.029566774153942932 | 0.3123910161983776
0.04805459409561097 | 0.029566774153942932 | 0.3123910161983776 | -0.16420232119384348 | -0.6588923919271501:0.038558738217421284 | 0.0328213689817024 | 0.32029303936956754
0.038558738217421284 | 0.0328213689817024 | 0.32029303936956754 | -0.16420232119384348 | -0.6588923919271501:0.02858043634675278 | 0.0361885952914055 | 0.3278006114294394
0.02858043634675278 | 0.0361885952914055 | 0.3278006114294394 | -0.16420232119384348 | -0.6588923919271501:0.01813703423963231 | 0.039664320850341106 | 0.33488984678908285
0.01813703423963231 | 0.039664320850341106 | 0.33488984678908285 | -0.16420232119384348 | -0.6588923919271501:0.007246848783545978 | 0.04324416707913359 | 0.3415376956822582
0.007246848783545978 | 0.04324416707913359 | 0.3415376956822582 | 0.7490142996958669 | -0.2703455326564801:0.002660735520863433 | 0.031005344786481204 | 0.34951474146182093
0.002660735520863433 | 0.031005344786481204 | 0.34951474146182093 | 0.7490142996958669 | -0.2703455326564801:-0.002114637036382483 | 0.0182281533616917 | 0.3569169787214932
-0.002114637036382483 | 0.0182281533616917 | 0.3569169787214932 | 0.7490142996958669 | -0.2703455326564801:-0.007069555578882003 | 0.004938937473956573 | 0.3637122885346713
-0.007069555578882003 | 0.004938937473956573 | 0.3637122885346713 | 0.7490142996958669 | -0.2703455326564801:-0.012193774288298043 | -0.008834456117758016 | 0.3698699883327521
-0.012193774288298043 | -0.008834456117758016 | 0.3698699883327521 | 0.7490142996958669 | -0.2703455326564801:-0.01747654026811385 | -0.02306274767050953 | 0.37536090433337677
-0.01747654026811385 | -0.02306274767050953 | 0.37536090433337677 | 0.14118442147728283 | -0.6119222053862083:-0.029425294241570255 | -0.0261377527998905 | 0.38068071419148986
-0.029425294241570255 | -0.0261377527998905 | 0.38068071419148986 | 0.14118442147728283 | -0.6119222053862083:-0.04171325205110832 | -0.029289310222237463 | 0.3855281342503627
-0.04171325205110832 | -0.029289310222237463 | 0.3855281342503627 | 0.14118442147728283 | -0.6119222053862083:-0.054321367706806845 | -0.03251311478179997 | 0.38988753939540644
-0.054321367706806845 | -0.03251311478179997 | 0.38988753939540644 | 0.14118442147728283 | -0.6119222053862083:-0.06723002389610044 | -0.03580472630806075 | 0.39374411768368667
-0.06723002389610044 | -0.03580472630806075 | 0.39374411768368667 | 0.14118442147728283 | -0.6119222053862083:-0.08041906406899102 | -0.03915957695319694 | 0.3970838896532296
-0.08041906406899102 | -0.03915957695319694 | 0.3970838896532296 | -0.32105442188964384 | -0.7965972922968669:-0.0975911866582414 | -0.03325807508751255 | 0.39988558388701456
-0.0975911866582414 | -0.03325807508751255 | 0.39988558388701456 | -0.32105442188964384 | -0.7965972922968669:-0.11506897654362014 | -0.02721627708778951 | 0.4017959402002056
-0.11506897654362014 | -0.02721627708778951 | 0.4017959402002056 | -0.32105442188964384 | -0.7965972922968669:-0.132809923474573 | -0.021051235006304125 | 0.4027926986658823
-0.132809923474573 | -0.021051235006304125 | 0.4027926986658823 | -0.32105442188964384 | -0.7965972922968669:-0.15077040809576758 | -0.014780466024313155 | 0.4028559876380733
-0.15077040809576758 | -0.014780466024313155 | 0.4028559876380733 | -0.32105442188964384 | -0.7965972922968669:-0.16890581699237495 | -0.008421906560357018 | 0.40196838108288624
-0.16890581699237495 | -0.008421906560357018 | 0.40196838108288624 | -0.32105442188964384 | -0.7965972922968669:-0.1871706600017988 | -0.0019938654144215917 | 0.40011494959400906
-0.1871706600017988 | -0.0019938654144215917 | 0.40011494959400906 | -0.32105442188964384 | -0.7965972922968669:-0.20551868949955077 | 0.004485023935005827 | 0.3972833049981155
-0.20551868949955077 | 0.004485023935005827 | 0.3972833049981155 | -0.32105442188964384 | -0.7965972922968669:-0.2239030213641586 | 0.010995851762694242 | 0.39346363847098154
-0.2239030213641586 | 0.010995851762694242 | 0.39346363847098154 | -0.32105442188964384 | -0.7965972922968669:-0.2422762573238461 | 0.017519481137960202 | 0.3886487521005506
-0.2422762573238461 | 0.017519481137960202 | 0.3886487521005506 | -0.32105442188964384 | -0.7965972922968669:-0.26059060838625225 | 0.02403659745549036 | 0.38283408384852713
-0.26059060838625225 | 0.02403659745549036 | 0.38283408384852713 | 0.6921617782772476 | 0.556821972490654:-0.25270462035484464 | 0.010900305120696174 | 0.39505843596843704
-0.25270462035484464 | 0.010900305120696174 | 0.39505843596843704 | 0.6921617782772476 | 0.556821972490654:-0.2443397425948992 | -0.002807124946628381 | 0.40663116320109793
-0.2443397425948992 | -0.002807124946628381 | 0.40663116320109793 | 0.6921617782772476 | 0.556821972490654:-0.23551564768942157 | -0.017062326322813348 | 0.41750984530339963
-0.23551564768942157 | -0.017062326322813348 | 0.41750984530339963 | 0.6921617782772476 | 0.556821972490654:-0.22625342421282602 | -0.03184014206744168 | 0.42765360782436446
-0.22625342421282602 | -0.03184014206744168 | 0.42765360782436446 | 0.6921617782772476 | 0.556821972490654:-0.2165755242896581 | -0.0471136879228633 | 0.4370232391619062
-0.2165755242896581 | -0.0471136879228633 | 0.4370232391619062 | 0.6921617782772476 | 0.556821972490654:-0.20650570758586007 | -0.06285442002496411 | 0.44558130317593125
-0.20650570758586007 | -0.06285442002496411 | 0.44558130317593125 | 0.6921617782772476 | 0.556821972490654:-0.1960689818852761 | -0.07903220694007884 | 0.45329224708647686
-0.1960689818852761 | -0.07903220694007884 | 0.45329224708647686 | 0.6921617782772476 | 0.556821972490654:-0.18529154041169393 | -0.09561540583325145 | 0.4601225043982531
-0.18529154041169393 | -0.09561540583325145 | 0.4601225043982531 | 0.6921617782772476 | 0.556821972490654:-0.17420069606390642 | -0.11257094256389788 | 0.4660405926063227
-0.17420069606390642 | -0.11257094256389788 | 0.4660405926063227 | 0.6921617782772476 | 0.556821972490654:-0.16282481273802363 | -0.12986439549629525 | 0.471017205451453
-0.16282481273802363 | -0.12986439549629525 | 0.471017205451453 | 0.6921617782772476 | 0.556821972490654:-0.15119323391756057 | -0.1474600828042465 | 0.47502529950793004
-0.15119323391756057 | -0.1474600828042465 | 0.47502529950793004 | 0.6921617782772476 | 0.556821972490654:-0.13933620871766417 | -0.16532115304175732 | 0.47804017490134143
-0.13933620871766417 | -0.16532115304175732 | 0.47804017490134143 | 0.6921617782772476 | 0.556821972490654:-0.1272848155752211 | -0.1834096787446251 | 0.4800395499688932
-0.1272848155752211 | -0.1834096787446251 | 0.4800395499688932 | 0.6921617782772476 | 0.556821972490654:-0.11507088378146202 | -0.20168675282149406 | 0.48100362969035615
-0.11507088378146202 | -0.20168675282149406 | 0.48100362969035615 | 0.6921617782772476 | 0.556821972490654:-0.10272691305809856 | -0.22011258748718854 | 0.48091516773343557
-0.10272691305809856 | -0.22011258748718854 | 0.48091516773343557 | 0.731367042837094 | 0.0599425299969496:-0.10217744045375898 | -0.2395813200574537 | 0.4768999140163288
-0.10217744045375898 | -0.2395813200574537 | 0.4768999140163288 | 0.731367042837094 | 0.0599425299969496:-0.10162167125629917 | -0.25901506776269523 | 0.47205973331375617
-0.10162167125629917 | -0.25901506776269523 | 0.47205973331375617 | 0.731367042837094 | 0.0599425299969496:-0.1010626292687502 | -0.27837822997786743 | 0.46639308031910787
-0.1010626292687502 | -0.27837822997786743 | 0.46639308031910787 | 0.731367042837094 | 0.0599425299969496:-0.10050334280918172 | -0.2976351100050594 | 0.4598999566722526
-0.10050334280918172 | -0.2976351100050594 | 0.4598999566722526 | 0.731367042837094 | 0.0599425299969496:-0.09994683932430792 | -0.3167499808861063 | 0.4525819132398894
-0.09994683932430792 | -0.3167499808861063 | 0.4525819132398894 | 0.9514836834542899 | -0.39043990642117143:-0.10930589404799473 | -0.3405548759722681 | 0.43837060754758284
-0.10930589404799473 | -0.3405548759722681 | 0.43837060754758284 | 0.9514836834542899 | -0.39043990642117143:-0.1184185083771645 | -0.36378764598442537 | 0.42268444779007197
-0.1184185083771645 | -0.36378764598442537 | 0.42268444779007197 | 0.9514836834542899 | -0.39043990642117143:-0.12725236987684152 | -0.38636891541920537 | 0.4055522184715272
-0.12725236987684152 | -0.38636891541920537 | 0.4055522184715272 | 0.9514836834542899 | -0.39043990642117143:-0.13577575844257161 | -0.40822063356962524 | 0.38700767459649654
-0.13577575844257161 | -0.40822063356962524 | 0.38700767459649654 | 0.9514836834542899 | -0.39043990642117143:-0.14395765414951178 | -0.4292663393161318 | 0.3670894609652038
-0.14395765414951178 | -0.4292663393161318 | 0.3670894609652038 | 0.2994283622364291 | -0.5731537410775063:-0.1553354333092809 | -0.4378247824436965 | 0.3588989435183123
-0.1553354333092809 | -0.4378247824436965 | 0.3588989435183123 | 0.2994283622364291 | -0.5731537410775063:-0.16652973099018986 | -0.4462659886859779 | 0.3501543976708703
-0.16652973099018986 | -0.4462659886859779 | 0.3501543976708703 | 0.2994283622364291 | -0.5731537410775063:-0.17752122141868032 | -0.4545800681509711 | 0.34086243843714925
-0.17752122141868032 | -0.4545800681509711 | 0.34086243843714925 | 0.2994283622364291 | -0.5731537410775063:-0.18829079897356138 | -0.4627572371804165 | 0.33103051168565045
-0.18829079897356138 | -0.4627572371804165 | 0.33103051168565045 | 0.2994283622364291 | -0.5731537410775063:-0.19881960541969512 | -0.4707878326795081 | 0.320666883799106
-0.19881960541969512 | -0.4707878326795081 | 0.320666883799106 | 0.2994283622364291 | -0.5731537410775063:-0.2090890567332604 | -0.4786623262412224 | 0.3097806302369044
-0.2090890567332604 | -0.4786623262412224 | 0.3097806302369044 | 0.2994283622364291 | -0.5731537410775063:-0.2190808694853139 | -0.48637133804770194 | 0.2983816230198215
-0.2190808694853139 | -0.48637133804770194 | 0.2983816230198215 | 0.2994283622364291 | -0.5731537410775063:-0.2287770867511716 | -0.4939056505316035 | 0.28648051715817147
-0.2287770867511716 | -0.4939056505316035 | 0.28648051715817147 | 0.2994283622364291 | -0.5731537410775063:-0.23816010351384342 | -0.5012562217806202 | 0.2740887360457904
-0.23816010351384342 | -0.5012562217806202 | 0.2740887360457904 | 0.2994283622364291 | -0.5731537410775063:-0.24721269153062497 | -0.5084141986688948 | 0.26121845584325243
-0.24721269153062497 | -0.5084141986688948 | 0.26121845584325243 | 0.2994283622364291 | -0.5731537410775063:-0.2559180236327512 | -0.515370929699392 | 0.24788258887501513
-0.2559180236327512 | -0.515370929699392 | 0.24788258887501513 | 0.2994283622364291 | -0.5731537410775063:-0.26425969742889954 | -0.5221179775418037 | 0.23409476606620316
-0.26425969742889954 | -0.5221179775418037 | 0.23409476606620316 | 0.2994283622364291 | -0.5731537410775063:-0.27222175838423635 | -0.5286471312509846 | 0.21986931844576318
-0.27222175838423635 | -0.5286471312509846 | 0.21986931844576318 | 0.2994283622364291 | -0.5731537410775063:-0.27978872224762785 | -0.5349504181514178 | 0.20522125774383326
-0.27978872224762785 | -0.5349504181514178 | 0.20522125774383326 | 0.2994283622364291 | -0.5731537410775063:-0.2869455968005843 | -0.5410201153736836 | 0.1901662561120574
-0.2869455968005843 | -0.5410201153736836 | 0.1901662561120574 | -0.9004711357254858 | -0.5608744409938109:-0.2944807309618884 | -0.5348885689699951 | 0.20734727576992995
-0.2944807309618884 | -0.5348885689699951 | 0.20734727576992995 | -0.9004711357254858 | -0.5608744409938109:-0.3025051193581785 | -0.5279058033533097 | 0.22409091139158832
-0.3025051193581785 | -0.5279058033533097 | 0.22409091139158832 | -0.9004711357254858 | -0.5608744409938109:-0.31100699424284173 | -0.5200899990221988 | 0.24034065370072
-0.31100699424284173 | -0.5200899990221988 | 0.24034065370072 | -0.9004711357254858 | -0.5608744409938109:-0.319972869704122 | -0.511462115131696 | 0.2560411249288528
-0.319972869704122 | -0.511462115131696 | 0.2560411249288528 | -0.9004711357254858 | -0.5608744409938109:-0.3293875768926089 | -0.502045837230753 | 0.27113826732685453
-0.3293875768926089 | -0.502045837230753 | 0.27113826732685453 | -0.35961916524931725 | -0.9827259985924279:-0.34452347222706337 | -0.49966371169616686 | 0.2649697828572002
-0.34452347222706337 | -0.49966371169616686 | 0.2649697828572002 | -0.35961916524931725 | -0.9827259985924279:-0.3593848156741348 | -0.49734242978389887 | 0.25796749881190095
-0.3593848156741348 | -0.49734242978389887 | 0.25796749881190095 | -0.35961916524931725 | -0.9827259985924279:-0.3739277313282159 | -0.4950984834519474 | 0.25014450293507906
-0.3739277313282159 | -0.4950984834519474 | 0.25014450293507906 | -0.35961916524931725 | -0.9827259985924279:-0.38810896403927764 | -0.49294815816306325 | 0.24151653414007512
-0.38810896403927764 | -0.49294815816306325 | 0.24151653414007512 | -0.35961916524931725 | -0.9827259985924279:-0.4018860202985195 | -0.49090748105192006 | 0.23210194712105903
-0.4018860202985195 | -0.49090748105192006 | 0.23210194712105903 | -0.10993557801372211 | -0.02680823739078364:-0.4041320134657145 | -0.49197575469716526 | 0.2353829935536993
-0.4041320134657145 | -0.49197575469716526 | 0.2353829935536993 | -0.10993557801372211 | -0.02680823739078364:-0.4063646024486154 | -0.49299630463882593 | 0.23866581355429872
-0.4063646024486154 | -0.49299630463882593 | 0.23866581355429872 | -0.10993557801372211 | -0.02680823739078364:-0.408583965789596 | -0.493969424651862 | 0.2419500352670525
-0.408583965789596 | -0.493969424651862 | 0.2419500352670525 | -0.10993557801372211 | -0.02680823739078364:-0.41079027960246073 | -0.4948954082119066 | 0.24523529090787832
-0.41079027960246073 | -0.4948954082119066 | 0.24523529090787832 | -0.10993557801372211 | -0.02680823739078364:-0.41298371760077046 | -0.49577454848165203 | 0.24852121672883243
-0.41298371760077046 | -0.49577454848165203 | 0.24852121672883243 | 0.9692603419692698 | -0.20617104420276466:-0.4171260863591275 | -0.5094952256845069 | 0.22092443900093173
-0.4171260863591275 | -0.5094952256845069 | 0.22092443900093173 | 0.9692603419692698 | -0.20617104420276466:-0.42096749657043375 | -0.5218846984186918 | 0.19251571302601178
-0.42096749657043375 | -0.5218846984186918 | 0.19251571302601178 | 0.9692603419692698 | -0.20617104420276466:-0.4244989447277572 | -0.532898311554586 | 0.16336422969841635
-0.4244989447277572 | -0.532898311554586 | 0.16336422969841635 | 0.9692603419692698 | -0.20617104420276466:-0.42771218540887723 | -0.5424949202134641 | 0.13354168782475995
-0.42771218540887723 | -0.5424949202134641 | 0.13354168782475995 | 0.9692603419692698 | -0.20617104420276466:-0.43059975845624976 | -0.5506370221122197 | 0.10312210409821887
-0.43059975845624976 | -0.5506370221122197 | 0.10312210409821887 | 0.9692603419692698 | -0.20617104420276466:-0.43315501400110534 | -0.5572908799439418 | 0.07218161596664174
-0.43315501400110534 | -0.5572908799439418 | 0.07218161596664174 | 0.9692603419692698 | -0.20617104420276466:-0.435372135258671 | -0.5624266334374006 | 0.04079827794561197
-0.435372135258671 | -0.5624266334374006 | 0.04079827794561197 | 0.9692603419692698 | -0.20617104420276466:-0.4372461590277119 | -0.5660184007677316 | 0.00905185194576319
-0.4372461590277119 | -0.5660184007677316 | 0.00905185194576319 | 0.9692603419692698 | -0.20617104420276466:-0.4387729938341174 | -0.5680443690206793 | -0.02297640779968191
-0.4387729938341174 | -0.5680443690206793 | -0.02297640779968191 | 0.9692603419692698 | -0.20617104420276466:-0.4399494356649072 | -0.5684868734435113 | -0.055203974606449435
-0.4399494356649072 | -0.5684868734435113 | -0.055203974606449435 | 0.9692603419692698 | -0.20617104420276466:-0.44077318124574916 | -0.5673324652473433 | -0.08754727339589152
-0.44077318124574916 | -0.5673324652473433 | -0.08754727339589152 | 0.9692603419692698 | -0.20617104420276466:-0.4412428388220029 | -0.564571967757626 | -0.11992190831123395
-0.4412428388220029 | -0.564571967757626 | -0.11992190831123395 | 0.9692603419692698 | -0.20617104420276466:-0.44135793641030574 | -0.5602005207422422 | -0.15224289325830398
-0.44135793641030574 | -0.5602005207422422 | -0.15224289325830398 | 0.9692603419692698 | -0.20617104420276466:-0.4411189274947702 | -0.5542176127797234 | -0.18442488472757645
-0.4411189274947702 | -0.5542176127797234 | -0.18442488472757645 | 0.9692603419692698 | -0.20617104420276466:-0.44052719414896657 | -0.5466271015633914 | -0.21638241624818022
-0.44052719414896657 | -0.5466271015633914 | -0.21638241624818022 | 0.9692603419692698 | -0.20617104420276466:-0.43958504757209127 | -0.5374372220709915 | -0.2480301338203006
-0.43958504757209127 | -0.5374372220709915 | -0.2480301338203006 | 0.9692603419692698 | -0.20617104420276466:-0.4382957260348981 | -0.5266605825629895 | -0.2792830316696211
-0.4382957260348981 | -0.5266605825629895 | -0.2792830316696211 | 0.9692603419692698 | -0.20617104420276466:-0.4366633902381274 | -0.5143141484066511 | -0.31005668766691485
-0.4366633902381274 | -0.5143141484066511 | -0.31005668766691485 | 0.9692603419692698 | -0.20617104420276466:-0.43469311609339556 | -0.5004192137567713 | -0.34026749775684806
-0.43469311609339556 | -0.5004192137567713 | -0.34026749775684806 | 0.9692603419692698 | -0.20617104420276466:-0.43239088494361866 | -0.4850013611574653 | -0.36983290874297126
-0.43239088494361866 | -0.4850013611574653 | -0.36983290874297126 | -0.8009792339773463 | 0.9542277671274175:-0.45011131252338643 | -0.5011056851336448 | -0.33020802614130673
-0.45011131252338643 | -0.5011056851336448 | -0.33020802614130673 | -0.8009792339773463 | 0.9542277671274175:-0.4659248702035228 | -0.5156364203549231 | -0.2890192918844079
-0.4659248702035228 | -0.5156364203549231 | -0.2890192918844079 | -0.8009792339773463 | 0.9542277671274175:-0.47975465173736254 | -0.5285259314991961 | -0.24642286921242373
-0.47975465173736254 | -0.5285259314991961 | -0.24642286921242373 | -0.8009792339773463 | 0.9542277671274175:-0.49153147027242383 | -0.539712928236554 | -0.20258160581972362
-0.49153147027242383 | -0.539712928236554 | -0.20258160581972362 | -0.8009792339773463 | 0.9542277671274175:-0.5011941842364109 | -0.5491427517165093 | -0.1576643872708523
-0.5011941842364109 | -0.5491427517165093 | -0.1576643872708523 | -0.914666992167906 | -0.2621896543642057:-0.5009925851830985 | -0.5575315938632954 | -0.13939176428346656
-0.5009925851830985 | -0.5575315938632954 | -0.13939176428346656 | -0.914666992167906 | -0.2621896543642057:-0.5010147665350217 | -0.5650767803010268 | -0.1206898515571524
-0.5010147665350217 | -0.5650767803010268 | -0.1206898515571524 | -0.914666992167906 | -0.2621896543642057:-0.5012668603506043 | -0.5717566723775107 | -0.10160105567414135
-0.5012668603506043 | -0.5717566723775107 | -0.10160105567414135 | -0.914666992167906 | -0.2621896543642057:-0.5017544122480437 | -0.5775516437774897 | -0.08216894456109713
-0.5017544122480437 | -0.5775516437774897 | -0.08216894456109713 | -0.914666992167906 | -0.2621896543642057:-0.502482365849442 | -0.582444137275111 | -0.062438142406030295
-0.502482365849442 | -0.582444137275111 | -0.062438142406030295 | -0.30211123587021405 | 0.9353029263387251:-0.5059320063471482 | -0.5850458326862267 | -0.03017344082583051
-0.5059320063471482 | -0.5850458326862267 | -0.03017344082583051 | -0.30211123587021405 | 0.9353029263387251:-0.5078542757313009 | -0.5871437587681214 | 0.0023486315405882863
-0.5078542757313009 | -0.5871437587681214 | 0.0023486315405882863 | -0.30211123587021405 | 0.9353029263387251:-0.508234898282268 | -0.588732815750852 | 0.035046817539615915
-0.508234898282268 | -0.588732815750852 | 0.035046817539615915 | -0.30211123587021405 | 0.9353029263387251:-0.5070635538368258 | -0.5898091737395035 | 0.06783901893024691
-0.5070635538368258 | -0.5898091737395035 | 0.06783901893024691 | -0.30211123587021405 | 0.9353029263387251:-0.5043339193390501 | -0.5903702877643155 | 0.10064251067662511
-0.5043339193390501 | -0.5903702877643155 | 0.10064251067662511 | -0.30211123587021405 | 0.9353029263387251:-0.5000436998083444 | -0.5904149094293558 | 0.13337415743070125
-0.5000436998083444 | -0.5904149094293558 | 0.13337415743070125 | -0.30211123587021405 | 0.9353029263387251:-0.4941946486290085 | -0.5899430951246458 | 0.16595063162715107
-0.4941946486290085 | -0.5899430951246458 | 0.16595063162715107 | -0.30211123587021405 | 0.9353029263387251:-0.4867925770943913 | -0.5889562107755921 | 0.1982886326083353
-0.4867925770943913 | -0.5889562107755921 | 0.1982886326083353 | -0.30211123587021405 | 0.9353029263387251:-0.47784735316731997 | -0.5874569331129891 | 0.230305106194308
-0.47784735316731997 | -0.5874569331129891 | 0.230305106194308 | -0.30211123587021405 | 0.9353029263387251:-0.4673728894473861 | -0.5854492474561681 | 0.26191746411161887
-0.4673728894473861 | -0.5854492474561681 | 0.26191746411161887 | 0.34202704929920724 | 0.2688531386882591:-0.4651516795848849 | -0.5913767018813445 | 0.25879883755007427
-0.4651516795848849 | -0.5913767018813445 | 0.25879883755007427 | 0.34202704929920724 | 0.2688531386882591:-0.46295318933216123 | -0.5972457619556195 | 0.25553295488446537
-0.46295318933216123 | -0.5972457619556195 | 0.25553295488446537 | 0.34202704929920724 | 0.2688531386882591:-0.4607798141724686 | -0.6030536765264003 | 0.2521211213902532
-0.4607798141724686 | -0.6030536765264003 | 0.2521211213902532 | 0.34202704929920724 | 0.2688531386882591:-0.45863392723043717 | -0.6087977190483613 | 0.248564731453925
-0.45863392723043717 | -0.6087977190483613 | 0.248564731453925 | 0.34202704929920724 | 0.2688531386882591:-0.4565178779871033 | -0.614475189256865 | 0.2448652676418206
-0.4565178779871033 | -0.614475189256865 | 0.2448652676418206 | 0.3183321180709555 | 0.055043906651908836:-0.4569826140656801 | -0.6198046899553447 | 0.23688698429678112
-0.4569826140656801 | -0.6198046899553447 | 0.23688698429678112 | 0.3183321180709555 | 0.055043906651908836:-0.4574568920063342 | -0.6250003375845736 | 0.22879959091847013
-0.4574568920063342 | -0.6250003375845736 | 0.22879959091847013 | 0.3183321180709555 | 0.055043906651908836:-0.45794120487418155 | -0.6300600560218186 | 0.2206055910668212
-0.45794120487418155 | -0.6300600560218186 | 0.2206055910668212 | 0.3183321180709555 | 0.055043906651908836:-0.45843603584251724 | -0.6349818181053308 | 0.2123075251642561
-0.45843603584251724 | -0.6349818181053308 | 0.2123075251642561 | 0.3183321180709555 | 0.055043906651908836:-0.4589418581154021 | -0.6397636461691505 | 0.20390796950879775
-0.4589418581154021 | -0.6397636461691505 | 0.20390796950879775 | 0.8132867500968408 | -0.96124563285599:-0.46802247842037303 | -0.6490104300687207 | 0.15583330938663664
-0.46802247842037303 | -0.6490104300687207 | 0.15583330938663664 | 0.8132867500968408 | -0.96124563285599:-0.4747689159921151 | -0.6562934680765622 | 0.10692713005303034
-0.4747689159921151 | -0.6562934680765622 | 0.10692713005303034 | 0.8132867500968408 | -0.96124563285599:-0.4791423002292703 | -0.6615759704597224 | 0.05738430393449789
-0.4791423002292703 | -0.6615759704597224 | 0.05738430393449789 | 0.8132867500968408 | -0.96124563285599:-0.4811133657725648 | -0.6648292039654748 | 0.007403109025993615
-0.4811133657725648 | -0.6648292039654748 | 0.007403109025993615 | 0.8132867500968408 | -0.96124563285599:-0.4806626079080445 | -0.6660326397955458 | -0.04281558215546255
-0.4806626079080445 | -0.6660326397955458 | -0.04281558215546255 | 0.8132867500968408 | -0.96124563285599:-0.4777803975826487 | -0.6651740676799989 | -0.09306912684073154
-0.4777803975826487 | -0.6651740676799989 | -0.09306912684073154 | 0.8132867500968408 | -0.96124563285599:-0.4724670554583028 | -0.6622496754954099 | -0.1431539460632152
-0.4724670554583028 | -0.6622496754954099 | -0.1431539460632152 | 0.8132867500968408 | -0.96124563285599:-0.4647328846027321 | -0.6572640940165329 | -0.19286636501328047
-0.4647328846027321 | -0.6572640940165329 | -0.19286636501328047 | 0.8132867500968408 | -0.96124563285599:-0.45459816158917477 | -0.6502304065372044 | -0.24200345617541075
-0.45459816158917477 | -0.6502304065372044 | -0.24200345617541075 | 0.8132867500968408 | -0.96124563285599:-0.44209308595194585 | -0.641170123243775 | -0.2903638817143701
-0.44209308595194585 | -0.641170123243775 | -0.2903638817143701 | 0.8132867500968408 | -0.96124563285599:-0.42725768812037046 | -0.6301131203726555 | -0.3377487315743366
-0.42725768812037046 | -0.6301131203726555 | -0.3377487315743366 | 0.8132867500968408 | -0.96124563285599:-0.4101416961282567 | -0.6170975443320259 | -0.38396235376800547
-0.4101416961282567 | -0.6170975443320259 | -0.38396235376800547 | 0.8132867500968408 | -0.96124563285599:-0.3908043615701402 | -0.6021696811150647 | -0.4288131733602114
-0.3908043615701402 | -0.6021696811150647 | -0.4288131733602114 | 0.8132867500968408 | -0.96124563285599:-0.369314245447363 | -0.5853837914786411 | -0.47211449669324423
-0.369314245447363 | -0.5853837914786411 | -0.47211449669324423 | 0.8132867500968408 | -0.96124563285599:-0.3457489647165559 | -0.5668019125059018 | -0.5136852974577764
-0.3457489647165559 | -0.5668019125059018 | -0.5136852974577764 | 0.8132867500968408 | -0.96124563285599:-0.3201949005191693 | -0.54649362631298 | -0.5533509812849466
-0.3201949005191693 | -0.54649362631298 | -0.5533509812849466 | 0.8132867500968408 | -0.96124563285599:-0.2927468692328077 | -0.524535796799249 | -0.5909441256202541
-0.2927468692328077 | -0.524535796799249 | -0.5909441256202541 | 0.8132867500968408 | -0.96124563285599:-0.2635077576427136 | -0.5010122754755386 | -0.6263051917390996
-0.2635077576427136 | -0.5010122754755386 | -0.6263051917390996 | 0.8132867500968408 | -0.96124563285599:-0.23258812368373327 | -0.47601357753585916 | -0.6592832058760578
-0.23258812368373327 | -0.47601357753585916 | -0.6592832058760578 | 0.8132867500968408 | -0.96124563285599:-0.20010576434950167 | -0.44963652946449884 | -0.6897364065650464
-0.20010576434950167 | -0.44963652946449884 | -0.6897364065650464 | 0.8132867500968408 | -0.96124563285599:-0.1661852525049099 | -0.42198388959094046 | -0.7175328554249241
-0.1661852525049099 | -0.42198388959094046 | -0.7175328554249241 | 0.8132867500968408 | -0.96124563285599:-0.13095744447069535 | -0.3931639431205767 | -0.7425510087740719
-0.13095744447069535 | -0.3931639431205767 | -0.7425510087740719 | 0.8132867500968408 | -0.96124563285599:-0.09455896037339073 | -0.3632900732775326 | -0.7646802476176511
-0.09455896037339073 | -0.3632900732775326 | -0.7646802476176511 | 0.8132867500968408 | -0.96124563285599:-0.05713163937050325 | -0.3324803102982514 | -0.7838213637217919
-0.05713163937050325 | -0.3324803102982514 | -0.7838213637217919 | 0.8132867500968408 | -0.96124563285599:-0.018821971968648654 | -0.30085686010909285 | -0.7998869996690701
-0.018821971968648654 | -0.30085686010909285 | -0.7998869996690701 | -0.2963191272148502 | 0.30000885539778177:-0.030802119272692607 | -0.31320560618462423 | -0.7963204193996845
-0.030802119272692607 | -0.31320560618462423 | -0.7963204193996845 | -0.2963191272148502 | 0.30000885539778177:-0.04274408725126477 | -0.32551459350789713 | -0.792369634661199
-0.04274408725126477 | -0.32551459350789713 | -0.792369634661199 | -0.2963191272148502 | 0.30000885539778177:-0.054641595174317104 | -0.3377776603207039 | -0.7880356211846831
-0.054641595174317104 | -0.3377776603207039 | -0.7880356211846831 | -0.2963191272148502 | 0.30000885539778177:-0.06648838047156147 | -0.3499886608087124 | -0.783319557589575
-0.06648838047156147 | -0.3499886608087124 | -0.783319557589575 | -0.2963191272148502 | 0.30000885539778177:-0.07827820201660529 | -0.3621414683557589 | -0.7782228246165381
-0.07827820201660529 | -0.3621414683557589 | -0.7782228246165381 | -0.009902227760748561 | -0.44964632307532715:-0.060865025787663285 | -0.36310750447650264 | -0.7808554733564073
-0.060865025787663285 | -0.36310750447650264 | -0.7808554733564073 | -0.009902227760748561 | -0.44964632307532715:-0.04336829042603085 | -0.36406964830899824 | -0.7830846026891329
-0.04336829042603085 | -0.36406964830899824 | -0.7830846026891329 | -0.009902227760748561 | -0.44964632307532715:-0.025797626342395574 | -0.36502774667097526 | -0.7849079119199551
