0.0 | 0.0 | 0.0 | 0.8219808137299378 | -0.5225434008555461:-2.610213712443964E-4 | -4.1087471385359287E-4 | 0.009988145464162473
-2.610213712443964E-4 | -4.1087471385359287E-4 | 0.009988145464162473 | 0.8219808137299378 | -0.5225434008555461:-0.0010371943777450427 | -0.001633621632090021 | 0.01980569383248013
-0.0010371943777450427 | -0.001633621632090021 | 0.01980569383248013 | 0.8219808137299378 | -0.5225434008555461:-0.0023164658130791567 | -0.003650697675172232 | 0.02938461831675422
-0.0023164658130791567 | -0.003650697675172232 | 0.02938461831675422 | 0.8219808137299378 | -0.5225434008555461:-0.004084554341019243 | -0.006441014758765018 | 0.03865881752760593
-0.004084554341019243 | -0.006441014758765018 | 0.03865881752760593 | 0.8219808137299378 | -0.5225434008555461:-0.0063250319595046615 | -0.009980063104552794 | 0.047564351356292875
-0.0063250319595046615 | -0.009980063104552794 | 0.047564351356292875 | 0.8219808137299378 | -0.5225434008555461:-0.009019412029924366 | -0.014240045089454645 | 0.05603966663546486
-0.009019412029924366 | -0.014240045089454645 | 0.05603966663546486 | 0.8219808137299378 | -0.5225434008555461:-0.012147243513456956 | -0.01919001908228557 | 0.06402581196396184
-0.012147243513456956 | -0.01919001908228557 | 0.06402581196396184 | -0.507048980942941 | -0.9473985784570602:-0.017271163566949396 | -0.019970163780368422 | 0.07260359293219848
-0.017271163566949396 | -0.019970163780368422 | 0.07260359293219848 | -0.507048980942941 | -0.9473985784570602:-0.023186529654273633 | -0.020287924429338355 | 0.08080873373433567
-0.023186529654273633 | -0.020287924429338355 | 0.08080873373433567 | -0.507048980942941 | -0.9473985784570602:-0.02986319445728723 | -0.020158868653627815 | 0.0885697307833434
-0.02986319445728723 | -0.020158868653627815 | 0.0885697307833434 | -0.507048980942941 | -0.9473985784570602:-0.037266737300618094 | -0.01960088365223056 | 0.09581793502592051
-0.037266737300618094 | -0.01960088365223056 | 0.09581793502592051 | -0.507048980942941 | -0.9473985784570602:-0.04535866148537898 | -0.018634074478525164 | 0.1024878552392623
-0.04535866148537898 | -0.018634074478525164 | 0.1024878552392623 | -0.507048980942941 | -0.9473985784570602:-0.054096607166679245 | -0.017280653796883483 | 0.1085174451626354
-0.054096607166679245 | -0.017280653796883483 | 0.1085174451626354 | -0.507048980942941 | -0.9473985784570602:-0.0634345787855799 | -0.015564823633092306 | 0.11384837348527599
-0.0634345787855799 | -0.015564823633092306 | 0.11384837348527599 | -0.507048980942941 | -0.9473985784570602:-0.07332318602151588 | -0.013512649660437859 | 0.11842627578587372
-0.07332318602151588 | -0.013512649660437859 | 0.11842627578587372 | -0.507048980942941 | -0.9473985784570602:-0.08370989719073851 | -0.011151928585919846 | 0.12220098759516196
-0.08370989719073851 | -0.011151928585919846 | 0.12220098759516196 | -0.507048980942941 | -0.9473985784570602:-0.09453930398011534 | -0.008512049221440554 | 0.12512675783159155
-0.09453930398011534 | -0.008512049221440554 | 0.12512675783159155 | 0.28235190747218675 | -0.5946562659252606:-0.10348463200273239 | -0.010829244347915434 | 0.12868315179350676
-0.10348463200273239 | -0.010829244347915434 | 0.12868315179350676 | 0.28235190747218675 | -0.5946562659252606:-0.11266839673314599 | -0.013282453384743098 | 0.131707084657122
-0.11266839673314599 | -0.013282453384743098 | 0.131707084657122 | 0.28235190747218675 | -0.5946562659252606:-0.12206631099375242 | -0.01586003596370511 | 0.13418702752064116
-0.12206631099375242 | -0.01586003596370511 | 0.13418702752064116 | 0.28235190747218675 | -0.5946562659252606:-0.13165376615037283 | -0.018550192359414464 | 0.13611267521240777
-0.13165376615037283 | -0.018550192359414464 | 0.13611267521240777 | 0.28235190747218675 | -0.5946562659252606:-0.1414058783844523 | -0.021340985387134026 | 0.1374749537466884
-0.1414058783844523 | -0.021340985387134026 | 0.1374749537466884 | -0.8178978412777034 | -0.33794915166831174:-0.1495292818134415 | -0.016337247359050178 | 0.14131225051285234
-0.1495292818134415 | -0.016337247359050178 | 0.14131225051285234 | -0.8178978412777034 | -0.33794915166831174:-0.15774612370031638 | -0.010951784101589146 | 0.14467231321288487
-0.15774612370031638 | -0.010951784101589146 | 0.14467231321288487 | -0.8178978412777034 | -0.33794915166831174:-0.16604537520715246 | -0.005212235262793907 | 0.14753004546574378
-0.16604537520715246 | -0.005212235262793907 | 0.14753004546574378 | -0.8178978412777034 | -0.33794915166831174:-0.17441549707272186 | 8.525019464638017E-4 | 0.14986214469470216
-0.17441549707272186 | 8.525019464638017E-4 | 0.14986214469470216 | -0.8178978412777034 | -0.33794915166831174:-0.18284447967346118 | 0.0072123682350526686 | 0.15164716753466134
-0.18284447967346118 | 0.0072123682350526686 | 0.15164716753466134 | 0.40292197026224175 | -0.688752221171155:-0.19399065593625764 | 0.004289326603655663 | 0.15003951198468268
-0.19399065593625764 | 0.004289326603655663 | 0.15003951198468268 | 0.40292197026224175 | -0.688752221171155:-0.2051680366901807 | 0.0013049026529112773 | 0.14773734745972167
-0.2051680366901807 | 0.0013049026529112773 | 0.14773734745972167 | 0.40292197026224175 | -0.688752221171155:-0.2163429528812526 | -0.0017208889009239225 | 0.14473652232319134
-0.2163429528812526 | -0.0017208889009239225 | 0.14473652232319134 | 0.40292197026224175 | -0.688752221171155:-0.22748165162137868 | -0.004767967346970714 | 0.14103492674291074
-0.22748165162137868 | -0.004767967346970714 | 0.14103492674291074 | 0.40292197026224175 | -0.688752221171155:-0.23855038252600425 | -0.007816236485135963 | 0.13663248901253544
-0.23855038252600425 | -0.007816236485135963 | 0.13663248901253544 | 0.40292197026224175 | -0.688752221171155:-0.24951548344993046 | -0.010845634826664119 | 0.13153116722361968
-0.24951548344993046 | -0.010845634826664119 | 0.13153116722361968 | 0.40292197026224175 | -0.688752221171155:-0.2603434654434835 | -0.013836185385255106 | 0.1257349363436746
-0.2603434654434835 | -0.013836185385255106 | 0.1257349363436746 | 0.40292197026224175 | -0.688752221171155:-0.2710010967543761 | -0.01676804495593176 | 0.11924977076434873
-0.2710010967543761 | -0.01676804495593176 | 0.11924977076434873 | 0.40292197026224175 | -0.688752221171155:-0.2814554857040208 | -0.019621552780752616 | 0.11208362239239911
-0.2814554857040208 | -0.019621552780752616 | 0.11208362239239911 | 0.40292197026224175 | -0.688752221171155:-0.29167416227080434 | -0.022377278502571984 | 0.10424639436447736
-0.29167416227080434 | -0.022377278502571984 | 0.10424639436447736 | -0.46070482238884813 | -0.5549306195354005:-0.3010049568386348 | -0.020413568847395647 | 0.09874658128008207
-0.3010049568386348 | -0.020413568847395647 | 0.09874658128008207 | -0.46070482238884813 | -0.5549306195354005:-0.31016966761969034 | -0.018523604435482843 | 0.0927539917780198
-0.31016966761969034 | -0.018523604435482843 | 0.0927539917780198 | -0.46070482238884813 | -0.5549306195354005:-0.31914951514522816 | -0.01672364891986189 | 0.08627631873127761
-0.31914951514522816 | -0.01672364891986189 | 0.08627631873127761 | -0.46070482238884813 | -0.5549306195354005:-0.32792603757156513 | -0.015029709492807353 | 0.07932239001138619
-0.32792603757156513 | -0.015029709492807353 | 0.07932239001138619 | -0.46070482238884813 | -0.5549306195354005:-0.33648112764169547 | -0.0134575060042057 | 0.07190214634297121
-0.33648112764169547 | -0.0134575060042057 | 0.07190214634297121 | 0.5796979758809175 | 0.4167865676285534:-0.34129572282164045 | -0.015831452101890076 | 0.07997224597298302
-0.34129572282164045 | -0.015831452101890076 | 0.07997224597298302 | 0.5796979758809175 | 0.4167865676285534:-0.3458468341634644 | -0.018478071150024977 | 0.08817593294168002
-0.3458468341634644 | -0.018478071150024977 | 0.08817593294168002 | 0.5796979758809175 | 0.4167865676285534:-0.350130692939544 | -0.021403780928979987 | 0.09649547437160333
-0.350130692939544 | -0.021403780928979987 | 0.09649547437160333 | 0.5796979758809175 | 0.4167865676285534:-0.3541440061849652 | -0.024614332763826408 | 0.10491282820234815
-0.3541440061849652 | -0.024614332763826408 | 0.10491282820234815 | 0.5796979758809175 | 0.4167865676285534:-0.35788396265787537 | -0.028114802798083982 | 0.11340967960341342
-0.35788396265787537 | -0.028114802798083982 | 0.11340967960341342 | -0.8995020006077772 | -0.17633635594596697:-0.36482393525330004 | -0.02336820417175023 | 0.11324424718305792
-0.36482393525330004 | -0.02336820417175023 | 0.11324424718305792 | -0.8995020006077772 | -0.17633635594596697:-0.37171686968956585 | -0.018547532418860424 | 0.1127490985236701
-0.37171686968956585 | -0.018547532418860424 | 0.1127490985236701 | -0.8995020006077772 | -0.17633635594596697:-0.3785597542264405 | -0.013671097567937718 | 0.11191881240194146
-0.3785597542264405 | -0.013671097567937718 | 0.11191881240194146 | -0.8995020006077772 | -0.17633635594596697:-0.38534951402458795 | -0.008757524286183482 | 0.11074900703374624
-0.38534951402458795 | -0.008757524286183482 | 0.11074900703374624 | -0.8995020006077772 | -0.17633635594596697:-0.39208302229561376 | -0.0038256956542872533 | 0.10923635583138669
-0.39208302229561376 | -0.0038256956542872533 | 0.10923635583138669 | -0.8995020006077772 | -0.17633635594596697:-0.3987571115645441 | 0.0011053037049848502 | 0.10737860006989575
-0.3987571115645441 | 0.0011053037049848502 | 0.10737860006989575 | -0.8995020006077772 | -0.17633635594596697:-0.40536858501337925 | 0.006016244984903052 | 0.10517455844079127
-0.40536858501337925 | 0.006016244984903052 | 0.10517455844079127 | -0.8995020006077772 | -0.17633635594596697:-0.41191422787434817 | 0.01088781287971452 | 0.10262413348006039
-0.41191422787434817 | 0.01088781287971452 | 0.10262413348006039 | -0.8995020006077772 | -0.17633635594596697:-0.4183908188415 | 0.015700663436584383 | 0.0997283148654251
-0.4183908188415 | 0.015700663436584383 | 0.0997283148654251 | -0.8995020006077772 | -0.17633635594596697:-0.4247951414694402 | 0.020435481915168197 | 0.09648917958622061
-0.4247951414694402 | 0.020435481915168197 | 0.09648917958622061 | 0.24777199866221733 | -0.22902285180409732:-0.4313818932483091 | 0.0194873485602014 | 0.09305218845902097
-0.4313818932483091 | 0.0194873485602014 | 0.09305218845902097 | 0.24777199866221733 | -0.22902285180409732:-0.4378867987727606 | 0.01856479116540677 | 0.08945709358717213
-0.4378867987727606 | 0.01856479116540677 | 0.08945709358717213 | 0.24777199866221733 | -0.22902285180409732:-0.4443076667096353 | 0.017670814419758152 | 0.08570616168976475
-0.4443076667096353 | 0.017670814419758152 | 0.08570616168976475 | 0.24777199866221733 | -0.22902285180409732:-0.4506423475468022 | 0.016808371997048654 | 0.08180172870927382
-0.4506423475468022 | 0.016808371997048654 | 0.08180172870927382 | 0.24777199866221733 | -0.22902285180409732:-0.4568887343006214 | 0.01598036584230611 | 0.0777461981656824
-0.4568887343006214 | 0.01598036584230611 | 0.0777461981656824 | 0.24777199866221733 | -0.22902285180409732:-0.4630447631992336 | 0.015189645483680625 | 0.07354203950178917
-0.4630447631992336 | 0.015189645483680625 | 0.07354203950178917 | 0.24777199866221733 | -0.22902285180409732:-0.4691084143417399 | 0.01443900736976711 | 0.06919178642034574
-0.4691084143417399 | 0.01443900736976711 | 0.06919178642034574 | 0.24777199866221733 | -0.22902285180409732:-0.4750777123332899 | 0.013731194232316168 | 0.06469803521363637
-0.4750777123332899 | 0.013731194232316168 | 0.06469803521363637 | 0.24777199866221733 | -0.22902285180409732:-0.4809507268961717 | 0.013068894474274506 | 0.06006344308614864
-0.4809507268961717 | 0.013068894474274506 | 0.06006344308614864 | 0.24777199866221733 | -0.22902285180409732:-0.4867255734569671 | 0.012454741583100448 | 0.05529072647091926
-0.4867255734569671 | 0.012454741583100448 | 0.05529072647091926 | 0.5042111252697534 | -0.7550657703543824:-0.49356070170201605 | 0.011172098250518125 | 0.03756329429464067
-0.49356070170201605 | 0.011172098250518125 | 0.03756329429464067 | 0.5042111252697534 | -0.7550657703543824:-0.49968097847856185 | 0.010325890824743444 | 0.01937246461959674
-0.49968097847856185 | 0.010325890824743444 | 0.01937246461959674 | 0.5042111252697534 | -0.7550657703543824:-0.505063111572241 | 0.009932549318100392 | 7.600181097648928E-4
-0.505063111572241 | 0.009932549318100392 | 7.600181097648928E-4 | 0.5042111252697534 | -0.7550657703543824:-0.5096856184657419 | 0.010007311856469414 | -0.01823067783507959
-0.5096856184657419 | 0.010007311856469414 | -0.01823067783507959 | 0.5042111252697534 | -0.7550657703543824:-0.5135288940886298 | 0.010564178032401728 | -0.037554783592685936
-0.5135288940886298 | 0.010564178032401728 | -0.037554783592685936 | 0.5042111252697534 | -0.7550657703543824:-0.5165752734932134 | 0.011615865595274943 | -0.057166105845770865
-0.5165752734932134 | 0.011615865595274943 | -0.057166105845770865 | 0.5042111252697534 | -0.7550657703543824:-0.5188090893043871 | 0.01317377058410285 | -0.07701721980392051
-0.5188090893043871 | 0.01317377058410285 | -0.07701721980392051 | 0.5042111252697534 | -0.7550657703543824:-0.5202167238051452 | 0.01524793099946642 | -0.0970595947922579
-0.5202167238051452 | 0.01524793099946642 | -0.0970595947922579 | 0.5042111252697534 | -0.7550657703543824:-0.5207866555336054 | 0.017846994101704983 | -0.11724372287196072
-0.5207866555336054 | 0.017846994101704983 | -0.11724372287196072 | 0.5042111252697534 | -0.7550657703543824:-0.5205095002816869 | 0.020978187412998617 | -0.13751925015139843
-0.5205095002816869 | 0.020978187412998617 | -0.13751925015139843 | 0.5042111252697534 | -0.7550657703543824:-0.5193780464002238 | 0.024647293491344868 | -0.15783511044114995
-0.5193780464002238 | 0.024647293491344868 | -0.15783511044114995 | 0.5042111252697534 | -0.7550657703543824:-0.5173872843298852 | 0.028858628534664144 | -0.17813966090159283
-0.5173872843298852 | 0.028858628534664144 | -0.17813966090159283 | 0.5042111252697534 | -0.7550657703543824:-0.5145344302921302 | 0.03361502486342571 | -0.19838081932801455
-0.5145344302921302 | 0.03361502486342571 | -0.19838081932801455 | 0.5042111252697534 | -0.7550657703543824:-0.5108189440894044 | 0.03891781732025712 | -0.21850620271537569
-0.5108189440894044 | 0.03891781732025712 | -0.21850620271537569 | 0.5042111252697534 | -0.7550657703543824:-0.5062425409786577 | 0.044766833615040635 | -0.23846326674291163
-0.5062425409786577 | 0.044766833615040635 | -0.23846326674291163 | 0.5042111252697534 | -0.7550657703543824:-0.5008091975972597 | 0.051160388634005294 | -0.2581994458176906
-0.5008091975972597 | 0.051160388634005294 | -0.2581994458176906 | 0.5042111252697534 | -0.7550657703543824:-0.4945251519354166 | 0.058095282721339236 | -0.2776622933160722
-0.4945251519354166 | 0.058095282721339236 | -0.2776622933160722 | 0.5042111252697534 | -0.7550657703543824:-0.48739889736403086 | 0.06556680393188441 | -0.2967996216627409
-0.48739889736403086 | 0.06556680393188441 | -0.2967996216627409 | 0.5042111252697534 | -0.7550657703543824:-0.47944117074175097 | 0.07356873424356425 | -0.31555964188851604
-0.47944117074175097 | 0.07356873424356425 | -0.31555964188851604 | 0.5042111252697534 | -0.7550657703543824:-0.4706649346397107 | 0.08209335970835385 | -0.33389110231064345
-0.4706649346397107 | 0.08209335970835385 | -0.33389110231064345 | -0.8146361107609144 | -0.8427246646056437:-0.45931688833691453 | 0.06891873521055214 | -0.35903522480013583
-0.45931688833691453 | 0.06891873521055214 | -0.35903522480013583 | -0.8146361107609144 | -0.8427246646056437:-0.44680059270984174 | 0.054623014261746095 | -0.38324814785838557
-0.44680059270984174 | 0.054623014261746095 | -0.38324814785838557 | -0.8146361107609144 | -0.8427246646056437:-0.43315468682378366 | 0.03924113724241196 | -0.4064248697877071
-0.43315468682378366 | 0.03924113724241196 | -0.4064248697877071 | -0.8146361107609144 | -0.8427246646056437:-0.4184226705305605 | 0.022812808371158955 | -0.4284634520797672
-0.4184226705305605 | 0.022812808371158955 | -0.4284634520797672 | -0.8146361107609144 | -0.8427246646056437:-0.4026527632758672 | 0.0053823681223013065 | -0.44926545783472527
-0.4026527632758672 | 0.0053823681223013065 | -0.44926545783472527 | -0.8146361107609144 | -0.8427246646056437:-0.38589774291440193 | -0.013001353933809856 | -0.4687363778156055
-0.38589774291440193 | -0.013001353933809856 | -0.4687363778156055 | -0.8146361107609144 | -0.8427246646056437:-0.3682147651479326 | -0.032285205309032894 | -0.4867860423737542
-0.3682147651479326 | -0.032285205309032894 | -0.4867860423737542 | -0.8146361107609144 | -0.8427246646056437:-0.34966516427966354 | -0.052411895158736566 | -0.5033290175379895
-0.34966516427966354 | -0.052411895158736566 | -0.5033290175379895 | -0.8146361107609144 | -0.8427246646056437:-0.33031423605384447 | -0.0733201965163982 | -0.5182849836235344
-0.33031423605384447 | -0.0733201965163982 | -0.5182849836235344 | -0.8146361107609144 | -0.8427246646056437:-0.31023100342171617 | -0.09494516542044162 | -0.5315790947867697
-0.31023100342171617 | -0.09494516542044162 | -0.5315790947867697 | -0.32888977737911484 | 0.41046214394487457:-0.3229857403039844 | -0.1043014790018918 | -0.5266387954803493
-0.3229857403039844 | -0.1043014790018918 | -0.5266387954803493 | -0.32888977737911484 | 0.41046214394487457:-0.33567761464995627 | -0.11362054632686891 | -0.521202110636984
-0.33567761464995627 | -0.11362054632686891 | -0.521202110636984 | -0.32888977737911484 | 0.41046214394487457:-0.34829432273250305 | -0.12289240792951062 | -0.5152703301540842
-0.34829432273250305 | -0.12289240792951062 | -0.5152703301540842 | -0.32888977737911484 | 0.41046214394487457:-0.36082359980688494 | -0.13210713239819305 | -0.5088452407159019
-0.36082359980688494 | -0.13210713239819305 | -0.5088452407159019 | -0.32888977737911484 | 0.41046214394487457:-0.3732532318632238 | -0.1412548258037516 | -0.5019291232999796
-0.3732532318632238 | -0.1412548258037516 | -0.5019291232999796 | -0.32888977737911484 | 0.41046214394487457:-0.38557106728409707 | -0.15032564105535617 | -0.494524750246665
-0.38557106728409707 | -0.15032564105535617 | -0.494524750246665 | -0.32888977737911484 | 0.41046214394487457:-0.39776502839790595 | -0.15930978717649946 | -0.48663538189666244
-0.39776502839790595 | -0.15930978717649946 | -0.48663538189666244 | -0.32888977737911484 | 0.41046214394487457:-0.4098231229187306 | -0.1681975384936587 | -0.47826476280192054
-0.4098231229187306 | -0.1681975384936587 | -0.47826476280192054 | -0.32888977737911484 | 0.41046214394487457:-0.4217334552636771 | -0.17697924373032015 | -0.4694171175154498
-0.4217334552636771 | -0.17697924373032015 | -0.4694171175154498 | -0.32888977737911484 | 0.41046214394487457:-0.4334842377387389 | -0.18564533499917424 | -0.4600971459659693
-0.4334842377387389 | -0.18564533499917424 | -0.4600971459659693 | -0.32888977737911484 | 0.41046214394487457:-0.44506380158447456 | -0.19418633668541618 | -0.45031001842358265
-0.44506380158447456 | -0.19418633668541618 | -0.45031001842358265 | -0.32888977737911484 | 0.41046214394487457:-0.45646060787289855 | -0.20259287421422378 | -0.44006137006294654
-0.45646060787289855 | -0.20259287421422378 | -0.44006137006294654 | -0.32888977737911484 | 0.41046214394487457:-0.4676632582471498 | -0.21085568269562405 | -0.4293572951306963
-0.4676632582471498 | -0.21085568269562405 | -0.4293572951306963 | -0.32888977737911484 | 0.41046214394487457:-0.47866050549575334 | -0.21896561544008053 | -0.418204340724162
-0.47866050549575334 | -0.21896561544008053 | -0.418204340724162 | -0.32888977737911484 | 0.41046214394487457:-0.4894412639534238 | -0.2269136523383164 | -0.4066095001886616
-0.4894412639534238 | -0.2269136523383164 | -0.4066095001886616 | -0.32888977737911484 | 0.41046214394487457:-0.4999946197205034 | -0.2346909080989925 | -0.39458020614092426
-0.4999946197205034 | -0.2346909080989925 | -0.39458020614092426 | -0.32888977737911484 | 0.41046214394487457:-0.5103098406934521 | -0.2422886403380513 | -0.3821243231264546
-0.5103098406934521 | -0.2422886403380513 | -0.3821243231264546 | -0.32888977737911484 | 0.41046214394487457:-0.52037638639883 | -0.24969825751366503 | -0.3692501399188721
-0.52037638639883 | -0.24969825751366503 | -0.3692501399188721 | -0.32888977737911484 | 0.41046214394487457:-0.5301839176235958 | -0.25691132670090777 | -0.355966361469509
-0.5301839176235958 | -0.25691132670090777 | -0.355966361469509 | -0.32888977737911484 | 0.41046214394487457:-0.5397223058346015 | -0.26391958120041714 | -0.3422821005157832
-0.5397223058346015 | -0.26391958120041714 | -0.3422821005157832 | -0.32888977737911484 | 0.41046214394487457:-0.548981642380447 | -0.2707149279754857 | -0.32820686885706074
-0.548981642380447 | -0.2707149279754857 | -0.32820686885706074 | -0.32888977737911484 | 0.41046214394487457:-0.5579522474691032 | -0.27728945491219736 | -0.31375056830695236
-0.5579522474691032 | -0.27728945491219736 | -0.31375056830695236 | -0.32888977737911484 | 0.41046214394487457:-0.5666246789147706 | -0.28363543789737644 | -0.2989234813311903
-0.5666246789147706 | -0.28363543789737644 | -0.2989234813311903 | -0.32888977737911484 | 0.41046214394487457:-0.5749897406479647 | -0.2897453477093226 | -0.28373626138040287
-0.5749897406479647 | -0.2897453477093226 | -0.28373626138040287 | -0.32888977737911484 | 0.41046214394487457:-0.5830384909825881 | -0.2956118567164445 | -0.26819992292734973
-0.5830384909825881 | -0.2956118567164445 | -0.26819992292734973 | -0.32888977737911484 | 0.41046214394487457:-0.5907622506345547 | -0.3012278453791257 | -0.252325831218263
-0.5907622506345547 | -0.3012278453791257 | -0.252325831218263 | -0.32888977737911484 | 0.41046214394487457:-0.598152610486153 | -0.3065864085503023 | -0.23612569174822973
-0.598152610486153 | -0.3065864085503023 | -0.23612569174822973 | -0.32888977737911484 | 0.41046214394487457:-0.605201439091033 | -0.31168086157043806 | -0.21961153947059486
-0.605201439091033 | -0.31168086157043806 | -0.21961153947059486 | -0.32888977737911484 | 0.41046214394487457:-0.6119008899147786 | -0.3165047461527717 | -0.20279572775061006
-0.6119008899147786 | -0.3165047461527717 | -0.20279572775061006 | -0.32888977737911484 | 0.41046214394487457:-0.6182434083060997 | -0.3210518360548793 | -0.1856909170736376
-0.6182434083060997 | -0.3210518360548793 | -0.1856909170736376 | 0.9387438958766907 | 0.8529272156384105:-0.62865521996779 | -0.3131931556782499 | -0.17468345700646637
-0.62865521996779 | -0.3131931556782499 | -0.17468345700646637 | 0.9387438958766907 | 0.8529272156384105:-0.6385774425069926 | -0.30581492392646403 | -0.16283149544084097
-0.6385774425069926 | -0.30581492392646403 | -0.16283149544084097 | 0.9387438958766907 | 0.8529272156384105:-0.6479730908505843 | -0.29895925508995624 | -0.1501785182691009
-0.6479730908505843 | -0.29895925508995624 | -0.1501785182691009 | 0.9387438958766907 | 0.8529272156384105:-0.6568071144233656 | -0.29266621784222835 | -0.13677173682069643
-0.6568071144233656 | -0.29266621784222835 | -0.13677173682069643 | 0.9387438958766907 | 0.8529272156384105:-0.6650465614550072 | -0.28697365007762166 | -0.12266190226696061
-0.6650465614550072 | -0.28697365007762166 | -0.12266190226696061 | 0.3809385002396417 | -0.12104413349159215:-0.6666585197781671 | -0.28561339249689865 | -0.13260519232990653
-0.6666585197781671 | -0.28561339249689865 | -0.13260519232990653 | 0.3809385002396417 | -0.12104413349159215:-0.6681834233125841 | -0.28404454035031 | -0.1425592381154921
-0.6681834233125841 | -0.28404454035031 | -0.1425592381154921 | 0.3809385002396417 | -0.12104413349159215:-0.6696213323886013 | -0.28226657998291493 | -0.1525187143512543
-0.6696213323886013 | -0.28226657998291493 | -0.1525187143512543 | 0.3809385002396417 | -0.12104413349159215:-0.6709723435913517 | -0.2802791183125386 | -0.16247828987008717
-0.6709723435913517 | -0.2802791183125386 | -0.16247828987008717 | 0.3809385002396417 | -0.12104413349159215:-0.6722365897252303 | -0.2780818826798175 | -0.1724326304852113
-0.6722365897252303 | -0.2780818826798175 | -0.1724326304852113 | 0.3809385002396417 | -0.12104413349159215:-0.6734142397592819 | -0.2756747206392145 | -0.18237640185298076
-0.6734142397592819 | -0.2756747206392145 | -0.18237640185298076 | 0.3809385002396417 | -0.12104413349159215:-0.6745054987539518 | -0.2730575996914375 | -0.19230427232228386
-0.6745054987539518 | -0.2730575996914375 | -0.19230427232228386 | 0.3809385002396417 | -0.12104413349159215:-0.6755106077691124 | -0.27023060695775136 | -0.20221091576930306
-0.6755106077691124 | -0.27023060695775136 | -0.20221091576930306 | 0.3809385002396417 | -0.12104413349159215:-0.6764298437536596 | -0.26719394879665437 | -0.21209101441643874
-0.6764298437536596 | -0.26719394879665437 | -0.21209101441643874 | 0.3809385002396417 | -0.12104413349159215:-0.6772635194168402 | -0.2639479503634483 | -0.2219392616341782
-0.6772635194168402 | -0.2639479503634483 | -0.2219392616341782 | 0.956288575028529 | 0.9463027698341673:-0.6897586610425179 | -0.25383746618339487 | -0.20264412844360535
-0.6897586610425179 | -0.25383746618339487 | -0.20264412844360535 | 0.956288575028529 | 0.9463027698341673:-0.7013128991426925 | -0.24462169327988548 | -0.1822472190826563
-0.7013128991426925 | -0.24462169327988548 | -0.1822472190826563 | 0.956288575028529 | 0.9463027698341673:-0.7118737330305152 | -0.23635609787492662 | -0.16083692183882903
-0.7118737330305152 | -0.23635609787492662 | -0.16083692183882903 | 0.956288575028529 | 0.9463027698341673:-0.721393007869942 | -0.22909187806376963 | -0.13850691857201092
-0.721393007869942 | -0.22909187806376963 | -0.13850691857201092 | 0.956288575028529 | 0.9463027698341673:-0.7298271673881231 | -0.22287569832303333 | -0.11535576059374009
-0.7298271673881231 | -0.22287569832303333 | -0.11535576059374009 | 0.956288575028529 | 0.9463027698341673:-0.7371374853061923 | -0.21774944492089787 | -0.09148641928914891
-0.7371374853061923 | -0.21774944492089787 | -0.09148641928914891 | 0.956288575028529 | 0.9463027698341673:-0.7432902742966689 | -0.21375000348420237 | -0.06700581359499225
-0.7432902742966689 | -0.21375000348420237 | -0.06700581359499225 | 0.956288575028529 | 0.9463027698341673:-0.7482570713831791 | -0.21090905987156638 | -0.04202431656470651
-0.7482570713831791 | -0.21090905987156638 | -0.04202431656470651 | 0.956288575028529 | 0.9463027698341673:-0.7520147988109258 | -0.20925292539022777 | -0.01665524335816393
-0.7520147988109258 | -0.20925292539022777 | -0.01665524335816393 | 0.956288575028529 | 0.9463027698341673:-0.7545458995340937 | -0.20880238727763256 | 0.008985676910826967
-0.7545458995340937 | -0.20880238727763256 | 0.008985676910826967 | 0.956288575028529 | 0.9463027698341673:-0.7558384465882924 | -0.20957258524756206 | 0.03478084295251982
-0.7558384465882924 | -0.20957258524756206 | 0.03478084295251982 | 0.956288575028529 | 0.9463027698341673:-0.755886225741925 | -0.21157291477524254 | 0.06061133411652264
-0.755886225741925 | -0.21157291477524254 | 0.06061133411652264 | 0.956288575028529 | 0.9463027698341673:-0.7546887909490536 | -0.21480695766714675 | 0.08635747159727103
-0.7546887909490536 | -0.21480695766714675 | 0.08635747159727103 | 0.956288575028529 | 0.9463027698341673:-0.7522514922576988 | -0.21927244032963422 | 0.11189938533636479
-0.7522514922576988 | -0.21927244032963422 | 0.11189938533636479 | 0.956288575028529 | 0.9463027698341673:-0.7485854759606667 | -0.2249612200168425 | 0.13711758389550077
-0.7485854759606667 | -0.2249612200168425 | 0.13711758389550077 | 0.956288575028529 | 0.9463027698341673:-0.7437076569100185 | -0.23185929920301973 | 0.16189352455379158
-0.7437076569100185 | -0.23185929920301973 | 0.16189352455379158 | 0.956288575028529 | 0.9463027698341673:-0.7376406630517067 | -0.23994686808834764 | 0.1861101808767991
-0.7376406630517067 | -0.23994686808834764 | 0.1861101808767991 | 0.956288575028529 | 0.9463027698341673:-0.730412752370782 | -0.24919837511099452 | 0.2096526050114189
-0.730412752370782 | -0.24919837511099452 | 0.2096526050114189 | 0.956288575028529 | 0.9463027698341673:-0.7220577025726271 | -0.2595826252023361 | 0.23240848198091868
-0.7220577025726271 | -0.2595826252023361 | 0.23240848198091868 | 0.956288575028529 | 0.9463027698341673:-0.7126146739569492 | -0.2710629053874669 | 0.2542686732878252
-0.7126146739569492 | -0.2710629053874669 | 0.2542686732878252 | 0.956288575028529 | 0.9463027698341673:-0.7021280460729997 | -0.2835971372002071 | 0.27512774717887467
-0.7021280460729997 | -0.2835971372002071 | 0.27512774717887467 | 0.956288575028529 | 0.9463027698341673:-0.6906472288712706 | -0.2971380552512599 | 0.2948844929855028
-0.6906472288712706 | -0.2971380552512599 | 0.2948844929855028 | 0.956288575028529 | 0.9463027698341673:-0.6782264491918824 | -0.31163341116069176 | 0.31344241702537445
-0.6782264491918824 | -0.31163341116069176 | 0.31344241702537445 | 0.956288575028529 | 0.9463027698341673:-0.6649245135504316 | -0.3270262019419654 | 0.33071021763450403
-0.6649245135504316 | -0.3270262019419654 | 0.33071021763450403 | 0.956288575028529 | 0.9463027698341673:-0.6508045482979696 | -0.34325492180533956 | 0.3466022369956079
-0.6508045482979696 | -0.34325492180533956 | 0.3466022369956079 | 0.956288575028529 | 0.9463027698341673:-0.6359337183426703 | -0.36025383623363183 | 0.3610388875356101
-0.6359337183426703 | -0.36025383623363183 | 0.3610388875356101 | 0.956288575028529 | 0.9463027698341673:-0.620382925726517 | -0.37795327707399196 | 0.37394705078353496
-0.620382925726517 | -0.37795327707399196 | 0.37394705078353496 | 0.956288575028529 | 0.9463027698341673:-0.604226489449232 | -0.3962799572860085 | 0.3852604467084966
-0.604226489449232 | -0.3962799572860085 | 0.3852604467084966 | 0.956288575028529 | 0.9463027698341673:-0.5875418080244827 | -0.4151573038894725 | 0.39491997169574766
-0.5875418080244827 | -0.4151573038894725 | 0.39491997169574766 | 0.956288575028529 | 0.9463027698341673:-0.570409006339176 | -0.4345058075650421 | 0.40287400346596414
-0.570409006339176 | -0.4345058075650421 | 0.40287400346596414 | 0.956288575028529 | 0.9463027698341673:-0.5529105684645685 | -0.454243387278332 | 0.40907867139852705
-0.5529105684645685 | -0.454243387278332 | 0.40907867139852705 | 0.956288575028529 | 0.9463027698341673:-0.5351309581384527 | -0.4742857682230053 | 0.4134980908826744
-0.5351309581384527 | -0.4742857682230053 | 0.4134980908826744 | 0.956288575028529 | 0.9463027698341673:-0.5171562286999318 | -0.49454687131149555 | 0.4161045604903393
-0.5171562286999318 | -0.49454687131149555 | 0.4161045604903393 | 0.956288575028529 | 0.9463027698341673:-0.4990736243116487 | -0.5149392123835348 | 0.4168787209403888
-0.4990736243116487 | -0.5149392123835348 | 0.4168787209403888 | 0.956288575028529 | 0.9463027698341673:-0.48097117434961945 | -0.5353743092530046 | 0.41580967500503974
-0.48097117434961945 | -0.5353743092530046 | 0.41580967500503974 | 0.956288575028529 | 0.9463027698341673:-0.4629372828765952 | -0.5557630946726952 | 0.412895067694528
-0.4629372828765952 | -0.5557630946726952 | 0.412895067694528 | 0.956288575028529 | 0.9463027698341673:-0.44506031514183064 | -0.5760163332650485 | 0.4081411262448267
-0.44506031514183064 | -0.5760163332650485 | 0.4081411262448267 | 0.956288575028529 | 0.9463027698341673:-0.4274281830676898 | -0.5960450404445439 | 0.4015626596244273
-0.4274281830676898 | -0.5960450404445439 | 0.4015626596244273 | 0.956288575028529 | 0.9463027698341673:-0.4101279316915196 | -0.6157609013445615 | 0.39318301746889883
-0.4101279316915196 | -0.6157609013445615 | 0.39318301746889883 | 0.956288575028529 | 0.9463027698341673:-0.39324532853051153 | -0.6350766877580654 | 0.3830340085454198
-0.39324532853051153 | -0.6350766877580654 | 0.3830340085454198 | 0.5351198864323516 | 0.3956893335405116:-0.3866676729718108 | -0.6463303845408923 | 0.3743294152294139
-0.3866676729718108 | -0.6463303845408923 | 0.3743294152294139 | 0.5351198864323516 | 0.3956893335405116:-0.3802485363109014 | -0.657353331357637 | 0.36517275303746644
-0.3802485363109014 | -0.657353331357637 | 0.36517275303746644 | 0.5351198864323516 | 0.3956893335405116:-0.37399742566529426 | -0.6681327709737879 | 0.355573280296813
-0.37399742566529426 | -0.6681327709737879 | 0.355573280296813 | 0.5351198864323516 | 0.3956893335405116:-0.36792365458723 | -0.6786561981848855 | 0.34554081652945534
-0.36792365458723 | -0.6786561981848855 | 0.34554081652945534 | 0.5351198864323516 | 0.3956893335405116:-0.36203633143081504 | -0.688911375722455 | 0.3350857311500377
-0.36203633143081504 | -0.688911375722455 | 0.3350857311500377 | 0.790906995917598 | -0.09137574128218562:-0.36409273367550554 | -0.7028846619907227 | 0.3064816031372084
-0.36409273367550554 | -0.7028846619907227 | 0.3064816031372084 | 0.790906995917598 | -0.09137574128218562:-0.3660117167373329 | -0.7157241133007304 | 0.2772799233891279
-0.3660117167373329 | -0.7157241133007304 | 0.2772799233891279 | 0.790906995917598 | -0.09137574128218562:-0.36779053653970095 | -0.7274046208238971 | 0.24752695663576407
-0.36779053653970095 | -0.7274046208238971 | 0.24752695663576407 | 0.790906995917598 | -0.09137574128218562:-0.36942666895407683 | -0.737902963204899 | 0.217270026323932
-0.36942666895407683 | -0.737902963204899 | 0.217270026323932 | 0.790906995917598 | -0.09137574128218562:-0.3709178146488057 | -0.7471978500537482 | 0.18655743564460447
-0.3709178146488057 | -0.7471978500537482 | 0.18655743564460447 | 0.790906995917598 | -0.09137574128218562:-0.3722619035539765 | -0.7552699621500594 | 0.15543838678484967
-0.3722619035539765 | -0.7552699621500594 | 0.15543838678484967 | 0.790906995917598 | -0.09137574128218562:-0.3734570989346224 | -0.7621019882893876 | 0.12396289854379416
-0.3734570989346224 | -0.7621019882893876 | 0.12396289854379416 | 0.790906995917598 | -0.09137574128218562:-0.37450180106516484 | -0.7676786587075881 | 0.09218172245474676
-0.37450180106516484 | -0.7676786587075881 | 0.09218172245474676 | 0.790906995917598 | -0.09137574128218562:-0.3753946504986345 | -0.7719867750249989 | 0.06014625755807801
-0.3753946504986345 | -0.7719867750249989 | 0.06014625755807801 | 0.790906995917598 | -0.09137574128218562:-0.3761345309251709 | -0.775015236658227 | 0.027908463971666908
-0.3761345309251709 | -0.775015236658227 | 0.027908463971666908 | 0.790906995917598 | -0.09137574128218562:-0.3767205716145696 | -0.7767550636535248 | -0.00447922459229666
-0.3767205716145696 | -0.7767550636535248 | -0.00447922459229666 | 0.790906995917598 | -0.09137574128218562:-0.3771521494387997 | -0.7771994159018831 | -0.03696398921366395
-0.3771521494387997 | -0.7771994159018831 | -0.03696398921366395 | 0.790906995917598 | -0.09137574128218562:-0.3774288904708669 | -0.7763436087021134 | -0.06949271490190334
