0.0 | 0.0 | 0.0 | -0.2459268022843102 | -0.3417784748040633:-1.7086800158894896E-4 | 1.2296030248826195E-4 | 0.009997783998969221
-1.7086800158894896E-4 | 1.2296030248826195E-4 | 0.009997783998969221 | -0.2459268022843102 | -0.3417784748040633:-6.798782347090971E-4 | 4.893092819477918E-4 | 0.019882362586286582
-6.798782347090971E-4 | 4.893092819477918E-4 | 0.019882362586286582 | -0.2459268022843102 | -0.3417784748040633:-0.001521470454086145 | 0.0010951257533761138 | 0.02964178179937292
-0.001521470454086145 | 0.0010951257533761138 | 0.02964178179937292 | 0.9716811320436345 | -0.9104229597858118:-0.003807046721781402 | -4.586602575366028E-4 | 0.039216966404178065
-0.003807046721781402 | -4.586602575366028E-4 | 0.039216966404178065 | 0.9716811320436345 | -0.9104229597858118:-0.006945982383699472 | -0.0029386685214142227 | 0.04842615785761942
-0.006945982383699472 | -0.0029386685214142227 | 0.04842615785761942 | 0.9716811320436345 | -0.9104229597858118:-0.010905581587697225 | -0.006312908091577363 | 0.057147076878792835
-0.010905581587697225 | -0.006312908091577363 | 0.057147076878792835 | 0.9716811320436345 | -0.9104229597858118:-0.0156460993414341 | -0.010541743275131799 | 0.06526245612231818
-0.0156460993414341 | -0.010541743275131799 | 0.06526245612231818 | 0.9716811320436345 | -0.9104229597858118:-0.02112109147381276 | -0.01557824733074109 | 0.07266085565208091
-0.02112109147381276 | -0.01557824733074109 | 0.07266085565208091 | 0.9716811320436345 | -0.9104229597858118:-0.02727780528615425 | -0.0213686007081757 | 0.07923743260196553
-0.02727780528615425 | -0.0213686007081757 | 0.07923743260196553 | 0.9716811320436345 | -0.9104229597858118:-0.03405760811446393 | -0.027852530967223288 | 0.08489466077359259
-0.03405760811446393 | -0.027852530967223288 | 0.08489466077359259 | 0.9716811320436345 | -0.9104229597858118:-0.04139645083233695 | -0.03496379130076033 | 0.08954299625306206
-0.04139645083233695 | -0.03496379130076033 | 0.08954299625306206 | 0.9716811320436345 | -0.9104229597858118:-0.04922536315068729 | -0.0426306743932332 | 0.09310148547913455
-0.04922536315068729 | -0.0426306743932332 | 0.09310148547913455 | 0.9716811320436345 | -0.9104229597858118:-0.05747097741630863 | -0.05077655817233584 | 0.09549831256208086
-0.05747097741630863 | -0.05077655817233584 | 0.09549831256208086 | 0.9716811320436345 | -0.9104229597858118:-0.06605607747692788 | -0.05932047985901834 | 0.09667128303345329
-0.06605607747692788 | -0.05932047985901834 | 0.09667128303345329 | 0.9716811320436345 | -0.9104229597858118:-0.07490016906641833 | -0.0681777345897483 | 0.09656824160009947
-0.07490016906641833 | -0.0681777345897483 | 0.09656824160009947 | 0.9716811320436345 | -0.9104229597858118:-0.08392006807061847 | -0.07726049477565922 | 0.09514742187860636
-0.08392006807061847 | -0.07726049477565922 | 0.09514742187860636 | 0.9716811320436345 | -0.9104229597858118:-0.09303050296205234 | -0.08647844627624113 | 0.09237772649677756
-0.09303050296205234 | -0.08647844627624113 | 0.09237772649677756 | 0.9716811320436345 | -0.9104229597858118:-0.10214472764096327 | -0.09573943740082735 | 0.08823893636442492
-0.10214472764096327 | -0.09573943740082735 | 0.08823893636442492 | -0.5261574557520166 | -0.6512277410975238:-0.11034142215436549 | -0.09809442490393483 | 0.0917583876216892
-0.11034142215436549 | -0.09809442490393483 | 0.0917583876216892 | -0.5261574557520166 | -0.6512277410975238:-0.11874049392079977 | -0.10019259793067636 | 0.09497379532568528
-0.11874049392079977 | -0.10019259793067636 | 0.09497379532568528 | -0.5261574557520166 | -0.6512277410975238:-0.12732753940965735 | -0.102046234069892 | 0.09786596932367142
-0.12732753940965735 | -0.102046234069892 | 0.09786596932367142 | -0.5261574557520166 | -0.6512277410975238:-0.13608739921646462 | -0.10366822738449821 | 0.10041683828960712
-0.13608739921646462 | -0.10366822738449821 | 0.10041683828960712 | -0.5261574557520166 | -0.6512277410975238:-0.14500420707258388 | -0.10507204948751303 | 0.1026094940230502
-0.14500420707258388 | -0.10507204948751303 | 0.1026094940230502 | -0.5261574557520166 | -0.6512277410975238:-0.15406144025039792 | -0.10627170944602371 | 0.10442823242420296
-0.15406144025039792 | -0.10627170944602371 | 0.10442823242420296 | -0.5261574557520166 | -0.6512277410975238:-0.16324197123244 | -0.10728171261849173 | 0.10585859107806894
-0.16324197123244 | -0.10728171261849173 | 0.10585859107806894 | -0.5261574557520166 | -0.6512277410975238:-0.1725281205113658 | -0.10811701853217093 | 0.10688738338886838
-0.1725281205113658 | -0.10811701853217093 | 0.10688738338886838 | -0.5261574557520166 | -0.6512277410975238:-0.18190171038636938 | -0.10879299790856667 | 0.10750272921411064
-0.18190171038636938 | -0.10879299790856667 | 0.10750272921411064 | -0.5261574557520166 | -0.6512277410975238:-0.19134411962068176 | -0.10932538894574195 | 0.10769408195598595
-0.19134411962068176 | -0.10932538894574195 | 0.10769408195598595 | -0.5261574557520166 | -0.6512277410975238:-0.20083633882409657 | -0.10973025296696015 | 0.10745225207603148
-0.20083633882409657 | -0.10973025296696015 | 0.10745225207603148 | -0.5261574557520166 | -0.6512277410975238:-0.2103590264240891 | -0.11002392954556095 | 0.10676942700728365
-0.2103590264240891 | -0.11002392954556095 | 0.10676942700728365 | -0.5261574557520166 | -0.6512277410975238:-0.2198925650889949 | -0.11022299121615209 | 0.10563918744640333
-0.2198925650889949 | -0.11022299121615209 | 0.10563918744640333 | -0.5261574557520166 | -0.6512277410975238:-0.22941711846692492 | -0.11034419788214533 | 0.10405652001645205
-0.22941711846692492 | -0.11034419788214533 | 0.10405652001645205 | -0.5261574557520166 | -0.6512277410975238:-0.23891268810456134 | -0.1104044510293849 | 0.10201782629916423
-0.23891268810456134 | -0.1104044510293849 | 0.10201782629916423 | -0.5261574557520166 | -0.6512277410975238:-0.24835917041077638 | -0.11042074785509515 | 0.09952092824365089
-0.24835917041077638 | -0.11042074785509515 | 0.09952092824365089 | -0.5261574557520166 | -0.6512277410975238:-0.2577364135310405 | -0.11041013542062572 | 0.0965650699664442
-0.2577364135310405 | -0.11041013542062572 | 0.0965650699664442 | -0.5261574557520166 | -0.6512277410975238:-0.26702427399992956 | -0.11038966493551694 | 0.09315091596571001
-0.26702427399992956 | -0.11038966493551694 | 0.09315091596571001 | -0.5261574557520166 | -0.6512277410975238:-0.2762026730406353 | -0.11037634627920667 | 0.08928054578020994
-0.2762026730406353 | -0.11037634627920667 | 0.08928054578020994 | -0.5261574557520166 | -0.6512277410975238:-0.28525165238223593 | -0.1103871028653085 | 0.08495744513124004
-0.28525165238223593 | -0.1103871028653085 | 0.08495744513124004 | -0.5261574557520166 | -0.6512277410975238:-0.29415142946760753 | -0.11043872695176882 | 0.08018649359327368
-0.29415142946760753 | -0.11043872695176882 | 0.08018649359327368 | -0.5261574557520166 | -0.6512277410975238:-0.3028824519272355 | -0.11054783549840286 | 0.07497394884634367
-0.3028824519272355 | -0.11054783549840286 | 0.07497394884634367 | -0.5261574557520166 | -0.6512277410975238:-0.31142545119677223 | -0.1107308266712761 | 0.0693274275703808
-0.31142545119677223 | -0.1107308266712761 | 0.0693274275703808 | -0.5261574557520166 | -0.6512277410975238:-0.3197614951590779 | -0.11100383709120631 | 0.06325588304866514
-0.3197614951590779 | -0.11100383709120631 | 0.06325588304866514 | -0.5261574557520166 | -0.6512277410975238:-0.32787203969451806 | -0.11138269992123906 | 0.056769579554331706
-0.32787203969451806 | -0.11138269992123906 | 0.056769579554331706 | -0.24617944175458106 | -0.41351329713331153:-0.33508991492565077 | -0.1127228201104975 | 0.05229514036608851
-0.33508991492565077 | -0.1127228201104975 | 0.05229514036608851 | -0.24617944175458106 | -0.41351329713331153:-0.3421718963365752 | -0.11408571252484556 | 0.047579870803863944
-0.3421718963365752 | -0.11408571252484556 | 0.047579870803863944 | -0.24617944175458106 | -0.41351329713331153:-0.3491112240895182 | -0.11547599718145918 | 0.0426285268948714
-0.3491112240895182 | -0.11547599718145918 | 0.0426285268948714 | -0.24617944175458106 | -0.41351329713331153:-0.35590129092489775 | -0.11689819905318721 | 0.03744610083760325
-0.35590129092489775 | -0.11689819905318721 | 0.03744610083760325 | -0.24617944175458106 | -0.41351329713331153:-0.3625356472882624 | -0.11835674503417692 | 0.032037814690922595
-0.3625356472882624 | -0.11835674503417692 | 0.032037814690922595 | 0.9125054517571609 | 0.8044240944979961:-0.36699811021139706 | -0.1216254157057639 | 0.041826388132412795
-0.36699811021139706 | -0.1216254157057639 | 0.041826388132412795 | 0.9125054517571609 | 0.8044240944979961:-0.37098394968491455 | -0.12534581967970126 | 0.05176428849276338
-0.37098394968491455 | -0.12534581967970126 | 0.05176428849276338 | 0.9125054517571609 | 0.8044240944979961:-0.37448387813411976 | -0.12953038537845885 | 0.06180605982352105
-0.37448387813411976 | -0.12953038537845885 | 0.06180605982352105 | 0.9125054517571609 | 0.8044240944979961:-0.37749073973566816 | -0.13418914282505856 | 0.07190500063776728
-0.37749073973566816 | -0.13418914282505856 | 0.07190500063776728 | 0.9125054517571609 | 0.8044240944979961:-0.3799995662810396 | -0.1393296551778409 | 0.0820133908992613
-0.3799995662810396 | -0.1393296551778409 | 0.0820133908992613 | 0.39253263018333207 | -0.415803443834283:-0.3869892602782663 | -0.14291546598796412 | 0.07236058784591481
-0.3869892602782663 | -0.14291546598796412 | 0.07236058784591481 | 0.39253263018333207 | -0.415803443834283:-0.3937400096814887 | -0.14631043850338887 | 0.062334971950940954
-0.3937400096814887 | -0.14631043850338887 | 0.062334971950940954 | 0.39253263018333207 | -0.415803443834283:-0.40024124165884345 | -0.14950417019813855 | 0.05194782457293812
-0.40024124165884345 | -0.14950417019813855 | 0.05194782457293812 | 0.39253263018333207 | -0.415803443834283:-0.40648270555357513 | -0.15248656073693745 | 0.041210942658896244
-0.40648270555357513 | -0.15248656073693745 | 0.041210942658896244 | 0.39253263018333207 | -0.415803443834283:-0.41245448452802336 | -0.15524782310364849 | 0.03013662170378506
-0.41245448452802336 | -0.15524782310364849 | 0.03013662170378506 | 0.05934550264485594 | 0.3541287288667889:-0.41706957384312027 | -0.15729971679261023 | 0.03744117085264964
-0.41706957384312027 | -0.15729971679261023 | 0.03744117085264964 | 0.05934550264485594 | 0.3541287288667889:-0.42149376931759974 | -0.15935500860759522 | 0.04490089296356459
-0.42149376931759974 | -0.15935500860759522 | 0.04490089296356459 | 0.05934550264485594 | 0.3541287288667889:-0.4257235566554307 | -0.1614145788657808 | 0.052510538273206286
-0.4257235566554307 | -0.1614145788657808 | 0.052510538273206286 | 0.05934550264485594 | 0.3541287288667889:-0.429755555383613 | -0.1634792827123448 | 0.06026479646754801
-0.429755555383613 | -0.1634792827123448 | 0.06026479646754801 | 0.05934550264485594 | 0.3541287288667889:-0.4335865194321702 | -0.16554995004694462 | 0.06815829983493682
-0.4335865194321702 | -0.16554995004694462 | 0.06815829983493682 | -0.946046660348498 | -0.24296242496227083:-0.4393939306305885 | -0.16397699883223105 | 0.0714367568347054
-0.4393939306305885 | -0.16397699883223105 | 0.0714367568347054 | -0.946046660348498 | -0.24296242496227083:-0.44520090677169044 | -0.1621929797142192 | 0.07458420846579727
-0.44520090677169044 | -0.1621929797142192 | 0.07458420846579727 | -0.946046660348498 | -0.24296242496227083:-0.4510063099045958 | -0.1602041311368616 | 0.07758839921678096
-0.4510063099045958 | -0.1602041311368616 | 0.07758839921678096 | -0.946046660348498 | -0.24296242496227083:-0.4568088218736044 | -0.1580173803002154 | 0.08043740833780433
-0.4568088218736044 | -0.1580173803002154 | 0.08043740833780433 | -0.946046660348498 | -0.24296242496227083:-0.4626069493460001 | -0.15564032473783662 | 0.08311968993240448
-0.4626069493460001 | -0.15564032473783662 | 0.08311968993240448 | 0.3121746343389724 | -0.24996597975641777:-0.46830644443188163 | -0.15851886304723894 | 0.07565606929939772
-0.46830644443188163 | -0.15851886304723894 | 0.07565606929939772 | 0.3121746343389724 | -0.24996597975641777:-0.4738731648509322 | -0.1612761640236311 | 0.06798678096880018
-0.4738731648509322 | -0.1612761640236311 | 0.06798678096880018 | 0.3121746343389724 | -0.24996597975641777:-0.47930383748696315 | -0.16390767064779332 | 0.060116889879736846
-0.47930383748696315 | -0.16390767064779332 | 0.060116889879736846 | 0.3121746343389724 | -0.24996597975641777:-0.48459527956648785 | -0.16640894204056167 | 0.052051587131471067
-0.48459527956648785 | -0.16640894204056167 | 0.052051587131471067 | 0.3121746343389724 | -0.24996597975641777:-0.48974440012484166 | -0.16877565528209892 | 0.04379618597710522
-0.48974440012484166 | -0.16877565528209892 | 0.04379618597710522 | 0.004794046081268766 | 0.6602913243678619:-0.49254068479050517 | -0.17034505769106545 | 0.060450861605946926
-0.49254068479050517 | -0.17034505769106545 | 0.060450861605946926 | 0.004794046081268766 | 0.6602913243678619:-0.494720138627212 | -0.17190299436336964 | 0.07732948359547276
-0.494720138627212 | -0.17190299436336964 | 0.07732948359547276 | 0.004794046081268766 | 0.6602913243678619:-0.4962717856648915 | -0.1734497070418879 | 0.09440794571054223
-0.4962717856648915 | -0.1734497070418879 | 0.09440794571054223 | 0.004794046081268766 | 0.6602913243678619:-0.49718561144355533 | -0.17498542895001812 | 0.11166170257301644
-0.49718561144355533 | -0.17498542895001812 | 0.11166170257301644 | 0.004794046081268766 | 0.6602913243678619:-0.4974525782388355 | -0.17651038469248448 | 0.129065807812057
-0.4974525782388355 | -0.17651038469248448 | 0.129065807812057 | 0.004794046081268766 | 0.6602913243678619:-0.4970646388050852 | -0.17802479016670958 | 0.1465949526721806
-0.4970646388050852 | -0.17802479016670958 | 0.1465949526721806 | 0.004794046081268766 | 0.6602913243678619:-0.49601474862476636 | -0.17952885248479156 | 0.16422350502310668
-0.49601474862476636 | -0.17952885248479156 | 0.16422350502310668 | 0.004794046081268766 | 0.6602913243678619:-0.4942968766549143 | -0.18102276990622812 | 0.18192554871527733
-0.4942968766549143 | -0.18102276990622812 | 0.18192554871527733 | 0.004794046081268766 | 0.6602913243678619:-0.49190601456353633 | -0.1825067317813982 | 0.19967492322482272
-0.49190601456353633 | -0.1825067317813982 | 0.19967492322482272 | 0.004794046081268766 | 0.6602913243678619:-0.48883818445075633 | -0.1839809185058563 | 0.21744526353173566
-0.48883818445075633 | -0.1839809185058563 | 0.21744526353173566 | -0.41592228717058966 | -0.0688916686457739:-0.49335500042592884 | -0.18079650194382602 | 0.2212238805833806
-0.49335500042592884 | -0.18079650194382602 | 0.2212238805833806 | -0.41592228717058966 | -0.0688916686457739:-0.497852817829628 | -0.17748544566798508 | 0.22491819558185888
-0.497852817829628 | -0.17748544566798508 | 0.22491819558185888 | -0.41592228717058966 | -0.0688916686457739:-0.5023316459293916 | -0.17405006276495882 | 0.2285247811477129
-0.5023316459293916 | -0.17405006276495882 | 0.2285247811477129 | -0.41592228717058966 | -0.0688916686457739:-0.5067914763116228 | -0.17049274972948858 | 0.23204027761875512
-0.5067914763116228 | -0.17049274972948858 | 0.23204027761875512 | -0.41592228717058966 | -0.0688916686457739:-0.5112322832466276 | -0.16681598452031565 | 0.23546139491808127
-0.5112322832466276 | -0.16681598452031565 | 0.23546139491808127 | -0.41592228717058966 | -0.0688916686457739:-0.5156540240589784 | -0.16302232458112975 | 0.23878491436800697
-0.5156540240589784 | -0.16302232458112975 | 0.23878491436800697 | -0.41592228717058966 | -0.0688916686457739:-0.5200566395029114 | -0.15911440482791228 | 0.2420076904493733
-0.5200566395029114 | -0.15911440482791228 | 0.2420076904493733 | -0.41592228717058966 | -0.0688916686457739:-0.5244400541426373 | -0.15509493560404408 | 0.24512665250572852
-0.5244400541426373 | -0.15509493560404408 | 0.24512665250572852 | -0.41592228717058966 | -0.0688916686457739:-0.5288041767372178 | -0.15096670060450101 | 0.24813880639191765
-0.5288041767372178 | -0.15096670060450101 | 0.24813880639191765 | -0.41592228717058966 | -0.0688916686457739:-0.533148900629925 | -0.14673255477051939 | 0.25104123606661766
-0.533148900629925 | -0.14673255477051939 | 0.25104123606661766 | 0.7474706416577093 | 0.895228969734817:-0.5250080574753078 | -0.15701906330169813 | 0.27073354456098997
-0.5250080574753078 | -0.15701906330169813 | 0.27073354456098997 | 0.7474706416577093 | 0.895228969734817:-0.5158996094276525 | -0.16808774799294035 | 0.28973597589473243
-0.5158996094276525 | -0.16808774799294035 | 0.28973597589473243 | 0.7474706416577093 | 0.895228969734817:-0.505853940647853 | -0.1799151096909668 | 0.3079691770983164
-0.505853940647853 | -0.1799151096909668 | 0.3079691770983164 | 0.7474706416577093 | 0.895228969734817:-0.4949053042105547 | -0.19247437334565198 | 0.325356034836517
-0.4949053042105547 | -0.19247437334565198 | 0.325356034836517 | 0.7474706416577093 | 0.895228969734817:-0.48309171361498215 | -0.20573557259933573 | 0.34182199793233714
-0.48309171361498215 | -0.20573557259933573 | 0.34182199793233714 | 0.005167860495778331 | -0.4353616778246605:-0.4933395914834193 | -0.2070507614782855 | 0.33314675340363564
-0.4933395914834193 | -0.2070507614782855 | 0.33314675340363564 | 0.005167860495778331 | -0.4353616778246605:-0.5034088185993362 | -0.20835194491635178 | 0.32416665577678216
-0.5034088185993362 | -0.20835194491635178 | 0.32416665577678216 | 0.005167860495778331 | -0.4353616778246605:-0.513290873270229 | -0.20963914041762877 | 0.31488625538397486
-0.513290873270229 | -0.20963914041762877 | 0.31488625538397486 | 0.005167860495778331 | -0.4353616778246605:-0.5229773672293732 | -0.21091236584911144 | 0.3053103224976823
-0.5229773672293732 | -0.21091236584911144 | 0.3053103224976823 | 0.005167860495778331 | -0.4353616778246605:-0.532460050826046 | -0.2121716395147395 | 0.2954438433133806
-0.532460050826046 | -0.2121716395147395 | 0.2954438433133806 | 0.005167860495778331 | -0.4353616778246605:-0.5417308180998006 | -0.21341698022795796 | 0.28529201582171915
-0.5417308180998006 | -0.21341698022795796 | 0.28529201582171915 | 0.005167860495778331 | -0.4353616778246605:-0.5507817117366827 | -0.2146484073827999 | 0.2748602455732776
-0.5507817117366827 | -0.2146484073827999 | 0.2748602455732776 | 0.005167860495778331 | -0.4353616778246605:-0.5596049279054185 | -0.2158659410234005 | 0.2641541413390396
-0.5596049279054185 | -0.2158659410234005 | 0.2641541413390396 | 0.005167860495778331 | -0.4353616778246605:-0.5681928209716247 | -0.21706960191199975 | 0.25317951066979383
-0.5681928209716247 | -0.21706960191199975 | 0.25317951066979383 | 0.005167860495778331 | -0.4353616778246605:-0.5765379080882909 | -0.21825941159534246 | 0.24194235535764363
-0.5765379080882909 | -0.21825941159534246 | 0.24194235535764363 | 0.005167860495778331 | -0.4353616778246605:-0.5846328736606878 | -0.2194353924695136 | 0.23044886680291832
-0.5846328736606878 | -0.2194353924695136 | 0.23044886680291832 | 0.005167860495778331 | -0.4353616778246605:-0.5924705736840608 | -0.22059756784313755 | 0.21870542128969106
-0.5924705736840608 | -0.22059756784313755 | 0.21870542128969106 | 0.005167860495778331 | -0.4353616778246605:-0.6000440399525147 | -0.22174596199897323 | 0.20671857517322678
-0.6000440399525147 | -0.22174596199897323 | 0.20671857517322678 | 0.005167860495778331 | -0.4353616778246605:-0.6073464841376222 | -0.22288060025384482 | 0.19449505998268002
-0.6073464841376222 | -0.22288060025384482 | 0.19449505998268002 | 0.005167860495778331 | -0.4353616778246605:-0.6143713017351757 | -0.22400150901692228 | 0.1820417774423273
-0.6143713017351757 | -0.22400150901692228 | 0.1820417774423273 | 0.005167860495778331 | -0.4353616778246605:-0.6211120758788979 | -0.2251087158463072 | 0.16936579441471977
-0.6211120758788979 | -0.2251087158463072 | 0.16936579441471977 | 0.005167860495778331 | -0.4353616778246605:-0.627562581019653 | -0.2262022495039524 | 0.1564743377691098
-0.627562581019653 | -0.2262022495039524 | 0.1564743377691098 | 0.005167860495778331 | -0.4353616778246605:-0.6337167864691438 | -0.22728214000885316 | 0.14337478917850888
-0.6337167864691438 | -0.22728214000885316 | 0.14337478917850888 | 0.005167860495778331 | -0.4353616778246605:-0.639568859806829 | -0.22834841868852251 | 0.13007467984879106
-0.639568859806829 | -0.22834841868852251 | 0.13007467984879106 | 0.005167860495778331 | -0.4353616778246605:-0.6451131701490098 | -0.22940111822874343 | 0.1165816851832222
-0.6451131701490098 | -0.22940111822874343 | 0.1165816851832222 | 0.005167860495778331 | -0.4353616778246605:-0.6503442912792892 | -0.23044027272158374 | 0.10290361938583636
-0.6503442912792892 | -0.23044027272158374 | 0.10290361938583636 | 0.005167860495778331 | -0.4353616778246605:-0.6552570046392887 | -0.23146591771163827 | 0.08904843000706464
-0.6552570046392887 | -0.23146591771163827 | 0.08904843000706464 | 0.005167860495778331 | -0.4353616778246605:-0.6598463021790124 | -0.23247809024054078 | 0.07502419243504654
-0.6598463021790124 | -0.23247809024054078 | 0.07502419243504654 | 0.005167860495778331 | -0.4353616778246605:-0.6641073890659897 | -0.2334768288896676 | 0.06083910433604878
-0.6641073890659897 | -0.2334768288896676 | 0.06083910433604878 | 0.005167860495778331 | -0.4353616778246605:-0.6680356862526295 | -0.23446217382111811 | 0.046501480047416166
-0.6680356862526295 | -0.23446217382111811 | 0.046501480047416166 | -0.19466213943898714 | 0.7057044908354446:-0.6686252862325333 | -0.23495650898952647 | 0.07261390456840999
-0.6686252862325333 | -0.23495650898952647 | 0.07261390456840999 | -0.19466213943898714 | 0.7057044908354446:-0.6682535922727055 | -0.23518419148146563 | 0.09883573294932901
-0.6682535922727055 | -0.23518419148146563 | 0.09883573294932901 | -0.19466213943898714 | 0.7057044908354446:-0.6669143224369236 | -0.2351433185218461 | 0.12512780223699949
-0.6669143224369236 | -0.2351433185218461 | 0.12512780223699949 | -0.19466213943898714 | 0.7057044908354446:-0.6646027044322906 | -0.23483240203660571 | 0.15145064624094573
-0.6646027044322906 | -0.23483240203660571 | 0.15145064624094573 | -0.19466213943898714 | 0.7057044908354446:-0.6613154870214117 | -0.23425037210942534 | 0.17776455861731222
-0.6613154870214117 | -0.23425037210942534 | 0.17776455861731222 | -0.2817779447370774 | 0.806752084126652:-0.6559708040915453 | -0.23260717546296306 | 0.20836079234122096
-0.6559708040915453 | -0.23260717546296306 | 0.20836079234122096 | -0.2817779447370774 | 0.806752084126652:-0.6493386042427716 | -0.2305131069406272 | 0.2387937071795001
-0.6493386042427716 | -0.2305131069406272 | 0.2387937071795001 | -0.2817779447370774 | 0.806752084126652:-0.6414233035868193 | -0.22796927364199604 | 0.2690014210131366
-0.6414233035868193 | -0.22796927364199604 | 0.2690014210131366 | -0.2817779447370774 | 0.806752084126652:-0.632231997704146 | -0.22497771937047517 | 0.2989221869912555
-0.632231997704146 | -0.22497771937047517 | 0.2989221869912555 | -0.2817779447370774 | 0.806752084126652:-0.6217744559910372 | -0.22154142358061435 | 0.3284945243290629
-0.6217744559910372 | -0.22154142358061435 | 0.3284945243290629 | -0.06358325125656927 | -0.664022017576287:-0.634612736666206 | -0.2212816465003833 | 0.3094747677076768
-0.634612736666206 | -0.2212816465003833 | 0.3094747677076768 | -0.06358325125656927 | -0.664022017576287:-0.6468249875378405 | -0.2210710184438689 | 0.28995542673547803
-0.6468249875378405 | -0.2210710184438689 | 0.28995542673547803 | -0.06358325125656927 | -0.664022017576287:-0.6583921097009764 | -0.22091150243424096 | 0.26995814987028055
-0.6583921097009764 | -0.22091150243424096 | 0.26995814987028055 | -0.06358325125656927 | -0.664022017576287:-0.669295778099908 | -0.220804987544863 | 0.24950530453110886
-0.669295778099908 | -0.220804987544863 | 0.24950530453110886 | -0.06358325125656927 | -0.664022017576287:-0.6795184674730805 | -0.22075328637946257 | 0.22861994833922594
-0.6795184674730805 | -0.22075328637946257 | 0.22861994833922594 | -0.06358325125656927 | -0.664022017576287:-0.6890434772221141 | -0.22075813265373156 | 0.2073257994482809
-0.6890434772221141 | -0.22075813265373156 | 0.2073257994482809 | -0.06358325125656927 | -0.664022017576287:-0.6978549551746838 | -0.22082117888140473 | 0.18564720600424067
-0.6978549551746838 | -0.22082117888140473 | 0.18564720600424067 | -0.06358325125656927 | -0.664022017576287:-0.7059379202122429 | -0.2209439941675555 | 0.16360911477680773
-0.7059379202122429 | -0.2209439941675555 | 0.16360911477680773 | -0.06358325125656927 | -0.664022017576287:-0.713278283735356 | -0.22112806211189096 | 0.14123703900486362
-0.713278283735356 | -0.22112806211189096 | 0.14123703900486362 | -0.06358325125656927 | -0.664022017576287:-0.7198628699407905 | -0.22137477882449375 | 0.11855702549940261
-0.7198628699407905 | -0.22137477882449375 | 0.11855702549940261 | -0.06319626000811351 | 0.448183562145809:-0.7192443776111759 | -0.22168776583927752 | 0.13577799505925725
-0.7192443776111759 | -0.22168776583927752 | 0.13577799505925725 | -0.06319626000811351 | 0.448183562145809:-0.7182078394576337 | -0.2219381263080038 | 0.15302908102890456
-0.7182078394576337 | -0.2219381263080038 | 0.15302908102890456 | -0.06319626000811351 | 0.448183562145809:-0.7167519703165439 | -0.22212569925710213 | 0.1702994822882431
-0.7167519703165439 | -0.22212569925710213 | 0.1702994822882431 | -0.06319626000811351 | 0.448183562145809:-0.7148757620093207 | -0.22225036234719298 | 0.18757836759884938
-0.7148757620093207 | -0.22225036234719298 | 0.18757836759884938 | -0.06319626000811351 | 0.448183562145809:-0.7125784836691764 | -0.2223120319341838 | 0.20485488275917874
-0.7125784836691764 | -0.2223120319341838 | 0.20485488275917874 | -0.06319626000811351 | 0.448183562145809:-0.7098596818921266 | -0.22231066310555292 | 0.22211815775081334
-0.7098596818921266 | -0.22231066310555292 | 0.22211815775081334 | -0.06319626000811351 | 0.448183562145809:-0.7067191807129944 | -0.22224624969189577 | 0.23935731387155812
-0.7067191807129944 | -0.22224624969189577 | 0.23935731387155812 | -0.06319626000811351 | 0.448183562145809:-0.7031570814071983 | -0.22211882425382612 | 0.25656147085121006
-0.7031570814071983 | -0.22211882425382612 | 0.25656147085121006 | -0.06319626000811351 | 0.448183562145809:-0.69917376211923 | -0.22192845804438832 | 0.2737197539458549
-0.69917376211923 | -0.22192845804438832 | 0.2737197539458549 | -0.06319626000811351 | 0.448183562145809:-0.6947698773189046 | -0.2216752609471051 | 0.29082130100655235
-0.6947698773189046 | -0.2216752609471051 | 0.29082130100655235 | -0.06319626000811351 | 0.448183562145809:-0.6899463570863702 | -0.2213593813898065 | 0.3078552695183703
-0.6899463570863702 | -0.2213593813898065 | 0.3078552695183703 | -0.06319626000811351 | 0.448183562145809:-0.6847044062271124 | -0.22098100623436778 | 0.32481084360570023
-0.6847044062271124 | -0.22098100623436778 | 0.32481084360570023 | -0.06319626000811351 | 0.448183562145809:-0.6790455032183473 | -0.22054036064261595 | 0.34167724099985364
-0.6790455032183473 | -0.22054036064261595 | 0.34167724099985364 | -0.06319626000811351 | 0.448183562145809:-0.6729713989878547 | -0.2200377079185003 | 0.3584437199650168
-0.6729713989878547 | -0.2200377079185003 | 0.3584437199650168 | -0.06319626000811351 | 0.448183562145809:-0.6664841155270551 | -0.219473349326762 | 0.3750995861786208
-0.6664841155270551 | -0.219473349326762 | 0.3750995861786208 | -0.21743758901712162 | 0.09786559631765446:-0.6663360344946909 | -0.21593557479725334 | 0.38169800024315137
-0.6663360344946909 | -0.21593557479725334 | 0.38169800024315137 | -0.21743758901712162 | 0.09786559631765446:-0.6661340025676452 | -0.21231018590682282 | 0.38826113552006447
-0.6661340025676452 | -0.21231018590682282 | 0.38826113552006447 | -0.21743758901712162 | 0.09786559631765446:-0.6658783961307506 | -0.2085976860941443 | 0.39478745493060075
-0.6658783961307506 | -0.2085976860941443 | 0.39478745493060075 | -0.21743758901712162 | 0.09786559631765446:-0.6655695986305119 | -0.2047985978021778 | 0.4012754342698912
-0.6655695986305119 | -0.2047985978021778 | 0.4012754342698912 | -0.21743758901712162 | 0.09786559631765446:-0.6652080004887608 | -0.20091346225508744 | 0.40772356241524577
-0.6652080004887608 | -0.20091346225508744 | 0.40772356241524577 | -0.21743758901712162 | 0.09786559631765446:-0.6647939990157141 | -0.19694283923402267 | 0.414130341530921
-0.6647939990157141 | -0.19694283923402267 | 0.414130341530921 | -0.21743758901712162 | 0.09786559631765446:-0.664327998322392 | -0.19288730685190103 | 0.42049428726936
-0.664327998322392 | -0.19288730685190103 | 0.42049428726936 | -0.21743758901712162 | 0.09786559631765446:-0.6638104092324824 | -0.18874746132714648 | 0.4268139289689188
-0.6638104092324824 | -0.18874746132714648 | 0.4268139289689188 | -0.21743758901712162 | 0.09786559631765446:-0.6632416491936652 | -0.1845239167564401 | 0.4330878098480824
-0.6632416491936652 | -0.1845239167564401 | 0.4330878098480824 | -0.21743758901712162 | 0.09786559631765446:-0.6626221421882406 | -0.18021730488655407 | 0.4393144871961603
-0.6626221421882406 | -0.18021730488655407 | 0.4393144871961603 | -0.21743758901712162 | 0.09786559631765446:-0.6619523186434009 | -0.17582827488523378 | 0.445492532560511
-0.6619523186434009 | -0.17582827488523378 | 0.445492532560511 | -0.21743758901712162 | 0.09786559631765446:-0.6612326153407935 | -0.17135749311122694 | 0.4516205319302564
-0.6612326153407935 | -0.17135749311122694 | 0.4516205319302564 | -0.21743758901712162 | 0.09786559631765446:-0.6604634753257557 | -0.16680564288344257 | 0.4576970859165357
-0.6604634753257557 | -0.16680564288344257 | 0.4576970859165357 | -0.21743758901712162 | 0.09786559631765446:-0.6596453478158679 | -0.1621734242492998 | 0.46372080992924225
-0.6596453478158679 | -0.1621734242492998 | 0.46372080992924225 | -0.21743758901712162 | 0.09786559631765446:-0.6587786881091802 | -0.15746155375229165 | 0.46969033435036067
-0.6587786881091802 | -0.15746155375229165 | 0.46969033435036067 | -0.21743758901712162 | 0.09786559631765446:-0.6578639574918697 | -0.1526707641987919 | 0.47560430470377923
-0.6578639574918697 | -0.1526707641987919 | 0.47560430470377923 | -0.21743758901712162 | 0.09786559631765446:-0.656901623145572 | -0.14780180442413382 | 0.4814613818217097
-0.656901623145572 | -0.14780180442413382 | 0.4814613818217097 | -0.21743758901712162 | 0.09786559631765446:-0.6558921580541011 | -0.14285543905800324 | 0.4872602420076113
-0.6558921580541011 | -0.14285543905800324 | 0.4872602420076113 | -0.21743758901712162 | 0.09786559631765446:-0.6548360409099416 | -0.13783244828917773 | 0.4929995771957394
-0.6548360409099416 | -0.13783244828917773 | 0.4929995771957394 | -0.21743758901712162 | 0.09786559631765446:-0.6537337560202303 | -0.13273362762961582 | 0.4986780951072234
-0.6537337560202303 | -0.13273362762961582 | 0.4986780951072234 | -0.6462929571393956 | 0.2983968768306924:-0.6474576480444796 | -0.11678641814551938 | 0.5134317927048428
-0.6474576480444796 | -0.11678641814551938 | 0.5134317927048428 | -0.6462929571393956 | 0.2983968768306924:-0.6409415250722788 | -0.10033550715633055 | 0.5275830351380009
-0.6409415250722788 | -0.10033550715633055 | 0.5275830351380009 | -0.6462929571393956 | 0.2983968768306924:-0.6341947122877372 | -0.08340049179423659 | 0.5411106338623668
-0.6341947122877372 | -0.08340049179423659 | 0.5411106338623668 | -0.6462929571393956 | 0.2983968768306924:-0.6272268650225925 | -0.06600169983268245 | 0.5539942011071304
-0.6272268650225925 | -0.06600169983268245 | 0.5539942011071304 | -0.6462929571393956 | 0.2983968768306924:-0.6200479559267791 | -0.04816016235658793 | 0.5662141799010385
-0.6200479559267791 | -0.04816016235658793 | 0.5662141799010385 | -0.17768584594547154 | -0.03165657631139407:-0.6221174986706188 | -0.04320941859320371 | 0.5667064982574033
-0.6221174986706188 | -0.04320941859320371 | 0.5667064982574033 | -0.17768584594547154 | -0.03165657631139407:-0.6241776884920256 | -0.038244276471715466 | 0.5671396831648536
-0.6241776884920256 | -0.038244276471715466 | 0.5671396831648536 | -0.17768584594547154 | -0.03165657631139407:-0.6262285135002088 | -0.03326546877440961 | 0.5675136688168507
-0.6262285135002088 | -0.03326546877440961 | 0.5675136688168507 | -0.17768584594547154 | -0.03165657631139407:-0.628269960964758 | -0.02827372636767933 | 0.5678283971788218
-0.628269960964758 | -0.02827372636767933 | 0.5678283971788218 | -0.17768584594547154 | -0.03165657631139407:-0.6303020173372431 | -0.02326977814697173 | 0.5680838179390904
-0.6303020173372431 | -0.02326977814697173 | 0.5680838179390904 | 0.3299809622216061 | 0.7199583307961424:-0.6105501202988819 | -0.032697147823103734 | 0.590990005153273
-0.6105501202988819 | -0.032697147823103734 | 0.590990005153273 | 0.3299809622216061 | 0.7199583307961424:-0.5899433937417342 | -0.04251771657663639 | 0.6130383278254996
-0.5899433937417342 | -0.04251771657663639 | 0.6130383278254996 | 0.3299809622216061 | 0.7199583307961424:-0.5685130854369049 | -0.05271754085094926 | 0.6341899114252101
-0.5685130854369049 | -0.05271754085094926 | 0.6341899114252101 | 0.3299809622216061 | 0.7199583307961424:-0.5462918999488693 | -0.06328199741106033 | 0.6544072722678109
-0.5462918999488693 | -0.06328199741106033 | 0.6544072722678109 | 0.3299809622216061 | 0.7199583307961424:-0.5233139460861054 | -0.07419580688606331 | 0.6736543837327673
-0.5233139460861054 | -0.07419580688606331 | 0.6736543837327673 | 0.13573406721991677 | 0.43774721276832596:-0.5093102014099316 | -0.0788981849382715 | 0.6855761377614513
-0.5093102014099316 | -0.0788981849382715 | 0.6855761377614513 | 0.13573406721991677 | 0.43774721276832596:-0.49501598737165864 | -0.08368775799849715 | 0.6971621930358083
-0.49501598737165864 | -0.08368775799849715 | 0.6971621930358083 | 0.13573406721991677 | 0.43774721276832596:-0.4804389522969217 | -0.08856222078396314 | 0.7084048580440268
-0.4804389522969217 | -0.08856222078396314 | 0.7084048580440268 | 0.13573406721991677 | 0.43774721276832596:-0.4655869264240664 | -0.09351921053317724 | 0.7192966397615095
-0.4655869264240664 | -0.09351921053317724 | 0.7192966397615095 | 0.13573406721991677 | 0.43774721276832596:-0.4504679170549224 | -0.09855630849802921 | 0.7298302482093959
-0.4504679170549224 | -0.09855630849802921 | 0.7298302482093959 | 0.13573406721991677 | 0.43774721276832596:-0.4350901036065835 | -0.10367104146700967 | 0.7399986008823731
-0.4350901036065835 | -0.10367104146700967 | 0.7399986008823731 | 0.13573406721991677 | 0.43774721276832596:-0.4194618325675634 | -0.10886088331846366 | 0.749794827043587
