0.0 | 0.0 | 0.0 | 0.9901214474327118 | 0.33518038837051556:1.6737703150397528E-4 | -4.948585284672014E-4 | 0.009986345676278595
1.6737703150397528E-4 | -4.948585284672014E-4 | 0.009986345676278595 | 0.9901214474327118 | 0.33518038837051556:6.64842348503984E-4 | -0.0019669857944988323 | 0.019791385791193994
6.64842348503984E-4 | -0.0019669857944988323 | 0.019791385791193994 | 0.9901214474327118 | 0.33518038837051556:0.0014841248109422444 | -0.004393911458662414 | 0.029336671873935877
0.0014841248109422444 | -0.004393911458662414 | 0.029336671873935877 | 0.9901214474327118 | 0.33518038837051556:0.002615303420381351 | -0.007748233077951472 | 0.038546069839987346
0.002615303420381351 | -0.007748233077951472 | 0.038546069839987346 | 0.9901214474327118 | 0.33518038837051556:0.004046870735052746 | -0.01199779563744463 | 0.04734607635169341
0.004046870735052746 | -0.01199779563744463 | 0.04734607635169341 | 0.9901214474327118 | 0.33518038837051556:0.00576580196014494 | -0.017105888199848707 | 0.05566612103227553
0.00576580196014494 | -0.017105888199848707 | 0.05566612103227553 | 0.9901214474327118 | 0.33518038837051556:0.007757629392272241 | -0.023031456748394463 | 0.06343885356197176
0.007757629392272241 | -0.023031456748394463 | 0.06343885356197176 | 0.9901214474327118 | 0.33518038837051556:0.010006521881683876 | -0.02972933225152241 | 0.07060041474910339
0.010006521881683876 | -0.02972933225152241 | 0.07060041474910339 | 0.9901214474327118 | 0.33518038837051556:0.012495368961699685 | -0.037150472934570855 | 0.07709069073535751
0.012495368961699685 | -0.037150472934570855 | 0.07709069073535751 | 0.9901214474327118 | 0.33518038837051556:0.015205869282123821 | -0.0452422197043536 | 0.08285354956318924
0.015205869282123821 | -0.0452422197043536 | 0.08285354956318924 | 0.9901214474327118 | 0.33518038837051556:0.018118622972019084 | -0.05394856363717837 | 0.08783705940374048
0.018118622972019084 | -0.05394856363717837 | 0.08783705940374048 | 0.9901214474327118 | 0.33518038837051556:0.021213227547244584 | -0.06321042440958657 | 0.09199368781579087
0.021213227547244584 | -0.06321042440958657 | 0.09199368781579087 | 0.5601879461836881 | -0.3339383512574181:0.021241764150455242 | -0.07089249797387742 | 0.09759170555953789
0.021241764150455242 | -0.07089249797387742 | 0.09759170555953789 | 0.5601879461836881 | -0.3339383512574181:0.02105055463720197 | -0.07887085699037 | 0.10278095024247869
0.02105055463720197 | -0.07887085699037 | 0.10278095024247869 | 0.5601879461836881 | -0.3339383512574181:0.020651131896109454 | -0.08712715660510306 | 0.1075455877245679
0.020651131896109454 | -0.08712715660510306 | 0.1075455877245679 | 0.5601879461836881 | -0.3339383512574181:0.020055301227072775 | -0.09564257286573952 | 0.11187080457570464
0.020055301227072775 | -0.09564257286573952 | 0.11187080457570464 | 0.5601879461836881 | -0.3339383512574181:0.019275117781604845 | -0.10439784042573552 | 0.11574282376625589
0.019275117781604845 | -0.10439784042573552 | 0.11574282376625589 | 0.5601879461836881 | -0.3339383512574181:0.018322863848171056 | -0.1133732905323881 | 0.1191489186004584
0.018322863848171056 | -0.1133732905323881 | 0.1191489186004584 | 0.5601879461836881 | -0.3339383512574181:0.017211026016279996 | -0.12254888924212848 | 0.12207742489175155
0.017211026016279996 | -0.12254888924212848 | 0.12207742489175155 | 0.5601879461836881 | -0.3339383512574181:0.01595227225289403 | -0.13190427580674635 | 0.12451775138142418
0.01595227225289403 | -0.13190427580674635 | 0.12451775138142418 | 0.5601879461836881 | -0.3339383512574181:0.01455942892447798 | -0.14141880117460381 | 0.12646038840426566
0.01455942892447798 | -0.14141880117460381 | 0.12646038840426566 | 0.5601879461836881 | -0.3339383512574181:0.013045457797721316 | -0.1510715665513458 | 0.12789691480718623
0.013045457797721316 | -0.1510715665513458 | 0.12789691480718623 | 0.931598026304653 | 0.5421375033579023:0.01697192347042109 | -0.16320196832890943 | 0.12518839907597368
0.01697192347042109 | -0.16320196832890943 | 0.12518839907597368 | 0.931598026304653 | 0.5421375033579023:0.020923886539831515 | -0.17534704769962595 | 0.12144736787161636
0.020923886539831515 | -0.17534704769962595 | 0.12144736787161636 | 0.931598026304653 | 0.5421375033579023:0.024862180350259333 | -0.1874401626086497 | 0.1166679294781443
0.024862180350259333 | -0.1874401626086497 | 0.1166679294781443 | 0.931598026304653 | 0.5421375033579023:0.028747555054106477 | -0.19941439702141395 | 0.11084958786655985
0.028747555054106477 | -0.19941439702141395 | 0.11084958786655985 | 0.931598026304653 | 0.5421375033579023:0.03254085718981359 | -0.21120286966460888 | 0.103997239783991
0.03254085718981359 | -0.21120286966460888 | 0.103997239783991 | 0.931598026304653 | 0.5421375033579023:0.036203208040355705 | -0.2227390411983552 | 0.0961211491999463
0.036203208040355705 | -0.2227390411983552 | 0.0961211491999463 | 0.931598026304653 | 0.5421375033579023:0.03969618007877129 | -0.23395701862194818 | 0.08723689935660595
0.03969618007877129 | -0.23395701862194818 | 0.08723689935660595 | 0.931598026304653 | 0.5421375033579023:0.04298197081959354 | -0.2447918557349391 | 0.07736532275192154
0.04298197081959354 | -0.2447918557349391 | 0.07736532275192154 | 0.931598026304653 | 0.5421375033579023:0.046023573409781915 | -0.25517984849877173 | 0.06653240946432382
0.046023573409781915 | -0.25517984849877173 | 0.06653240946432382 | 0.931598026304653 | 0.5421375033579023:0.04878494330975636 | -0.26505882417158766 | 0.05476919430569138
0.04878494330975636 | -0.26505882417158766 | 0.05476919430569138 | 0.931598026304653 | 0.5421375033579023:0.05123116043432929 | -0.2743684231200598 | 0.04211162336478269
0.05123116043432929 | -0.2743684231200598 | 0.04211162336478269 | 0.931598026304653 | 0.5421375033579023:0.053328586144638646 | -0.28305037224702545 | 0.028600400576212603
0.053328586144638646 | -0.28305037224702545 | 0.028600400576212603 | 0.931598026304653 | 0.5421375033579023:0.05504501450550592 | -0.2910487490121154 | 0.014280815020146331
0.05504501450550592 | -0.2910487490121154 | 0.014280815020146331 | 0.931598026304653 | 0.5421375033579023:0.056349817247882794 | -0.298310235064446 | -7.974502751206813E-4
0.056349817247882794 | -0.298310235064446 | -7.974502751206813E-4 | 0.931598026304653 | 0.5421375033579023:0.05721408190310995 | -0.304784358551383 | -0.01658052719178915
0.05721408190310995 | -0.304784358551383 | -0.01658052719178915 | -0.2627186535915833 | 0.22902054540190453:0.05833325101674669 | -0.3117465775962156 | -0.01352362125629103
0.05833325101674669 | -0.3117465775962156 | -0.01352362125629103 | -0.2627186535915833 | 0.22902054540190453:0.059473322321363264 | -0.31860357584511156 | -0.01031188702982222
0.059473322321363264 | -0.31860357584511156 | -0.01031188702982222 | -0.2627186535915833 | 0.22902054540190453:0.06063706245245215 | -0.3253529818693144 | -0.006948414951124082
0.06063706245245215 | -0.3253529818693144 | -0.006948414951124082 | -0.2627186535915833 | 0.22902054540190453:0.06182717550884842 | -0.3319924873345306 | -0.003436359115940313
0.06182717550884842 | -0.3319924873345306 | -0.003436359115940313 | -0.2627186535915833 | 0.22902054540190453:0.06304630259393051 | -0.3385198476236795 | 2.2106488225626109E-4
0.06304630259393051 | -0.3385198476236795 | 2.2106488225626109E-4 | 0.6737086420910456 | 0.8007908713838916:0.06373922742562521 | -0.344777491332918 | -0.013955564314218627
0.06373922742562521 | -0.344777491332918 | -0.013955564314218627 | 0.6737086420910456 | 0.8007908713838916:0.06382422782473629 | -0.3504773945350994 | -0.028609977751071547
0.06382422782473629 | -0.3504773945350994 | -0.028609977751071547 | 0.6737086420910456 | 0.8007908713838916:0.06327362153416893 | -0.3555959616846476 | -0.043691662844345114
0.06327362153416893 | -0.3555959616846476 | -0.043691662844345114 | 0.6737086420910456 | 0.8007908713838916:0.062062184943611376 | -0.36011161966998984 | -0.059147701512760165
0.062062184943611376 | -0.36011161966998984 | -0.059147701512760165 | 0.6737086420910456 | 0.8007908713838916:0.0601672627473242 | -0.3640049135179382 | -0.07492297191195796
0.0601672627473242 | -0.3640049135179382 | -0.07492297191195796 | 0.03405194196703909 | 0.7653275303012401:0.058181087732998904 | -0.3699034290920391 | -0.07907749614226667
0.058181087732998904 | -0.3699034290920391 | -0.07907749614226667 | 0.03405194196703909 | 0.7653275303012401:0.05597769236464689 | -0.37573241630186516 | -0.08319525639139957
0.05597769236464689 | -0.37573241630186516 | -0.08319525639139957 | 0.03405194196703909 | 0.7653275303012401:0.0535580664050479 | -0.3814925080641185 | -0.08726515233503873
0.0535580664050479 | -0.3814925080641185 | -0.08726515233503873 | 0.03405194196703909 | 0.7653275303012401:0.05092373191768185 | -0.3871843550399259 | -0.09127613866428907
0.05092373191768185 | -0.3871843550399259 | -0.09127613866428907 | 0.03405194196703909 | 0.7653275303012401:0.04807673930828349 | -0.3928086255393133 | -0.09521724945839827
0.04807673930828349 | -0.3928086255393133 | -0.09521724945839827 | 0.9365271556015604 | 0.7351465353912998:0.044512394699107505 | -0.3935722320091948 | -0.11686814956180935
0.044512394699107505 | -0.3935722320091948 | -0.11686814956180935 | 0.9365271556015604 | 0.7351465353912998:0.04007693886292896 | -0.3931811295517793 | -0.13865067976194
0.04007693886292896 | -0.3931811295517793 | -0.13865067976194 | 0.9365271556015604 | 0.7351465353912998:0.03475954053365404 | -0.3916196874322022 | -0.16046614323448805
0.03475954053365404 | -0.3916196874322022 | -0.16046614323448805 | 0.9365271556015604 | 0.7351465353912998:0.028553587412956105 | -0.3888776073019766 | -0.18221422582786584
0.028553587412956105 | -0.3888776073019766 | -0.18221422582786584 | 0.9365271556015604 | 0.7351465353912998:0.021456750431722016 | -0.38495001607148716 | -0.20379346383493768
0.021456750431722016 | -0.38495001607148716 | -0.20379346383493768 | 0.9365271556015604 | 0.7351465353912998:0.013471028221305081 | -0.3798375337292388 | -0.22510171861308947
0.013471028221305081 | -0.3798375337292388 | -0.22510171861308947 | 0.9365271556015604 | 0.7351465353912998:0.004602771595356048 | -0.3735463158036385 | -0.2460366559005065
0.004602771595356048 | -0.3735463158036385 | -0.2460366559005065 | 0.9365271556015604 | 0.7351465353912998:-0.0051373120685302975 | -0.36608807027544366 | -0.2664962276609595
-0.0051373120685302975 | -0.36608807027544366 | -0.2664962276609595 | 0.9365271556015604 | 0.7351465353912998:-0.015734174569509207 | -0.3574800488617349 | -0.2863791542831594
-0.015734174569509207 | -0.3574800488617349 | -0.2863791542831594 | 0.9365271556015604 | 0.7351465353912998:-0.02716846268031703 | -0.3477450127049462 | -0.30558540496384995
-0.02716846268031703 | -0.3477450127049462 | -0.30558540496384995 | 0.9365271556015604 | 0.7351465353912998:-0.039416573846291936 | -0.33691117261252757 | -0.3240166741161774
-0.039416573846291936 | -0.33691117261252757 | -0.3240166741161774 | 0.9365271556015604 | 0.7351465353912998:-0.05245073154586821 | -0.3250121041038945 | -0.34157685166642565
-0.05245073154586821 | -0.3250121041038945 | -0.34157685166642565 | 0.9365271556015604 | 0.7351465353912998:-0.06623907998638168 | -0.31208663763086264 | -0.358172485132797
-0.06623907998638168 | -0.31208663763086264 | -0.358172485132797 | 0.9365271556015604 | 0.7351465353912998:-0.08074579772528567 | -0.2981787244454104 | -0.3737132314193792
-0.08074579772528567 | -0.2981787244454104 | -0.3737132314193792 | 0.9365271556015604 | 0.7351465353912998:-0.09593122972513002 | -0.2833372786938888 | -0.3881122963065746
-0.09593122972513002 | -0.2833372786938888 | -0.3881122963065746 | -0.9577025846322087 | 0.2865234542176349:-0.10233478022454023 | -0.30472902347050734 | -0.3765711063441761
-0.10233478022454023 | -0.30472902347050734 | -0.3765711063441761 | -0.9577025846322087 | 0.2865234542176349:-0.10860002808751945 | -0.3256926672769751 | -0.3637214827879367
-0.10860002808751945 | -0.3256926672769751 | -0.3637214827879367 | -0.9577025846322087 | 0.2865234542176349:-0.11470509522414485 | -0.3461545910303201 | -0.3495822078893136
-0.11470509522414485 | -0.3461545910303201 | -0.3495822078893136 | -0.9577025846322087 | 0.2865234542176349:-0.12062839240584289 | -0.3660420346681761 | -0.3341765302610131
-0.12062839240584289 | -0.3660420346681761 | -0.3341765302610131 | -0.9577025846322087 | 0.2865234542176349:-0.12634869221940392 | -0.3852833422771944 | -0.3175321130692881
-0.12634869221940392 | -0.3852833422771944 | -0.3175321130692881 | 0.3652789017966358 | -0.17827852223347906:-0.12461355980752276 | -0.3829930729467179 | -0.32869540909877504
-0.12461355980752276 | -0.3829930729467179 | -0.32869540909877504 | 0.3652789017966358 | -0.17827852223347906:-0.12274007483970573 | -0.3804075474097388 | -0.3398426745195855
-0.12274007483970573 | -0.3804075474097388 | -0.3398426745195855 | 0.3652789017966358 | -0.17827852223347906:-0.12072845872003857 | -0.37752725276546073 | -0.35096483690251556
-0.12072845872003857 | -0.37752725276546073 | -0.35096483690251556 | 0.3652789017966358 | -0.17827852223347906:-0.11857903496774813 | -0.3743528845512252 | -0.3620528644100416
-0.11857903496774813 | -0.3743528845512252 | -0.3620528644100416 | 0.3652789017966358 | -0.17827852223347906:-0.11629222835051739 | -0.3708853450275278 | -0.3730977711832546
-0.11629222835051739 | -0.3708853450275278 | -0.3730977711832546 | 0.6226952040005687 | -0.34860553482380463:-0.11051162154545424 | -0.3621651701899502 | -0.3897390630301416
-0.11051162154545424 | -0.3621651701899502 | -0.3897390630301416 | 0.6226952040005687 | -0.34860553482380463:-0.10437849169990454 | -0.3527970187377676 | -0.406073337284643
-0.10437849169990454 | -0.3527970187377676 | -0.406073337284643 | 0.6226952040005687 | -0.34860553482380463:-0.09789805074956984 | -0.34278983384290385 | -0.4220683603437463
-0.09789805074956984 | -0.34278983384290385 | -0.4220683603437463 | 0.6226952040005687 | -0.34860553482380463:-0.09107617801260225 | -0.3321537559943941 | -0.4376923153861796
-0.09107617801260225 | -0.3321537559943941 | -0.4376923153861796 | 0.6226952040005687 | -0.34860553482380463:-0.08391941047290785 | -0.3209001065321928 | -0.45291385874982115
-0.08391941047290785 | -0.3209001065321928 | -0.45291385874982115 | 0.3119816231821757 | -0.8749452877398791:-0.0643137964989912 | -0.3162480541557571 | -0.46469892985280126
-0.0643137964989912 | -0.3162480541557571 | -0.46469892985280126 | 0.3119816231821757 | -0.8749452877398791:-0.0440517022674381 | -0.3113322928396052 | -0.47556091919262666
-0.0440517022674381 | -0.3113322928396052 | -0.47556091919262666 | 0.3119816231821757 | -0.8749452877398791:-0.02317529391214218 | -0.3061677657163351 | -0.4854594847533793
-0.02317529391214218 | -0.3061677657163351 | -0.4854594847533793 | 0.3119816231821757 | -0.8749452877398791:-0.0017288086241732115 | -0.3007701697235632 | -0.49435655014820057
-0.0017288086241732115 | -0.3007701697235632 | -0.49435655014820057 | 0.3119816231821757 | -0.8749452877398791:0.020241557200177562 | -0.29515591665101937 | -0.5022164203188044
0.020241557200177562 | -0.29515591665101937 | -0.5022164203188044 | 0.3119816231821757 | -0.8749452877398791:0.04268776530702592 | -0.28934209217893425 | -0.5090058909368551
0.04268776530702592 | -0.28934209217893425 | -0.5090058909368551 | 0.3119816231821757 | -0.8749452877398791:0.06556005811057279 | -0.2833464130187622 | -0.5146943512218929
0.06556005811057279 | -0.2833464130187622 | -0.5146943512218929 | 0.3119816231821757 | -0.8749452877398791:0.0888070860666281 | -0.27718718227189854 | -0.5192538799084332
0.0888070860666281 | -0.27718718227189854 | -0.5192538799084332 | 0.3119816231821757 | -0.8749452877398791:0.1123760395520809 | -0.27088324312630263 | -0.5226593341133245
0.1123760395520809 | -0.27088324312630263 | -0.5226593341133245 | 0.3119816231821757 | -0.8749452877398791:0.1362127848976365 | -0.2644539310150229 | -0.524888430873526
0.1362127848976365 | -0.2644539310150229 | -0.524888430873526 | 0.3119816231821757 | -0.8749452877398791:0.16026200421129216 | -0.2579190243642131 | -0.5259218211440082
0.16026200421129216 | -0.2579190243642131 | -0.5259218211440082 | 0.3119816231821757 | -0.8749452877398791:0.18446733862113168 | -0.2512986940615498 | -0.5257431560654808
0.18446733862113168 | -0.2512986940615498 | -0.5257431560654808 | 0.3119816231821757 | -0.8749452877398791:0.2087715345580966 | -0.24461345177905258 | -0.5243391453321102
0.2087715345580966 | -0.24461345177905258 | -0.5243391453321102 | 0.3119816231821757 | -0.8749452877398791:0.233116592692456 | -0.23788409728674864 | -0.5216996075101203
0.233116592692456 | -0.23788409728674864 | -0.5216996075101203 | 0.3119816231821757 | -0.8749452877398791:0.2574439191317641 | -0.23113166489614656 | -0.5178175121792385
0.2574439191317641 | -0.23113166489614656 | -0.5178175121792385 | 0.3119816231821757 | -0.8749452877398791:0.28169447848316054 | -0.22437736917414597 | -0.5126890137903075
0.28169447848316054 | -0.22437736917414597 | -0.5126890137903075 | 0.3119816231821757 | -0.8749452877398791:0.3058089483789648 | -0.2176425500698329 | -0.5063134771538262
0.3058089483789648 | -0.2176425500698329 | -0.5063134771538262 | 0.3119816231821757 | -0.8749452877398791:0.32972787506162415 | -0.21094861759758743 | -0.4986934944958854
0.32972787506162415 | -0.21094861759758743 | -0.4986934944958854 | 0.3119816231821757 | -0.8749452877398791:0.3533918296222023 | -0.20431699622088928 | -0.48983489403965663
0.3533918296222023 | -0.20431699622088928 | -0.48983489403965663 | 0.3119816231821757 | -0.8749452877398791:0.37674156448576834 | -0.19776906908166936 | -0.4797467400923736
0.37674156448576834 | -0.19776906908166936 | -0.4797467400923736 | -0.6232084078660469 | -0.4827192919879415:0.3902265169391197 | -0.21380925510427318 | -0.46671880485057216
0.3902265169391197 | -0.21380925510427318 | -0.46671880485057216 | -0.6232084078660469 | -0.4827192919879415:0.40342000845448744 | -0.22950338453327035 | -0.4527594441717113
0.40342000845448744 | -0.22950338453327035 | -0.4527594441717113 | -0.6232084078660469 | -0.4827192919879415:0.41629668466663006 | -0.24481830415851036 | -0.43788543668029334
0.41629668466663006 | -0.24481830415851036 | -0.43788543668029334 | -0.6232084078660469 | -0.4827192919879415:0.4288316227460971 | -0.25972139050388776 | -0.42211542125843593
0.4288316227460971 | -0.25972139050388776 | -0.42211542125843593 | -0.6232084078660469 | -0.4827192919879415:0.44100038127542085 | -0.27418061467954047 | -0.40546986663598616
0.44100038127542085 | -0.27418061467954047 | -0.40546986663598616 | 0.39115863316152133 | 0.6582339591879045:0.42945779586888744 | -0.26757699545281355 | -0.42724441084777
0.42945779586888744 | -0.26757699545281355 | -0.42724441084777 | 0.39115863316152133 | 0.6582339591879045:0.4171134633970013 | -0.26049214150986444 | -0.4485692494011566
0.4171134633970013 | -0.26049214150986444 | -0.4485692494011566 | 0.39115863316152133 | 0.6582339591879045:0.4039815216976157 | -0.2529340621552407 | -0.46940389777871516
0.4039815216976157 | -0.2529340621552407 | -0.46940389777871516 | 0.39115863316152133 | 0.6582339591879045:0.3900776067263534 | -0.2449116631480024 | -0.48970851417118766
0.3900776067263534 | -0.2449116631480024 | -0.48970851417118766 | 0.39115863316152133 | 0.6582339591879045:0.3754188283539648 | -0.23643473304732154 | -0.5094439738064338
0.3754188283539648 | -0.23643473304732154 | -0.5094439738064338 | -0.21746198206730738 | -0.7659173848310585:0.3964437086606063 | -0.24312193261970805 | -0.49446141701317714
0.3964437086606063 | -0.24312193261970805 | -0.49446141701317714 | -0.21746198206730738 | -0.7659173848310585:0.41694556607362543 | -0.24965958454526316 | -0.4785032955440549
0.41694556607362543 | -0.24965958454526316 | -0.4785032955440549 | -0.21746198206730738 | -0.7659173848310585:0.4368825923174935 | -0.25603577013530554 | -0.46159046144622806
0.4368825923174935 | -0.25603577013530554 | -0.46159046144622806 | -0.21746198206730738 | -0.7659173848310585:0.4562138066736203 | -0.2622387945040643 | -0.44374569749935233
0.4562138066736203 | -0.2622387945040643 | -0.44374569749935233 | -0.21746198206730738 | -0.7659173848310585:0.47489913749385515 | -0.2682572099210532 | -0.42499367950933475
0.47489913749385515 | -0.2682572099210532 | -0.42499367950933475 | 0.4564464680231397 | 0.3427000523385173:0.46953036878158194 | -0.25964229056425836 | -0.44103772900608007
0.46953036878158194 | -0.25964229056425836 | -0.44103772900608007 | 0.4564464680231397 | 0.3427000523385173:0.46383609255904545 | -0.2506073879673032 | -0.45682774402396475
0.46383609255904545 | -0.2506073879673032 | -0.45682774402396475 | 0.4564464680231397 | 0.3427000523385173:0.4578207541752306 | -0.24115805657421419 | -0.4723460435670397
0.4578207541752306 | -0.24115805657421419 | -0.4723460435670397 | 0.4564464680231397 | 0.3427000523385173:0.45148914486555114 | -0.23130031577088062 | -0.4875751740855989
0.45148914486555114 | -0.23130031577088062 | -0.4875751740855989 | 0.4564464680231397 | 0.3427000523385173:0.444846396839651 | -0.2210406435364689 | -0.5024979279366235
0.444846396839651 | -0.2210406435364689 | -0.5024979279366235 | 0.4564464680231397 | 0.3427000523385173:0.4378979780303087 | -0.21038596964033474 | -0.5170973615500358
0.4378979780303087 | -0.21038596964033474 | -0.5170973615500358 | 0.4564464680231397 | 0.3427000523385173:0.4306496865099838 | -0.19934366839277828 | -0.5313568132839848
0.4306496865099838 | -0.19934366839277828 | -0.5313568132839848 | 0.4564464680231397 | 0.3427000523385173:0.42310764458178163 | -0.18792155095867713 | -0.5452599209528763
0.42310764458178163 | -0.18792155095867713 | -0.5452599209528763 | 0.4564464680231397 | 0.3427000523385173:0.41527829255194604 | -0.1761278572430669 | -0.5587906390122654
0.41527829255194604 | -0.1761278572430669 | -0.5587906390122654 | 0.4564464680231397 | 0.3427000523385173:0.4071683821911716 | -0.16397124735838275 | -0.5719332553850656
0.4071683821911716 | -0.16397124735838275 | -0.5719332553850656 | -0.5029783105210075 | 0.07869770884523408:0.4064989420089784 | -0.17899148574828416 | -0.5714300540603219
0.4064989420089784 | -0.17899148574828416 | -0.5714300540603219 | -0.5029783105210075 | 0.07869770884523408:0.4058087758643545 | -0.19404205089322346 | -0.57051286891625
0.4058087758643545 | -0.19404205089322346 | -0.57051286891625 | -0.5029783105210075 | 0.07869770884523408:0.40509989388339385 | -0.20911118905344495 | -0.5691800564041429
0.40509989388339385 | -0.20911118905344495 | -0.5691800564041429 | -0.5029783105210075 | 0.07869770884523408:0.40437431119547007 | -0.2241870993949604 | -0.5674303212961362
0.40437431119547007 | -0.2241870993949604 | -0.5674303212961362 | -0.5029783105210075 | 0.07869770884523408:0.4036340463876922 | -0.23925794396448907 | -0.5652627175538285
0.4036340463876922 | -0.23925794396448907 | -0.5652627175538285 | -0.5006397634487461 | 0.5746552502653168:0.3888046429808494 | -0.2542462495080997 | -0.5725229455723664
0.3888046429808494 | -0.2542462495080997 | -0.5725229455723664 | -0.5006397634487461 | 0.5746552502653168:0.3737111220286202 | -0.26945320443442 | -0.5789719270886522
0.3737111220286202 | -0.26945320443442 | -0.5789719270886522 | -0.5006397634487461 | 0.5746552502653168:0.3583779737112103 | -0.2848578833741442 | -0.5845941527510732
0.3583779737112103 | -0.2848578833741442 | -0.5845941527510732 | -0.5006397634487461 | 0.5746552502653168:0.3428301848943569 | -0.3004389096840967 | -0.5893754241387796
0.3428301848943569 | -0.3004389096840967 | -0.5893754241387796 | -0.5006397634487461 | 0.5746552502653168:0.32709319804197534 | -0.3161744909165449 | -0.5933028814901746
0.32709319804197534 | -0.3161744909165449 | -0.5933028814901746 | 0.17752780176936978 | 0.16650574453660183:0.3232066254140662 | -0.3119451243163809 | -0.6008095859476725
0.3232066254140662 | -0.3119451243163809 | -0.6008095859476725 | 0.17752780176936978 | 0.16650574453660183:0.31923036301989427 | -0.30762099670877063 | -0.6082436612592588
0.31923036301989427 | -0.30762099670877063 | -0.6082436612592588 | 0.17752780176936978 | 0.16650574453660183:0.315165323006358 | -0.30320305969856065 | -0.6156030704645161
0.315165323006358 | -0.30320305969856065 | -0.6156030704645161 | 0.17752780176936978 | 0.16650574453660183:0.31101243511567844 | -0.2986922838843782 | -0.6228858024884687
0.31101243511567844 | -0.2986922838843782 | -0.6228858024884687 | 0.17752780176936978 | 0.16650574453660183:0.3067726463804874 | -0.2940896585333803 | -0.6300898723714781
0.3067726463804874 | -0.2940896585333803 | -0.6300898723714781 | 0.7315797616015105 | 0.5644947877024298:0.28948833379303807 | -0.27170530131617454 | -0.6508746779132366
0.28948833379303807 | -0.27170530131617454 | -0.6508746779132366 | 0.7315797616015105 | 0.5644947877024298:0.27158028249871435 | -0.2484925025066218 | -0.6703649980020714
0.27158028249871435 | -0.2484925025066218 | -0.6703649980020714 | 0.7315797616015105 | 0.5644947877024298:0.2530859478143874 | -0.22449882254109355 | -0.6885090514325967
0.2530859478143874 | -0.22449882254109355 | -0.6885090514325967 | 0.7315797616015105 | 0.5644947877024298:0.23404433063062413 | -0.1997738782717633 | -0.7052579497961489
0.23404433063062413 | -0.1997738782717633 | -0.7052579497961489 | 0.7315797616015105 | 0.5644947877024298:0.21449589017119308 | -0.17436923220803635 | -0.7205658239340522
0.21449589017119308 | -0.17436923220803635 | -0.7205658239340522 | 0.8521453302394881 | 0.11214313590324498:0.2110364802510496 | -0.14394335050560159 | -0.7306847293940848
0.2110364802510496 | -0.14394335050560159 | -0.7306847293940848 | 0.8521453302394881 | 0.11214313590324498:0.20750942386892035 | -0.11301859870316378 | -0.7394767814217005
0.20750942386892035 | -0.11301859870316378 | -0.7394767814217005 | 0.8521453302394881 | 0.11214313590324498:0.2039224919817677 | -0.08165307776975794 | -0.7469174731844532
0.2039224919817677 | -0.08165307776975794 | -0.7469174731844532 | 0.8521453302394881 | 0.11214313590324498:0.20028359914855187 | -0.049906040516070505 | -0.7529849325042548
0.20028359914855187 | -0.049906040516070505 | -0.7529849325042548 | 0.8521453302394881 | 0.11214313590324498:0.19660078773224754 | -0.017837772624019976 | -0.7576599751583686
0.19660078773224754 | -0.017837772624019976 | -0.7576599751583686 | 0.2742684902772461 | 0.7063014256922677:0.1701913159959929 | -0.007466950252769777 | -0.7664210940979643
0.1701913159959929 | -0.007466950252769777 | -0.7664210940979643 | 0.2742684902772461 | 0.7063014256922677:0.14341496794417452 | 0.0030520102399194116 | -0.7740953756219682
0.14341496794417452 | 0.0030520102399194116 | -0.7740953756219682 | 0.2742684902772461 | 0.7063014256922677:0.11631147601794467 | 0.013703817709860289 | -0.7806655231747612
0.11631147601794467 | 0.013703817709860289 | -0.7806655231747612 | 0.2742684902772461 | 0.7063014256922677:0.0889212477646808 | 0.024472907047055514 | -0.7861159403340849
0.0889212477646808 | 0.024472907047055514 | -0.7861159403340849 | 0.2742684902772461 | 0.7063014256922677:0.06128530158587964 | 0.0353434639233825 | -0.7904327602721679
0.06128530158587964 | 0.0353434639233825 | -0.7904327602721679 | 0.3189551348069384 | 0.7372547081547545:0.03222081499692919 | 0.04806876357424272 | -0.793549330486357
0.03222081499692919 | 0.04806876357424272 | -0.793549330486357 | 0.3189551348069384 | 0.7372547081547545:0.002992787647549733 | 0.06087338306360124 | -0.7953682927897248
0.002992787647549733 | 0.06087338306360124 | -0.7953682927897248 | 0.3189551348069384 | 0.7372547081547545:-0.02634920636505811 | 0.07373596907149249 | -0.7958803678700264
-0.02634920636505811 | 0.07373596907149249 | -0.7958803678700264 | 0.3189551348069384 | 0.7372547081547545:-0.05575520398365441 | 0.0866349816916383 | -0.795078552612317
-0.05575520398365441 | 0.0866349816916383 | -0.795078552612317 | 0.3189551348069384 | 0.7372547081547545:-0.08517494216047083 | 0.09954873277320075 | -0.7929581385310414
-0.08517494216047083 | 0.09954873277320075 | -0.7929581385310414 | -0.9812450626725937 | -0.007219207900970748:-0.0850946144253939 | 0.0606880964623997 | -0.7988631097514372
-0.0850946144253939 | 0.0606880964623997 | -0.7988631097514372 | -0.9812450626725937 | -0.007219207900970748:-0.08501007521652681 | 0.02148847348866667 | -0.8028405915548831
-0.08501007521652681 | 0.02148847348866667 | -0.8028405915548831 | -0.9812450626725937 | -0.007219207900970748:-0.0849220600212881 | -0.01795341770834824 | -0.804871770308857
-0.0849220600212881 | -0.01795341770834824 | -0.804871770308857 | -0.9812450626725937 | -0.007219207900970748:-0.08483131062930127 | -0.057539853523344675 | -0.8049427355521388
-0.08483131062930127 | -0.057539853523344675 | -0.8049427355521388 | -0.9812450626725937 | -0.007219207900970748:-0.08473857328219836 | -0.09717235573371141 | -0.803044531516484
-0.08473857328219836 | -0.09717235573371141 | -0.803044531516484 | -0.9812450626725937 | -0.007219207900970748:-0.0846445968071805 | -0.13675194456827455 | -0.7991731957762838
-0.0846445968071805 | -0.13675194456827455 | -0.7991731957762838 | -0.9812450626725937 | -0.007219207900970748:-0.08455013073925599 | -0.17617939363343282 | -0.793329784909524
-0.08455013073925599 | -0.17617939363343282 | -0.793329784909524 | -0.9812450626725937 | -0.007219207900970748:-0.08445592343705854 | -0.2153554860288338 | -0.7855203870877219
-0.08445592343705854 | -0.2153554860288338 | -0.7855203870877219 | -0.9812450626725937 | -0.007219207900970748:-0.08436272019719127 | -0.25418127098121346 | -0.7757561215465429
-0.08436272019719127 | -0.25418127098121346 | -0.7757561215465429 | -0.9812450626725937 | -0.007219207900970748:-0.08427126137207352 | -0.29255832032382756 | -0.7640531249234996
-0.08427126137207352 | -0.29255832032382756 | -0.7640531249234996 | 0.3988441330486949 | 0.6111540583414599:-0.10798215996811678 | -0.2778626966133828 | -0.7684560403552396
-0.10798215996811678 | -0.2778626966133828 | -0.7684560403552396 | 0.3988441330486949 | 0.6111540583414599:-0.1318555100370169 | -0.2630434214924122 | -0.7718258134729155
-0.1318555100370169 | -0.2630434214924122 | -0.7718258134729155 | 0.3988441330486949 | 0.6111540583414599:-0.15585868666900993 | -0.24812177072016084 | -0.7741536247751384
-0.15585868666900993 | -0.24812177072016084 | -0.7741536247751384 | 0.3988441330486949 | 0.6111540583414599:-0.17995877081994038 | -0.2331192261190651 | -0.7754321441140206
-0.17995877081994038 | -0.2331192261190651 | -0.7754321441140206 | 0.3988441330486949 | 0.6111540583414599:-0.20412259753785378 | -0.21805744424721496 | -0.775655544409986
-0.20412259753785378 | -0.21805744424721496 | -0.775655544409986 | 0.3988441330486949 | 0.6111540583414599:-0.22831680458891057 | -0.20295822478788494 | -0.7748195131364923
-0.22831680458891057 | -0.20295822478788494 | -0.7748195131364923 | 0.3988441330486949 | 0.6111540583414599:-0.25250788141015335 | -0.18784347870327167 | -0.7729212615584231
-0.25250788141015335 | -0.18784347870327167 | -0.7729212615584231 | 0.3988441330486949 | 0.6111540583414599:-0.27666221831634985 | -0.17273519619989486 | -0.7699595317117485
-0.27666221831634985 | -0.17273519619989486 | -0.7699595317117485 | 0.3988441330486949 | 0.6111540583414599:-0.30074615588777576 | -0.15765541455315457 | -0.7659346011148642
-0.30074615588777576 | -0.15765541455315457 | -0.7659346011148642 | 0.3988441330486949 | 0.6111540583414599:-0.32472603446571213 | -0.14262618583892106 | -0.7608482852056682
-0.32472603446571213 | -0.14262618583892106 | -0.7608482852056682 | 0.3988441330486949 | 0.6111540583414599:-0.34856824368234385 | -0.1276695446198417 | -0.7547039375019722
-0.34856824368234385 | -0.1276695446198417 | -0.7547039375019722 | 0.3988441330486949 | 0.6111540583414599:-0.37223927195184814 | -0.11280747563424853 | -0.7475064474854491
-0.37223927195184814 | -0.11280747563424853 | -0.7475064474854491 | 0.3988441330486949 | 0.6111540583414599:-0.3957057558495194 | -0.09806188153538642 | -0.7392622362137331
-0.3957057558495194 | -0.09806188153538642 | -0.7392622362137331 | 0.3988441330486949 | 0.6111540583414599:-0.41893452930613506 | -0.08345455072858243 | -0.7299792496675224
-0.41893452930613506 | -0.08345455072858243 | -0.7299792496675224 | 0.3988441330486949 | 0.6111540583414599:-0.4418926725451371 | -0.06900712535366438 | -0.7196669498437274
-0.4418926725451371 | -0.06900712535366438 | -0.7196669498437274 | 0.3988441330486949 | 0.6111540583414599:-0.4645475606905727 | -0.054741069459879554 | -0.7083363036083199
-0.4645475606905727 | -0.054741069459879554 | -0.7083363036083199 | 0.3988441330486949 | 0.6111540583414599:-0.48686691197445064 | -0.04067763741995378 | -0.6959997693262494
-0.48686691197445064 | -0.04067763741995378 | -0.6959997693262494 | 0.3988441330486949 | 0.6111540583414599:-0.5088188354727308 | -0.026837842629738873 | -0.6826712812889042
-0.5088188354727308 | -0.026837842629738873 | -0.6826712812889042 | 0.3988441330486949 | 0.6111540583414599:-0.5303718783000395 | -0.013242426539328278 | -0.6683662319624801
-0.5303718783000395 | -0.013242426539328278 | -0.6683662319624801 | 0.3988441330486949 | 0.6111540583414599:-0.5514950721939815 | 8.817193909038679E-5 | -0.6531014520842433
-0.5514950721939815 | 8.817193909038679E-5 | -0.6531014520842433 | 0.09689752664747786 | -0.059568616734017255:-0.5504808971120827 | 0.0032578787443640067 | -0.6558451805043859
-0.5504808971120827 | 0.0032578787443640067 | -0.6558451805043859 | 0.09689752664747786 | -0.059568616734017255:-0.5494459824992557 | 0.006446120242856068 | -0.6585620740400486
-0.5494459824992557 | 0.006446120242856068 | -0.6585620740400486 | 0.09689752664747786 | -0.059568616734017255:-0.5483905597563723 | 0.009652673002342738 | -0.6612520032974203
-0.5483905597563723 | 0.009652673002342738 | -0.6612520032974203 | 0.09689752664747786 | -0.059568616734017255:-0.5473148590881731 | 0.012877314003745255 | -0.6639148413313904
-0.5473148590881731 | 0.012877314003745255 | -0.6639148413313904 | 0.09689752664747786 | -0.059568616734017255:-0.546219109509785 | 0.01611982064581241 | -0.6665504636234658
-0.546219109509785 | 0.01611982064581241 | -0.6665504636234658 | 0.09689752664747786 | -0.059568616734017255:-0.5451035388532262 | 0.019379970749703546 | -0.6691587480601129
-0.5451035388532262 | 0.019379970749703546 | -0.6691587480601129 | 0.09689752664747786 | -0.059568616734017255:-0.543968373773879 | 0.02265754256351471 | -0.6717395749112143
-0.543968373773879 | 0.02265754256351471 | -0.6717395749112143 | 0.09689752664747786 | -0.059568616734017255:-0.5428138397569349 | 0.025952314766634288 | -0.6742928268087383
