0.0 | 0.0 | 0.0 | 0.2837728624512277 | 0.5445885055841382:2.722332006931122E-4 | -1.418816705676118E-4 | 0.00999528682309804
2.722332006931122E-4 | -1.418816705676118E-4 | 0.00999528682309804 | 0.06612915546755938 | 0.5376490692068736:0.0010761646022430685 | -3.4811035889537045E-4 | 0.019867830503779438
0.0010761646022430685 | -3.4811035889537045E-4 | 0.019867830503779438 | 0.06612915546755938 | 0.5376490692068736:0.0024026073460692403 | -6.1760241328912E-4 | 0.029597220244470833
0.0024026073460692403 | -6.1760241328912E-4 | 0.029597220244470833 | 0.06612915546755938 | 0.5376490692068736:0.0042417299877821404 | -9.491939973107488E-4 | 0.03916351855217199
0.0042417299877821404 | -9.491939973107488E-4 | 0.03916351855217199 | 0.06612915546755938 | 0.5376490692068736:0.006583076218861159 | -0.0013416434870416882 | 0.04854727911072705
0.006583076218861159 | -0.0013416434870416882 | 0.04854727911072705 | 0.06612915546755938 | 0.5376490692068736:0.009415585003400145 | -0.0017936339205928409 | 0.0577295639212001
0.009415585003400145 | -0.0017936339205928409 | 0.0577295639212001 | 0.06612915546755938 | 0.5376490692068736:0.012727611105710267 | -0.0023037754968948665 | 0.0666919597028009
0.012727611105710267 | -0.0023037754968948665 | 0.0666919597028009 | 0.06612915546755938 | 0.5376490692068736:0.0 | 0.0 | 0.0
0.0 | 0.0 | 0.0 | 0.06612915546755938 | 0.5376490692068736:0.01650694598451427 | -0.0028706081207976464 | 0.07541659354755148
0.01650694598451427 | -0.0028706081207976464 | 0.07541659354755148 | 0.06612915546755938 | 0.5376490692068736:0.0207408390294318 | -0.0034926039915008644 | 0.08388614782262666
0.0207408390294318 | -0.0034926039915008644 | 0.08388614782262666 | 0.06612915546755938 | 0.5376490692068736:0.025416019115441543 | -0.004168170231330759 | 0.0920838743150399
0.025416019115441543 | -0.004168170231330759 | 0.0920838743150399 | -0.9961934638227279 | 0.5991826587861335:0.03082974803611352 | 4.616629455980181E-4 | 0.10001697118473196
0.03082974803611352 | 4.616629455980181E-4 | 0.10001697118473196 | -0.9961934638227279 | 0.5991826587861335:0.036699574010352315 | 0.005906285091768826 | 0.10736225798125631
0.036699574010352315 | 0.005906285091768826 | 0.10736225798125631 | -0.9961934638227279 | 0.5991826587861335:0.04299809506385743 | 0.01212167815502363 | 0.11404090733944927
0.04299809506385743 | 0.01212167815502363 | 0.11404090733944927 | -0.9961934638227279 | 0.5991826587861335:0.04969497835918435 | 0.019058845956302473 | 0.11997846132689927
0.04969497835918435 | 0.019058845956302473 | 0.11997846132689927 | -0.9961934638227279 | 0.5991826587861335:0.05675714436682039 | 0.02666411073010977 | 0.12510521918768913
0.05675714436682039 | 0.02666411073010977 | 0.12510521918768913 | -0.9961934638227279 | 0.5991826587861335:0.06414896330196207 | 0.0348794307219531 | 0.12935659854796122
0.06414896330196207 | 0.0348794307219531 | 0.12935659854796122 | -0.9961934638227279 | 0.5991826587861335:0.071832462814442 | 0.043642737195064285 | 0.13267346863850737
0.071832462814442 | 0.043642737195064285 | 0.13267346863850737 | -0.9961934638227279 | 0.5991826587861335:0.07976754587908352 | 0.05288828912853116 | 0.13500245422540935
0.07976754587908352 | 0.05288828912853116 | 0.13500245422540935 | -0.9961934638227279 | 0.5991826587861335:0.08791221779839897 | 0.06254704382667997 | 0.13629620907979811
0.08791221779839897 | 0.06254704382667997 | 0.13629620907979811 | -0.9961934638227279 | 0.5991826587861335:0.09622282119908765 | 0.07254704160532444 | 0.13651365796147497
0.09622282119908765 | 0.07254704160532444 | 0.13651365796147497 | -0.9961934638227279 | 0.5991826587861335:0.10465427787832104 | 0.08281380267448557 | 0.13562020623780713
0.10465427787832104 | 0.08281380267448557 | 0.13562020623780713 | -0.9961934638227279 | 0.5991826587861335:0.11316033633536415 | 0.09327073429949972 | 0.13358791640835577
0.11316033633536415 | 0.09327073429949972 | 0.13358791640835577 | -0.9961934638227279 | 0.5991826587861335:0.12169382380872928 | 0.10383954629313902 | 0.1303956509564892
0.12169382380872928 | 0.10383954629313902 | 0.1303956509564892 | -0.9961934638227279 | 0.5991826587861335:0.1302069016287899 | 0.11444067287051307 | 0.12602918110114514
0.1302069016287899 | 0.11444067287051307 | 0.12602918110114514 | -0.9961934638227279 | 0.5991826587861335:0.1386513226906092 | 0.12499369888612277 | 0.12048126117431313
0.1386513226906092 | 0.12499369888612277 | 0.12048126117431313 | 0.42013021488220836 | -0.48677000508737867:0.14036268877591995 | 0.1267217372523939 | 0.13084369185604094
0.14036268877591995 | 0.1267217372523939 | 0.13084369185604094 | 0.42013021488220836 | -0.48677000508737867:0.1416628959992794 | 0.1280958994530703 | 0.14143567394511436
0.1416628959992794 | 0.1280958994530703 | 0.14143567394511436 | 0.42013021488220836 | -0.48677000508737867:0.14254457223172512 | 0.12910956563018117 | 0.15223138001067538
0.14254457223172512 | 0.12910956563018117 | 0.15223138001067538 | 0.42013021488220836 | -0.48677000508737867:0.14300120101811564 | 0.12975685107511276 | 0.16320467515092485
0.14300120101811564 | 0.12975685107511276 | 0.16320467515092485 | 0.42013021488220836 | -0.48677000508737867:0.14302712610787638 | 0.13003261062111637 | 0.17432916275419785
0.14302712610787638 | 0.13003261062111637 | 0.17432916275419785 | 0.042141636821078965 | -0.7215008551116697:0.1405194712601885 | 0.13334972111738075 | 0.1847528510553058
0.1405194712601885 | 0.13334972111738075 | 0.1847528510553058 | 0.042141636821078965 | -0.7215008551116697:0.13741335160133694 | 0.1365973560742506 | 0.19517824859616661
0.13741335160133694 | 0.1365973560742506 | 0.19517824859616661 | 0.042141636821078965 | -0.7215008551116697:0.1337082027974068 | 0.13977579533725648 | 0.20557455039420258
0.1337082027974068 | 0.13977579533725648 | 0.20557455039420258 | 0.042141636821078965 | -0.7215008551116697:0.1294049053889954 | 0.14288539975187975 | 0.2159110169525773
0.1294049053889954 | 0.14288539975187975 | 0.2159110169525773 | 0.042141636821078965 | -0.7215008551116697:0.12450577560636678 | 0.1459266107285515 | 0.22615703774811768
0.12450577560636678 | 0.1459266107285515 | 0.22615703774811768 | 0.042141636821078965 | -0.7215008551116697:0.1190145535617555 | 0.14889994965338738 | 0.2362821940153994
0.1190145535617555 | 0.14889994965338738 | 0.2362821940153994 | 0.042141636821078965 | -0.7215008551116697:0.1129363888613244 | 0.1518060171470299 | 0.24625632072389703
0.1129363888613244 | 0.1518060171470299 | 0.24625632072389703 | 0.042141636821078965 | -0.7215008551116697:0.1062778236831079 | 0.15464549217420753 | 0.2560495676473584
0.1062778236831079 | 0.15464549217420753 | 0.2560495676473584 | 0.042141636821078965 | -0.7215008551116697:0.09904677337101786 | 0.15741913100682914 | 0.2656324594269188
0.09904677337101786 | 0.15741913100682914 | 0.2656324594269188 | 0.042141636821078965 | -0.7215008551116697:0.09125250459857925 | 0.16012776604365597 | 0.27497595453203694
0.09125250459857925 | 0.16012776604365597 | 0.27497595453203694 | 0.042141636821078965 | -0.7215008551116697:0.08290561115958628 | 0.16277230448978974 | 0.28405150302591764
0.08290561115958628 | 0.16277230448978974 | 0.28405150302591764 | 0.042141636821078965 | -0.7215008551116697:0.07401798744621679 | 0.1653537268994274 | 0.29283110304489135
0.07401798744621679 | 0.1653537268994274 | 0.29283110304489135 | 0.042141636821078965 | -0.7215008551116697:0.0646027996784233 | 0.16787308558551306 | 0.3012873559040816
0.0646027996784233 | 0.16787308558551306 | 0.3012873559040816 | 0.042141636821078965 | -0.7215008551116697:0.054674454951519014 | 0.17033150290011667 | 0.3093935197446678
0.054674454951519014 | 0.17033150290011667 | 0.3093935197446678 | 0.042141636821078965 | -0.7215008551116697:0.04424856817187672 | 0.172730169389534 | 0.31712356164117494
0.04424856817187672 | 0.172730169389534 | 0.31712356164117494 | 0.510935439468617 | 0.519285880893209:0.053497894539067836 | 0.16745102017925584 | 0.32577396325730845
0.053497894539067836 | 0.16745102017925584 | 0.32577396325730845 | 0.510935439468617 | 0.519285880893209:0.0631013448653488 | 0.16178133556112284 | 0.33403315409113343
0.0631013448653488 | 0.16178133556112284 | 0.33403315409113343 | 0.510935439468617 | 0.519285880893209:0.0730465965495144 | 0.1557332709285717 | 0.34187450808505027
0.0730465965495144 | 0.1557332709285717 | 0.34187450808505027 | 0.510935439468617 | 0.519285880893209:0.08332046968649509 | 0.14931983205366972 | 0.34927222688788984
0.08332046968649509 | 0.14931983205366972 | 0.34927222688788984 | 0.510935439468617 | 0.519285880893209:0.09390895597870896 | 0.1425548473229159 | 0.35620139035366805
0.09390895597870896 | 0.1425548473229159 | 0.35620139035366805 | -0.6449763142209708 | -0.5520569955968326:0.08546351139364461 | 0.1563240785993978 | 0.3592980036402764
0.08546351139364461 | 0.1563240785993978 | 0.3592980036402764 | -0.6449763142209708 | -0.5520569955968326:0.07678879211809342 | 0.1703342187334269 | 0.3616158861119647
0.07678879211809342 | 0.1703342187334269 | 0.3616158861119647 | -0.6449763142209708 | -0.5520569955968326:0.06791107025786491 | 0.18455531313983942 | 0.3631336426177505
0.06791107025786491 | 0.18455531313983942 | 0.3631336426177505 | -0.6449763142209708 | -0.5520569955968326:0.058857339279038356 | 0.19895652710106582 | 0.36383194829420695
0.058857339279038356 | 0.19895652710106582 | 0.36383194829420695 | -0.6449763142209708 | -0.5520569955968326:0.04965524407417643 | 0.21350622664821906 | 0.36369360220593805
0.04965524407417643 | 0.21350622664821906 | 0.36369360220593805 | -0.6449763142209708 | -0.5520569955968326:0.040333009584226254 | 0.22817206121666622 | 0.36270357556429644
0.040333009584226254 | 0.22817206121666622 | 0.36270357556429644 | -0.6449763142209708 | -0.5520569955968326:0.030919368151374194 | 0.2429210478727395 | 0.36084905443675375
0.030919368151374194 | 0.2429210478727395 | 0.36084905443675375 | -0.6449763142209708 | -0.5520569955968326:0.021443485779891525 | 0.257719656905941 | 0.35811947687232504
0.021443485779891525 | 0.257719656905941 | 0.35811947687232504 | -0.6449763142209708 | -0.5520569955968326:0.01193488748338023 | 0.27253389857919696 | 0.3545065643814205
0.01193488748338023 | 0.27253389857919696 | 0.3545065643814205 | -0.6449763142209708 | -0.5520569955968326:0.0024233818978256494 | 0.28732941082834884 | 0.3500043477215975
0.0024233818978256494 | 0.28732941082834884 | 0.3500043477215975 | -0.6449763142209708 | -0.5520569955968326:-0.0070610146595662115 | 0.30207154770117484 | 0.3446091869537202
-0.0070610146595662115 | 0.30207154770117484 | 0.3446091869537202 | -0.6449763142209708 | -0.5520569955968326:-0.016488154505568176 | 0.3167254683257923 | 0.33831978574612265
-0.016488154505568176 | 0.3167254683257923 | 0.33831978574612265 | -0.6449763142209708 | -0.5520569955968326:-0.02582783510017972 | 0.3312562261983194 | 0.33113719991738044
-0.02582783510017972 | 0.3312562261983194 | 0.33113719991738044 | -0.6449763142209708 | -0.5520569955968326:-0.03504987557051997 | 0.3456288585801337 | 0.3230648402212317
-0.03504987557051997 | 0.3456288585801337 | 0.3230648402212317 | -0.6449763142209708 | -0.5520569955968326:-0.044124193070943285 | 0.3598084757959956 | 0.31410846939008685
-0.044124193070943285 | 0.3598084757959956 | 0.31410846939008685 | -0.754776761411398 | 0.18136893634620166:-0.04184817961389431 | 0.37543258971676075 | 0.30395906853007304
-0.04184817961389431 | 0.37543258971676075 | 0.30395906853007304 | -0.754776761411398 | 0.18136893634620166:-0.039637169220680946 | 0.3907413568682836 | 0.2930256912414002
-0.039637169220680946 | 0.3907413568682836 | 0.2930256912414002 | -0.754776761411398 | 0.18136893634620166:-0.03750013604177038 | 0.4056978000055409 | 0.28132013434819036
-0.03750013604177038 | 0.4056978000055409 | 0.28132013434819036 | -0.754776761411398 | 0.18136893634620166:-0.0354459233272868 | 0.4202654470697542 | 0.2688559785066946
-0.0354459233272868 | 0.4202654470697542 | 0.2688559785066946 | -0.754776761411398 | 0.18136893634620166:-0.033483224724935035 | 0.4344084095836216 | 0.2556485618570239
-0.033483224724935035 | 0.4344084095836216 | 0.2556485618570239 | -0.997977204563886 | -0.4166367515785159:-0.038718831700251144 | 0.45099391044246673 | 0.23519625505374364
-0.038718831700251144 | 0.45099391044246673 | 0.23519625505374364 | -0.997977204563886 | -0.4166367515785159:-0.04354922767639069 | 0.46660216554742817 | 0.21358785678808268
-0.04354922767639069 | 0.46660216554742817 | 0.21358785678808268 | -0.997977204563886 | -0.4166367515785159:-0.047945858004264874 | 0.48116367681837247 | 0.19088115670894545
-0.047945858004264874 | 0.48116367681837247 | 0.19088115670894545 | -0.997977204563886 | -0.4166367515785159:-0.051881497302299184 | 0.49461200871612654 | 0.16713869268977
-0.051881497302299184 | 0.49461200871612654 | 0.16713869268977 | -0.997977204563886 | -0.4166367515785159:-0.055330360081844 | 0.5068840583422745 | 0.142427549017885
-0.055330360081844 | 0.5068840583422745 | 0.142427549017885 | -0.997977204563886 | -0.4166367515785159:-0.0582682063770017 | 0.5179203140062274 | 0.11681913712453351
-0.0582682063770017 | 0.5179203140062274 | 0.11681913712453351 | -0.997977204563886 | -0.4166367515785159:-0.06067244199409627 | 0.5276651013179645 | 0.09038895964886962
-0.06067244199409627 | 0.5276651013179645 | 0.09038895964886962 | -0.997977204563886 | -0.4166367515785159:-0.06252221301585426 | 0.5360668159109476 | 0.063216358686919
-0.06252221301585426 | 0.5360668159109476 | 0.063216358686919 | -0.997977204563886 | -0.4166367515785159:-0.06379849421638895 | 0.5430781419486816 | 0.035384249131197976
-0.06379849421638895 | 0.5430781419486816 | 0.035384249131197976 | -0.997977204563886 | -0.4166367515785159:-0.06448417106524973 | 0.5486562556202763 | 0.00697883805773003
-0.06448417106524973 | 0.5486562556202763 | 0.00697883805773003 | -0.10756424411628873 | -0.07119421329144204:-0.06502055533940121 | 0.5531303785637398 | 0.003829159695165174
-0.06502055533940121 | 0.5531303785637398 | 0.003829159695165174 | -0.10756424411628873 | -0.07119421329144204:-0.06554043516972241 | 0.5575431521845058 | 6.277611618585865E-4
-0.06554043516972241 | 0.5575431521845058 | 6.277611618585865E-4 | -0.10756424411628873 | -0.07119421329144204:-0.06604358966970914 | 0.5618946058515544 | -0.0026244546524409884
-0.06604358966970914 | 0.5618946058515544 | -0.0026244546524409884 | -0.10756424411628873 | -0.07119421329144204:-0.06652980335094538 | 0.5661847734505798 | -0.005926590888712724
-0.06652980335094538 | 0.5661847734505798 | -0.005926590888712724 | -0.10756424411628873 | -0.07119421329144204:-0.06699886605627414 | 0.5704136933195301 | -0.009277756701386863
-0.06699886605627414 | 0.5704136933195301 | -0.009277756701386863 | -0.10756424411628873 | -0.07119421329144204:-0.06745057289370004 | 0.5745814081848764 | -0.012677067240794315
-0.06745057289370004 | 0.5745814081848764 | -0.012677067240794315 | -0.10756424411628873 | -0.07119421329144204:-0.06788472417101277 | 0.578687965098613 | -0.01612364363526453
-0.06788472417101277 | 0.578687965098613 | -0.01612364363526453 | -0.10756424411628873 | -0.07119421329144204:-0.06830112533112942 | 0.5827334153760049 | -0.019616612972995995
-0.06830112533112942 | 0.5827334153760049 | -0.019616612972995995 | -0.10756424411628873 | -0.07119421329144204:-0.06869958688814792 | 0.5867178145340048 | -0.023155108283607007
-0.06869958688814792 | 0.5867178145340048 | -0.023155108283607007 | -0.10756424411628873 | -0.07119421329144204:-0.06907992436410293 | 0.5906412222304454 | -0.026738268519437725
-0.06907992436410293 | 0.5906412222304454 | -0.026738268519437725 | -0.10756424411628873 | -0.07119421329144204:-0.06944195822641852 | 0.5945037022038768 | -0.030365238536578687
-0.06944195822641852 | 0.5945037022038768 | -0.030365238536578687 | -0.10756424411628873 | -0.07119421329144204:-0.06978551382605502 | 0.5983053222141415 | -0.03403516907566484
-0.06978551382605502 | 0.5983053222141415 | -0.03403516907566484 | -0.10756424411628873 | -0.07119421329144204:-0.07011042133633705 | 0.602046153983629 | -0.03774721674241022
-0.07011042133633705 | 0.602046153983629 | -0.03774721674241022 | -0.10756424411628873 | -0.07119421329144204:-0.07041651569246277 | 0.6057262731392257 | -0.04150054398792591
-0.07041651569246277 | 0.6057262731392257 | -0.04150054398792591 | -0.10756424411628873 | -0.07119421329144204:-0.07070363653168199 | 0.6093457591549267 | -0.04529431908879289
-0.07070363653168199 | 0.6093457591549267 | -0.04529431908879289 | -0.10756424411628873 | -0.07119421329144204:-0.07097162813414437 | 0.6129046952951391 | -0.04912771612693234
-0.07097162813414437 | 0.6129046952951391 | -0.04912771612693234 | -0.10756424411628873 | -0.07119421329144204:-0.07122033936440175 | 0.6164031685586586 | -0.05299991496926637
-0.07122033936440175 | 0.6164031685586586 | -0.05299991496926637 | -0.10756424411628873 | -0.07119421329144204:-0.07144962361356866 | 0.6198412696232865 | -0.056910101247165557
-0.07144962361356866 | 0.6198412696232865 | -0.056910101247165557 | -0.10756424411628873 | -0.07119421329144204:-0.07165933874212493 | 0.6232190927911212 | -0.060857466335715316
-0.07165933874212493 | 0.6232190927911212 | -0.060857466335715316 | -0.10756424411628873 | -0.07119421329144204:-0.07184934702336454 | 0.6265367359344935 | -0.06484120733278331
-0.07184934702336454 | 0.6265367359344935 | -0.06484120733278331 | -0.10756424411628873 | -0.07119421329144204:-0.0720195150874745 | 0.6297943004425512 | -0.06886052703793766
-0.0720195150874745 | 0.6297943004425512 | -0.06886052703793766 | -0.10756424411628873 | -0.07119421329144204:-0.07216971386624538 | 0.6329918911684622 | -0.07291463393114128
-0.07216971386624538 | 0.6329918911684622 | -0.07291463393114128 | -0.10756424411628873 | -0.07119421329144204:-0.07229981853840184 | 0.6361296163772892 | -0.07700274215133973
-0.07229981853840184 | 0.6361296163772892 | -0.07700274215133973 | -0.10756424411628873 | -0.07119421329144204:-0.07240970847555261 | 0.6392075876944432 | -0.0811240714748589
-0.07240970847555261 | 0.6392075876944432 | -0.0811240714748589 | -0.10756424411628873 | -0.07119421329144204:-0.07249926718874944 | 0.6422259200547913 | -0.08527784729365706
-0.07249926718874944 | 0.6422259200547913 | -0.08527784729365706 | -0.10756424411628873 | -0.07119421329144204:-0.07256838227565021 | 0.645184731652364 | -0.08946330059343843
-0.07256838227565021 | 0.645184731652364 | -0.08946330059343843 | -0.10756424411628873 | -0.07119421329144204:-0.07261694536828212 | 0.648084143890685 | -0.09367966793163873
-0.07261694536828212 | 0.648084143890685 | -0.09367966793163873 | -0.10756424411628873 | -0.07119421329144204:-0.07264485208139648 | 0.6509242813336655 | -0.09792619141525982
-0.07264485208139648 | 0.6509242813336655 | -0.09792619141525982 | -0.10756424411628873 | -0.07119421329144204:-0.07265200196141186 | 0.6537052716571594 | -0.10220211867860662
-0.07265200196141186 | 0.6537052716571594 | -0.10220211867860662 | -0.10756424411628873 | -0.07119421329144204:-0.07263829843593683 | 0.65642724560103 | -0.1065067028608837
-0.07263829843593683 | 0.65642724560103 | -0.1065067028608837 | -0.06755200492074054 | 0.5862190119021142:-0.076168480831863 | 0.6593102455636242 | -0.10707499002864651
-0.076168480831863 | 0.6593102455636242 | -0.10707499002864651 | -0.06755200492074054 | 0.5862190119021142:-0.07972579208356145 | 0.6621570634930123 | -0.10754377464304099
-0.07972579208356145 | 0.6621570634930123 | -0.10754377464304099 | -0.06755200492074054 | 0.5862190119021142:-0.0833070150326185 | 0.6649683968224451 | -0.10791178640789845
-0.0833070150326185 | 0.6649683968224451 | -0.10791178640789845 | -0.06755200492074054 | 0.5862190119021142:-0.08690888825823984 | 0.6677449449836672 | -0.10817786585420208
-0.08690888825823984 | 0.6677449449836672 | -0.10817786585420208 | -0.06755200492074054 | 0.5862190119021142:-0.09052810982826531 | 0.670487409009894 | -0.10834096569209706
-0.09052810982826531 | 0.670487409009894 | -0.10834096569209706 | 0.6045572137840105 | -0.3399409823500654:-0.0894278985444309 | 0.6765497033813546 | -0.08996452972310642
-0.0894278985444309 | 0.6765497033813546 | -0.08996452972310642 | 0.6045572137840105 | -0.3399409823500654:-0.08863365282865576 | 0.6820338024519472 | -0.07130720152348147
-0.08863365282865576 | 0.6820338024519472 | -0.07130720152348147 | 0.6045572137840105 | -0.3399409823500654:-0.08815140395544119 | 0.6869289959995086 | -0.0523932161663474
-0.08815140395544119 | 0.6869289959995086 | -0.0523932161663474 | 0.6045572137840105 | -0.3399409823500654:-0.08798672417470887 | 0.6912253788254858 | -0.03324730682060739
-0.08798672417470887 | 0.6912253788254858 | -0.03324730682060739 | 0.6045572137840105 | -0.3399409823500654:-0.08814471772445354 | 0.6949138673223132 | -0.013894668693138712
-0.08814471772445354 | 0.6949138673223132 | -0.013894668693138712 | 0.6045572137840105 | -0.3399409823500654:-0.0886300125379717 | 0.6979862148151668 | 0.005639077695468231
-0.0886300125379717 | 0.6979862148151668 | 0.005639077695468231 | 0.6045572137840105 | -0.3399409823500654:-0.0894467526560449 | 0.7004350256588623 | 0.025327923846955258
-0.0894467526560449 | 0.7004350256588623 | 0.025327923846955258 | 0.6045572137840105 | -0.3399409823500654:-0.09059859135342652 | 0.702253768072346 | 0.04514551117791932
-0.09059859135342652 | 0.702253768072346 | 0.04514551117791932 | 0.6045572137840105 | -0.3399409823500654:-0.09208868498794665 | 0.7034367856952102 | 0.06506516941291096
-0.09208868498794665 | 0.7034367856952102 | 0.06506516941291096 | 0.6045572137840105 | -0.3399409823500654:-0.09391968757950353 | 0.7039793078524568 | 0.0850599554217073
-0.09391968757950353 | 0.7039793078524568 | 0.0850599554217073 | 0.6045572137840105 | -0.3399409823500654:-0.0960937461251638 | 0.7038774585155423 | 0.10510269244395154
-0.0960937461251638 | 0.7038774585155423 | 0.10510269244395154 | 0.6045572137840105 | -0.3399409823500654:-0.09861249665554025 | 0.7031282639497292 | 0.1251660096439977
-0.09861249665554025 | 0.7031282639497292 | 0.1251660096439977 | 0.6045572137840105 | -0.3399409823500654:-0.10147706103656262 | 0.7017296590394793 | 0.14522238193854342
-0.10147706103656262 | 0.7017296590394793 | 0.14522238193854342 | 0.6045572137840105 | -0.3399409823500654:-0.10468804451970101 | 0.6996804922856157 | 0.16524417003945402
-0.10468804451970101 | 0.6996804922856157 | 0.16524417003945402 | 0.6045572137840105 | -0.3399409823500654:-0.1082455340426473 | 0.6969805294698475 | 0.18520366065405547
-0.1082455340426473 | 0.6969805294698475 | 0.18520366065405547 | -0.920289340056837 | 0.7971961536982437:-0.10244364673674394 | 0.7073784698391776 | 0.15772320142398932
-0.10244364673674394 | 0.7073784698391776 | 0.15772320142398932 | -0.920289340056837 | 0.7971961536982437:-0.09773701245342181 | 0.7164990116611136 | 0.12947350962682513
-0.09773701245342181 | 0.7164990116611136 | 0.12947350962682513 | -0.920289340056837 | 0.7971961536982437:-0.0941576523570744 | 0.724303094041808 | 0.10055890544015256
-0.0941576523570744 | 0.724303094041808 | 0.10055890544015256 | -0.920289340056837 | 0.7971961536982437:-0.09173325777887364 | 0.7307565760971215 | 0.07108699158566445
-0.09173325777887364 | 0.7307565760971215 | 0.07108699158566445 | -0.920289340056837 | 0.7971961536982437:-0.09048705707786131 | 0.7358304002672043 | 0.04116823698545424
-0.09048705707786131 | 0.7358304002672043 | 0.04116823698545424 | -0.920289340056837 | 0.7971961536982437:-0.09043770013023256 | 0.7395007355856293 | 0.010915547128208303
-0.09043770013023256 | 0.7395007355856293 | 0.010915547128208303 | -0.920289340056837 | 0.7971961536982437:-0.09159916096603138 | 0.7417491002640091 | -0.019556177133065233
-0.09159916096603138 | 0.7417491002640091 | -0.019556177133065233 | -0.920289340056837 | 0.7971961536982437:-0.09398065899894137 | 0.7425624630367693 | -0.05013049058026198
-0.09398065899894137 | 0.7425624630367693 | -0.05013049058026198 | -0.920289340056837 | 0.7971961536982437:-0.09758659921947221 | 0.7419333227968465 | -0.08068986261221944
-0.09758659921947221 | 0.7419333227968465 | -0.08068986261221944 | -0.920289340056837 | 0.7971961536982437:-0.10241653164492903 | 0.7398597661411372 | -0.11111614236021516
-0.10241653164492903 | 0.7398597661411372 | -0.11111614236021516 | -0.920289340056837 | 0.7971961536982437:-0.1084651302414048 | 0.7363455025338794 | -0.1412910280598112
-0.1084651302414048 | 0.7363455025338794 | -0.1412910280598112 | -0.920289340056837 | 0.7971961536982437:-0.11572219145398743 | 0.7313998768872096 | -0.17109653878189057
-0.11572219145398743 | 0.7313998768872096 | -0.17109653878189057 | -0.920289340056837 | 0.7971961536982437:-0.12417265240173925 | 0.7250378594496283 | -0.20041548661334652
-0.12417265240173925 | 0.7250378594496283 | -0.20041548661334652 | -0.920289340056837 | 0.7971961536982437:-0.13379662871410458 | 0.7172800129852348 | -0.22913194737322584
-0.13379662871410458 | 0.7172800129852348 | -0.22913194737322584 | -0.920289340056837 | 0.7971961536982437:-0.1445694719055688 | 0.7081524373189083 | -0.25713172795338046
-0.1445694719055688 | 0.7081524373189083 | -0.25713172795338046 | -0.920289340056837 | 0.7971961536982437:-0.1564618461059326 | 0.6976866914145816 | -0.28430282838347765
-0.1564618461059326 | 0.6976866914145816 | -0.28430282838347765 | -0.920289340056837 | 0.7971961536982437:-0.16943982388482448 | 0.685919693245026 | -0.3105358967389229
-0.16943982388482448 | 0.685919693245026 | -0.3105358967389229 | -0.920289340056837 | 0.7971961536982437:-0.18346500083133588 | 0.6728935978019592 | -0.33572467503645953
-0.18346500083133588 | 0.6728935978019592 | -0.33572467503645953 | -0.920289340056837 | 0.7971961536982437:-0.1984946284732887 | 0.6586556536842707 | -0.35976643429596855
-0.1984946284732887 | 0.6586556536842707 | -0.35976643429596855 | -0.920289340056837 | 0.7971961536982437:-0.21448176504588146 | 0.6432580387893054 | -0.38256239698814376
-0.21448176504588146 | 0.6432580387893054 | -0.38256239698814376 | -0.920289340056837 | 0.7971961536982437:-0.23137544354666906 | 0.6267576757174282 | -0.40401814513607626
-0.23137544354666906 | 0.6267576757174282 | -0.40401814513607626 | -0.920289340056837 | 0.7971961536982437:-0.249120856443251 | 0.6092160275827894 | -0.42404401239415
-0.249120856443251 | 0.6092160275827894 | -0.42404401239415 | -0.920289340056837 | 0.7971961536982437:-0.26765955633200766 | 0.5906988750030777 | -0.4425554584897693
-0.26765955633200766 | 0.5906988750030777 | -0.4425554584897693 | -0.920289340056837 | 0.7971961536982437:-0.28692967178095374 | 0.5712760751182628 | -0.45947342448219786
-0.28692967178095374 | 0.5712760751182628 | -0.45947342448219786 | -0.920289340056837 | 0.7971961536982437:-0.30686613752758163 | 0.5510213035614768 | -0.4747246673676635
-0.30686613752758163 | 0.5510213035614768 | -0.4747246673676635 | -0.33608850458592743 | -0.016188156728552672:-0.30729197064795954 | 0.5444149434115317 | -0.4854566894134056
-0.30729197064795954 | 0.5444149434115317 | -0.4854566894134056 | -0.33608850458592743 | -0.016188156728552672:-0.30769997727601517 | 0.5375930035276753 | -0.4960881813614364
-0.30769997727601517 | 0.5375930035276753 | -0.4960881813614364 | -0.33608850458592743 | -0.016188156728552672:-0.30809032516878077 | 0.5305573765454739 | -0.50661479310868
-0.30809032516878077 | 0.5305573765454739 | -0.50661479310868 | -0.33608850458592743 | -0.016188156728552672:-0.30846318532381467 | 0.5233100382777565 | -0.5170322174259301
-0.30846318532381467 | 0.5233100382777565 | -0.5170322174259301 | -0.33608850458592743 | -0.016188156728552672:-0.30881873193750664 | 0.5158530467058711 | -0.5273361914193639
-0.30881873193750664 | 0.5158530467058711 | -0.5273361914193639 | -0.33608850458592743 | -0.016188156728552672:-0.30915714236222414 | 0.5081885409481686 | -0.5375224979695874
-0.30915714236222414 | 0.5081885409481686 | -0.5375224979695874 | -0.33608850458592743 | -0.016188156728552672:-0.3094785970623164 | 0.5003187402061968 | -0.5475869671478932
-0.3094785970623164 | 0.5003187402061968 | -0.5475869671478932 | -0.33608850458592743 | -0.016188156728552672:-0.30978327956900564 | 0.49224594268919475 | -0.5575254776094622
-0.30978327956900564 | 0.49224594268919475 | -0.5575254776094622 | -0.33608850458592743 | -0.016188156728552672:-0.3100713764341876 | 0.48397252451704276 | -0.5673339579632062
-0.3100713764341876 | 0.48397252451704276 | -0.5673339579632062 | -0.33608850458592743 | -0.016188156728552672:-0.3103430771831581 | 0.4755009386023801 | -0.5770083881179877
-0.3103430771831581 | 0.4755009386023801 | -0.5770083881179877 | -0.5735537031033375 | -0.08744902909485308:-0.30848266796408286 | 0.45983976003182647 | -0.5931490809099831
-0.30848266796408286 | 0.45983976003182647 | -0.5931490809099831 | -0.5735537031033375 | -0.08744902909485308:-0.3065402892652793 | 0.4436714525908343 | -0.6088450585595435
-0.3065402892652793 | 0.4436714525908343 | -0.6088450585595435 | -0.5735537031033375 | -0.08744902909485308:-0.30451800624012204 | 0.42700895761315394 | -0.6240799091084384
-0.30451800624012204 | 0.42700895761315394 | -0.6240799091084384 | -0.5735537031033375 | -0.08744902909485308:-0.30241796091495665 | 0.4098657301438777 | -0.6388376250216723
-0.30241796091495665 | 0.4098657301438777 | -0.6388376250216723 | -0.5735537031033375 | -0.08744902909485308:-0.30024237020709066 | 0.39225572613331394 | -0.6531026193063569
-0.30024237020709066 | 0.39225572613331394 | -0.6531026193063569 | -0.5735537031033375 | -0.08744902909485308:-0.29799352387028755 | 0.3741933891497524 | -0.6668597412062152
-0.29799352387028755 | 0.3741933891497524 | -0.6668597412062152 | -0.5735537031033375 | -0.08744902909485308:-0.2956737823698994 | 0.3556936366246788 | -0.6800942914575026
-0.2956737823698994 | 0.3556936366246788 | -0.6800942914575026 | -0.5735537031033375 | -0.08744902909485308:-0.2932855746898344 | 0.3367718456448472 | -0.692792037092595
-0.2932855746898344 | 0.3367718456448472 | -0.692792037092595 | -0.5735537031033375 | -0.08744902909485308:-0.29083139607360486 | 0.3174438383055076 | -0.7049392257779549
-0.29083139607360486 | 0.3174438383055076 | -0.7049392257779549 | -0.5735537031033375 | -0.08744902909485308:-0.2883138057017689 | 0.29772586664016387 | -0.716522599673665
-0.2883138057017689 | 0.29772586664016387 | -0.716522599673665 | -0.5735537031033375 | -0.08744902909485308:-0.28573542430811827 | 0.27763459714165606 | -0.7275294088022077
-0.28573542430811827 | 0.27763459714165606 | -0.7275294088022077 | -0.5735537031033375 | -0.08744902909485308:-0.28309893173703493 | 0.25718709489058256 | -0.737947423914656
-0.28309893173703493 | 0.25718709489058256 | -0.737947423914656 | -0.5735537031033375 | -0.08744902909485308:-0.2804070644444536 | 0.23640080730685042 | -0.7477649488429616
-0.2804070644444536 | 0.23640080730685042 | -0.7477649488429616 | -0.5735537031033375 | -0.08744902909485308:-0.2776626129449582 | 0.2152935475405826 | -0.756970832327521
-0.2776626129449582 | 0.2152935475405826 | -0.756970832327521 | -0.5735537031033375 | -0.08744902909485308:-0.2748684192075235 | 0.19388347751905144 | -0.7655544793097349
-0.2748684192075235 | 0.19388347751905144 | -0.7655544793097349 | 0.9957606606461409 | 0.9749255210302512:-0.3119385548121585 | 0.23219690860328512 | -0.7421173942584565
-0.3119385548121585 | 0.23219690860328512 | -0.7421173942584565 | 0.9957606606461409 | 0.9749255210302512:-0.3477931428713319 | 0.2693628497292764 | -0.7149565891748964
-0.3477931428713319 | 0.2693628497292764 | -0.7149565891748964 | 0.9957606606461409 | 0.9749255210302512:-0.38225097610267333 | 0.3051932205371344 | -0.6841919729249444
-0.38225097610267333 | 0.3051932205371344 | -0.6841919729249444 | 0.9957606606461409 | 0.9749255210302512:-0.4151371514180866 | 0.3395059225296677 | -0.6499618183049547
-0.4151371514180866 | 0.3395059225296677 | -0.6499618183049547 | 0.9957606606461409 | 0.9749255210302512:-0.44628396735996567 | 0.37212577149111326 | -0.6124221276080855
-0.44628396735996567 | 0.37212577149111326 | -0.6124221276080855 | 0.9957606606461409 | 0.9749255210302512:-0.47553178769032556 | 0.4028853976068518 | -0.5717459069539892
-0.47553178769032556 | 0.4028853976068518 | -0.5717459069539892 | 0.9957606606461409 | 0.9749255210302512:-0.5027298666762281 | 0.4316261086458013 | -0.5281223528530354
-0.5027298666762281 | 0.4316261086458013 | -0.5281223528530354 | 0.9957606606461409 | 0.9749255210302512:-0.5277371318020023 | 0.4581987117469737 | -0.4817559549289143
-0.5277371318020023 | 0.4581987117469737 | -0.4817559549289143 | 0.9957606606461409 | 0.9749255210302512:-0.5504229198477724 | 0.4824642895544713 | -0.4328655191566497
-0.5504229198477724 | 0.4824642895544713 | -0.4328655191566497 | 0.9957606606461409 | 0.9749255210302512:-0.5706676625038458 | 0.5042949266697576 | -0.3816831163845542
-0.5706676625038458 | 0.5042949266697576 | -0.3816831163845542 | -0.5529404963365838 | -0.43411478781567303:-0.5629270527970149 | 0.4944094780356778 | -0.4084795128738232
-0.5629270527970149 | 0.4944094780356778 | -0.4084795128738232 | -0.5529404963365838 | -0.43411478781567303:-0.5545870876612291 | 0.4837587455851349 | -0.43485511082705663
-0.5545870876612291 | 0.4837587455851349 | -0.43485511082705663 | -0.5529404963365838 | -0.43411478781567303:-0.5456569833966469 | 0.4723539365512721 | -0.46077429154093785
-0.5456569833966469 | 0.4723539365512721 | -0.46077429154093785 | -0.5529404963365838 | -0.43411478781567303:-0.5361467628082757 | 0.46020729302925645 | -0.48620195565997015
-0.5361467628082757 | 0.46020729302925645 | -0.48620195565997015 | -0.5529404963365838 | -0.43411478781567303:-0.5260672429255706 | 0.4473320769982507 | -0.511103571499925
-0.5260672429255706 | 0.4473320769982507 | -0.511103571499925 | 0.9406249070514137 | 0.47557585516243317:-0.5384388530529911 | 0.4716385726423198 | -0.47764312520294006
-0.5384388530529911 | 0.4716385726423198 | -0.47764312520294006 | 0.9406249070514137 | 0.47557585516243317:-0.5499935711974864 | 0.4943729146482383 | -0.4427269787031314
-0.5499935711974864 | 0.4943729146482383 | -0.4427269787031314 | 0.9406249070514137 | 0.47557585516243317:-0.5606971527393938 | 0.5154650424681222 | -0.4064497193322012
-0.5606971527393938 | 0.5154650424681222 | -0.4064497193322012 | 0.9406249070514137 | 0.47557585516243317:-0.5705176907116041 | 0.5348494223954106 | -0.3689101141897684
-0.5705176907116041 | 0.5348494223954106 | -0.3689101141897684 | 0.9406249070514137 | 0.47557585516243317:-0.5794257141093517 | 0.5524652485324424 | -0.33021083348671354
