0.0 | 0.0 | 0.0 | -0.9749009673487468 | 0.47269309315846497:2.3604383606099102E-4 | 4.872574697368792E-4 | 0.009985332416381705
2.3604383606099102E-4 | 4.872574697368792E-4 | 0.009985332416381705 | -0.9749009673487468 | 0.47269309315846497:9.375177512923885E-4 | 0.0019367107527973326 | 0.019783331669008905
9.375177512923885E-4 | 0.0019367107527973326 | 0.019783331669008905 | -0.9749009673487468 | 0.47269309315846497:0.0020925013087638045 | 0.004325850550110699 | 0.029309688778472703
0.0020925013087638045 | 0.004325850550110699 | 0.029309688778472703 | -0.9749009673487468 | 0.47269309315846497:0.003686567288516223 | 0.007626934420009723 | 0.03848263921432904
0.003686567288516223 | 0.007626934420009723 | 0.03848263921432904 | 0.18701840977478046 | 0.21240898494730098:0.005094272617945981 | 0.00903825863274288 | 0.047899201206139
0.005094272617945981 | 0.00903825863274288 | 0.047899201206139 | 0.18701840977478046 | 0.21240898494730098:0.006690878431479594 | 0.01025676757041405 | 0.05722415380720755
0.006690878431479594 | 0.01025676757041405 | 0.05722415380720755 | 0.18701840977478046 | 0.21240898494730098:0.008473543631748584 | 0.011285200917208082 | 0.06645269184598476
0.008473543631748584 | 0.011285200917208082 | 0.06645269184598476 | 0.18701840977478046 | 0.21240898494730098:0.010439384625669026 | 0.0121263336485109 | 0.07558011325684677
0.010439384625669026 | 0.0121263336485109 | 0.07558011325684677 | 0.18701840977478046 | 0.21240898494730098:0.012585476835301798 | 0.012782974727304164 | 0.08460181920476068
0.012585476835301798 | 0.012782974727304164 | 0.08460181920476068 | 0.18701840977478046 | 0.21240898494730098:0.014908856198870953 | 0.01325796580882932 | 0.09351331418079034
0.014908856198870953 | 0.01325796580882932 | 0.09351331418079034 | 0.18701840977478046 | 0.21240898494730098:0.017406520661733496 | 0.013554179953706447 | 0.1023102060688389
0.017406520661733496 | 0.013554179953706447 | 0.1023102060688389 | 0.18701840977478046 | 0.21240898494730098:0.02007543165709892 | 0.013674520349688746 | 0.11098820618402438
0.02007543165709892 | 0.013674520349688746 | 0.11098820618402438 | 0.18701840977478046 | 0.21240898494730098:0.022912515576302694 | 0.013621919042232422 | 0.11954312928308297
0.022912515576302694 | 0.013621919042232422 | 0.11954312928308297 | 0.18701840977478046 | 0.21240898494730098:0.025914665228442962 | 0.01339933567405116 | 0.1279708935471967
0.025914665228442962 | 0.01339933567405116 | 0.1279708935471967 | 0.18701840977478046 | 0.21240898494730098:0.029078741289194826 | 0.013009756233824832 | 0.13626752053763924
0.029078741289194826 | 0.013009756233824832 | 0.13626752053763924 | 0.18701840977478046 | 0.21240898494730098:0.032401573738622125 | 0.012456191814225193 | 0.14442913512463562
0.032401573738622125 | 0.012456191814225193 | 0.14442913512463562 | 0.18701840977478046 | 0.21240898494730098:0.03587996328781154 | 0.011741677379415894 | 0.15245196538982908
0.03587996328781154 | 0.011741677379415894 | 0.15245196538982908 | 0.18701840977478046 | 0.21240898494730098:0.03951068279415898 | 0.010869270542182341 | 0.16033234250274875
0.03951068279415898 | 0.010869270542182341 | 0.16033234250274875 | 0.18701840977478046 | 0.21240898494730098:0.043290478665143184 | 0.009842050350840181 | 0.16806670057167206
0.043290478665143184 | 0.009842050350840181 | 0.16806670057167206 | -0.5405504979133338 | 0.6328092791028626:0.050883914043492795 | 0.015063783879948556 | 0.17418895797969358
0.050883914043492795 | 0.015063783879948556 | 0.17418895797969358 | -0.5405504979133338 | 0.6328092791028626:0.05888530842834999 | 0.020653416699531024 | 0.1797482710947742
0.05888530842834999 | 0.020653416699531024 | 0.1797482710947742 | -0.5405504979133338 | 0.6328092791028626:0.06726830925290145 | 0.026588764905705387 | 0.18471176236956754
0.06726830925290145 | 0.026588764905705387 | 0.18471176236956754 | -0.5405504979133338 | 0.6328092791028626:0.07600531707124603 | 0.032846553543678714 | 0.18904856416572713
0.07600531707124603 | 0.032846553543678714 | 0.18904856416572713 | -0.5405504979133338 | 0.6328092791028626:0.08506757054063674 | 0.03940248818198222 | 0.19272989310232314
0.08506757054063674 | 0.03940248818198222 | 0.19272989310232314 | 0.2562729436063298 | -0.5573273263416039:0.0825708378501967 | 0.038283548337860074 | 0.20268146191159753
0.0825708378501967 | 0.038283548337860074 | 0.20268146191159753 | 0.2562729436063298 | -0.5573273263416039:0.07956973081423457 | 0.03693262137867981 | 0.21256715223062672
0.07956973081423457 | 0.03693262137867981 | 0.21256715223062672 | 0.2562729436063298 | -0.5573273263416039:0.07606814704672338 | 0.03535133668856072 | 0.2223621042873818
0.07606814704672338 | 0.03535133668856072 | 0.2223621042873818 | 0.2562729436063298 | -0.5573273263416039:0.0720708728421976 | 0.03354173411215078 | 0.23204174070715755
0.0720708728421976 | 0.03354173411215078 | 0.23204174070715755 | 0.2562729436063298 | -0.5573273263416039:0.06758356883045569 | 0.031506257582797015 | 0.24158180155371145
0.06758356883045569 | 0.031506257582797015 | 0.24158180155371145 | 0.2562729436063298 | -0.5573273263416039:0.06261275458376647 | 0.029247748264266404 | 0.2509583786190528
0.06261275458376647 | 0.029247748264266404 | 0.2509583786190528 | 0.2562729436063298 | -0.5573273263416039:0.057165792205922106 | 0.026769437219282988 | 0.2601479489268028
0.057165792205922106 | 0.026769437219282988 | 0.2601479489268028 | 0.2562729436063298 | -0.5573273263416039:0.05125086893335551 | 0.024074937618559222 | 0.2691274074153238
0.05125086893335551 | 0.024074937618559222 | 0.2691274074153238 | 0.2562729436063298 | -0.5573273263416039:0.04487697877938257 | 0.021168236504394367 | 0.27787409876809743
0.04487697877938257 | 0.021168236504394367 | 0.27787409876809743 | 0.2562729436063298 | -0.5573273263416039:0.03805390325341773 | 0.018053686123284562 | 0.28636584836014745
0.03805390325341773 | 0.018053686123284562 | 0.28636584836014745 | 0.6460416821854265 | -0.5369752256881817:0.031085729996715772 | 0.009011584754251956 | 0.2947808310115443
0.031085729996715772 | 0.009011584754251956 | 0.2947808310115443 | 0.6460416821854265 | -0.5369752256881817:0.023706603207436894 | -5.25676214916948E-4 | 0.3026593048361441
0.023706603207436894 | -5.25676214916948E-4 | 0.3026593048361441 | 0.6460416821854265 | -0.5369752256881817:0.015935047226317334 | -0.010536510412562983 | 0.3099627824203619
0.015935047226317334 | -0.010536510412562983 | 0.3099627824203619 | 0.6460416821854265 | -0.5369752256881817:0.007790870683171969 | -0.02099775996171821 | 0.31665435660923347
0.007790870683171969 | -0.02099775996171821 | 0.31665435660923347 | 0.6460416821854265 | -0.5369752256881817:-7.048902429143133E-4 | -0.0318847621678926 | 0.32269879871885276
-7.048902429143133E-4 | -0.0318847621678926 | 0.32269879871885276 | 0.6460416821854265 | -0.5369752256881817:-0.009530031360302171 | -0.04317141964820437 | 0.3280626520228722
-0.009530031360302171 | -0.04317141964820437 | 0.3280626520228722 | 0.6460416821854265 | -0.5369752256881817:-0.01866124263929958 | -0.054830273713434186 | 0.3327143203254268
-0.01866124263929958 | -0.054830273713434186 | 0.3327143203254268 | 0.6460416821854265 | -0.5369752256881817:-0.028074172860679703 | -0.06683258080880017 | 0.3366241514452435
-0.028074172860679703 | -0.06683258080880017 | 0.3366241514452435 | 0.6460416821854265 | -0.5369752256881817:-0.037743496570196156 | -0.07914839181392719 | 0.3397645154484028
-0.037743496570196156 | -0.07914839181392719 | 0.3397645154484028 | 0.6460416821854265 | -0.5369752256881817:-0.04764298316721893 | -0.09174663399763405 | 0.3421098774801514
-0.04764298316721893 | -0.09174663399763405 | 0.3421098774801514 | 0.6460416821854265 | -0.5369752256881817:-0.05774556795215058 | -0.10459519541878537 | 0.3436368650592829
-0.05774556795215058 | -0.10459519541878537 | 0.3436368650592829 | 0.6460416821854265 | -0.5369752256881817:-0.06802342495422598 | -0.11766101156055975 | 0.3443243297119789
-0.06802342495422598 | -0.11766101156055975 | 0.3443243297119789 | 0.6460416821854265 | -0.5369752256881817:-0.07844804135864392 | -0.13091015398207528 | 0.3441534028354347
-0.07844804135864392 | -0.13091015398207528 | 0.3441534028354347 | 0.6460416821854265 | -0.5369752256881817:-0.08899029334973285 | -0.14430792076839016 | 0.34310754569523283
-0.08899029334973285 | -0.14430792076839016 | 0.34310754569523283 | 0.6460416821854265 | -0.5369752256881817:-0.0996205231850138 | -0.15781892855746338 | 0.34117259347412165
-0.0996205231850138 | -0.15781892855746338 | 0.34117259347412165 | -0.9510692027788794 | 0.1590842559704917:-0.09836895799543421 | -0.1436451123165028 | 0.35455583031255955
-0.09836895799543421 | -0.1436451123165028 | 0.35455583031255955 | -0.9510692027788794 | 0.1590842559704917:-0.09695721367374455 | -0.12856827802588477 | 0.3672952236983935
-0.09695721367374455 | -0.12856827802588477 | 0.3672952236983935 | -0.9510692027788794 | 0.1590842559704917:-0.09539101656813365 | -0.11262058988440082 | 0.37933292824010323
-0.09539101656813365 | -0.11262058988440082 | 0.37933292824010323 | -0.9510692027788794 | 0.1590842559704917:-0.09367665064957903 | -0.09583759691112514 | 0.3906129281192907
-0.09367665064957903 | -0.09583759691112514 | 0.3906129281192907 | -0.9510692027788794 | 0.1590842559704917:-0.09182093884157017 | -0.07825812583998304 | 0.4010812306664935
-0.09182093884157017 | -0.07825812583998304 | 0.4010812306664935 | -0.17835426303590873 | 0.5176313887761275:-0.08252248371390458 | -0.07571455809842753 | 0.40961070999279947
-0.08252248371390458 | -0.07571455809842753 | 0.40961070999279947 | -0.17835426303590873 | 0.5176313887761275:-0.07285148474018008 | -0.0730351347670175 | 0.41785362888196076
-0.07285148474018008 | -0.0730351347670175 | 0.41785362888196076 | -0.17835426303590873 | 0.5176313887761275:-0.06281764788857616 | -0.07022319505989971 | 0.4257949376210277
-0.06281764788857616 | -0.07022319505989971 | 0.4257949376210277 | -0.17835426303590873 | 0.5176313887761275:-0.052431152618498844 | -0.06728224245785963 | 0.43341997927916687
-0.052431152618498844 | -0.06728224245785963 | 0.43341997927916687 | -0.17835426303590873 | 0.5176313887761275:-0.041702637882431476 | -0.06421593995844432 | 0.44071450469939677
-0.041702637882431476 | -0.06421593995844432 | 0.44071450469939677 | 0.699964616543947 | -0.9050670020764422:-0.06224274447108049 | -0.08058116712260865 | 0.4412478020304178
-0.06224274447108049 | -0.08058116712260865 | 0.4412478020304178 | 0.699964616543947 | -0.9050670020764422:-0.08299115728549492 | -0.09713115593189547 | 0.4401483567517399
-0.08299115728549492 | -0.09713115593189547 | 0.4401483567517399 | 0.699964616543947 | -0.9050670020764422:-0.10386488577126662 | -0.11380226869110466 | 0.43738802921087583
-0.10386488577126662 | -0.11380226869110466 | 0.43738802921087583 | 0.699964616543947 | -0.9050670020764422:-0.1247792901948708 | -0.1305294727118418 | 0.432945487471887
-0.1247792901948708 | -0.1305294727118418 | 0.432945487471887 | 0.699964616543947 | -0.9050670020764422:-0.14564843526085525 | -0.14724661126251037 | 0.42680635120140487
-0.14564843526085525 | -0.14724661126251037 | 0.42680635120140487 | 0.3733097509029346 | 0.5910625398708362:-0.134530762676284 | -0.15690638078613972 | 0.4328453254613187
-0.134530762676284 | -0.15690638078613972 | 0.4328453254613187 | 0.3733097509029346 | 0.5910625398708362:-0.12309169462063096 | -0.16674733146135834 | 0.43833295229315894
-0.12309169462063096 | -0.16674733146135834 | 0.43833295229315894 | 0.3733097509029346 | 0.5910625398708362:-0.11135053496819747 | -0.17675770822594483 | 0.4432513280562205
-0.11135053496819747 | -0.17675770822594483 | 0.4432513280562205 | 0.3733097509029346 | 0.5910625398708362:-0.09932722875990996 | -0.1869253393778716 | 0.44758351427137555
-0.09932722875990996 | -0.1869253393778716 | 0.44758351427137555 | 0.3733097509029346 | 0.5910625398708362:-0.08704232699488523 | -0.19723765856174413 | 0.45131356728603933
-0.08704232699488523 | -0.19723765856174413 | 0.45131356728603933 | 0.47776720279526774 | -0.8607757963197926:-0.10723249657807243 | -0.2100397594891774 | 0.4467353477685414
-0.10723249657807243 | -0.2100397594891774 | 0.4467353477685414 | 0.47776720279526774 | -0.8607757963197926:-0.1273684199659053 | -0.22281200951917057 | 0.44084467512395165
-0.1273684199659053 | -0.22281200951917057 | 0.44084467512395165 | 0.47776720279526774 | -0.8607757963197926:-0.14738561199815559 | -0.23551881234481264 | 0.43363839670825044
-0.14738561199815559 | -0.23551881234481264 | 0.43363839670825044 | 0.47776720279526774 | -0.8607757963197926:-0.16721930945018282 | -0.24812436609214217 | 0.42511752101514233
-0.16721930945018282 | -0.24812436609214217 | 0.42511752101514233 | 0.47776720279526774 | -0.8607757963197926:-0.1868046759464128 | -0.26059277682806137 | 0.4152872370205607
-0.1868046759464128 | -0.26059277682806137 | 0.4152872370205607 | 0.47776720279526774 | -0.8607757963197926:-0.20607700742721735 | -0.2728881725310872 | 0.4041569204777389
-0.20607700742721735 | -0.2728881725310872 | 0.4041569204777389 | 0.47776720279526774 | -0.8607757963197926:-0.22497193754266176 | -0.28497481717729567 | 0.3917401271586698
-0.22497193754266176 | -0.28497481717729567 | 0.3917401271586698 | 0.47776720279526774 | -0.8607757963197926:-0.2434256423487211 | -0.29681722459449755 | 0.37805457307637624
-0.2434256423487211 | -0.29681722459449755 | 0.37805457307637624 | 0.47776720279526774 | -0.8607757963197926:-0.2613750436854807 | -0.30838027173943683 | 0.3631221017609043
-0.2613750436854807 | -0.30838027173943683 | 0.3631221017609043 | 0.47776720279526774 | -0.8607757963197926:-0.2787580106225196 | -0.31962931105546577 | 0.34696863869991645
-0.2787580106225196 | -0.31962931105546577 | 0.34696863869991645 | 0.47776720279526774 | -0.8607757963197926:-0.2955135583641093 | -0.3305302815718649 | 0.32962413309233796
-0.2955135583641093 | -0.3305302815718649 | 0.32962413309233796 | 0.47776720279526774 | -0.8607757963197926:-0.3115820440160122 | -0.34104981841058013 | 0.31112248710049073
-0.3115820440160122 | -0.34104981841058013 | 0.31112248710049073 | 0.47776720279526774 | -0.8607757963197926:-0.32690535862648096 | -0.3511553603717408 | 0.29150147282240724
-0.32690535862648096 | -0.3511553603717408 | 0.29150147282240724 | 0.47776720279526774 | -0.8607757963197926:-0.34142711492653355 | -0.3608152552758117 | 0.2708026372414949
-0.34142711492653355 | -0.3608152552758117 | 0.2708026372414949 | 0.47776720279526774 | -0.8607757963197926:-0.3550928302086458 | -0.36999886274763316 | 0.2490711954454632
-0.3550928302086458 | -0.36999886274763316 | 0.2490711954454632 | 0.47776720279526774 | -0.8607757963197926:-0.3678501037986237 | -0.3786766541358517 | 0.22635591243986042
-0.3678501037986237 | -0.3786766541358517 | 0.22635591243986042 | 0.47776720279526774 | -0.8607757963197926:-0.3796487885925144 | -0.38682030927037125 | 0.20270897391442588
-0.3796487885925144 | -0.38682030927037125 | 0.20270897391442588 | 0.47776720279526774 | -0.8607757963197926:-0.3904411561490191 | -0.3944028097703871 | 0.17818584635168477
-0.3904411561490191 | -0.3944028097703871 | 0.17818584635168477 | 0.47776720279526774 | -0.8607757963197926:-0.4001820548477655 | -0.4013985286262276 | 0.15284512689756014
-0.4001820548477655 | -0.4013985286262276 | 0.15284512689756014 | 0.47776720279526774 | -0.8607757963197926:-0.40882906064511104 | -0.4077833157897661 | 0.12674838344265282
-0.40882906064511104 | -0.4077833157897661 | 0.12674838344265282 | 0.47776720279526774 | -0.8607757963197926:-0.41634261998166444 | -0.4135345795202632 | 0.09995998539037743
-0.41634261998166444 | -0.4135345795202632 | 0.09995998539037743 | 0.47776720279526774 | -0.8607757963197926:-0.42268618441941896 | -0.41863136324539596 | 0.07254692561419418
-0.42268618441941896 | -0.41863136324539596 | 0.07254692561419418 | 0.47776720279526774 | -0.8607757963197926:-0.4278263366112549 | -0.4230544177107305 | 0.044578634130814976
-0.4278263366112549 | -0.4230544177107305 | 0.044578634130814976 | 0.47776720279526774 | -0.8607757963197926:-0.4317329072314262 | -0.42678626820493193 | 0.016126784039162345
-0.4317329072314262 | -0.42678626820493193 | 0.016126784039162345 | 0.47776720279526774 | -0.8607757963197926:-0.43437908252251667 | -0.42981127666271135 | -0.012734909703759456
-0.43437908252251667 | -0.42981127666271135 | -0.012734909703759456 | 0.47776720279526774 | -0.8607757963197926:-0.43574150214207563 | -0.43211569846263664 | -0.041930898079208134
-0.43574150214207563 | -0.43211569846263664 | -0.041930898079208134 | 0.47776720279526774 | -0.8607757963197926:-0.43580034702069703 | -0.4336877337525653 | -0.07138401176656828
-0.43580034702069703 | -0.4336877337525653 | -0.07138401176656828 | 0.47776720279526774 | -0.8607757963197926:-0.43453941697258536 | -0.4345175731515294 | -0.10101568024180096
-0.43453941697258536 | -0.4345175731515294 | -0.10101568024180096 | 0.47776720279526774 | -0.8607757963197926:-0.43194619782954113 | -0.43459743769329506 | -0.1307461555752738
-0.43194619782954113 | -0.43459743769329506 | -0.1307461555752738 | 0.47776720279526774 | -0.8607757963197926:-0.4280119178998181 | -0.4339216128936396 | -0.1604947402772119
-0.4280119178998181 | -0.4339216128936396 | -0.1604947402772119 | -0.8958604578005696 | -0.07964230863042099:-0.4299549265496463 | -0.4432580921502396 | -0.14344342853726033
-0.4299549265496463 | -0.4432580921502396 | -0.14344342853726033 | -0.8958604578005696 | -0.07964230863042099:-0.43193948364623225 | -0.4518303493242293 | -0.1258851123217859
-0.43193948364623225 | -0.4518303493242293 | -0.1258851123217859 | -0.8958604578005696 | -0.07964230863042099:-0.4339681992204518 | -0.45961130317660626 | -0.1078554485574692
-0.4339681992204518 | -0.45961130317660626 | -0.1078554485574692 | -0.8958604578005696 | -0.07964230863042099:-0.43604352540686264 | -0.46657558647818576 | -0.08939150376361127
-0.43604352540686264 | -0.46657558647818576 | -0.08939150376361127 | -0.8958604578005696 | -0.07964230863042099:-0.4381677503943564 | -0.4726996162860466 | -0.07053166875734362
-0.4381677503943564 | -0.4726996162860466 | -0.07053166875734362 | -0.23715867041048555 | -0.9842729790906088:-0.4367993998879278 | -0.4760704330823238 | -0.0868666470777022
-0.4367993998879278 | -0.4760704330823238 | -0.0868666470777022 | -0.23715867041048555 | -0.9842729790906088:-0.434583433252433 | -0.4796143516201923 | -0.10315281614663974
-0.434583433252433 | -0.4796143516201923 | -0.10315281614663974 | -0.23715867041048555 | -0.9842729790906088:-0.43152003697488794 | -0.4833319174520554 | -0.11934351160508427
-0.43152003697488794 | -0.4833319174520554 | -0.11934351160508427 | -0.23715867041048555 | -0.9842729790906088:-0.42761187623757735 | -0.48722307634340467 | -0.13539198908289762
-0.42761187623757735 | -0.48722307634340467 | -0.13539198908289762 | -0.23715867041048555 | -0.9842729790906088:-0.4228641003643574 | -0.4912871721608276 | -0.15125156441179044
-0.4228641003643574 | -0.4912871721608276 | -0.15125156441179044 | 0.5501393059815904 | -0.5256265456646954:-0.4204916530017382 | -0.4893875327381316 | -0.17664467576939202
-0.4204916530017382 | -0.4893875327381316 | -0.17664467576939202 | 0.5501393059815904 | -0.5256265456646954:-0.417407914249603 | -0.48674079374402623 | -0.20201664212204307
-0.417407914249603 | -0.48674079374402623 | -0.20201664212204307 | 0.5501393059815904 | -0.5256265456646954:-0.4136118334515544 | -0.4833452879332576 | -0.22732449490336393
-0.4136118334515544 | -0.4833452879332576 | -0.22732449490336393 | 0.5501393059815904 | -0.5256265456646954:-0.40910361434115217 | -0.47920065888919083 | -0.2525251322644273
-0.40910361434115217 | -0.47920065888919083 | -0.2525251322644273 | 0.5501393059815904 | -0.5256265456646954:-0.40388471815151306 | -0.47430786533711 | -0.27757539587167557
-0.40388471815151306 | -0.47430786533711 | -0.27757539587167557 | 0.5501393059815904 | -0.5256265456646954:-0.39795786449212756 | -0.46866918312219497 | -0.30243214782396066
-0.39795786449212756 | -0.46866918312219497 | -0.30243214782396066 | 0.5501393059815904 | -0.5256265456646954:-0.39132702999523516 | -0.46228820485278277 | -0.3270523475544316
-0.39132702999523516 | -0.46228820485278277 | -0.3270523475544316 | 0.5501393059815904 | -0.5256265456646954:-0.3839974447378687 | -0.45516983721348936 | -0.35139312858357385
-0.3839974447378687 | -0.45516983721348936 | -0.35139312858357385 | 0.5501393059815904 | -0.5256265456646954:-0.37597558644941387 | -0.4473202959566862 | -0.3754118749902631
-0.37597558644941387 | -0.4473202959566862 | -0.3754118749902631 | 0.5501393059815904 | -0.5256265456646954:-0.3672691725183803 | -0.4387470985847699 | -0.39906629746868916
-0.3672691725183803 | -0.4387470985847699 | -0.39906629746868916 | 0.5501393059815904 | -0.5256265456646954:-0.3578871498155962 | -0.42945905473953516 | -0.4223145088399889
-0.3578871498155962 | -0.42945905473953516 | -0.4223145088399889 | 0.5501393059815904 | -0.5256265456646954:-0.347839682354774 | -0.41946625431873485 | -0.4451150988889019
-0.347839682354774 | -0.41946625431873485 | -0.4451150988889019 | 0.5501393059815904 | -0.5256265456646954:-0.3371381368150388 | -0.40878005334378287 | -0.4674272083971722
-0.3371381368150388 | -0.40878005334378287 | -0.4674272083971722 | 0.5501393059815904 | -0.5256265456646954:-0.3257950659534181 | -0.3974130576062329 | -0.4892106022471516
-0.3257950659534181 | -0.3974130576062329 | -0.4892106022471516 | 0.5501393059815904 | -0.5256265456646954:-0.3138241899388561 | -0.3853791041243042 | -0.5104257414710958
-0.3138241899388561 | -0.3853791041243042 | -0.5104257414710958 | 0.36366164998359163 | 0.5527535046538148:-0.3293248797427992 | -0.3775527488243178 | -0.5105311107595583
-0.3293248797427992 | -0.3775527488243178 | -0.5105311107595583 | 0.36366164998359163 | 0.5527535046538148:-0.3448617879990117 | -0.36967339629380547 | -0.5100352809956981
-0.3448617879990117 | -0.36967339629380547 | -0.5100352809956981 | 0.36366164998359163 | 0.5527535046538148:-0.3604169538200175 | -0.36175306853502676 | -0.5089348159012026
-0.3604169538200175 | -0.36175306853502676 | -0.5089348159012026 | 0.36366164998359163 | 0.5527535046538148:-0.3759722991372847 | -0.3538038694632135 | -0.5072270701988053
-0.3759722991372847 | -0.3538038694632135 | -0.5072270701988053 | 0.36366164998359163 | 0.5527535046538148:-0.3915096530494395 | -0.34583796895610064 | -0.5049101944701171
-0.3915096530494395 | -0.34583796895610064 | -0.5049101944701171 | -0.5112615548331871 | 0.1274211720445717:-0.3961467990094576 | -0.3599806665366785 | -0.49525850156688556
-0.3961467990094576 | -0.3599806665366785 | -0.49525850156688556 | -0.5112615548331871 | 0.1274211720445717:-0.4007166837611926 | -0.3739051064543695 | -0.48515638647651826
-0.4007166837611926 | -0.3739051064543695 | -0.48515638647651826 | -0.5112615548331871 | 0.1274211720445717:-0.4052161085553472 | -0.38759791805433963 | -0.474609846396973
-0.4052161085553472 | -0.38759791805433963 | -0.474609846396973 | -0.5112615548331871 | 0.1274211720445717:-0.40964191802030925 | -0.40104590404801144 | -0.4636252914220851
-0.40964191802030925 | -0.40104590404801144 | -0.4636252914220851 | -0.5112615548331871 | 0.1274211720445717:-0.413991003063952 | -0.41423605218527726 | -0.4522095387280949
-0.413991003063952 | -0.41423605218527726 | -0.4522095387280949 | -0.5112615548331871 | 0.1274211720445717:-0.41826030372719813 | -0.4271555467378221 | -0.44036980642368917
-0.41826030372719813 | -0.4271555467378221 | -0.44036980642368917 | -0.5112615548331871 | 0.1274211720445717:-0.4224468119871716 | -0.43979177978480877 | -0.42811370707000584
-0.4224468119871716 | -0.43979177978480877 | -0.42811370707000584 | -0.5112615548331871 | 0.1274211720445717:-0.4265475745078078 | -0.4521323622924882 | -0.4154492408773063
-0.4265475745078078 | -0.4521323622924882 | -0.4154492408773063 | -0.5112615548331871 | 0.1274211720445717:-0.43055969533595473 | -0.4641651349793321 | -0.4023847885851968
-0.43055969533595473 | -0.4641651349793321 | -0.4023847885851968 | -0.5112615548331871 | 0.1274211720445717:-0.43448033854088663 | -0.4758781789586912 | -0.38892910403353653
-0.43448033854088663 | -0.4758781789586912 | -0.38892910403353653 | 0.09730825649092778 | -0.7587174496313929:-0.42070726925942026 | -0.4755378416303522 | -0.40877569811748593
-0.42070726925942026 | -0.4755378416303522 | -0.40877569811748593 | 0.09730825649092778 | -0.7587174496313929:-0.40612614552620485 | -0.47507890350217963 | -0.42812863435834814
-0.40612614552620485 | -0.47507890350217963 | -0.42812863435834814 | 0.09730825649092778 | -0.7587174496313929:-0.3907553118979905 | -0.4745037723394816 | -0.4469540103274454
-0.3907553118979905 | -0.4745037723394816 | -0.4469540103274454 | 0.09730825649092778 | -0.7587174496313929:-0.3746145097348368 | -0.4738150354249697 | -0.4652186516205159
-0.3746145097348368 | -0.4738150354249697 | -0.4652186516205159 | 0.09730825649092778 | -0.7587174496313929:-0.3577248473713972 | -0.47301545588871363 | -0.482890169970263
-0.3577248473713972 | -0.47301545588871363 | -0.482890169970263 | 0.09730825649092778 | -0.7587174496313929:-0.3401087679388972 | -0.4721079687335532 | -0.49993702007094676
-0.3401087679388972 | -0.4721079687335532 | -0.49993702007094676 | 0.09730825649092778 | -0.7587174496313929:-0.3217900148938888 | -0.47109567656293905 | -0.5163285550200039
-0.3217900148938888 | -0.47109567656293905 | -0.5163285550200039 | 0.09730825649092778 | -0.7587174496313929:-0.3027935953134069 | -0.4699818450185944 | -0.5320350802841975
-0.3027935953134069 | -0.4699818450185944 | -0.5320350802841975 | 0.09730825649092778 | -0.7587174496313929:-0.2831457410199292 | -0.4687698979359638 | -0.5470279061004293
-0.2831457410199292 | -0.4687698979359638 | -0.5470279061004293 | 0.09730825649092778 | -0.7587174496313929:-0.2628738676028419 | -0.4674634122257473 | -0.5612793982241113
-0.2628738676028419 | -0.4674634122257473 | -0.5612793982241113 | 0.23703864008699949 | -0.5291360723178802:-0.24850241409745877 | -0.4621061921557228 | -0.5751884360386983
-0.24850241409745877 | -0.4621061921557228 | -0.5751884360386983 | 0.23703864008699949 | -0.5291360723178802:-0.2337186731194052 | -0.4565517436807838 | -0.5886650394950186
-0.2337186731194052 | -0.4565517436807838 | -0.5886650394950186 | 0.23703864008699949 | -0.5291360723178802:-0.21853438141110715 | -0.4508053354465602 | -0.6016942475213476
-0.21853438141110715 | -0.4508053354465602 | -0.6016942475213476 | 0.23703864008699949 | -0.5291360723178802:-0.20296171445710698 | -0.44487243402365095 | -0.6142615019479427
-0.20296171445710698 | -0.44487243402365095 | -0.6142615019479427 | 0.23703864008699949 | -0.5291360723178802:-0.18701327447897498 | -0.43875869862914385 | -0.626352662564917
-0.18701327447897498 | -0.43875869862914385 | -0.626352662564917 | -0.5403345132046025 | 0.7674025757072578:-0.21100814488539044 | -0.456749357456836 | -0.6082848020473808
-0.21100814488539044 | -0.456749357456836 | -0.6082848020473808 | -0.5403345132046025 | 0.7674025757072578:-0.23432873371559282 | -0.47427646020484815 | -0.5887580716911747
-0.23432873371559282 | -0.47427646020484815 | -0.5887580716911747 | -0.5403345132046025 | 0.7674025757072578:-0.25691669564132624 | -0.4912985015720963 | -0.56781034773753
-0.25691669564132624 | -0.4912985015720963 | -0.56781034773753 | -0.5403345132046025 | 0.7674025757072578:-0.27871518225085623 | -0.5077749816556505 | -0.5454830355322176
-0.27871518225085623 | -0.5077749816556505 | -0.5454830355322176 | -0.5403345132046025 | 0.7674025757072578:-0.29966898377133333 | -0.5236665069344539 | -0.5218209811796413
-0.29966898377133333 | -0.5236665069344539 | -0.5218209811796413 | -0.5403345132046025 | 0.7674025757072578:-0.31972466710040237 | -0.5389348887699654 | -0.4968723746455892
-0.31972466710040237 | -0.5389348887699654 | -0.4968723746455892 | -0.5403345132046025 | 0.7674025757072578:-0.33883070980717633 | -0.5535432391813302 | -0.4706886445372061
-0.33883070980717633 | -0.5535432391813302 | -0.4706886445372061 | -0.5403345132046025 | 0.7674025757072578:-0.3569376297723963 | -0.5674560636591792 | -0.44332434480896893
-0.3569376297723963 | -0.5674560636591792 | -0.44332434480896893 | -0.5403345132046025 | 0.7674025757072578:-0.3739981101482286 | -0.5806393507896104 | -0.41483703366302693
-0.3739981101482286 | -0.5806393507896104 | -0.41483703366302693 | -0.5403345132046025 | 0.7674025757072578:-0.38996711932971095 | -0.5930606584674507 | -0.38528714493119254
-0.38996711932971095 | -0.5930606584674507 | -0.38528714493119254 | -0.34847977674633723 | 0.5282441945341088:-0.40068399642158425 | -0.601112066267909 | -0.36533445898865
-0.40068399642158425 | -0.601112066267909 | -0.36533445898865 | -0.34847977674633723 | 0.5282441945341088:-0.4108787719467557 | -0.6088150897936444 | -0.3449098646426556
-0.4108787719467557 | -0.6088150897936444 | -0.3449098646426556 | -0.34847977674633723 | 0.5282441945341088:-0.42053766821936023 | -0.6161605435130468 | -0.3240337426034601
-0.42053766821936023 | -0.6161605435130468 | -0.3240337426034601 | -0.34847977674633723 | 0.5282441945341088:-0.4296474799095833 | -0.6231396136751002 | -0.30272704510055704
-0.4296474799095833 | -0.6231396136751002 | -0.30272704510055704 | -0.34847977674633723 | 0.5282441945341088:-0.438195590009677 | -0.6297438690537192 | -0.2810112724767153
-0.438195590009677 | -0.6297438690537192 | -0.2810112724767153 | -0.34847977674633723 | 0.5282441945341088:-0.44616998511816774 | -0.6359652712476915 | -0.2589084491538851
-0.44616998511816774 | -0.6359652712476915 | -0.2589084491538851 | -0.34847977674633723 | 0.5282441945341088:-0.4535592700258846 | -0.6417961845252691 | -0.23644109899935684
-0.4535592700258846 | -0.6417961845252691 | -0.23644109899935684 | -0.34847977674633723 | 0.5282441945341088:-0.4603526815882688 | -0.6472293852027207 | -0.21363222012115646
-0.4603526815882688 | -0.6472293852027207 | -0.21363222012115646 | -0.34847977674633723 | 0.5282441945341088:-0.46654010186917816 | -0.652258070547056 | -0.19050525912220628
-0.46654010186917816 | -0.652258070547056 | -0.19050525912220628 | -0.34847977674633723 | 0.5282441945341088:-0.4721120705423161 | -0.6568758671933352 | -0.1670840848433306
-0.4721120705423161 | -0.6568758671933352 | -0.1670840848433306 | 0.29319126227717707 | -0.4720983187337977:-0.46879544741836554 | -0.6557343221790077 | -0.18818476363466186
-0.46879544741836554 | -0.6557343221790077 | -0.18818476363466186 | 0.29319126227717707 | -0.4720983187337977:-0.4649623235781277 | -0.6542639137705066 | -0.20922120279065304
-0.4649623235781277 | -0.6542639137705066 | -0.20922120279065304 | 0.29319126227717707 | -0.4720983187337977:-0.4606137741293779 | -0.6524652530265769 | -0.2301752638022725
-0.4606137741293779 | -0.6524652530265769 | -0.2301752638022725 | 0.29319126227717707 | -0.4720983187337977:-0.4557513359845373 | -0.650339237264923 | -0.25102883982880275
-0.4557513359845373 | -0.650339237264923 | -0.25102883982880275 | 0.29319126227717707 | -0.4720983187337977:-0.4503770067525181 | -0.6478870495009872 | -0.27176387197749285
-0.4503770067525181 | -0.6478870495009872 | -0.27176387197749285 | -0.8068374701013343 | -0.10076024578665077:-0.4500253969634471 | -0.65962564679743 | -0.2481698202817686
-0.4500253969634471 | -0.65962564679743 | -0.2481698202817686 | -0.8068374701013343 | -0.10076024578665077:-0.44978384583401265 | -0.6704086266532343 | -0.22406708490956095
-0.44978384583401265 | -0.6704086266532343 | -0.22406708490956095 | -0.8068374701013343 | -0.10076024578665077:-0.44965509476845966 | -0.6802140758393662 | -0.19949547921184507
-0.44965509476845966 | -0.6802140758393662 | -0.19949547921184507 | -0.8068374701013343 | -0.10076024578665077:-0.4496416745767178 | -0.6890217400702525 | -0.17449576671832379
-0.4496416745767178 | -0.6890217400702525 | -0.17449576671832379 | -0.8068374701013343 | -0.10076024578665077:-0.4497459006690647 | -0.6968130640066974 | -0.14910959001853552
-0.4497459006690647 | -0.6968130640066974 | -0.14910959001853552 | -0.4308646123237827 | -0.562076788397591:-0.44663354471936145 | -0.7011703284921396 | -0.1469233776090748
-0.44663354471936145 | -0.7011703284921396 | -0.1469233776090748 | -0.4308646123237827 | -0.562076788397591:-0.44357099047522297 | -0.7054719583303068 | -0.1445496428423727
-0.44357099047522297 | -0.7054719583303068 | -0.1445496428423727 | -0.4308646123237827 | -0.562076788397591:-0.44056382080326983 | -0.7097138416371251 | -0.14199091127231434
-0.44056382080326983 | -0.7097138416371251 | -0.14199091127231434 | -0.4308646123237827 | -0.562076788397591:-0.43761754431738353 | -0.7138919187198951 | -0.13924996635805176
-0.43761754431738353 | -0.7138919187198951 | -0.13924996635805176 | -0.4308646123237827 | -0.562076788397591:-0.4347375877864579 | -0.7180021879532958 | -0.13632984604884335
-0.4347375877864579 | -0.7180021879532958 | -0.13632984604884335 | -0.29738206268229583 | -0.6494324336371384:-0.43118686974430886 | -0.7212167735759749 | -0.13993285639280462
-0.43118686974430886 | -0.7212167735759749 | -0.13993285639280462 | -0.29738206268229583 | -0.6494324336371384:-0.4275073489529433 | -0.724475385820945 | -0.1433736137184809
-0.4275073489529433 | -0.724475385820945 | -0.1433736137184809 | -0.29738206268229583 | -0.6494324336371384:-0.4237044384964648 | -0.7277757457801286 | -0.14664699722684738
-0.4237044384964648 | -0.7277757457801286 | -0.14664699722684738 | -0.29738206268229583 | -0.6494324336371384:-0.41978372568549815 | -0.731115491543477 | -0.14974810290886253
-0.41978372568549815 | -0.731115491543477 | -0.14974810290886253 | -0.29738206268229583 | -0.6494324336371384:-0.41575096463277816 | -0.734492181561059 | -0.15267225074414803
-0.41575096463277816 | -0.734492181561059 | -0.15267225074414803 | 0.7805668477506993 | -0.8133865655925043:-0.4087163522900923 | -0.7291836770331059 | -0.19829700075902235
-0.4087163522900923 | -0.7291836770331059 | -0.19829700075902235 | 0.7805668477506993 | -0.8133865655925043:-0.39981994178210556 | -0.7220733314181018 | -0.24342640559899387
-0.39981994178210556 | -0.7220733314181018 | -0.24342640559899387 | 0.7805668477506993 | -0.8133865655925043:-0.3890837203356554 | -0.7131794139359329 | -0.2879126028428214
-0.3890837203356554 | -0.7131794139359329 | -0.2879126028428214 | 0.7805668477506993 | -0.8133865655925043:-0.37653577527853344 | -0.7025260798741471 | -0.3316094064920474
-0.37653577527853344 | -0.7025260798741471 | -0.3316094064920474 | 0.7805668477506993 | -0.8133865655925043:-0.36221021644775675 | -0.6901433056460746 | -0.37437279438535676
-0.36221021644775675 | -0.6901433056460746 | -0.37437279438535676 | 0.43838013449840885 | 0.5534626499296054:-0.3734298825272546 | -0.6828393754963997 | -0.37983116468570266
