0.0 | 0.0 | 0.0 | 0.839675859739555 | 0.3764251562780072:1.880356250249238E-4 | -4.197146036299948E-4 | 0.009989418514369155
1.880356250249238E-4 | -4.197146036299948E-4 | 0.009989418514369155 | 0.839675859739555 | 0.3764251562780072:7.472598060013844E-4 | -0.0016688443247097062 | 0.019815815940864477
7.472598060013844E-4 | -0.0016688443247097062 | 0.019815815940864477 | 0.839675859739555 | 0.3764251562780072:0.0016692516523835882 | -0.003729897085391398 | 0.029418546321213847
0.0016692516523835882 | -0.003729897085391398 | 0.029418546321213847 | 0.839675859739555 | 0.3764251562780072:0.0029441659393030883 | -0.006582168058421711 | 0.03873862902185159
0.0029441659393030883 | -0.006582168058421711 | 0.03873862902185159 | 0.839675859739555 | 0.3764251562780072:0.004560783982445738 | -0.010201849262453377 | 0.04771893471040756
0.004560783982445738 | -0.010201849262453377 | 0.04771893471040756 | 0.839675859739555 | 0.3764251562780072:0.006506568200987561 | -0.014562147550662319 | 0.0563043634462545
0.006506568200987561 | -0.014562147550662319 | 0.0563043634462545 | 0.839675859739555 | 0.3764251562780072:0.008767720169871308 | -0.019633410558242304 | 0.06444201446162773
0.008767720169871308 | -0.019633410558242304 | 0.06444201446162773 | -0.2764769241871212 | 0.2704812496050244:0.010964881367188206 | -0.021311959479776377 | 0.07344354293449701
0.010964881367188206 | -0.021311959479776377 | 0.07344354293449701 | -0.2764769241871212 | 0.2704812496050244:0.01338962494991907 | -0.022718699471761417 | 0.0823641009227814
0.01338962494991907 | -0.022718699471761417 | 0.0823641009227814 | -0.2764769241871212 | 0.2704812496050244:0.016038715839145776 | -0.023857257821850553 | 0.09119417976534894
0.016038715839145776 | -0.023857257821850553 | 0.09119417976534894 | -0.2764769241871212 | 0.2704812496050244:0.01890877668340729 | -0.02473140465858914 | 0.09992445551296858
0.01890877668340729 | -0.02473140465858914 | 0.09992445551296858 | -0.2764769241871212 | 0.2704812496050244:0.02199629173840839 | -0.025345049047230894 | 0.10854579224231908
0.02199629173840839 | -0.025345049047230894 | 0.10854579224231908 | -0.2764769241871212 | 0.2704812496050244:0.025297610769304396 | -0.025702235061141332 | 0.117049245232278
0.025297610769304396 | -0.025702235061141332 | 0.117049245232278 | -0.2764769241871212 | 0.2704812496050244:0.028808952973499585 | -0.02580713783089772 | 0.12542606400275758
0.028808952973499585 | -0.02580713783089772 | 0.12542606400275758 | -0.2764769241871212 | 0.2704812496050244:0.0325264109219153 | -0.02566405957318585 | 0.1336676952164063
0.0325264109219153 | -0.02566405957318585 | 0.1336676952164063 | -0.2764769241871212 | 0.2704812496050244:0.03644595451670199 | -0.025277425601566428 | 0.14176578544354834
0.03644595451670199 | -0.025277425601566428 | 0.14176578544354834 | -0.2764769241871212 | 0.2704812496050244:0.04056343496338863 | -0.024651780321172545 | 0.14971218379078644
0.04056343496338863 | -0.024651780321172545 | 0.14971218379078644 | -0.7956458571984357 | 0.8094559557760055:0.04912500988805385 | -0.01968042116973412 | 0.15679639528853673
0.04912500988805385 | -0.01968042116973412 | 0.15679639528853673 | -0.7956458571984357 | 0.8094559557760055:0.05825220670581105 | -0.014105960954249985 | 0.16317184076510993
0.05825220670581105 | -0.014105960954249985 | 0.16317184076510993 | -0.7956458571984357 | 0.8094559557760055:0.06790509801325628 | -0.007966612960729202 | 0.1687700036053883
0.06790509801325628 | -0.007966612960729202 | 0.1687700036053883 | -0.7956458571984357 | 0.8094559557760055:0.07804028929905671 | -0.0013040802267183516 | 0.17352664565567033
0.07804028929905671 | -0.0013040802267183516 | 0.17352664565567033 | -0.7956458571984357 | 0.8094559557760055:0.08861115158569233 | 0.005836666670407498 | 0.17738213028223138
0.08861115158569233 | 0.005836666670407498 | 0.17738213028223138 | -0.7956458571984357 | 0.8094559557760055:0.09956806799260076 | 0.013407625973730575 | 0.1802817220848829
0.09956806799260076 | 0.013407625973730575 | 0.1802817220848829 | -0.7956458571984357 | 0.8094559557760055:0.11085869304177243 | 0.021358014119682966 | 0.18217586211620862
0.11085869304177243 | 0.021358014119682966 | 0.18217586211620862 | -0.7956458571984357 | 0.8094559557760055:0.12242822348320226 | 0.029634526942462935 | 0.18302041756833232
0.12242822348320226 | 0.029634526942462935 | 0.18302041756833232 | -0.7956458571984357 | 0.8094559557760055:0.13421967937922052 | 0.03818161148889354 | 0.18277690500344823
0.13421967937922052 | 0.03818161148889354 | 0.18277690500344823 | -0.7956458571984357 | 0.8094559557760055:0.14617419415371247 | 0.04694174718785815 | 0.18141268632145424
0.14617419415371247 | 0.04694174718785815 | 0.18141268632145424 | -0.08265694714081673 | 0.7438531502516124:0.15771329303146753 | 0.049220901302065245 | 0.18129105920060384
0.15771329303146753 | 0.049220901302065245 | 0.18129105920060384 | -0.08265694714081673 | 0.7438531502516124:0.1693943528888726 | 0.0515072763053781 | 0.18048408124162307
0.1693943528888726 | 0.0515072763053781 | 0.18048408124162307 | -0.08265694714081673 | 0.7438531502516124:0.18118104441457605 | 0.05379695179093957 | 0.17898383373100346
0.18118104441457605 | 0.05379695179093957 | 0.17898383373100346 | -0.08265694714081673 | 0.7438531502516124:0.1930367708106182 | 0.0560859729040295 | 0.17678420364050496
0.1930367708106182 | 0.0560859729040295 | 0.17678420364050496 | -0.08265694714081673 | 0.7438531502516124:0.20492475105440366 | 0.058370359594462684 | 0.17388088778229482
0.20492475105440366 | 0.058370359594462684 | 0.17388088778229482 | -0.14807845263620334 | -0.48997618678795374:0.20590291812675332 | 0.061228746506327925 | 0.18311493968380876
0.20590291812675332 | 0.061228746506327925 | 0.18311493968380876 | -0.14807845263620334 | -0.48997618678795374:0.20648688875558951 | 0.06417412701255898 | 0.192416944255692
0.20648688875558951 | 0.06417412701255898 | 0.192416944255692 | -0.14807845263620334 | -0.48997618678795374:0.20667521484907736 | 0.06720731397650859 | 0.20177165835721134
0.20667521484907736 | 0.06720731397650859 | 0.20177165835721134 | -0.14807845263620334 | -0.48997618678795374:0.20646694082478145 | 0.0703289681842093 | 0.21116385286221817
0.20646694082478145 | 0.0703289681842093 | 0.21116385286221817 | -0.14807845263620334 | -0.48997618678795374:0.20586160063841685 | 0.07353959921558284 | 0.22057832848526093
0.20586160063841685 | 0.07353959921558284 | 0.22057832848526093 | -0.20415034072631033 | 0.6593966360545052:0.2177243975637735 | 0.07746982736315244 | 0.21763753743974057
0.2177243975637735 | 0.07746982736315244 | 0.21763753743974057 | -0.20415034072631033 | 0.6593966360545052:0.22958634626218855 | 0.08140068645980819 | 0.21404599383590117
0.22958634626218855 | 0.08140068645980819 | 0.21404599383590117 | -0.20415034072631033 | 0.6593966360545052:0.2414176683758389 | 0.08532298694381407 | 0.20980275002823312
0.2414176683758389 | 0.08532298694381407 | 0.20980275002823312 | -0.20415034072631033 | 0.6593966360545052:0.2531886179263316 | 0.0892275419514702 | 0.20490824617812908
0.2531886179263316 | 0.0892275419514702 | 0.20490824617812908 | -0.20415034072631033 | 0.6593966360545052:0.26486953674758684 | 0.09310518451491342 | 0.19936430346270395
0.26486953674758684 | 0.09310518451491342 | 0.19936430346270395 | -0.20415034072631033 | 0.6593966360545052:0.27643090939675385 | 0.09694678461001358 | 0.1931741149891124
0.27643090939675385 | 0.09694678461001358 | 0.1931741149891124 | -0.20415034072631033 | 0.6593966360545052:0.28784341746098896 | 0.10074326602876438 | 0.18634223444696651
0.28784341746098896 | 0.10074326602876438 | 0.18634223444696651 | -0.20415034072631033 | 0.6593966360545052:0.29907799317954264 | 0.10448562305104953 | 0.17887456253451273
0.29907799317954264 | 0.10448562305104953 | 0.17887456253451273 | -0.20415034072631033 | 0.6593966360545052:0.310105872302322 | 0.1081649368911789 | 0.17077833119721042
0.310105872302322 | 0.1081649368911789 | 0.17077833119721042 | -0.20415034072631033 | 0.6593966360545052:0.32089864610787 | 0.11177239189513177 | 0.1620620857202706
0.32089864610787 | 0.11177239189513177 | 0.1620620857202706 | -0.20415034072631033 | 0.6593966360545052:0.33142831250562654 | 0.11529929146501733 | 0.15273566471951305
0.33142831250562654 | 0.11529929146501733 | 0.15273566471951305 | -0.20415034072631033 | 0.6593966360545052:0.34166732614929707 | 0.1187370736878613 | 0.14281017807765917
0.34166732614929707 | 0.1187370736878613 | 0.14281017807765917 | -0.20415034072631033 | 0.6593966360545052:0.3515886474902308 | 0.12207732664645532 | 0.13229798287578554
0.3515886474902308 | 0.12207732664645532 | 0.13229798287578554 | -0.20415034072631033 | 0.6593966360545052:0.3611657907018726 | 0.12531180339065817 | 0.12121265737224984
0.3611657907018726 | 0.12531180339065817 | 0.12121265737224984 | -0.20415034072631033 | 0.6593966360545052:0.37037287040855205 | 0.12843243654821312 | 0.10956897308381919
0.37037287040855205 | 0.12843243654821312 | 0.10956897308381919 | 0.8894496064494872 | 0.08856776045760051:0.37628222532874567 | 0.12523244271580647 | 0.11518307890323154
0.37628222532874567 | 0.12523244271580647 | 0.11518307890323154 | 0.8894496064494872 | 0.08856776045760051:0.38216924107260475 | 0.12169348666049373 | 0.12066042907716223
0.38216924107260475 | 0.12169348666049373 | 0.12066042907716223 | 0.8894496064494872 | 0.08856776045760051:0.3880338567028385 | 0.11782135839575125 | 0.12598191110337353
0.3880338567028385 | 0.11782135839575125 | 0.12598191110337353 | 0.8894496064494872 | 0.08856776045760051:0.39387590289621954 | 0.11362288708760593 | 0.1311287060741222
0.39387590289621954 | 0.11362288708760593 | 0.1311287060741222 | 0.8894496064494872 | 0.08856776045760051:0.39969510380981177 | 0.10910592409099351 | 0.13608234357580073
0.39969510380981177 | 0.10910592409099351 | 0.13608234357580073 | -0.4275457097458988 | 0.444110247288241:0.4077711147571854 | 0.1134379620653152 | 0.1264252786651685
0.4077711147571854 | 0.1134379620653152 | 0.1264252786651685 | -0.4275457097458988 | 0.444110247288241:0.4156101676355046 | 0.11758192878486473 | 0.11633894526233846
0.4156101676355046 | 0.11758192878486473 | 0.11633894526233846 | -0.4275457097458988 | 0.444110247288241:0.42319950241986426 | 0.1215250661069407 | 0.10583452173129793
0.42319950241986426 | 0.1215250661069407 | 0.10583452173129793 | -0.4275457097458988 | 0.444110247288241:0.4305266899718845 | 0.12525493066880355 | 0.09492387031993488
0.4305266899718845 | 0.12525493066880355 | 0.09492387031993488 | -0.4275457097458988 | 0.444110247288241:0.4375796491302708 | 0.12875941050786377 | 0.08361951820712576
0.4375796491302708 | 0.12875941050786377 | 0.08361951820712576 | -0.6517878039081082 | 0.9734803174456004:0.4460225294854592 | 0.13293538339017097 | 0.0586659753565808
0.4460225294854592 | 0.13293538339017097 | 0.0586659753565808 | -0.6517878039081082 | 0.9734803174456004:0.4532082600973677 | 0.13630170033228417 | 0.03290611058952386
0.4532082600973677 | 0.13630170033228417 | 0.03290611058952386 | -0.6517878039081082 | 0.9734803174456004:0.45908613727365477 | 0.1388227037441747 | 0.006433482703256388
0.45908613727365477 | 0.1388227037441747 | 0.006433482703256388 | -0.6517878039081082 | 0.9734803174456004:0.46361052267913827 | 0.14046605706620552 | -0.020653933609597885
0.46361052267913827 | 0.14046605706620552 | -0.020653933609597885 | -0.6517878039081082 | 0.9734803174456004:0.46674108763590105 | 0.1412029148304339 | -0.04825414836510156
0.46674108763590105 | 0.1412029148304339 | -0.04825414836510156 | -0.6517878039081082 | 0.9734803174456004:0.46844303503031703 | 0.14100807804264592 | -0.07626157604242856
0.46844303503031703 | 0.14100807804264592 | -0.07626157604242856 | -0.6517878039081082 | 0.9734803174456004:0.4686872978578389 | 0.13986013420714016 | -0.10456747269745392
0.4686872978578389 | 0.13986013420714016 | -0.10456747269745392 | -0.6517878039081082 | 0.9734803174456004:0.4674507135361097 | 0.13774158138183745 | -0.13306038857424696
0.4674507135361097 | 0.13774158138183745 | -0.13306038857424696 | -0.6517878039081082 | 0.9734803174456004:0.46471617321971337 | 0.13463893571911534 | -0.16162663429080837
0.46471617321971337 | 0.13463893571911534 | -0.16162663429080837 | -0.6517878039081082 | 0.9734803174456004:0.4604727454556645 | 0.13054282201765632 | -0.190150758621348
0.4604727454556645 | 0.13054282201765632 | -0.190150758621348 | -0.5345584481864221 | 0.10869390418716951:0.46374031817510897 | 0.12659551334813068 | -0.1979176557931508
0.46374031817510897 | 0.12659551334813068 | -0.1979176557931508 | -0.5345584481864221 | 0.10869390418716951:0.46691279288615917 | 0.12238096617729033 | -0.20562931327836953
0.46691279288615917 | 0.12238096617729033 | -0.20562931327836953 | -0.5345584481864221 | 0.10869390418716951:0.46999086346051655 | 0.11790044854939019 | -0.21327582273444268
0.46999086346051655 | 0.11790044854939019 | -0.21327582273444268 | -0.5345584481864221 | 0.10869390418716951:0.47297528611828454 | 0.11315555606387662 | -0.22084733456943706
0.47297528611828454 | 0.11315555606387662 | -0.22084733456943706 | -0.5345584481864221 | 0.10869390418716951:0.4758668788703275 | 0.1081482090733017 | -0.22833406855149985
0.4758668788703275 | 0.1081482090733017 | -0.22833406855149985 | 0.5448524280027793 | 0.40474460818138835:0.4752440348754874 | 0.11530643379719852 | -0.23689765698962262
0.4752440348754874 | 0.11530643379719852 | -0.23689765698962262 | 0.5448524280027793 | 0.40474460818138835:0.4743711477544572 | 0.12273934529619446 | -0.24528193677413235
0.4743711477544572 | 0.12273934529619446 | -0.24528193677413235 | 0.5448524280027793 | 0.40474460818138835:0.47325223230483004 | 0.1304423949491511 | -0.25347131109515164
0.47325223230483004 | 0.1304423949491511 | -0.25347131109515164 | 0.5448524280027793 | 0.40474460818138835:0.4718916771149182 | 0.13841052123991737 | -0.2614504225478438
0.4718916771149182 | 0.13841052123991737 | -0.2614504225478438 | 0.5448524280027793 | 0.40474460818138835:0.4702942381772779 | 0.1466381580816325 | -0.2692041779130241
0.4702942381772779 | 0.1466381580816325 | -0.2692041779130241 | 0.5448524280027793 | 0.40474460818138835:0.4684650319519683 | 0.15511924388755993 | -0.2767177724645622
0.4684650319519683 | 0.15511924388755993 | -0.2767177724645622 | 0.5448524280027793 | 0.40474460818138835:0.4664095278923597 | 0.16384723137171076 | -0.2839767137703566
0.4664095278923597 | 0.16384723137171076 | -0.2839767137703566 | 0.5448524280027793 | 0.40474460818138835:0.46413354044691246 | 0.17281509806163875 | -0.29096684495457836
0.46413354044691246 | 0.17281509806163875 | -0.29096684495457836 | 0.5448524280027793 | 0.40474460818138835:0.46164322055098594 | 0.18201535750487974 | -0.2976743673897948
0.46164322055098594 | 0.18201535750487974 | -0.2976743673897948 | 0.5448524280027793 | 0.40474460818138835:0.4589450466233913 | 0.19144007114965955 | -0.30408586278860916
0.4589450466233913 | 0.19144007114965955 | -0.30408586278860916 | -0.5511705907303561 | -0.6153503542755365:0.47159188632920745 | 0.18429778412325248 | -0.2970917503693631
0.47159188632920745 | 0.18429778412325248 | -0.2970917503693631 | -0.5511705907303561 | -0.6153503542755365:0.48404189548227095 | 0.17727975932837658 | -0.289428603493489
0.48404189548227095 | 0.17727975932837658 | -0.289428603493489 | -0.5511705907303561 | -0.6153503542755365:0.4962716056890031 | 0.17040755764370719 | -0.28110457491155527
0.4962716056890031 | 0.17040755764370719 | -0.28110457491155527 | -0.5511705907303561 | -0.6153503542755365:0.5082578059919527 | 0.16370252589313417 | -0.27212932747550367
0.5082578059919527 | 0.16370252589313417 | -0.27212932747550367 | -0.5511705907303561 | -0.6153503542755365:0.5199775953839847 | 0.1571857496306075 | -0.26251401805521724
0.5199775953839847 | 0.1571857496306075 | -0.26251401805521724 | 0.9859694224356081 | 0.23587745411534922:0.5203393887705836 | 0.1710483577202826 | -0.26227709563224977
0.5203393887705836 | 0.1710483577202826 | -0.26227709563224977 | 0.9859694224356081 | 0.23587745411534922:0.5206584466486106 | 0.18495351069624277 | -0.261327533220836
0.5206584466486106 | 0.18495351069624277 | -0.261327533220836 | 0.9859694224356081 | 0.23587745411534922:0.5209441692527328 | 0.19886357788539133 | -0.2596599385211631
0.5209441692527328 | 0.19886357788539133 | -0.2596599385211631 | 0.9859694224356081 | 0.23587745411534922:0.5212060297777903 | 0.2127405553220143 | -0.2572710645432914
0.5212060297777903 | 0.2127405553220143 | -0.2572710645432914 | 0.9859694224356081 | 0.23587745411534922:0.5214535464559873 | 0.22654618208916855 | -0.25415983200414827
0.5214535464559873 | 0.22654618208916855 | -0.25415983200414827 | 0.9859694224356081 | 0.23587745411534922:0.5216962544013448 | 0.2402420577962019 | -0.2503273450427339
0.5216962544013448 | 0.2402420577962019 | -0.2503273450427339 | 0.9859694224356081 | 0.23587745411534922:0.5219436773082151 | 0.25378976083099847 | -0.24577690020112053
0.5219436773082151 | 0.25378976083099847 | -0.24577690020112053 | 0.9859694224356081 | 0.23587745411534922:0.5222052990909347 | 0.2671509670235972 | -0.2405139886393517
0.5222052990909347 | 0.2671509670235972 | -0.2405139886393517 | 0.9859694224356081 | 0.23587745411534922:0.522490535551789 | 0.2802875683570427 | -0.23454629157289342
0.522490535551789 | 0.2802875683570427 | -0.23454629157289342 | 0.9859694224356081 | 0.23587745411534922:0.5228087061642839 | 0.29316179136155185 | -0.22788366894182943
0.5228087061642839 | 0.29316179136155185 | -0.22788366894182943 | 0.9859694224356081 | 0.23587745411534922:0.523169006058243 | 0.3057363148294918 | -0.22053814134144656
0.523169006058243 | 0.3057363148294918 | -0.22053814134144656 | 0.9859694224356081 | 0.23587745411534922:0.5235804782926436 | 0.3179743864910254 | -0.2125238652641754
0.5235804782926436 | 0.3179743864910254 | -0.2125238652641754 | 0.9859694224356081 | 0.23587745411534922:0.5240519865009645 | 0.3298399382938175 | -0.20385710172296984
0.5240519865009645 | 0.3298399382938175 | -0.20385710172296984 | 0.9859694224356081 | 0.23587745411534922:0.5245921879928872 | 0.34129769993470127 | -0.19455617834607483
0.5245921879928872 | 0.34129769993470127 | -0.19455617834607483 | 0.9859694224356081 | 0.23587745411534922:0.5252095073944076 | 0.3523133102968199 | -0.18464144505268243
0.5252095073944076 | 0.3523133102968199 | -0.18464144505268243 | 0.11540038415047693 | -0.7769055174999955:0.5346592565077728 | 0.35520270595011283 | -0.16291025334536846
0.5346592565077728 | 0.35520270595011283 | -0.16291025334536846 | 0.11540038415047693 | -0.7769055174999955:0.5432595613312046 | 0.35795312991321104 | -0.1406867955826574
0.5432595613312046 | 0.35795312991321104 | -0.1406867955826574 | 0.11540038415047693 | -0.7769055174999955:0.5509871351694784 | 0.36056116351796597 | -0.11800658100980321
0.5509871351694784 | 0.36056116351796597 | -0.11800658100980321 | 0.11540038415047693 | -0.7769055174999955:0.5578201923295225 | 0.3630236065102732 | -0.09490619059240157
0.5578201923295225 | 0.3630236065102732 | -0.09490619059240157 | 0.11540038415047693 | -0.7769055174999955:0.5637384941716945 | 0.3653374840951997 | -0.07142321069183044
0.5637384941716945 | 0.3653374840951997 | -0.07142321069183044 | 0.18294069691291015 | -0.7141459040308871:0.5685269172362268 | 0.3677331563229913 | -0.04813991369536441
0.5685269172362268 | 0.3677331563229913 | -0.04813991369536441 | 0.18294069691291015 | -0.7141459040308871:0.5724590084483268 | 0.3699001924405074 | -0.024565185713191218
0.5724590084483268 | 0.3699001924405074 | -0.024565185713191218 | 0.18294069691291015 | -0.7141459040308871:0.5755211734026986 | 0.3718350566645423 | -7.340009744516429E-4
0.5755211734026986 | 0.3718350566645423 | -7.340009744516429E-4 | 0.18294069691291015 | -0.7141459040308871:0.5777011915992389 | 0.37353456125559426 | 0.023318052323900718
0.5777011915992389 | 0.37353456125559426 | 0.023318052323900718 | 0.18294069691291015 | -0.7141459040308871:0.5789882403775053 | 0.37499587292560044 | 0.04755483028302954
0.5789882403775053 | 0.37499587292560044 | 0.04755483028302954 | -0.22793925425999695 | 0.05955229259969719:0.5816986903105246 | 0.37718912141323635 | 0.04173925062810002
0.5816986903105246 | 0.37718912141323635 | 0.04173925062810002 | -0.22793925425999695 | 0.05955229259969719:0.584366375806276 | 0.37930117696606125 | 0.03586261777194699
0.584366375806276 | 0.37930117696606125 | 0.03586261777194699 | -0.22793925425999695 | 0.05955229259969719:0.5869912885778419 | 0.38133117740025035 | 0.029926515900234207
0.5869912885778419 | 0.38133117740025035 | 0.029926515900234207 | -0.22793925425999695 | 0.05955229259969719:0.5895734249381519 | 0.38327828631926764 | 0.02393253506427917
0.5895734249381519 | 0.38327828631926764 | 0.02393253506427917 | -0.22793925425999695 | 0.05955229259969719:0.5921127858063215 | 0.38514169305804735 | 0.017882270825894775
0.5921127858063215 | 0.38514169305804735 | 0.017882270825894775 | -0.22793925425999695 | 0.05955229259969719:0.5946093767129739 | 0.38692061262382893 | 0.011777323904742065
0.5946093767129739 | 0.38692061262382893 | 0.011777323904742065 | -0.22793925425999695 | 0.05955229259969719:0.5970632078043465 | 0.3886142856336754 | 0.005619299828210078
0.5970632078043465 | 0.3886142856336754 | 0.005619299828210078 | -0.22793925425999695 | 0.05955229259969719:0.5994742938454891 | 0.3902219782487144 | -5.901914161633437E-4
0.5994742938454891 | 0.3902219782487144 | -5.901914161633437E-4 | -0.22793925425999695 | 0.05955229259969719:0.6018426542222883 | 0.39174298210516056 | -0.006849535725715228
0.6018426542222883 | 0.39174298210516056 | -0.006849535725715228 | -0.22793925425999695 | 0.05955229259969719:0.604168312942555 | 0.39317661424212247 | -0.013157115225113314
0.604168312942555 | 0.39317661424212247 | -0.013157115225113314 | -0.9797443269376118 | -0.7433442417519667:0.607296226771048 | 0.3935781190449994 | -0.009960204156158503
0.607296226771048 | 0.3935781190449994 | -0.009960204156158503 | -0.9797443269376118 | -0.7433442417519667:0.6102831897729928 | 0.39411684906963984 | -0.00665967284042579
0.6102831897729928 | 0.39411684906963984 | -0.00665967284042579 | -0.9797443269376118 | -0.7433442417519667:0.6131254117073226 | 0.3947985585158982 | -0.0032676799723552197
0.6131254117073226 | 0.3947985585158982 | -0.0032676799723552197 | -0.9797443269376118 | -0.7433442417519667:0.6158195716983244 | 0.3956283893422423 | 2.0316478636384083E-4
0.6158195716983244 | 0.3956283893422423 | 2.0316478636384083E-4 | -0.9797443269376118 | -0.7433442417519667:0.6183628353563648 | 0.3966108475309831 | 0.003739850337724615
0.6183628353563648 | 0.3966108475309831 | 0.003739850337724615 | 0.08371557714755085 | -0.396502343087904:0.620367112899558 | 0.39802429751196655 | 0.01772097124967864
0.620367112899558 | 0.39802429751196655 | 0.01772097124967864 | 0.08371557714755085 | -0.396502343087904:0.6220695903007964 | 0.3993646108853035 | 0.031793975216145465
0.6220695903007964 | 0.3993646108853035 | 0.031793975216145465 | 0.08371557714755085 | -0.396502343087904:0.6234677949836325 | 0.40063134635451547 | 0.045951519331879576
0.6234677949836325 | 0.40063134635451547 | 0.045951519331879576 | 0.08371557714755085 | -0.396502343087904:0.6245594280813549 | 0.40182409822608633 | 0.06018620759878368
0.6245594280813549 | 0.40182409822608633 | 0.06018620759878368 | 0.08371557714755085 | -0.396502343087904:0.6253423652437604 | 0.4029424965981576 | 0.07449059512981748
0.6253423652437604 | 0.4029424965981576 | 0.07449059512981748 | -0.589716189408618 | 0.018428732086810395:0.627510757321744 | 0.4063303718697 | 0.06221189761326318
0.627510757321744 | 0.4063303718697 | 0.06221189761326318 | -0.589716189408618 | 0.018428732086810395:0.6296467905564782 | 0.4093466305051585 | 0.04979265998089022
0.6296467905564782 | 0.4093466305051585 | 0.04979265998089022 | -0.589716189408618 | 0.018428732086810395:0.6317505152852405 | 0.4119860913404949 | 0.03724464498993074
0.6317505152852405 | 0.4119860913404949 | 0.03724464498993074 | -0.589716189408618 | 0.018428732086810395:0.6338219918082686 | 0.41424395565438843 | 0.024579790364344767
0.6338219918082686 | 0.41424395565438843 | 0.024579790364344767 | -0.589716189408618 | 0.018428732086810395:0.6358612905737004 | 0.41611581261102515 | 0.011810196174796839
0.6358612905737004 | 0.41611581261102515 | 0.011810196174796839 | -0.589716189408618 | 0.018428732086810395:0.637868492349277 | 0.41759764428703505 | -0.0010518879365550848
0.637868492349277 | 0.41759764428703505 | -0.0010518879365550848 | -0.589716189408618 | 0.018428732086810395:0.6398436883805516 | 0.41868583027855166 | -0.013994075672908113
0.6398436883805516 | 0.41868583027855166 | -0.013994075672908113 | -0.589716189408618 | 0.018428732086810395:0.6417869805357483 | 0.4193771518848983 | -0.027003857127660513
0.6417869805357483 | 0.4193771518848983 | -0.027003857127660513 | -0.589716189408618 | 0.018428732086810395:0.6436984814369495 | 0.4196687958657783 | -0.04006861194354361
0.6436984814369495 | 0.4196687958657783 | -0.04006861194354361 | -0.589716189408618 | 0.018428732086810395:0.6455783145776195 | 0.4195583577693185 | -0.053175622572270265
0.6455783145776195 | 0.4195583577693185 | -0.053175622572270265 | 0.5109961380770012 | 0.7961768711024599:0.6452804308108355 | 0.4220242474313025 | -0.06830049863559096
0.6452804308108355 | 0.4220242474313025 | -0.06830049863559096 | 0.5109961380770012 | 0.7961768711024599:0.6443563437896955 | 0.42486797572311374 | -0.08337493827259279
0.6443563437896955 | 0.42486797572311374 | -0.08337493827259279 | 0.5109961380770012 | 0.7961768711024599:0.6428075999970844 | 0.4280892549018418 | -0.09836309682570199
0.6428075999970844 | 0.4280892549018418 | -0.09836309682570199 | 0.5109961380770012 | 0.7961768711024599:0.6406372386284929 | 0.4316868362456887 | -0.1132291722171237
0.6406372386284929 | 0.4316868362456887 | -0.1132291722171237 | 0.5109961380770012 | 0.7961768711024599:0.6378497895731456 | 0.4356585102441741 | -0.1279374934076225
0.6378497895731456 | 0.4356585102441741 | -0.1279374934076225 | 0.5456519758343872 | -0.4694178317068587:0.6421718680923192 | 0.44020334049919896 | -0.10128397557860191
0.6421718680923192 | 0.44020334049919896 | -0.10128397557860191 | 0.5456519758343872 | -0.4694178317068587:0.6458520499990996 | 0.4440143364672444 | -0.07434525458808494
0.6458520499990996 | 0.4440143364672444 | -0.07434525458808494 | 0.5456519758343872 | -0.4694178317068587:0.6488826324421879 | 0.4470819618472923 | -0.04715783977977095
0.6488826324421879 | 0.4470819618472923 | -0.04715783977977095 | 0.5456519758343872 | -0.4694178317068587:0.6512568245990948 | 0.44939773455818255 | -0.019758737757806566
0.6512568245990948 | 0.44939773455818255 | -0.019758737757806566 | 0.5456519758343872 | -0.4694178317068587:0.6529687597544367 | 0.4509542415056451 | 0.007814601517852404
0.6529687597544367 | 0.4509542415056451 | 0.007814601517852404 | 0.5456519758343872 | -0.4694178317068587:0.6540135060065353 | 0.4517451517642783 | 0.03552433932503973
0.6540135060065353 | 0.4517451517642783 | 0.03552433932503973 | 0.5456519758343872 | -0.4694178317068587:0.6543870755876213 | 0.4517652281563471 | 0.0633323033805302
0.6543870755876213 | 0.4517652281563471 | 0.0633323033805302 | 0.5456519758343872 | -0.4694178317068587:0.654086432785121 | 0.4510103372116774 | 0.09120004356661782
0.654086432785121 | 0.4510103372116774 | 0.09120004356661782 | 0.5456519758343872 | -0.4694178317068587:0.6531095004534819 | 0.4494774574953482 | 0.11908888810039686
0.6531095004534819 | 0.4494774574953482 | 0.11908888810039686 | 0.5456519758343872 | -0.4694178317068587:0.6514551651082314 | 0.4471646862922398 | 0.14696000006254795
0.6514551651082314 | 0.4471646862922398 | 0.14696000006254795 | 0.5456519758343872 | -0.4694178317068587:0.6491232805957878 | 0.4440712446399573 | 0.1747744342020685
0.6491232805957878 | 0.4440712446399573 | 0.1747744342020685 | 0.5456519758343872 | -0.4694178317068587:0.6461146703349101 | 0.44019748070399345 | 0.20249319393315013
0.6461146703349101 | 0.44019748070399345 | 0.20249319393315013 | 0.5456519758343872 | -0.4694178317068587:0.6424311281275124 | 0.43554487149149423 | 0.2300772884402953
0.6424311281275124 | 0.43554487149149423 | 0.2300772884402953 | 0.5456519758343872 | -0.4694178317068587:0.6380754175387864 | 0.43011602290237505 | 0.2574877898077585
0.6380754175387864 | 0.43011602290237505 | 0.2574877898077585 | 0.5456519758343872 | -0.4694178317068587:0.6330512698485364 | 0.4239146681189112 | 0.28468589008952894
0.6330512698485364 | 0.4239146681189112 | 0.28468589008952894 | 0.03823034020332261 | 0.431120505800197:0.6405246084910772 | 0.42434140975503 | 0.27240813652238327
0.6405246084910772 | 0.42434140975503 | 0.27240813652238327 | 0.03823034020332261 | 0.431120505800197:0.6477299356818236 | 0.4247807205439287 | 0.2599371478828329
0.6477299356818236 | 0.4247807205439287 | 0.2599371478828329 | 0.03823034020332261 | 0.431120505800197:0.654662400798486 | 0.4252331466743797 | 0.247279151662526
0.654662400798486 | 0.4252331466743797 | 0.247279151662526 | 0.03823034020332261 | 0.431120505800197:0.6613173043992333 | 0.42569921993969473 | 0.23444049189185845
0.6613173043992333 | 0.42569921993969473 | 0.23444049189185845 | 0.03823034020332261 | 0.431120505800197:0.6676901008017921 | 0.42617945751644015 | 0.2214276253577896
0.6676901008017921 | 0.42617945751644015 | 0.2214276253577896 | -0.28883881459072813 | 0.5966610150598564:0.6752679564848876 | 0.4302594142434799 | 0.19565923029252996
0.6752679564848876 | 0.4302594142434799 | 0.19565923029252996 | -0.28883881459072813 | 0.5966610150598564:0.6820689904448756 | 0.4339634752187109 | 0.16955942294749105
0.6820689904448756 | 0.4339634752187109 | 0.16955942294749105 | -0.28883881459072813 | 0.5966610150598564:0.6880820695650129 | 0.4372860604166462 | 0.14315776254324852
0.6880820695650129 | 0.4372860604166462 | 0.14315776254324852 | -0.28883881459072813 | 0.5966610150598564:0.6932969914158633 | 0.4402220368352019 | 0.11648426024581315
0.6932969914158633 | 0.4402220368352019 | 0.11648426024581315 | -0.28883881459072813 | 0.5966610150598564:0.6977044983243275 | 0.44276672557231933 | 0.08956934260752991
0.6977044983243275 | 0.44276672557231933 | 0.08956934260752991 | -0.28883881459072813 | 0.5966610150598564:0.7012962902684734 | 0.44491590833786177 | 0.06244381448450742
0.7012962902684734 | 0.44491590833786177 | 0.06244381448450742 | -0.28883881459072813 | 0.5966610150598564:0.7040650365831738 | 0.44666583339336796 | 0.035138821476981
0.7040650365831738 | 0.44666583339336796 | 0.035138821476981 | -0.28883881459072813 | 0.5966610150598564:0.7060043864635759 | 0.4480132209128982 | 0.007685811939524889
0.7060043864635759 | 0.4480132209128982 | 0.007685811939524889 | -0.28883881459072813 | 0.5966610150598564:0.7071089782544675 | 0.44895526775895434 | -0.01988350139157191
0.7071089782544675 | 0.44895526775895434 | -0.01988350139157191 | -0.28883881459072813 | 0.5966610150598564:0.7073744475155337 | 0.4494896516682658 | -0.04753718010605734
0.7073744475155337 | 0.4494896516682658 | -0.04753718010605734 | -0.28883881459072813 | 0.5966610150598564:0.7067974338535805 | 0.4496145348427021 | -0.07524309911459648
0.7067974338535805 | 0.4496145348427021 | -0.07524309911459648 | -0.28883881459072813 | 0.5966610150598564:0.7053755865147195 | 0.44932856694168066 | -0.10296898588251713
0.7053755865147195 | 0.44932856694168066 | -0.10296898588251713 | -0.28883881459072813 | 0.5966610150598564:0.7031075687306156 | 0.44863088747281665 | -0.13068245985396243
0.7031075687306156 | 0.44863088747281665 | -0.13068245985396243 | -0.28883881459072813 | 0.5966610150598564:0.6999930608149185 | 0.4475211275785398 | -0.15835107201786713
0.6999930608149185 | 0.4475211275785398 | -0.15835107201786713 | -0.28883881459072813 | 0.5966610150598564:0.6960327620069506 | 0.44599941121698805 | -0.1859423445670796
0.6960327620069506 | 0.44599941121698805 | -0.1859423445670796 | 0.21888958274667436 | -0.9899754104842544:0.7054071442589418 | 0.4488149725591555 | -0.14665340457634835
0.7054071442589418 | 0.4488149725591555 | -0.14665340457634835 | 0.21888958274667436 | -0.9899754104842544:0.712822937246699 | 0.45119511432714177 | -0.1068464693198008
0.712822937246699 | 0.45119511432714177 | -0.1068464693198008 | 0.21888958274667436 | -0.9899754104842544:0.718253552148866 | 0.45313344620507223 | -0.06662484657643741
0.718253552148866 | 0.45313344620507223 | -0.06662484657643741 | 0.21888958274667436 | -0.9899754104842544:0.7216776358387023 | 0.45462472696481626 | -0.026093270057678364
0.7216776358387023 | 0.45462472696481626 | -0.026093270057678364 | 0.21888958274667436 | -0.9899754104842544:0.723079141880774 | 0.4556648816978637 | 0.014642380520470732
0.723079141880774 | 0.4556648816978637 | 0.014642380520470732 | 0.09672693790825515 | -0.13208522909383347:0.7241801255685658 | 0.45636260060477696 | 0.021657681103741222
0.7241801255685658 | 0.45636260060477696 | 0.021657681103741222 | 0.09672693790825515 | -0.13208522909383347:0.7252221617943491 | 0.4570184596240878 | 0.02869475770651908
0.7252221617943491 | 0.4570184596240878 | 0.02869475770651908 | 0.09672693790825515 | -0.13208522909383347:0.7262051612931231 | 0.45763237883736707 | 0.035752783692219126
0.7262051612931231 | 0.45763237883736707 | 0.035752783692219126 | 0.09672693790825515 | -0.13208522909383347:0.7271290412734288 | 0.4582042831967854 | 0.0428309342840516
0.7271290412734288 | 0.4582042831967854 | 0.0428309342840516 | 0.09672693790825515 | -0.13208522909383347:0.7279937253762512 | 0.45873410249391355 | 0.049928386613870224
0.7279937253762512 | 0.45873410249391355 | 0.049928386613870224 | 0.09672693790825515 | -0.13208522909383347:0.7287991436340633 | 0.4592217713285436 | 0.05704431977047664
0.7287991436340633 | 0.4592217713285436 | 0.05704431977047664 | 0.09672693790825515 | -0.13208522909383347:0.7295452324297997 | 0.4596672290776169 | 0.0641779148473911
0.7295452324297997 | 0.4596672290776169 | 0.0641779148473911 | 0.09672693790825515 | -0.13208522909383347:0.7302319344561141 | 0.46007041986419495 | 0.07132835499009271
