0.0 | 0.0 | 0.0 | 0.09672693790825515 | -0.13208522909383347:-6.604136208966451E-5 | -4.8363280415353316E-5 | 0.009999664970967818
-6.604136208966451E-5 | -4.8363280415353316E-5 | 0.009999664970967818 | 0.2966045195576845 | 0.21228354588680975:7.975780330968363E-5 | -3.9133313665762337E-4 | 0.019895991985044752
7.975780330968363E-5 | -3.9133313665762337E-4 | 0.019895991985044752 | 0.2966045195576845 | 0.21228354588680975:4.340884924824925E-4 | -0.001024373079698604 | 0.02968015545738067
4.340884924824925E-4 | -0.001024373079698604 | 0.02968015545738067 | 0.2966045195576845 | 0.21228354588680975:9.935476771030264E-4 | -0.0019428136032708654 | 0.039343522544840456
9.935476771030264E-4 | -0.0019428136032708654 | 0.039343522544840456 | 0.2966045195576845 | 0.21228354588680975:0.0017546413229391528 | -0.003141856388340303 | 0.048877655232911585
0.0017546413229391528 | -0.003141856388340303 | 0.048877655232911585 | 0.2966045195576845 | 0.21228354588680975:0.002713787411196025 | -0.004616578512100622 | 0.05827431230703395
0.002713787411196025 | -0.004616578512100622 | 0.05827431230703395 | 0.2966045195576845 | 0.21228354588680975:0.003867318961245059 | -0.006361936659734502 | 0.06752545120906511
0.003867318961245059 | -0.006361936659734502 | 0.06752545120906511 | 0.2966045195576845 | 0.21228354588680975:0.0052114870535000905 | -0.008372771337207041 | 0.07662322977962682
0.0052114870535000905 | -0.008372771337207041 | 0.07662322977962682 | 0.2966045195576845 | 0.21228354588680975:0.0067424638512192415 | -0.010643811083375532 | 0.08556000788710949
0.0067424638512192415 | -0.010643811083375532 | 0.08556000788710949 | 0.2966045195576845 | 0.21228354588680975:0.008456345620027915 | -0.013169676679730014 | 0.09432834894414249
0.008456345620027915 | -0.013169676679730014 | 0.09432834894414249 | 0.2966045195576845 | 0.21228354588680975:0.010349155743975241 | -0.015944885356098837 | 0.10292102131236802
0.010349155743975241 | -0.015944885356098837 | 0.10292102131236802 | 0.7345246666131773 | 0.6493118524043211:0.014832085183480045 | -0.021399566993370422 | 0.11059143346826938
0.014832085183480045 | -0.021399566993370422 | 0.11059143346826938 | 0.7345246666131773 | 0.6493118524043211:0.019820549426420628 | -0.027431023659982845 | 0.11771059667090134
0.019820549426420628 | -0.027431023659982845 | 0.11771059667090134 | 0.7345246666131773 | 0.6493118524043211:0.02528626096681265 | -0.034008300867542474 | 0.12422440236965149
0.02528626096681265 | -0.034008300867542474 | 0.12422440236965149 | 0.7345246666131773 | 0.6493118524043211:0.031198788396637214 | -0.04109796336586102 | 0.1300817324433512
0.031198788396637214 | -0.04109796336586102 | 0.1300817324433512 | 0.7345246666131773 | 0.6493118524043211:0.037525690717556986 | -0.048664243781549876 | 0.1352346393548729
0.037525690717556986 | -0.048664243781549876 | 0.1352346393548729 | 0.7345246666131773 | 0.6493118524043211:0.04423265759744627 | -0.05666919821508598 | 0.1396385135983802
0.04423265759744627 | -0.05666919821508598 | 0.1396385135983802 | 0.7345246666131773 | 0.6493118524043211:0.051283655057964006 | -0.06507286822304215 | 0.14325223800876863
0.051283655057964006 | -0.06507286822304215 | 0.14325223800876863 | 0.7345246666131773 | 0.6493118524043211:0.058641076067541875 | -0.07383344859794594 | 0.14603832854764187
0.058641076067541875 | -0.07383344859794594 | 0.14603832854764187 | 0.7345246666131773 | 0.6493118524043211:0.06626589550397755 | -0.0829074603458666 | 0.1479630612256766
0.06626589550397755 | -0.0829074603458666 | 0.1479630612256766 | 0.7345246666131773 | 0.6493118524043211:0.07411782894232666 | -0.09224992825138312 | 0.1489965848672965
0.07411782894232666 | -0.09224992825138312 | 0.1489965848672965 | 0.7345246666131773 | 0.6493118524043211:0.08215549471698735 | -0.10181456241103004 | 0.1491130194700787
0.08215549471698735 | -0.10181456241103004 | 0.1491130194700787 | 0.7345246666131773 | 0.6493118524043211:0.09033657870176304 | -0.11155394310968814 | 0.14829053995809094
0.09033657870176304 | -0.11155394310968814 | 0.14829053995809094 | 0.7345246666131773 | 0.6493118524043211:0.09861800124828302 | -0.12141970840966354 | 0.14651144517530446
0.09861800124828302 | -0.12141970840966354 | 0.14651144517530446 | 0.7345246666131773 | 0.6493118524043211:0.10695608572143533 | -0.13136274381939494 | 0.1437622120121702
0.10695608572143533 | -0.13136274381939494 | 0.1437622120121702 | 0.7345246666131773 | 0.6493118524043211:0.11530672807042341 | -0.14133337340780816 | 0.14003353460529233
0.11530672807042341 | -0.14133337340780816 | 0.14003353460529233 | 0.4690702310219912 | 0.1964801485189438:0.12054987940971196 | -0.1494198963119242 | 0.14008000065798143
0.12054987940971196 | -0.1494198963119242 | 0.14008000065798143 | 0.4690702310219912 | 0.1964801485189438:0.12579515077217107 | -0.15756092900363372 | 0.13968808740766958
0.12579515077217107 | -0.15756092900363372 | 0.13968808740766958 | 0.4690702310219912 | 0.1964801485189438:0.13103625582970202 | -0.16574102535409363 | 0.13885734426877727
0.13103625582970202 | -0.16574102535409363 | 0.13885734426877727 | 0.4690702310219912 | 0.1964801485189438:0.13626693551450253 | -0.17394480223301612 | 0.13758787619483037
0.13626693551450253 | -0.17394480223301612 | 0.13758787619483037 | 0.4690702310219912 | 0.1964801485189438:0.14148096444170233 | -0.18215695485865302 | 0.13588033851760395
0.14148096444170233 | -0.18215695485865302 | 0.13588033851760395 | 0.4690702310219912 | 0.1964801485189438:0.14667215723559845 | -0.19036227192336908 | 0.13373593133441863
0.14667215723559845 | -0.19036227192336908 | 0.13373593133441863 | 0.4690702310219912 | 0.1964801485189438:0.15183437475525574 | -0.19854565048458062 | 0.1311563934529647
0.15183437475525574 | -0.19854565048458062 | 0.1311563934529647 | 0.4690702310219912 | 0.1964801485189438:0.1569615302153573 | -0.2066921106111237 | 0.12814399590327197
0.1569615302153573 | -0.2066921106111237 | 0.12814399590327197 | 0.4690702310219912 | 0.1964801485189438:0.1620475951983229 | -0.21478680977541487 | 0.12470153502667403
0.1620475951983229 | -0.21478680977541487 | 0.12470153502667403 | 0.4690702310219912 | 0.1964801485189438:0.1670866055538296 | -0.22281505698205617 | 0.12083232515183173
0.1670866055538296 | -0.22281505698205617 | 0.12083232515183173 | 0.4690702310219912 | 0.1964801485189438:0.17207266718199898 | -0.23076232662385276 | 0.11654019086808987
0.17207266718199898 | -0.23076232662385276 | 0.11654019086808987 | 0.4690702310219912 | 0.1964801485189438:0.17699996169664978 | -0.2386142720564921 | 0.11182945890665064
0.17699996169664978 | -0.2386142720564921 | 0.11182945890665064 | 0.4690702310219912 | 0.1964801485189438:0.18186275196512902 | -0.24635673888346687 | 0.1067049496402186
0.18186275196512902 | -0.24635673888346687 | 0.1067049496402186 | 0.4690702310219912 | 0.1964801485189438:0.186655387521387 | -0.2539757779431051 | 0.10117196821197805
0.186655387521387 | -0.2539757779431051 | 0.10117196821197805 | 0.4690702310219912 | 0.1964801485189438:0.19137230984906894 | -0.2614576579899168 | 0.0952362953049084
0.19137230984906894 | -0.2614576579899168 | 0.0952362953049084 | 0.7649366902533892 | 0.5126393974041139:0.19728674328485107 | -0.27010302847456114 | 0.08180994626898386
0.19728674328485107 | -0.27010302847456114 | 0.08180994626898386 | 0.7649366902533892 | 0.5126393974041139:0.20284258262163046 | -0.2782325394540557 | 0.06760551813497262
0.20284258262163046 | -0.2782325394540557 | 0.06760551813497262 | 0.7649366902533892 | 0.5126393974041139:0.20801269888487361 | -0.2858050303390831 | 0.05265613639414379
0.20801269888487361 | -0.2858050303390831 | 0.05265613639414379 | 0.7649366902533892 | 0.5126393974041139:0.2127710389388584 | -0.2927808920725923 | 0.03699776718448966
0.2127710389388584 | -0.2927808920725923 | 0.03699776718448966 | 0.7649366902533892 | 0.5126393974041139:0.21709270966783212 | -0.2991221948634788 | 0.020669106528689696
0.21709270966783212 | -0.2991221948634788 | 0.020669106528689696 | 0.7649366902533892 | 0.5126393974041139:0.22095405848145333 | -0.3047928105843152 | 0.0037114617760742874
0.22095405848145333 | -0.3047928105843152 | 0.0037114617760742874 | 0.7649366902533892 | 0.5126393974041139:0.22433274993722652 | -0.3097585295166896 | -0.013831374379785544
0.22433274993722652 | -0.3097585295166896 | -0.013831374379785544 | 0.7649366902533892 | 0.5126393974041139:0.22720783828433522 | -0.31398717114483254 | -0.03191325691877811
0.22720783828433522 | -0.31398717114483254 | -0.03191325691877811 | 0.7649366902533892 | 0.5126393974041139:0.2295598357454285 | -0.31744868871603327 | -0.050485828141760614
0.2295598357454285 | -0.31744868871603327 | -0.050485828141760614 | 0.7649366902533892 | 0.5126393974041139:0.2313707763654218 | -0.3201152673047094 | -0.06949866352719525
0.2313707763654218 | -0.3201152673047094 | -0.06949866352719525 | -0.3288504396962262 | -0.3080216225066914:0.23580231448557853 | -0.32601199306074946 | -0.061561047902270793
0.23580231448557853 | -0.32601199306074946 | -0.061561047902270793 | -0.3288504396962262 | -0.3080216225066914:0.24008710838895198 | -0.3317435433770477 | -0.0533199895500891
0.24008710838895198 | -0.3317435433770477 | -0.0533199895500891 | -0.3288504396962262 | -0.3080216225066914:0.24421864259369208 | -0.3373030114803175 | -0.04478287305082773
0.24421864259369208 | -0.3373030114803175 | -0.04478287305082773 | -0.3288504396962262 | -0.3080216225066914:0.2481905731345142 | -0.3426836705677516 | -0.035957331665903425
0.2481905731345142 | -0.3426836705677516 | -0.035957331665903425 | -0.3288504396962262 | -0.3080216225066914:0.2519967313112792 | -0.34787897788437405 | -0.026851239518161485
0.2519967313112792 | -0.34787897788437405 | -0.026851239518161485 | -0.4690110280723314 | 0.32070390177421326:0.25499530065403686 | -0.35302393616563243 | -0.023025639032388412
0.25499530065403686 | -0.35302393616563243 | -0.023025639032388412 | -0.4690110280723314 | 0.32070390177421326:0.2580199573160815 | -0.3580373921203197 | -0.019071754604754076
0.2580199573160815 | -0.3580373921203197 | -0.019071754604754076 | -0.4690110280723314 | 0.32070390177421326:0.26107397148122224 | -0.36291545892725985 | -0.014994088507568115
0.26107397148122224 | -0.36291545892725985 | -0.014994088507568115 | -0.4690110280723314 | 0.32070390177421326:0.26416051105017324 | -0.3676543878355023 | -0.01079731623244573
0.26416051105017324 | -0.3676543878355023 | -0.01079731623244573 | -0.4690110280723314 | 0.32070390177421326:0.2672826387270213 | -0.3722505725957923 | -0.006486280038312309
0.2672826387270213 | -0.3722505725957923 | -0.006486280038312309 | 0.8944299753122413 | 0.27268517867470066:0.2700975662176006 | -0.3759802272138941 | -0.027080111152130826
0.2700975662176006 | -0.3759802272138941 | -0.027080111152130826 | 0.8944299753122413 | 0.27268517867470066:0.27259071071789975 | -0.3787232069948896 | -0.0480899838225568
0.27259071071789975 | -0.3787232069948896 | -0.0480899838225568 | 0.8944299753122413 | 0.27268517867470066:0.2747543179388803 | -0.38045225094176693 | -0.06946108389139649
0.2747543179388803 | -0.38045225094176693 | -0.06946108389139649 | 0.8944299753122413 | 0.27268517867470066:0.2765815098630142 | -0.3811429415059475 | -0.09113693407983003
0.2765815098630142 | -0.3811429415059475 | -0.09113693407983003 | 0.8944299753122413 | 0.27268517867470066:0.27806630960277623 | -0.3807737897230279 | -0.11305955697753056
0.27806630960277623 | -0.3807737897230279 | -0.11305955697753056 | 0.8944299753122413 | 0.27268517867470066:0.27920366363796667 | -0.37932631184815335 | -0.13516964241060592
0.27920366363796667 | -0.37932631184815335 | -0.13516964241060592 | 0.8944299753122413 | 0.27268517867470066:0.279989461376303 | -0.3767850972978497 | -0.15740671870866318
0.279989461376303 | -0.3767850972978497 | -0.15740671870866318 | 0.8944299753122413 | 0.27268517867470066:0.2804205519891205 | -0.3731378677296071 | -0.1797093273827879
0.2804205519891205 | -0.3731378677296071 | -0.1797093273827879 | 0.8944299753122413 | 0.27268517867470066:0.28049475848165173 | -0.36837552711501154 | -0.20201520071909007
0.28049475848165173 | -0.36837552711501154 | -0.20201520071909007 | 0.8944299753122413 | 0.27268517867470066:0.28021088896492863 | -0.3624922026871662 | -0.22426144178662444
0.28021088896492863 | -0.3624922026871662 | -0.22426144178662444 | -0.25073417675361753 | -0.6527333123446704:0.28998910980768144 | -0.3687831091780627 | -0.21245993332860413
0.28998910980768144 | -0.3687831091780627 | -0.21245993332860413 | -0.25073417675361753 | -0.6527333123446704:0.29940930893489615 | -0.37491530291764796 | -0.2001136840323019
0.29940930893489615 | -0.37491530291764796 | -0.2001136840323019 | -0.25073417675361753 | -0.6527333123446704:0.30844862917276217 | -0.38088015879270287 | -0.1872373342099909
0.30844862917276217 | -0.38088015879270287 | -0.1872373342099909 | -0.25073417675361753 | -0.6527333123446704:0.31708478422361 | -0.3866692620266292 | -0.17384655730042864
0.31708478422361 | -0.3866692620266292 | -0.17384655730042864 | -0.25073417675361753 | -0.6527333123446704:0.3252960972364587 | -0.3922744231865103 | -0.15995803315132617
0.3252960972364587 | -0.3922744231865103 | -0.15995803315132617 | -0.25073417675361753 | -0.6527333123446704:0.33306153826722884 | -0.3976876927733102 | -0.1455894197273162
0.33306153826722884 | -0.3976876927733102 | -0.1455894197273162 | -0.25073417675361753 | -0.6527333123446704:0.34036076057562603 | -0.40290137537453674 | -0.13075932329521267
0.34036076057562603 | -0.40290137537453674 | -0.13075932329521267 | -0.25073417675361753 | -0.6527333123446704:0.34717413570773203 | -0.4079080433594626 | -0.11548726714030288
0.34717413570773203 | -0.4079080433594626 | -0.11548726714030288 | -0.25073417675361753 | -0.6527333123446704:0.35348278731548355 | -0.4127005500978065 | -0.09979365886926339
0.35348278731548355 | -0.4127005500978065 | -0.09979365886926339 | -0.25073417675361753 | -0.6527333123446704:0.3592686236663578 | -0.41727204268358165 | -0.08369975635706828
0.3592686236663578 | -0.41727204268358165 | -0.08369975635706828 | -0.7922729971854467 | -0.3308961092403113:0.3631960791356459 | -0.4236025796149576 | -0.06164229001418531
0.3631960791356459 | -0.4236025796149576 | -0.06164229001418531 | -0.7922729971854467 | -0.3308961092403113:0.36673095686429313 | -0.42903764809462785 | -0.03910618082329509
0.36673095686429313 | -0.42903764809462785 | -0.03910618082329509 | -0.7922729971854467 | -0.3308961092403113:0.3698632315093455 | -0.43355199034721537 | -0.016136869095106254
0.3698632315093455 | -0.43355199034721537 | -0.016136869095106254 | -0.7922729971854467 | -0.3308961092403113:0.37258372912348214 | -0.43712236290368267 | 0.007218794262392025
0.37258372912348214 | -0.43712236290368267 | 0.007218794262392025 | -0.7922729971854467 | -0.3308961092403113:0.3748841527647748 | -0.43972760001570776 | 0.030912655005545853
0.3748841527647748 | -0.43972760001570776 | 0.030912655005545853 | -0.7922729971854467 | -0.3308961092403113:0.37675710604627 | -0.4413486721990303 | 0.05489536593938449
0.37675710604627 | -0.4413486721990303 | 0.05489536593938449 | -0.7922729971854467 | -0.3308961092403113:0.37819611457538826 | -0.4419687397808687 | 0.07911650016528404
0.37819611457538826 | -0.4419687397808687 | 0.07911650016528404 | -0.7922729971854467 | -0.3308961092403113:0.3791956452380134 | -0.4415732013380662 | 0.10352466692709683
0.3791956452380134 | -0.4415732013380662 | 0.10352466692709683 | -0.7922729971854467 | -0.3308961092403113:0.3797511232870896 | -0.4401497369244005 | 0.1280676297860499
0.3797511232870896 | -0.4401497369244005 | 0.1280676297860499 | -0.7922729971854467 | -0.3308961092403113:0.37985894720056024 | -0.4376883459974792 | 0.15269242685048212
0.37985894720056024 | -0.4376883459974792 | 0.15269242685048212 | -0.0660221999668571 | -0.7704118075438839:0.3761392544976516 | -0.4401047775362201 | 0.16977842995942005
0.3761392544976516 | -0.4401047775362201 | 0.16977842995942005 | -0.0660221999668571 | -0.7704118075438839:0.37169384566767505 | -0.44243186383042854 | 0.18680906305247813
0.37169384566767505 | -0.44243186383042854 | 0.18680906305247813 | -0.0660221999668571 | -0.7704118075438839:0.3665226268174635 | -0.44466981474630884 | 0.20375234646257567
0.3665226268174635 | -0.44466981474630884 | 0.20375234646257567 | -0.0660221999668571 | -0.7704118075438839:0.36062690950360476 | -0.4468189577986017 | 0.22057625632479905
0.36062690950360476 | -0.4468189577986017 | 0.22057625632479905 | -0.0660221999668571 | -0.7704118075438839:0.3540094119940811 | -0.4488797383879479 | 0.23724878649016956
0.3540094119940811 | -0.4488797383879479 | 0.23724878649016956 | 0.21683116232829325 | -0.1859285524876768:0.3539999518993717 | -0.45420457319260876 | 0.2371000499393583
0.3539999518993717 | -0.45420457319260876 | 0.2371000499393583 | 0.21683116232829325 | -0.1859285524876768:0.35395758531769417 | -0.45951510028590903 | 0.23686896857120399
0.35395758531769417 | -0.45951510028590903 | 0.23686896857120399 | 0.21683116232829325 | -0.1859285524876768:0.3538836520948898 | -0.4648102888709218 | 0.23655546029813568
0.3538836520948898 | -0.4648102888709218 | 0.23655546029813568 | 0.21683116232829325 | -0.1859285524876768:0.35377948634048195 | -0.4700891093658761 | 0.236159472839371
0.35377948634048195 | -0.4700891093658761 | 0.236159472839371 | 0.21683116232829325 | -0.1859285524876768:0.35364641615806036 | -0.47535053377290026 | 0.23568098350880362
0.35364641615806036 | -0.47535053377290026 | 0.23568098350880362 | 0.21683116232829325 | -0.1859285524876768:0.3534857633789379 | -0.4805935360423952 | 0.23511999899742442
0.3534857633789379 | -0.4805935360423952 | 0.23511999899742442 | 0.21683116232829325 | -0.1859285524876768:0.35329884329907557 | -0.4858170924331233 | 0.23447655515037535
0.35329884329907557 | -0.4858170924331233 | 0.23447655515037535 | 0.21683116232829325 | -0.1859285524876768:0.3530869644193615 | -0.49102018186788143 | 0.23375071673873649
0.3530869644193615 | -0.49102018186788143 | 0.23375071673873649 | 0.21683116232829325 | -0.1859285524876768:0.35285142818920434 | -0.4962017862848178 | 0.23294257722614997
0.35285142818920434 | -0.4962017862848178 | 0.23294257722614997 | 0.21683116232829325 | -0.1859285524876768:0.3525935287535411 | -0.5013608909843157 | 0.23205225853037437
0.3525935287535411 | -0.5013608909843157 | 0.23205225853037437 | 0.21683116232829325 | -0.1859285524876768:0.35231455270319856 | -0.50649648497145 | 0.23107991077986956
0.35231455270319856 | -0.50649648497145 | 0.23107991077986956 | 0.21683116232829325 | -0.1859285524876768:0.35201577882870083 | -0.5116075612939568 | 0.23002571206551803
0.35201577882870083 | -0.5116075612939568 | 0.23002571206551803 | 0.21683116232829325 | -0.1859285524876768:0.35169847787753383 | -0.5166931173757376 | 0.22888986818757484
0.35169847787753383 | -0.5166931173757376 | 0.22888986818757484 | 0.21683116232829325 | -0.1859285524876768:0.35136391231483444 | -0.521752155345844 | 0.22767261239794134
0.35136391231483444 | -0.521752155345844 | 0.22767261239794134 | 0.21683116232829325 | -0.1859285524876768:0.35101333608760754 | -0.5267836823629537 | 0.22637420513787365
0.35101333608760754 | -0.5267836823629537 | 0.22637420513787365 | -0.17935836365994096 | 0.7263232868776273:0.36092321944294525 | -0.527290395239234 | 0.21925581150085804
0.36092321944294525 | -0.527290395239234 | 0.21925581150085804 | -0.17935836365994096 | 0.7263232868776273:0.37058869205978695 | -0.5278257993048499 | 0.21173551444574823
0.37058869205978695 | -0.5278257993048499 | 0.21173551444574823 | -0.17935836365994096 | 0.7263232868776273:0.37999324875088547 | -0.528394308478525 | 0.2038222331874966
0.37999324875088547 | -0.528394308478525 | 0.2038222331874966 | -0.17935836365994096 | 0.7263232868776273:0.3891207252106703 | -0.5290002527530859 | 0.19552560690524512
0.3891207252106703 | -0.5290002527530859 | 0.19552560690524512 | -0.17935836365994096 | 0.7263232868776273:0.39795532699158187 | -0.5296478710044212 | 0.18685597997195025
0.39795532699158187 | -0.5296478710044212 | 0.18685597997195025 | -0.17935836365994096 | 0.7263232868776273:0.406481657848623 | -0.5303413039506637 | 0.17782438597241157
0.406481657848623 | -0.5303413039506637 | 0.17782438597241157 | -0.17935836365994096 | 0.7263232868776273:0.41468474740567274 | -0.5310845872732983 | 0.1684425305387709
0.41468474740567274 | -0.5310845872732983 | 0.1684425305387709 | -0.17935836365994096 | 0.7263232868776273:0.42255007809825074 | -0.5318816449114294 | 0.15872277303441074
0.42255007809825074 | -0.5318816449114294 | 0.15872277303441074 | -0.17935836365994096 | 0.7263232868776273:0.43006361134883875 | -0.5327362825402275 | 0.14867810711895402
0.43006361134883875 | -0.5327362825402275 | 0.14867810711895402 | -0.17935836365994096 | 0.7263232868776273:0.43721181293225797 | -0.5336521812442498 | 0.13832214022880684
0.43721181293225797 | -0.5336521812442498 | 0.13832214022880684 | 0.11886737160232452 | 0.666586941315382:0.4433321964388952 | -0.5367162035774342 | 0.12101128408099093
0.4433321964388952 | -0.5367162035774342 | 0.12101128408099093 | 0.11886737160232452 | 0.666586941315382:0.44886841676497724 | -0.5396577213963596 | 0.10340824374651625
0.44886841676497724 | -0.5396577213963596 | 0.10340824374651625 | 0.11886737160232452 | 0.666586941315382:0.4538084874844799 | -0.5424747258870823 | 0.08553444980552172
0.4538084874844799 | -0.5424747258870823 | 0.08553444980552172 | 0.11886737160232452 | 0.666586941315382:0.4581412060944885 | -0.545165344680953 | 0.06741180796405111
0.4581412060944885 | -0.545165344680953 | 0.06741180796405111 | 0.11886737160232452 | 0.666586941315382:0.46185617123027356 | -0.5477278450329308 | 0.049062668921738606
0.46185617123027356 | -0.5477278450329308 | 0.049062668921738606 | -0.8970157349879764 | -0.4285116674386298:0.4619801082227504 | -0.5471162406215271 | 0.08377654138518587
0.4619801082227504 | -0.5471162406215271 | 0.08377654138518587 | -0.8970157349879764 | -0.4285116674386298:0.46133419861003944 | -0.5449107714633357 | 0.11855233799568587
0.46133419861003944 | -0.5449107714633357 | 0.11855233799568587 | -0.8970157349879764 | -0.4285116674386298:0.4599163966236617 | -0.5411049319142904 | 0.1532983185072876
0.4599163966236617 | -0.5411049319142904 | 0.1532983185072876 | -0.8970157349879764 | -0.4285116674386298:0.4577267355034209 | -0.535696560083224 | 0.18792227419942975
0.4577267355034209 | -0.535696560083224 | 0.18792227419942975 | -0.8970157349879764 | -0.4285116674386298:0.45476733676741077 | -0.5286878629389165 | 0.22233178271836884
0.45476733676741077 | -0.5286878629389165 | 0.22233178271836884 | 0.23414479184188064 | 0.97351031514407:0.4664465808380953 | -0.5331999577290318 | 0.19445343738788878
0.4664465808380953 | -0.5331999577290318 | 0.19445343738788878 | 0.23414479184188064 | 0.97351031514407:0.47676711979921294 | -0.5373740084652923 | 0.16587651281469462
0.47676711979921294 | -0.5373740084652923 | 0.16587651281469462 | 0.23414479184188064 | 0.97351031514407:0.4856911991692954 | -0.54120067086685 | 0.13667266503358988
0.4856911991692954 | -0.54120067086685 | 0.13667266503358988 | 0.23414479184188064 | 0.97351031514407:0.49318469827446165 | -0.5446714604679954 | 0.10691568047803912
0.49318469827446165 | -0.5446714604679954 | 0.10691568047803912 | 0.23414479184188064 | 0.97351031514407:0.4992172411978828 | -0.5477787804700753 | 0.07668127843957961
0.4992172411978828 | -0.5477787804700753 | 0.07668127843957961 | 0.23414479184188064 | 0.97351031514407:0.5037622974483895 | -0.5505159471561427 | 0.04604690752379703
0.5037622974483895 | -0.5505159471561427 | 0.04604690752379703 | 0.23414479184188064 | 0.97351031514407:0.5067972720503491 | -0.5528772127933408 | 0.015091536671626216
0.5067972720503491 | -0.5528772127933408 | 0.015091536671626216 | 0.23414479184188064 | 0.97351031514407:0.5083035847865958 | -0.5548577859552069 | -0.016104558669978175
0.5083035847865958 | -0.5548577859552069 | -0.016104558669978175 | 0.23414479184188064 | 0.97351031514407:0.5082667383568023 | -0.5564538492031872 | -0.04746001463027838
0.5082667383568023 | -0.5564538492031872 | -0.04746001463027838 | 0.23414479184188064 | 0.97351031514407:0.5066763752450782 | -0.5576625740742074 | -0.07889260064028569
0.5066763752450782 | -0.5576625740742074 | -0.07889260064028569 | -0.6409530233971839 | -0.0075173720381236375:0.5083206317593039 | -0.5616957332061361 | -0.06098745538652217
0.5083206317593039 | -0.5616957332061361 | -0.06098745538652217 | -0.6409530233971839 | -0.0075173720381236375:0.5099419502256026 | -0.565140445606616 | -0.04290217539834096
0.5099419502256026 | -0.565140445606616 | -0.04290217539834096 | -0.6409530233971839 | -0.0075173720381236375:0.5115404097187408 | -0.5679894876859137 | -0.02465674945083407
0.5115404097187408 | -0.5679894876859137 | -0.02465674945083407 | -0.6409530233971839 | -0.0075173720381236375:0.5131160959181003 | -0.5702363312309942 | -0.006271432216061967
0.5131160959181003 | -0.5702363312309942 | -0.006271432216061967 | -0.6409530233971839 | -0.0075173720381236375:0.5146691012251523 | -0.5718751524495076 | 0.012233280250701029
0.5146691012251523 | -0.5718751524495076 | 0.012233280250701029 | -0.0717097771828561 | -0.9737069882976688:0.5149022092823614 | -0.5735408421767332 | 0.039431458180741785
0.5149022092823614 | -0.5735408421767332 | 0.039431458180741785 | -0.0717097771828561 | -0.9737069882976688:0.5137879735395217 | -0.5750914413650747 | 0.06669340474169516
0.5137879735395217 | -0.5750914413650747 | 0.06669340474169516 | -0.0717097771828561 | -0.9737069882976688:0.5113213695074421 | -0.5765266179118882 | 0.0939510022998622
0.5113213695074421 | -0.5765266179118882 | 0.0939510022998622 | -0.0717097771828561 | -0.9737069882976688:0.507500832477902 | -0.577846292304308 | 0.12113582087048158
0.507500832477902 | -0.577846292304308 | 0.12113582087048158 | -0.0717097771828561 | -0.9737069882976688:0.5023282741492849 | -0.5790506391785684 | 0.14817929613620073
0.5023282741492849 | -0.5790506391785684 | 0.14817929613620073 | 0.14930429014234714 | 0.30427312726839895:0.505875093455451 | -0.5817697124433536 | 0.13657629857014442
0.505875093455451 | -0.5817697124433536 | 0.13657629857014442 | 0.14930429014234714 | 0.30427312726839895:0.5092359302411182 | -0.5843885830120854 | 0.12486346247571944
0.5092359302411182 | -0.5843885830120854 | 0.12486346247571944 | 0.14930429014234714 | 0.30427312726839895:0.5124086754917343 | -0.5869062938771279 | 0.11304499035546023
0.5124086754917343 | -0.5869062938771279 | 0.11304499035546023 | 0.14930429014234714 | 0.30427312726839895:0.5153912984344444 | -0.5893219253359874 | 0.10112512528235307
0.5153912984344444 | -0.5893219253359874 | 0.10112512528235307 | 0.14930429014234714 | 0.30427312726839895:0.5181818470294459 | -0.5916345952483013 | 0.08910814915166831
0.5181818470294459 | -0.5916345952483013 | 0.08910814915166831 | 0.14930429014234714 | 0.30427312726839895:0.5207784484316988 | -0.5938434592782258 | 0.07699838092844224
0.5207784484316988 | -0.5938434592782258 | 0.07699838092844224 | 0.14930429014234714 | 0.30427312726839895:0.523179309423007 | -0.595947711122129 | 0.06480017489118062
0.523179309423007 | -0.595947711122129 | 0.06480017489118062 | 0.14930429014234714 | 0.30427312726839895:0.5253827168145406 | -0.597946582721768 | 0.052517918872375446
0.5253827168145406 | -0.597946582721768 | 0.052517918872375446 | 0.14930429014234714 | 0.30427312726839895:0.5273870378198424 | -0.599839344462886 | 0.04015603249635369
0.5273870378198424 | -0.599839344462886 | 0.04015603249635369 | 0.14930429014234714 | 0.30427312726839895:0.5291907203983754 | -0.6016253053592706 | 0.02771896541506713
0.5291907203983754 | -0.6016253053592706 | 0.02771896541506713 | -0.6295304488747759 | -0.1299382847827275:0.5301845043077975 | -0.6019399218951094 | 0.050200122033826844
0.5301845043077975 | -0.6019399218951094 | 0.050200122033826844 | -0.6295304488747759 | -0.1299382847827275:0.5310180144627026 | -0.6015274342295527 | 0.07273940310084015
0.5310180144627026 | -0.6015274342295527 | 0.07273940310084015 | -0.6295304488747759 | -0.1299382847827275:0.5316908285961759 | -0.6003849141295703 | 0.09531159689002422
0.5316908285961759 | -0.6003849141295703 | 0.09531159689002422 | -0.6295304488747759 | -0.1299382847827275:0.5322026991205036 | -0.5985102827604933 | 0.11789137629435409
0.5322026991205036 | -0.5985102827604933 | 0.11789137629435409 | -0.6295304488747759 | -0.1299382847827275:0.53255355379968 | -0.5959023143686153 | 0.14045332886827744
0.53255355379968 | -0.5959023143686153 | 0.14045332886827744 | -0.6033568711618793 | -0.26544171357697044:0.5316374079384829 | -0.5927688754086375 | 0.16580210778665005
0.5316374079384829 | -0.5927688754086375 | 0.16580210778665005 | -0.6033568711618793 | -0.26544171357697044:0.5303683035660285 | -0.5888464204296184 | 0.19108363268173534
0.5303683035660285 | -0.5888464204296184 | 0.19108363268173534 | -0.6033568711618793 | -0.26544171357697044:0.5287469734890564 | -0.5841360191376879 | 0.21626788977053835
0.5287469734890564 | -0.5841360191376879 | 0.21626788977053835 | -0.6033568711618793 | -0.26544171357697044:0.5267745744059198 | -0.5786397066839584 | 0.24132489408456692
0.5267745744059198 | -0.5786397066839584 | 0.24132489408456692 | -0.6033568711618793 | -0.26544171357697044:0.5244526861988987 | -0.5723604826027753 | 0.26622472666359087
0.5244526861988987 | -0.5723604826027753 | 0.26622472666359087 | -0.6154497505941985 | -0.07033352515267532:0.5245954506285528 | -0.565130494200389 | 0.2861753513039673
0.5245954506285528 | -0.565130494200389 | 0.2861753513039673 | -0.6154497505941985 | -0.07033352515267532:0.5246551226357852 | -0.5572581924043618 | 0.30592943678131945
0.5246551226357852 | -0.5572581924043618 | 0.30592943678131945 | -0.6154497505941985 | -0.07033352515267532:0.5246324823326276 | -0.5487491969776528 | 0.325465636832158
0.5246324823326276 | -0.5487491969776528 | 0.325465636832158 | -0.6154497505941985 | -0.07033352515267532:0.5245283889590482 | -0.5396098316699494 | 0.34476278338754973
0.5245283889590482 | -0.5396098316699494 | 0.34476278338754973 | -0.6154497505941985 | -0.07033352515267532:0.5243437801542115 | -0.5298471181140343 | 0.3637999100418927
0.5243437801542115 | -0.5298471181140343 | 0.3637999100418927 | -0.6154497505941985 | -0.07033352515267532:0.524079671140619 | -0.5194687689565995 | 0.38255627529428793
0.524079671140619 | -0.5194687689565995 | 0.38255627529428793 | -0.6154497505941985 | -0.07033352515267532:0.5237371538221112 | -0.5084831802324459 | 0.40101138553762716
0.5237371538221112 | -0.5084831802324459 | 0.40101138553762716 | -0.6154497505941985 | -0.07033352515267532:0.5233173957968731 | -0.49689942299116296 | 0.4191450177707896
0.5233173957968731 | -0.49689942299116296 | 0.4191450177707896 | -0.6154497505941985 | -0.07033352515267532:0.5228216392865832 | -0.48472723418672103 | 0.43693724200976725
0.5228216392865832 | -0.48472723418672103 | 0.43693724200976725 | -0.6154497505941985 | -0.07033352515267532:0.5222511999831099 | -0.47197700684078825 | 0.45436844337385907
0.5222511999831099 | -0.47197700684078825 | 0.45436844337385907 | -0.6154497505941985 | -0.07033352515267532:0.5216074658140144 | -0.4586597794915832 | 0.4714193438235341
0.5216074658140144 | -0.4586597794915832 | 0.4714193438235341 | -0.6154497505941985 | -0.07033352515267532:0.5208918956284307 | -0.4447872249404412 | 0.4880710235269099
0.5208918956284307 | -0.4447872249404412 | 0.4880710235269099 | -0.6154497505941985 | -0.07033352515267532:0.5201060178047925 | -0.4303716383095093 | 0.5043049418323768
0.5201060178047925 | -0.4303716383095093 | 0.5043049418323768 | -0.6154497505941985 | -0.07033352515267532:0.5192514287820273 | -0.4154259244242269 | 0.5201029578251983
0.5192514287820273 | -0.4154259244242269 | 0.5201029578251983 | -0.6154497505941985 | -0.07033352515267532:0.5183297915159457 | -0.3999635845351719 | 0.5354473504465496
0.5183297915159457 | -0.3999635845351719 | 0.5354473504465496 | -0.6154497505941985 | -0.07033352515267532:0.5173428338626351 | -0.3839987023944076 | 0.5503208381539224
0.5173428338626351 | -0.3839987023944076 | 0.5503208381539224 | -0.6154497505941985 | -0.07033352515267532:0.5162923468905447 | -0.36754592970213196 | 0.5647065981023331
0.5162923468905447 | -0.36754592970213196 | 0.5647065981023331 | -0.6154497505941985 | -0.07033352515267532:0.5151801831234337 | -0.35062047094028514 | 0.5785882848263668
0.5151801831234337 | -0.35062047094028514 | 0.5785882848263668 | -0.6154497505941985 | -0.07033352515267532:0.5140082547158755 | -0.3332380676098836 | 0.5919500484036213
0.5140082547158755 | -0.3332380676098836 | 0.5919500484036213 | -0.6154497505941985 | -0.07033352515267532:0.5127785315636544 | -0.3154149818899441 | 0.6047765520807431
0.5127785315636544 | -0.3154149818899441 | 0.6047765520807431 | 0.01199938995180072 | -0.913950233162532:0.4854576285257366 | -0.3163205020781703 | 0.6284588769476223
0.4854576285257366 | -0.3163205020781703 | 0.6284588769476223 | 0.01199938995180072 | -0.913950233162532:0.45702548492164397 | -0.3172354438512599 | 0.6508933184068582
0.45702548492164397 | -0.3172354438512599 | 0.6508933184068582 | 0.01199938995180072 | -0.913950233162532:0.42753975460837523 | -0.3181591215018926 | 0.6720275121966672
0.42753975460837523 | -0.3181591215018926 | 0.6720275121966672 | 0.01199938995180072 | -0.913950233162532:0.39706056004366985 | -0.3190908155545742 | 0.6918117916582389
0.39706056004366985 | -0.3190908155545742 | 0.6918117916582389 | 0.01199938995180072 | -0.913950233162532:0.36565036457082556 | -0.3200297744128022 | 0.7101993037966494
0.36565036457082556 | -0.3200297744128022 | 0.7101993037966494 | 0.01199938995180072 | -0.913950233162532:0.3333738392806964 | -0.3209752160792476 | 0.727146119231957
0.3333738392806964 | -0.3209752160792476 | 0.727146119231957 | 0.01199938995180072 | -0.913950233162532:0.3002977247453913 | -0.3219263299451427 | 0.7426113357892774
0.3002977247453913 | -0.3219263299451427 | 0.7426113357892774 | 0.01199938995180072 | -0.913950233162532:0.26649068792987407 | -0.32288227864486885 | 0.7565571754909648
0.26649068792987407 | -0.32288227864486885 | 0.7565571754909648 | 0.01199938995180072 | -0.913950233162532:0.2320231745980692 | -0.32384219997163655 | 0.7689490747286847
