0.0 | 0.0 | 0.0 | -0.1728309189736299 | 0.5358582135186423:2.6788704925540685E-4 | 8.641438395950995E-5 | 0.009996037669151019
2.6788704925540685E-4 | 8.641438395950995E-5 | 0.009996037669151019 | -0.1728309189736299 | 0.5358582135186423:0.0 | 0.0 | 0.0
0.0 | 0.0 | 0.0 | -0.1728309189736299 | 0.5358582135186423:0.0010657480835457647 | 3.438546892827743E-4 | 0.019868466095173953
0.0010657480835457647 | 3.438546892827743E-4 | 0.019868466095173953 | -0.1728309189736299 | 0.5358582135186423:0.0023843432212921744 | 7.694409361036492E-4 | 0.029595139280782688
0.0023843432212921744 | 7.694409361036492E-4 | 0.029595139280782688 | -0.1728309189736299 | 0.5358582135186423:0.0042137298183522786 | 0.001360064223268953 | 0.03915442675160259
0.0042137298183522786 | 0.001360064223268953 | 0.03915442675160259 | 0.25333279686803345 | -0.727016135913839:0.0034669817884796627 | 0.001074643749462978 | 0.04887535561911116
0.0034669817884796627 | 0.001074643749462978 | 0.04887535561911116 | 0.25333279686803345 | -0.727016135913839:0.0020156256861752486 | 5.438704671459904E-4 | 0.05848259888323601
0.0020156256861752486 | 5.438704671459904E-4 | 0.05848259888323601 | 0.25333279686803345 | -0.727016135913839:-1.2909848889518238E-4 | -2.286141205147807E-4 | 0.06793414475918846
-1.2909848889518238E-4 | -2.286141205147807E-4 | 0.06793414475918846 | 0.25333279686803345 | -0.727016135913839:-0.002954022232875721 | -0.0012384908434317499 | 0.07718887311079137
-0.002954022232875721 | -0.0012384908434317499 | 0.07718887311079137 | 0.25333279686803345 | -0.727016135913839:-0.006444101574589672 | -0.002480780773021607 | 0.08620664570935582
-0.006444101574589672 | -0.002480780773021607 | 0.08620664570935582 | 0.25333279686803345 | -0.727016135913839:-0.01058247358405899 | -0.003949864359981126 | 0.09494839337241223
-0.01058247358405899 | -0.003949864359981126 | 0.09494839337241223 | 0.25333279686803345 | -0.727016135913839:-0.015350516201539684 | -0.005639501749638454 | 0.1033761998429773
-0.015350516201539684 | -0.005639501749638454 | 0.1033761998429773 | 0.25333279686803345 | -0.727016135913839:-0.020727911231380847 | -0.007542854221465944 | 0.11145338227769541
-0.020727911231380847 | -0.007542854221465944 | 0.11145338227769541 | 0.25333279686803345 | -0.727016135913839:-0.02669271034078513 | -0.009652506697821472 | 0.1191445682200023
-0.02669271034078513 | -0.009652506697821472 | 0.1191445682200023 | 0.25333279686803345 | -0.727016135913839:-0.03322140389965092 | -0.011960491265569528 | 0.12641576894240136
-0.03322140389965092 | -0.011960491265569528 | 0.12641576894240136 | -0.21633205848320136 | -0.700563597509894:-0.040123327567986644 | -0.011293521256583894 | 0.13358981648390167
-0.040123327567986644 | -0.011293521256583894 | 0.13358981648390167 | -0.21633205848320136 | -0.700563597509894:-0.04753334768103237 | -0.01045313657328295 | 0.14034281799264536
-0.04753334768103237 | -0.01045313657328295 | 0.14034281799264536 | -0.21633205848320136 | -0.700563597509894:-0.055427733840184956 | -0.009446657200709252 | 0.14664708484491795
-0.055427733840184956 | -0.009446657200709252 | 0.14664708484491795 | -0.21633205848320136 | -0.700563597509894:-0.06378160784374898 | -0.008281763379983209 | 0.15247627371359362
-0.06378160784374898 | -0.008281763379983209 | 0.15247627371359362 | -0.21633205848320136 | -0.700563597509894:-0.07256900817477535 | -0.006966475960486385 | 0.15780543274689607
-0.07256900817477535 | -0.006966475960486385 | 0.15780543274689607 | -0.21633205848320136 | -0.700563597509894:-0.0817629559854201 | -0.005509136272726423 | 0.16261104458576492
-0.0817629559854201 | -0.005509136272726423 | 0.16261104458576492 | -0.21633205848320136 | -0.700563597509894:-0.09133552244393894 | -0.003918385562978077 | 0.1668710661741557
-0.09133552244393894 | -0.003918385562978077 | 0.1668710661741557 | -0.21633205848320136 | -0.700563597509894:-0.10125789730950441 | -0.0022031440311094386 | 0.170564965322491
-0.10125789730950441 | -0.0022031440311094386 | 0.170564965322491 | -0.21633205848320136 | -0.700563597509894:-0.11150045859933566 | -3.725895132564716E-4 | 0.17367375399038876
-0.11150045859933566 | -3.725895132564716E-4 | 0.17367375399038876 | -0.21633205848320136 | -0.700563597509894:-0.12203284321215602 | 0.0015638641488204819 | 0.17618001826067475
-0.12203284321215602 | 0.0015638641488204819 | 0.17618001826067475 | -0.21633205848320136 | -0.700563597509894:-0.13282401837174196 | 0.0035965890097449105 | 0.17806794498258638
-0.13282401837174196 | 0.0035965890097449105 | 0.17806794498258638 | -0.21633205848320136 | -0.700563597509894:-0.1438423537543021 | 0.005715765151917296 | 0.1793233450678957
-0.1438423537543021 | 0.005715765151917296 | 0.1793233450678957 | -0.21633205848320136 | -0.700563597509894:-0.15505569416360898 | 0.007911403004327244 | 0.17993367342953626
-0.15505569416360898 | 0.007911403004327244 | 0.17993367342953626 | -0.21633205848320136 | -0.700563597509894:-0.1664314326182208 | 0.01017336580692052 | 0.17988804555806182
-0.1664314326182208 | 0.01017336580692052 | 0.17988804555806182 | -0.21633205848320136 | -0.700563597509894:-0.1779365837157474 | 0.012491392178817673 | 0.17917725073701485
-0.1779365837157474 | 0.012491392178817673 | 0.17917725073701485 | -0.21633205848320136 | -0.700563597509894:-0.18953785713994598 | 0.014855118748905438 | 0.17779376190393803
-0.18953785713994598 | 0.014855118748905438 | 0.17779376190393803 | -0.21633205848320136 | -0.700563597509894:-0.20120173117747497 | 0.017254102807610083 | 0.17573174216936982
-0.20120173117747497 | 0.017254102807610083 | 0.17573174216936982 | -0.21633205848320136 | -0.700563597509894:-0.2128945261123758 | 0.01967784493902447 | 0.17298704801168752
-0.2128945261123758 | 0.01967784493902447 | 0.17298704801168752 | -0.21633205848320136 | -0.700563597509894:-0.22458247736779313 | 0.022115811592965717 | 0.16955722917110538
-0.22458247736779313 | 0.022115811592965717 | 0.16955722917110538 | -0.21633205848320136 | -0.700563597509894:-0.2362318082660857 | 0.02455745755702421 | 0.16544152527148626
-0.2362318082660857 | 0.02455745755702421 | 0.16544152527148626 | -0.21633205848320136 | -0.700563597509894:-0.2478088022803071 | 0.02699224828920266 | 0.16064085920388482
-0.2478088022803071 | 0.02699224828920266 | 0.16064085920388482 | -0.21633205848320136 | -0.700563597509894:-0.2592798746520537 | 0.029409682072329302 | 0.15515782731088912
-0.2592798746520537 | 0.029409682072329302 | 0.15515782731088912 | -0.21633205848320136 | -0.700563597509894:-0.27061164325286535 | 0.03179931195209207 | 0.14899668641586938
-0.27061164325286535 | 0.03179931195209207 | 0.14899668641586938 | -0.21633205848320136 | -0.700563597509894:-0.2817709985687582 | 0.034150767421236794 | 0.14216333774614665
-0.2817709985687582 | 0.034150767421236794 | 0.14216333774614665 | -0.21633205848320136 | -0.700563597509894:-0.29272517268998266 | 0.036453775813239275 | 0.13466530780392727
-0.29272517268998266 | 0.036453775813239275 | 0.13466530780392727 | -0.21633205848320136 | -0.700563597509894:-0.3034418071908389 | 0.038698183369568095 | 0.12651172624347318
-0.3034418071908389 | 0.038698183369568095 | 0.12651172624347318 | -0.21633205848320136 | -0.700563597509894:-0.3138890197872337 | 0.040873975945518004 | 0.11771330081753195
-0.3138890197872337 | 0.040873975945518004 | 0.11771330081753195 | -0.21633205848320136 | -0.700563597509894:-0.32403546966269126 | 0.04297129932050403 | 0.10828228946043339
-0.32403546966269126 | 0.04297129932050403 | 0.10828228946043339 | -0.21633205848320136 | -0.700563597509894:-0.3338504213566944 | 0.04498047907966107 | 0.09823246957949205
-0.3338504213566944 | 0.04498047907966107 | 0.09823246957949205 | -0.21633205848320136 | -0.700563597509894:-0.3433038071125569 | 0.04689204003459513 | 0.08757910463044549
-0.3433038071125569 | 0.04689204003459513 | 0.08757910463044549 | -0.9997716065187934 | 0.46536198393579964:-0.3473659039465069 | 0.05213038357487598 | 0.09476472146502868
-0.3473659039465069 | 0.05213038357487598 | 0.09476472146502868 | -0.9997716065187934 | 0.46536198393579964:-0.35116557295616513 | 0.05779368805873902 | 0.10184878009332543
-0.35116557295616513 | 0.05779368805873902 | 0.10184878009332543 | -0.9997716065187934 | 0.46536198393579964:-0.3547050933690361 | 0.06387931959802468 | 0.10879732330156067
-0.3547050933690361 | 0.06387931959802468 | 0.10879732330156067 | -0.9997716065187934 | 0.46536198393579964:-0.357987695754451 | 0.07038258217838134 | 0.11557654621200797
-0.357987695754451 | 0.07038258217838134 | 0.11557654621200797 | -0.9997716065187934 | 0.46536198393579964:-0.36101755562982074 | 0.077296727840864 | 0.12215294421627299
-0.36101755562982074 | 0.077296727840864 | 0.12215294421627299 | 0.24648989428314527 | -0.9070704388152613:-0.3719824077748548 | 0.07697636677846365 | 0.108277117904783
-0.3719824077748548 | 0.07697636677846365 | 0.108277117904783 | 0.24648989428314527 | -0.9070704388152613:-0.38231918590401115 | 0.07679460006672326 | 0.09365315926254869
-0.38231918590401115 | 0.07679460006672326 | 0.09365315926254869 | 0.24648989428314527 | -0.9070704388152613:-0.39198276597196013 | 0.07676416546638394 | 0.07831403345662036
-0.39198276597196013 | 0.07676416546638394 | 0.07831403345662036 | 0.24648989428314527 | -0.9070704388152613:-0.40092979316190913 | 0.0768973340754769 | 0.0622954287229982
-0.40092979316190913 | 0.0768973340754769 | 0.0622954287229982 | 0.24648989428314527 | -0.9070704388152613:-0.40911882577448644 | 0.07720587061024521 | 0.04563565056952257
-0.40911882577448644 | 0.07720587061024521 | 0.04563565056952257 | 0.24648989428314527 | -0.9070704388152613:-0.4165104731432159 | 0.07770099526072437 | 0.028375508183366094
-0.4165104731432159 | 0.07770099526072437 | 0.028375508183366094 | 0.24648989428314527 | -0.9070704388152613:-0.42306752720110197 | 0.07839334722521152 | 0.010558193400383331
-0.42306752720110197 | 0.07839334722521152 | 0.010558193400383331 | 0.24648989428314527 | -0.9070704388152613:-0.42875508734235623 | 0.07929295002264675 | -0.007770847387748248
-0.42875508734235623 | 0.07929295002264675 | -0.007770847387748248 | 0.24648989428314527 | -0.9070704388152613:-0.4335406782438085 | 0.08040917867649006 | -0.026564047995121243
-0.4335406782438085 | 0.08040917867649006 | -0.026564047995121243 | 0.24648989428314527 | -0.9070704388152613:-0.4373943603316448 | 0.08175072885802648 | -0.04577186346204787
-0.4373943603316448 | 0.08175072885802648 | -0.04577186346204787 | 0.18631400776217166 | -0.7597228772367368:-0.4407487718226424 | 0.08318887084225335 | -0.062347721976286685
-0.4407487718226424 | 0.08318887084225335 | -0.062347721976286685 | 0.18631400776217166 | -0.7597228772367368:-0.44338591180438414 | 0.08477818500317469 | -0.07920960896552476
-0.44338591180438414 | 0.08477818500317469 | -0.07920960896552476 | 0.18631400776217166 | -0.7597228772367368:-0.44528946426669513 | 0.08652306461914983 | -0.09632347198105418
-0.44528946426669513 | 0.08652306461914983 | -0.09632347198105418 | 0.18631400776217166 | -0.7597228772367368:-0.4464446798323465 | 0.08842752029897583 | -0.11365443736786673
-0.4464446798323465 | 0.08842752029897583 | -0.11365443736786673 | 0.18631400776217166 | -0.7597228772367368:-0.44683840988671797 | 0.09049517128191353 | -0.13116688634198503
-0.44683840988671797 | 0.09049517128191353 | -0.13116688634198503 | 0.18631400776217166 | -0.7597228772367368:-0.446459137279378 | 0.09272923757178253 | -0.14882453242154448
-0.446459137279378 | 0.09272923757178253 | -0.14882453242154448 | 0.18631400776217166 | -0.7597228772367368:-0.44529700355313473 | 0.09513253291676294 | -0.16659050005189258
-0.44529700355313473 | 0.09513253291676294 | -0.16659050005189258 | 0.18631400776217166 | -0.7597228772367368:-0.44334383266299504 | 0.09770745864487718 | -0.18442740426368687
-0.44334383266299504 | 0.09770745864487718 | -0.18442740426368687 | 0.18631400776217166 | -0.7597228772367368:-0.4405931511542782 | 0.10045599836344232 | -0.20229743120197607
-0.4405931511542782 | 0.10045599836344232 | -0.20229743120197607 | 0.18631400776217166 | -0.7597228772367368:-0.437040204776018 | 0.1033797135291068 | -0.2201624193635956
-0.437040204776018 | 0.1033797135291068 | -0.2201624193635956 | 0.9764214448849005 | 0.502914256004126:-0.4467243119860953 | 0.11514009680955462 | -0.20583519383660143
-0.4467243119860953 | 0.11514009680955462 | -0.20583519383660143 | 0.9764214448849005 | 0.502914256004126:-0.4560347927103088 | 0.12627293661926497 | -0.19052387485807998
-0.4560347927103088 | 0.12627293661926497 | -0.19052387485807998 | 0.9764214448849005 | 0.502914256004126:-0.4649429941935814 | 0.13672089263715548 | -0.17426789250717167
-0.4649429941935814 | 0.13672089263715548 | -0.17426789250717167 | 0.9764214448849005 | 0.502914256004126:-0.47342134402958536 | 0.1464286299514428 | -0.15711076514182132
-0.47342134402958536 | 0.1464286299514428 | -0.15711076514182132 | 0.9764214448849005 | 0.502914256004126:-0.4814434655616253 | 0.1553430464730594 | -0.13909996011162473
-0.4814434655616253 | 0.1553430464730594 | -0.13909996011162473 | 0.9764214448849005 | 0.502914256004126:-0.4889842890710696 | 0.16341349254948678 | -0.12028673892829111
-0.4889842890710696 | 0.16341349254948678 | -0.12028673892829111 | 0.9764214448849005 | 0.502914256004126:-0.4960201583352415 | 0.17059198195313074 | -0.10072598746900496
-0.4960201583352415 | 0.17059198195313074 | -0.10072598746900496 | 0.9764214448849005 | 0.502914256004126:-0.5025289321544264 | 0.1768333934514441 | -0.08047603184182117
-0.5025289321544264 | 0.1768333934514441 | -0.08047603184182117 | 0.9764214448849005 | 0.502914256004126:-0.508490080466693 | 0.18209566220180706 | -0.05959844059363961
-0.508490080466693 | 0.18209566220180706 | -0.05959844059363961 | 0.9764214448849005 | 0.502914256004126:-0.5138847746896644 | 0.1863399602525906 | -0.038157813990119305
-0.5138847746896644 | 0.1863399602525906 | -0.038157813990119305 | 0.9764214448849005 | 0.502914256004126:-0.5186959719499811 | 0.18953086547267173 | -0.01622156114295903
-0.5186959719499811 | 0.18953086547267173 | -0.01622156114295903 | 0.9764214448849005 | 0.502914256004126:-0.5229084928839249 | 0.19163651827481853 | 0.006140334196904629
-0.5229084928839249 | 0.19163651827481853 | 0.006140334196904629 | 0.9764214448849005 | 0.502914256004126:-0.5265090927165694 | 0.19262876554366137 | 0.028855558321517538
-0.5265090927165694 | 0.19262876554366137 | 0.028855558321517538 | 0.9764214448849005 | 0.502914256004126:-0.5294865253515368 | 0.19248329122620067 | 0.05184972182798431
-0.5294865253515368 | 0.19248329122620067 | 0.05184972182798431 | 0.9764214448849005 | 0.502914256004126:-0.531831600229193 | 0.19117973309186453 | 0.07504662253119232
-0.531831600229193 | 0.19117973309186453 | 0.07504662253119232 | 0.9764214448849005 | 0.502914256004126:-0.5335372317375366 | 0.18870178521977987 | 0.09836851606777808
-0.5335372317375366 | 0.18870178521977987 | 0.09836851606777808 | 0.9764214448849005 | 0.502914256004126:-0.5345984809872455 | 0.1850372858230349 | 0.12173639320516472
-0.5345984809872455 | 0.1850372858230349 | 0.12173639320516472 | 0.9764214448849005 | 0.502914256004126:-0.5350125897900639 | 0.18017829007303465 | 0.14507026284635405
-0.5350125897900639 | 0.18017829007303465 | 0.14507026284635405 | 0.9764214448849005 | 0.502914256004126:-0.5347790067079927 | 0.17412112764147647 | 0.16828943970161614
-0.5347790067079927 | 0.17412112764147647 | 0.16828943970161614 | 0.9764214448849005 | 0.502914256004126:-0.5338994050694268 | 0.1668664447327055 | 0.19131283558237122
-0.5338994050694268 | 0.1668664447327055 | 0.19131283558237122 | 0.9764214448849005 | 0.502914256004126:-0.5323776928772794 | 0.15841923043517525 | 0.21405925326047726
-0.5323776928772794 | 0.15841923043517525 | 0.21405925326047726 | 0.9764214448849005 | 0.502914256004126:-0.5302200145633904 | 0.1487888272771114 | 0.23644768182775344
-0.5302200145633904 | 0.1487888272771114 | 0.23644768182775344 | 0.9764214448849005 | 0.502914256004126:-0.5274347445725951 | 0.13798892592817147 | 0.25839759248602334
-0.5274347445725951 | 0.13798892592817147 | 0.25839759248602334 | 0.9764214448849005 | 0.502914256004126:-0.5240324727892727 | 0.12603754404563894 | 0.2798292336971624
-0.5240324727892727 | 0.12603754404563894 | 0.2798292336971624 | 0.9764214448849005 | 0.502914256004126:-0.5200259818481285 | 0.11295698932033105 | 0.3006639246256073
-0.5200259818481285 | 0.11295698932033105 | 0.3006639246256073 | 0.9634877567756561 | 0.19970254932948617:-0.5202353204201167 | 0.09897281197505237 | 0.31290961576426746
-0.5202353204201167 | 0.09897281197505237 | 0.31290961576426746 | 0.9634877567756561 | 0.19970254932948617:-0.5202763716145746 | 0.08431389457816696 | 0.32450937479111364
-0.5202763716145746 | 0.08431389457816696 | 0.32450937479111364 | 0.9634877567756561 | 0.19970254932948617:-0.5201560931797182 | 0.06901133870497755 | 0.33542401195090665
-0.5201560931797182 | 0.06901133870497755 | 0.33542401195090665 | 0.9634877567756561 | 0.19970254932948617:-0.5198818742206655 | 0.053098382338087724 | 0.34561598128063586
-0.5198818742206655 | 0.053098382338087724 | 0.34561598128063586 | 0.9634877567756561 | 0.19970254932948617:-0.5194615167710559 | 0.0366103136555509 | 0.3550494996266069
-0.5194615167710559 | 0.0366103136555509 | 0.3550494996266069 | 0.9634877567756561 | 0.19970254932948617:-0.5189032160956373 | 0.019584378579664552 | 0.3636906607994774
-0.5189032160956373 | 0.019584378579664552 | 0.3636906607994774 | 0.9634877567756561 | 0.19970254932948617:-0.5182155397806554 | 0.002059682352779646 | 0.37150754453408474
-0.5182155397806554 | 0.002059682352779646 | 0.37150754453408474 | 0.9634877567756561 | 0.19970254932948617:-0.5174074056723867 | -0.015922914576757208 | 0.3784703199362234
-0.5174074056723867 | -0.015922914576757208 | 0.3784703199362234 | 0.9634877567756561 | 0.19970254932948617:-0.5164880587271412 | -0.034320906059627454 | 0.38455134311473493
-0.5164880587271412 | -0.034320906059627454 | 0.38455134311473493 | 0.9634877567756561 | 0.19970254932948617:-0.5154670468393547 | -0.05309025482758756 | 0.38972524871424064
-0.5154670468393547 | -0.05309025482758756 | 0.38972524871424064 | 0.9634877567756561 | 0.19970254932948617:-0.5143541957169759 | -0.07218551182461397 | 0.3939690350816001
-0.5143541957169759 | -0.07218551182461397 | 0.3939690350816001 | 0.9634877567756561 | 0.19970254932948617:-0.5131595828760851 | -0.09155993994608025 | 0.39726214281759376
-0.5131595828760851 | -0.09155993994608025 | 0.39726214281759376 | 0.9634877567756561 | 0.19970254932948617:-0.5118935108290685 | -0.11116564183282485 | 0.3995865264844447
-0.5118935108290685 | -0.11116564183282485 | 0.3995865264844447 | 0.9634877567756561 | 0.19970254932948617:-0.5105664795429803 | -0.13095369135586488 | 0.4009267192594361
-0.5105664795429803 | -0.13095369135586488 | 0.4009267192594361 | 0.9634877567756561 | 0.19970254932948617:-0.509189158246393 | -0.15087426841746598 | 0.4012698903451106
-0.509189158246393 | -0.15087426841746598 | 0.4012698903451106 | -0.46426250953917947 | -0.2459815095922313:-0.5167102390416787 | -0.14223065584211625 | 0.4003719499784353
-0.5167102390416787 | -0.14223065584211625 | 0.4003719499784353 | -0.46426250953917947 | -0.2459815095922313:-0.524215783067504 | -0.13355692927536733 | 0.39914539993903553
-0.524215783067504 | -0.13355692927536733 | 0.39914539993903553 | -0.46426250953917947 | -0.2459815095922313:-0.5317013062815477 | -0.12486209407894577 | 0.3975890095088488
-0.5317013062815477 | -0.12486209407894577 | 0.3975890095088488 | -0.46426250953917947 | -0.2459815095922313:-0.5391623070217904 | -0.11615518690679316 | 0.3957018579860154
-0.5391623070217904 | -0.11615518690679316 | 0.3957018579860154 | -0.46426250953917947 | -0.2459815095922313:-0.5465942704374598 | -0.10744526740387972 | 0.39348333523510703
-0.5465942704374598 | -0.10744526740387972 | 0.39348333523510703 | -0.46426250953917947 | -0.2459815095922313:-0.5539926729140987 | -0.09874140991232405 | 0.3909331419603532
-0.5539926729140987 | -0.09874140991232405 | 0.3909331419603532 | -0.46426250953917947 | -0.2459815095922313:-0.5613529864891689 | -0.09005269519171932 | 0.38805128970300906
-0.5613529864891689 | -0.09005269519171932 | 0.38805128970300906 | -0.46426250953917947 | -0.2459815095922313:-0.5686706832544246 | -0.0813882021605643 | 0.38483810056429313
-0.5686706832544246 | -0.0813882021605643 | 0.38483810056429313 | -0.46426250953917947 | -0.2459815095922313:-0.575941239741617 | -0.07275699966559657 | 0.38129420665545766
-0.575941239741617 | -0.07275699966559657 | 0.38129420665545766 | -0.46426250953917947 | -0.2459815095922313:-0.5831601412877987 | -0.06416813828578327 | 0.37742054927679014
-0.5831601412877987 | -0.06416813828578327 | 0.37742054927679014 | -0.46426250953917947 | -0.2459815095922313:-0.5903228863768746 | -0.055630642177662004 | 0.3732183778275715
-0.5903228863768746 | -0.055630642177662004 | 0.3732183778275715 | -0.46426250953917947 | -0.2459815095922313:-0.597424990953769 | -0.04715350096863169 | 0.3686892484491935
-0.597424990953769 | -0.04715350096863169 | 0.3686892484491935 | -0.46426250953917947 | -0.2459815095922313:-0.604461992707833 | -0.0387456617047377 | 0.3638350224038014
-0.604461992707833 | -0.0387456617047377 | 0.3638350224038014 | -0.46426250953917947 | -0.2459815095922313:-0.61142945532211 | -0.030416020859399318 | 0.358657864191116
-0.61142945532211 | -0.030416020859399318 | 0.358657864191116 | -0.46426250953917947 | -0.2459815095922313:-0.6183229726850286 | -0.022173416409454028 | 0.35316023940617924
-0.6183229726850286 | -0.022173416409454028 | 0.35316023940617924 | -0.46426250953917947 | -0.2459815095922313:-0.6251381730612877 | -0.014026619984798927 | 0.3473449123410184
-0.6251381730612877 | -0.014026619984798927 | 0.3473449123410184 | -0.46426250953917947 | -0.2459815095922313:-0.6318707232186682 | -0.005984329097805663 | 0.34121494333337665
-0.6318707232186682 | -0.005984329097805663 | 0.34121494333337665 | -0.46426250953917947 | -0.2459815095922313:-0.6385163325074998 | 0.0019448405413879932 | 0.33477368586589407
-0.6385163325074998 | 0.0019448405413879932 | 0.33477368586589407 | -0.46426250953917947 | -0.2459815095922313:-0.6450707568897798 | 0.009752362617735155 | 0.3280247834191883
-0.6450707568897798 | 0.009752362617735155 | 0.3280247834191883 | -0.46426250953917947 | -0.2459815095922313:-0.651529802914645 | 0.017429807706395906 | 0.3209721660825906
-0.651529802914645 | 0.017429807706395906 | 0.3209721660825906 | -0.03517386136171541 | 0.6939563357198808:-0.6424131663140713 | 0.018062009969686876 | 0.3446424778840971
-0.6424131663140713 | 0.018062009969686876 | 0.3446424778840971 | -0.03517386136171541 | 0.6939563357198808:-0.6324109996665257 | 0.018737412965136535 | 0.3680500583783797
-0.6324109996665257 | 0.018737412965136535 | 0.3680500583783797 | -0.03517386136171541 | 0.6939563357198808:-0.6215313266237601 | 0.01945565884131284 | 0.3911611360732543
-0.6215313266237601 | 0.01945565884131284 | 0.3911611360732543 | -0.03517386136171541 | 0.6939563357198808:-0.6097834624297462 | 0.020216323853560425 | 0.41394221601124315
-0.6097834624297462 | 0.020216323853560425 | 0.41394221601124315 | -0.03517386136171541 | 0.6939563357198808:-0.5971780030061922 | 0.02101891887572016 | 0.43636012906709354
-0.5971780030061922 | 0.02101891887572016 | 0.43636012906709354 | -0.4764437109969868 | -0.9883006555533513:-0.6201443908261766 | 0.03151742189644047 | 0.4071322829699504
-0.6201443908261766 | 0.03151742189644047 | 0.4071322829699504 | -0.4764437109969868 | -0.9883006555533513:-0.6416723356243992 | 0.041349235429136044 | 0.37643899788596613
-0.6416723356243992 | 0.041349235429136044 | 0.37643899788596613 | -0.4764437109969868 | -0.9883006555533513:-0.6616853469770234 | 0.050476355280479446 | 0.34436785164950834
-0.6616853469770234 | 0.050476355280479446 | 0.34436785164950834 | -0.4764437109969868 | -0.9883006555533513:-0.6801114005165445 | 0.05886287163212778 | 0.3110113938323913
-0.6801114005165445 | 0.05886287163212778 | 0.3110113938323913 | -0.4764437109969868 | -0.9883006555533513:-0.6968831960756674 | 0.06647509682822683 | 0.2764668628986371
-0.6968831960756674 | 0.06647509682822683 | 0.2764668628986371 | 0.6806352061699554 | -0.4448966679506614:-0.705216868947538 | 0.05721717868722198 | 0.2638631820025559
-0.705216868947538 | 0.05721717868722198 | 0.2638631820025559 | 0.6806352061699554 | -0.4448966679506614:-0.7132567884555883 | 0.04836236954924722 | 0.2507157217326963
-0.7132567884555883 | 0.04836236954924722 | 0.2507157217326963 | 0.6806352061699554 | -0.4448966679506614:-0.7209900806264358 | 0.039931082696018194 | 0.2370448129820275
-0.7209900806264358 | 0.039931082696018194 | 0.2370448129820275 | 0.6806352061699554 | -0.4448966679506614:-0.728404347575939 | 0.031943017442586985 | 0.22287185238020868
-0.728404347575939 | 0.031943017442586985 | 0.22287185238020868 | 0.6806352061699554 | -0.4448966679506614:-0.7354876927185003 | 0.024417119969991852 | 0.20821926496459753
-0.7354876927185003 | 0.024417119969991852 | 0.20821926496459753 | 0.6806352061699554 | -0.4448966679506614:-0.7422287450513281 | 0.017371545538750865 | 0.1931104648463844
-0.7422287450513281 | 0.017371545538750865 | 0.1931104648463844 | 0.6806352061699554 | -0.4448966679506614:-0.7486166824678051 | 0.010823622154484625 | 0.17756981394679272
-0.7486166824678051 | 0.010823622154484625 | 0.17756981394679272 | 0.6806352061699554 | -0.4448966679506614:-0.754641254056196 | 0.004789815754150162 | 0.1616225788819321
-0.754641254056196 | 0.004789815754150162 | 0.1616225788819321 | 0.6806352061699554 | -0.4448966679506614:-0.7602928013416701 | -7.143030216214541E-4 | 0.14529488607817598
-0.7602928013416701 | -7.143030216214541E-4 | 0.14529488607817598 | 0.6806352061699554 | -0.4448966679506614:-0.7655622784319007 | -0.005674090407620014 | 0.12861367520305222
-0.7655622784319007 | -0.005674090407620014 | 0.12861367520305222 | 0.6806352061699554 | -0.4448966679506614:-0.7704412710283748 | -0.010075859385315411 | 0.11160665099983547
-0.7704412710283748 | -0.010075859385315411 | 0.11160665099983547 | 0.6806352061699554 | -0.4448966679506614:-0.774922014267851 | -0.013906907790265599 | 0.09430223361671963
-0.774922014267851 | -0.013906907790265599 | 0.09430223361671963 | 0.6806352061699554 | -0.4448966679506614:-0.7789974093606205 | -0.017155544603040696 | 0.07672950752419538
-0.7789974093606205 | -0.017155544603040696 | 0.07672950752419538 | 0.6806352061699554 | -0.4448966679506614:-0.782661038994533 | -0.01981111437447769 | 0.058918169116804364
-0.782661038994533 | -0.01981111437447769 | 0.058918169116804364 | 0.6806352061699554 | -0.4448966679506614:-0.7859071814758778 | -0.021864019739622265 | 0.040898473097627175
-0.7859071814758778 | -0.021864019739622265 | 0.040898473097627175 | 0.6806352061699554 | -0.4448966679506614:-0.7887308235810195 | -0.02330574197832025 | 0.02270117774620317
-0.7887308235810195 | -0.02330574197832025 | 0.02270117774620317 | 0.6806352061699554 | -0.4448966679506614:-0.7911276720947029 | -0.02412885958411959 | 0.004357489172292617
-0.7911276720947029 | -0.02412885958411959 | 0.004357489172292617 | 0.6806352061699554 | -0.4448966679506614:-0.7930941640135529 | -0.024327064806868748 | -0.014100995340189826
-0.7930941640135529 | -0.024327064806868748 | -0.014100995340189826 | 0.6806352061699554 | -0.4448966679506614:-0.7946274753959273 | -0.023895178138215734 | -0.03264234479322781
-0.7946274753959273 | -0.023895178138215734 | -0.03264234479322781 | 0.6806352061699554 | -0.4448966679506614:-0.7957255288416434 | -0.022829160713035535 | -0.05123435263160658
-0.7957255288416434 | -0.022829160713035535 | -0.05123435263160658 | 0.6806352061699554 | -0.4448966679506614:-0.7963869995876536 | -0.02112612460373331 | -0.06984459548824518
-0.7963869995876536 | -0.02112612460373331 | -0.06984459548824518 | 0.6806352061699554 | -0.4448966679506614:-0.7966113202084273 | -0.018784340988259096 | -0.08844049240871144
-0.7966113202084273 | -0.018784340988259096 | -0.08844049240871144 | 0.6806352061699554 | -0.4448966679506614:-0.7963986839123862 | -0.01580324617664708 | -0.10698936444480367
-0.7963986839123862 | -0.01580324617664708 | -0.10698936444480367 | 0.6806352061699554 | -0.4448966679506614:-0.7957500464281679 | -0.012183445484836852 | -0.12545849450660995
-0.7957500464281679 | -0.012183445484836852 | -0.12545849450660995 | 0.6806352061699554 | -0.4448966679506614:-0.7946671264772078 | -0.00792671494853181 | -0.1438151873620157
-0.7946671264772078 | -0.00792671494853181 | -0.1438151873620157 | 0.6806352061699554 | -0.4448966679506614:-0.7931524048319574 | -0.003036000873824385 | -0.1620268296726053
-0.7931524048319574 | -0.003036000873824385 | -0.1620268296726053 | 0.6806352061699554 | -0.4448966679506614:-0.7912091219611597 | 0.0024845827746986515 | -0.1800609499547967
-0.7912091219611597 | 0.0024845827746986515 | -0.1800609499547967 | 0.6806352061699554 | -0.4448966679506614:-0.7888412742666162 | 0.008629759143669702 | -0.1978852783554501
-0.7888412742666162 | 0.008629759143669702 | -0.1978852783554501 | 0.6806352061699554 | -0.4448966679506614:-0.7860536089184365 | 0.015393095409843127 | -0.2154678061315458
-0.7860536089184365 | 0.015393095409843127 | -0.2154678061315458 | 0.6806352061699554 | -0.4448966679506614:-0.7828516172979221 | 0.02276701183559382 | -0.23277684472424198
-0.7828516172979221 | 0.02276701183559382 | -0.23277684472424198 | -0.20834196471707078 | 0.1277816666378302:-0.7860805930042716 | 0.020386509663554264 | -0.22850548882369282
-0.7860805930042716 | 0.020386509663554264 | -0.22850548882369282 | -0.20834196471707078 | 0.1277816666378302:-0.7892676895714459 | 0.0180449080045868 | -0.22417324257653348
-0.7892676895714459 | 0.0180449080045868 | -0.22417324257653348 | -0.20834196471707078 | 0.1277816666378302:-0.7924125651911993 | 0.015743059332711695 | -0.21978097415209774
-0.7924125651911993 | 0.015743059332711695 | -0.21978097415209774 | -0.20834196471707078 | 0.1277816666378302:-0.7955148844485365 | 0.013481802849176994 | -0.21532956279119375
-0.7955148844485365 | 0.013481802849176994 | -0.21532956279119375 | -0.20834196471707078 | 0.1277816666378302:-0.7985743183837997 | 0.011261964409157166 | -0.21081989857736616
-0.7985743183837997 | 0.011261964409157166 | -0.21081989857736616 | -0.37784955448092106 | -0.6133767034346072:-0.7933965183499083 | 0.007292610099866259 | -0.23587912280692436
-0.7933965183499083 | 0.007292610099866259 | -0.23587912280692436 | -0.37784955448092106 | -0.6133767034346072:-0.7874226621209459 | 0.002841132650533318 | -0.2607340063172856
-0.7874226621209459 | 0.002841132650533318 | -0.2607340063172856 | -0.37784955448092106 | -0.6133767034346072:-0.780658628607668 | -0.00208927919198576 | -0.28534951880813253
-0.780658628607668 | -0.00208927919198576 | -0.28534951880813253 | -0.37784955448092106 | -0.6133767034346072:-0.7731114274476312 | -0.007494736932602386 | -0.3096908650121897
-0.7731114274476312 | -0.007494736932602386 | -0.3096908650121897 | -0.37784955448092106 | -0.6133767034346072:-0.7647891910531257 | -0.013370656758381116 | -0.3337235353115062
-0.7647891910531257 | -0.013370656758381116 | -0.3337235353115062 | 0.5417735185139916 | 0.6218049497278622:-0.7763371115725164 | -0.004335306798803451 | -0.3106428911691488
-0.7763371115725164 | -0.004335306798803451 | -0.3106428911691488 | 0.5417735185139916 | 0.6218049497278622:-0.7871574599809321 | 0.004088152159589242 | -0.2869245779163414
-0.7871574599809321 | 0.004088152159589242 | -0.2869245779163414 | 0.5417735185139916 | 0.6218049497278622:-0.7972295926162616 | 0.011881061179794372 | -0.26260837094300626
-0.7972295926162616 | 0.011881061179794372 | -0.26260837094300626 | 0.5417735185139916 | 0.6218049497278622:-0.8065341481678132 | 0.019025863583170377 | -0.2377352535118149
-0.8065341481678132 | 0.019025863583170377 | -0.2377352535118149 | 0.5417735185139916 | 0.6218049497278622:-0.8150530863470493 | 0.025506139616075174 | -0.21234734387924092
-0.8150530863470493 | 0.025506139616075174 | -0.21234734387924092 | -0.23515527345853182 | 0.7445104066030233:-0.8239376838497492 | 0.023050668114859008 | -0.18249162048213563
-0.8239376838497492 | 0.023050668114859008 | -0.18249162048213563 | -0.23515527345853182 | 0.7445104066030233:-0.831700130058266 | 0.02094200296337867 | -0.1522393937204427
-0.831700130058266 | 0.02094200296337867 | -0.1522393937204427 | -0.23515527345853182 | 0.7445104066030233:-0.8383244368560128 | 0.01918552168343357 | -0.12163753706738945
-0.8383244368560128 | 0.01918552168343357 | -0.12163753706738945 | -0.23515527345853182 | 0.7445104066030233:-0.8437964243698275 | 0.017786034324569933 | -0.09073362685555963
-0.8437964243698275 | 0.017786034324569933 | -0.09073362685555963 | -0.23515527345853182 | 0.7445104066030233:-0.8481037480400175 | 0.016747774465021514 | -0.05957586486782773
-0.8481037480400175 | 0.016747774465021514 | -0.05957586486782773 | -0.30750048497578786 | 0.09297830892341685:-0.8498656291354934 | 0.015857707206613725 | -0.055981255450088696
-0.8498656291354934 | 0.015857707206613725 | -0.055981255450088696 | -0.30750048497578786 | 0.09297830892341685:-0.8515962279266063 | 0.015021231557254211 | -0.052357791813197
-0.8515962279266063 | 0.015021231557254211 | -0.052357791813197 | -0.30750048497578786 | 0.09297830892341685:-0.8532955251413341 | 0.01423891608129324 | -0.048706562039328105
-0.8532955251413341 | 0.01423891608129324 | -0.048706562039328105 | -0.30750048497578786 | 0.09297830892341685:-0.8549635060367535 | 0.013511309468684729 | -0.04502866322520305
-0.8549635060367535 | 0.013511309468684729 | -0.04502866322520305 | -0.30750048497578786 | 0.09297830892341685:-0.8566001604464759 | 0.01283894042494893 | -0.04132520110680815
-0.8566001604464759 | 0.01283894042494893 | -0.04132520110680815 | -0.30750048497578786 | 0.09297830892341685:-0.8582054828260084 | 0.012222317567387897 | -0.03759728968308096
-0.8582054828260084 | 0.012222317567387897 | -0.03759728968308096 | -0.30750048497578786 | 0.09297830892341685:-0.8597794722960685 | 0.011661929327527965 | -0.0338460508387044
-0.8597794722960685 | 0.011661929327527965 | -0.0338460508387044 | -0.30750048497578786 | 0.09297830892341685:-0.8613221326839238 | 0.011158243859807015 | -0.030072613966062534
-0.8613221326839238 | 0.011158243859807015 | -0.030072613966062534 | -0.30750048497578786 | 0.09297830892341685:-0.8628334725625848 | 0.01071170895648077 | -0.02627811558654969
-0.8628334725625848 | 0.01071170895648077 | -0.02627811558654969 | -0.30750048497578786 | 0.09297830892341685:-0.8643135052881235 | 0.010322751968762311 | -0.02246369897122591
-0.8643135052881235 | 0.010322751968762311 | -0.02246369897122591 | 0.8625016888673609 | -0.653462757504838:-0.8644845256931717 | 0.011299260492079632 | -0.05029945435599359
