0.0 | 0.0 | 0.0 | -0.535030517973835 | -0.11286978781565837:-5.6414402003687716E-5 | 2.6748335250748045E-4 | 0.009996262805237662
-5.6414402003687716E-5 | 2.6748335250748045E-4 | 0.009996262805237662 | -0.535030517973835 | -0.11286978781565837:-2.2440522560043962E-4 | 0.0010641943607201387 | 0.019870257488450796
-2.2440522560043962E-4 | 0.0010641943607201387 | 0.019870257488450796 | -0.535030517973835 | -0.11286978781565837:-5.019885082256149E-4 | 0.002381020067362627 | 0.029601151193432096
-5.019885082256149E-4 | 0.002381020067362627 | 0.029601151193432096 | -0.535030517973835 | -0.11286978781565837:-8.870431261108727E-4 | 0.004208190713798854 | 0.03916859345609461
-8.870431261108727E-4 | 0.004208190713798854 | 0.03916859345609461 | -0.535030517973835 | -0.11286978781565837:-0.0013773150699020924 | 0.006535299759538371 | 0.04855273492869057
-0.0013773150699020924 | 0.006535299759538371 | 0.04855273492869057 | -0.535030517973835 | -0.11286978781565837:-0.001970421810379333 | 0.009351324339062383 | 0.057734245341254126
-0.001970421810379333 | 0.009351324339062383 | 0.057734245341254126 | -0.535030517973835 | -0.11286978781565837:-0.002663856748945632 | 0.012644646130799297 | 0.06669433069194314
-0.002663856748945632 | 0.012644646130799297 | 0.06669433069194314 | -0.535030517973835 | -0.11286978781565837:-0.0034549937475387643 | 0.016403072613008773 | 0.07541474965875222
-0.0034549937475387643 | 0.016403072613008773 | 0.07541474965875222 | -0.535030517973835 | -0.11286978781565837:-0.004341091732612129 | 0.020613858681283515 | 0.0838778292258624
-0.004341091732612129 | 0.020613858681283515 | 0.0838778292258624 | -0.535030517973835 | -0.11286978781565837:-0.005319299367827549 | 0.025263728602353708 | 0.0920664795186823
-0.005319299367827549 | 0.025263728602353708 | 0.0920664795186823 | -0.8895994810785643 | -0.9915908145588994:-0.010743682712718639 | 0.032106858852486986 | 0.09903435726053866
-0.010743682712718639 | 0.032106858852486986 | 0.09903435726053866 | -0.8895994810785643 | -0.9915908145588994:-0.016894285700680564 | 0.03959929878590818 | 0.10514217051824903
-0.016894285700680564 | 0.03959929878590818 | 0.10514217051824903 | -0.8895994810785643 | -0.9915908145588994:-0.0237076012733013 | 0.04768639316778811 | 0.11029531882964316
-0.0237076012733013 | 0.04768639316778811 | 0.11029531882964316 | -0.8895994810785643 | -0.9915908145588994:-0.031114327427783944 | 0.05630811295950977 | 0.1144069784118602
-0.031114327427783944 | 0.05630811295950977 | 0.1144069784118602 | -0.8895994810785643 | -0.9915908145588994:-0.03903988621535774 | 0.06539950754073487 | 0.11739870443673839
-0.03903988621535774 | 0.06539950754073487 | 0.11739870443673839 | -0.6336299734275086 | -0.7123877079351617:-0.04577012341838346 | 0.07333131092842471 | 0.1207990414195701
-0.04577012341838346 | 0.07333131092842471 | 0.1207990414195701 | -0.6336299734275086 | -0.7123877079351617:-0.052821732884724554 | 0.0815416115419223 | 0.1234004482432689
-0.052821732884724554 | 0.0815416115419223 | 0.1234004482432689 | -0.6336299734275086 | -0.7123877079351617:-0.06015257164904683 | 0.08999358532014778 | 0.12517395046346547
-0.06015257164904683 | 0.08999358532014778 | 0.12517395046346547 | -0.6336299734275086 | -0.7123877079351617:-0.067719347538864 | 0.09864932659387776 | 0.12609420157445306
-0.067719347538864 | 0.09864932659387776 | 0.12609420157445306 | -0.6336299734275086 | -0.7123877079351617:-0.07547778515819009 | 0.10746999457955053 | 0.12613955600010773
-0.07547778515819009 | 0.10746999457955053 | 0.12613955600010773 | -0.3531415426142044 | 0.8555407824720707:-0.07324501520239007 | 0.1146068929512107 | 0.1330560482191554
-0.07324501520239007 | 0.1146068929512107 | 0.1330560482191554 | -0.3531415426142044 | 0.8555407824720707:-0.07045118365744862 | 0.12191474788728549 | 0.1397277637961425
-0.07045118365744862 | 0.12191474788728549 | 0.1397277637961425 | -0.3531415426142044 | 0.8555407824720707:-0.06711108791447762 | 0.12938842412164508 | 0.1461157127011814
-0.06711108791447762 | 0.12938842412164508 | 0.1461157127011814 | -0.3531415426142044 | 0.8555407824720707:-0.06324165249046865 | 0.13702189275833687 | 0.1521819753553224
-0.06324165249046865 | 0.13702189275833687 | 0.1521819753553224 | -0.3531415426142044 | 0.8555407824720707:-0.058861862352861616 | 0.1448082577399208 | 0.15788982864619472
-0.058861862352861616 | 0.1448082577399208 | 0.15788982864619472 | 0.4569112575896217 | -0.5572651064263672:-0.06554584666383467 | 0.14610567761344384 | 0.16503644368874015
-0.06554584666383467 | 0.14610567761344384 | 0.16503644368874015 | 0.4569112575896217 | -0.5572651064263672:-0.07256112915933521 | 0.14706256367330095 | 0.17201299463953612
-0.07256112915933521 | 0.14706256367330095 | 0.17201299463953612 | 0.4569112575896217 | -0.5572651064263672:-0.07990088097049641 | 0.14768490466167394 | 0.1787949837806
-0.07990088097049641 | 0.14768490466167394 | 0.1787949837806 | 0.4569112575896217 | -0.5572651064263672:-0.08755740715684612 | 0.147979398628729 | 0.18535843093347903
-0.08755740715684612 | 0.147979398628729 | 0.18535843093347903 | 0.4569112575896217 | -0.5572651064263672:-0.0955221687946115 | 0.14795343542394868 | 0.1916799202556856
-0.0955221687946115 | 0.14795343542394868 | 0.1916799202556856 | 0.7996358127990633 | 0.030765907171647733:-0.09792417865570768 | 0.14415687988811876 | 0.20320220253215204
-0.09792417865570768 | 0.14415687988811876 | 0.20320220253215204 | 0.7996358127990633 | 0.030765907171647733:-0.1002728603700811 | 0.1396376254088021 | 0.2146683550345707
-0.1002728603700811 | 0.1396376254088021 | 0.2146683550345707 | 0.7996358127990633 | 0.030765907171647733:-0.10256856546038362 | 0.13439735202326553 | 0.2260378140395698
-0.10256856546038362 | 0.13439735202326553 | 0.2260378140395698 | 0.7996358127990633 | 0.030765907171647733:-0.10481172326820931 | 0.12843983271155301 | 0.2372701967821964
-0.10481172326820931 | 0.12843983271155301 | 0.2372701967821964 | 0.7996358127990633 | 0.030765907171647733:-0.1070028402396741 | 0.12177091619018299 | 0.24832540295329153
-0.1070028402396741 | 0.12177091619018299 | 0.24832540295329153 | 0.7996358127990633 | 0.030765907171647733:-0.10914249903244189 | 0.11439850504524718 | 0.25916371490504186
-0.10914249903244189 | 0.11439850504524718 | 0.25916371490504186 | 0.7996358127990633 | 0.030765907171647733:-0.11123135744753587 | 0.10633252928758297 | 0.269745896360325
-0.11123135744753587 | 0.10633252928758297 | 0.269745896360325 | 0.7996358127990633 | 0.030765907171647733:-0.1132701471896016 | 0.09758491542123826 | 0.2800332894262665
-0.1132701471896016 | 0.09758491542123826 | 0.2800332894262665 | 0.7996358127990633 | 0.030765907171647733:-0.11525967245960134 | 0.08816955112475355 | 0.28998790971748
-0.11525967245960134 | 0.08816955112475355 | 0.28998790971748 | 0.7996358127990633 | 0.030765907171647733:-0.11720080838422531 | 0.07810224565281798 | 0.2995725393999278
-0.11720080838422531 | 0.07810224565281798 | 0.2995725393999278 | -0.883743287268359 | -0.9445820623136436:-0.13368482590636876 | 0.09310320789506887 | 0.29582694239026885
-0.13368482590636876 | 0.09310320789506887 | 0.29582694239026885 | -0.883743287268359 | -0.9445820623136436:-0.15018292521341658 | 0.10816011005133319 | 0.290373986341117
-0.15018292521341658 | 0.10816011005133319 | 0.290373986341117 | -0.883743287268359 | -0.9445820623136436:-0.1665984453180509 | 0.12318286176287518 | 0.28319587921345324
-0.1665984453180509 | 0.12318286176287518 | 0.28319587921345324 | -0.883743287268359 | -0.9445820623136436:-0.1828335384620594 | 0.13808003787067502 | 0.2742850111098445
-0.1828335384620594 | 0.13808003787067502 | 0.2742850111098445 | -0.883743287268359 | -0.9445820623136436:-0.19878973793227672 | 0.1527594067221325 | 0.26364408641443315
-0.19878973793227672 | 0.1527594067221325 | 0.26364408641443315 | -0.6352127115708381 | -0.22392292781839473:-0.20519978108530745 | 0.1638707464599065 | 0.2609022274967687
-0.20519978108530745 | 0.1638707464599065 | 0.2609022274967687 | -0.6352127115708381 | -0.22392292781839473:-0.2115879881280378 | 0.17500080764632742 | 0.2575623592353695
-0.2115879881280378 | 0.17500080764632742 | 0.2575623592353695 | -0.6352127115708381 | -0.22392292781839473:-0.21794555143480832 | 0.1861239204757208 | 0.25362267062803934
-0.21794555143480832 | 0.1861239204757208 | 0.25362267062803934 | -0.6352127115708381 | -0.22392292781839473:-0.22426365643431279 | 0.19721438402395108 | 0.24908251750234456
-0.22426365643431279 | 0.19721438402395108 | 0.24908251750234456 | -0.6352127115708381 | -0.22392292781839473:-0.23053349742963247 | 0.20824651110119863 | 0.24394241979450193
-0.23053349742963247 | 0.20824651110119863 | 0.24394241979450193 | -0.6352127115708381 | -0.22392292781839473:-0.23674629330582952 | 0.21919467281572347 | 0.23820405698629088
-0.23674629330582952 | 0.21919467281572347 | 0.23820405698629088 | -0.6352127115708381 | -0.22392292781839473:-0.2428933031026368 | 0.23003334278454446 | 0.23187026172039182
-0.2428933031026368 | 0.23003334278454446 | 0.23187026172039182 | -0.6352127115708381 | -0.22392292781839473:-0.24896584143014877 | 0.24073714092798237 | 0.22494501161694558
-0.24896584143014877 | 0.24073714092798237 | 0.22494501161694558 | -0.6352127115708381 | -0.22392292781839473:-0.25495529370582126 | 0.25128087678611877 | 0.21743341931649063
-0.25495529370582126 | 0.25128087678611877 | 0.21743341931649063 | -0.6352127115708381 | -0.22392292781839473:-0.260853131191503 | 0.2616395922963859 | 0.2093417207766457
-0.260853131191503 | 0.2616395922963859 | 0.2093417207766457 | -0.6352127115708381 | -0.22392292781839473:-0.26665092580968874 | 0.27178860397273663 | 0.2006772618521957
-0.26665092580968874 | 0.27178860397273663 | 0.2006772618521957 | -0.6352127115708381 | -0.22392292781839473:-0.27234036471864176 | 0.28170354442817835 | 0.19144848319035468
-0.27234036471864176 | 0.28170354442817835 | 0.19144848319035468 | -0.6352127115708381 | -0.22392292781839473:-0.2779132646265303 | 0.29136040318378686 | 0.18166490347511122
-0.2779132646265303 | 0.29136040318378686 | 0.18166490347511122 | -0.6352127115708381 | -0.22392292781839473:-0.28336158582525783 | 0.30073556670879853 | 0.17133710105656696
-0.28336158582525783 | 0.30073556670879853 | 0.17133710105656696 | -0.6352127115708381 | -0.22392292781839473:-0.2886774459251873 | 0.30980585763785395 | 0.1604766940031901
-0.2886774459251873 | 0.30980585763785395 | 0.1604766940031901 | -0.6352127115708381 | -0.22392292781839473:-0.2938531332725276 | 0.31854857311302887 | 0.1490963186167953
-0.2938531332725276 | 0.31854857311302887 | 0.1490963186167953 | -0.6352127115708381 | -0.22392292781839473:-0.29888112003173095 | 0.32694152219990436 | 0.13720960645188818
-0.29888112003173095 | 0.32694152219990436 | 0.13720960645188818 | -0.6352127115708381 | -0.22392292781839473:-0.3037540749158536 | 0.3349630623286135 | 0.12483115988281668
-0.3037540749158536 | 0.3349630623286135 | 0.12483115988281668 | -0.6352127115708381 | -0.22392292781839473:-0.30846487554843094 | 0.3425921347124916 | 0.11197652626382748
-0.30846487554843094 | 0.3425921347124916 | 0.11197652626382748 | -0.6352127115708381 | -0.22392292781839473:-0.31300662044107597 | 0.34980829869876384 | 0.09866217072877959
-0.31300662044107597 | 0.34980829869876384 | 0.09866217072877959 | -0.6352127115708381 | -0.22392292781839473:-0.31737264057163017 | 0.356591765007483 | 0.08490544767880337
-0.31737264057163017 | 0.356591765007483 | 0.08490544767880337 | -0.6352127115708381 | -0.22392292781839473:-0.3215565105483975 | 0.3629234278168276 | 0.0707245710076645
-0.3215565105483975 | 0.3629234278168276 | 0.0707245710076645 | -0.6352127115708381 | -0.22392292781839473:-0.3255520593466201 | 0.36878489565473416 | 0.05613858311599529
-0.3255520593466201 | 0.36878489565473416 | 0.05613858311599529 | -0.6352127115708381 | -0.22392292781839473:-0.32935338060409514 | 0.3741585210588152 | 0.041167322766858305
-0.32935338060409514 | 0.3741585210588152 | 0.041167322766858305 | -0.6352127115708381 | -0.22392292781839473:-0.33295484246349716 | 0.379027428968433 | 0.025831391836362627
-0.33295484246349716 | 0.379027428968433 | 0.025831391836362627 | -0.7359454018282343 | -0.4364114393099001:-0.33639783800006917 | 0.38344077691556144 | 0.004647446932979804
-0.33639783800006917 | 0.38344077691556144 | 0.004647446932979804 | -0.7359454018282343 | -0.4364114393099001:-0.33933919062968165 | 0.38703375484763924 | -0.016960984741944074
-0.33933919062968165 | 0.38703375484763924 | -0.016960984741944074 | -0.7359454018282343 | -0.4364114393099001:-0.341766359354315 | 0.3897841895831 | -0.03894799533259885
-0.341766359354315 | 0.3897841895831 | -0.03894799533259885 | -0.7359454018282343 | -0.4364114393099001:-0.34366796717838355 | 0.39167184802469635 | -0.061266331071571756
-0.34366796717838355 | 0.39167184802469635 | -0.061266331071571756 | -0.7359454018282343 | -0.4364114393099001:-0.34503383342581806 | 0.3926784937215064 | -0.08386750519513697
-0.34503383342581806 | 0.3926784937215064 | -0.08386750519513697 | 0.38164822621242744 | -0.8571932261409525:-0.34448028848956547 | 0.3977113407902859 | -0.09188235185367155
-0.34448028848956547 | 0.3977113407902859 | -0.09188235185367155 | 0.38164822621242744 | -0.8571932261409525:-0.34352341447357837 | 0.40287582527261634 | -0.09982234976272153
-0.34352341447357837 | 0.40287582527261634 | -0.09982234976272153 | 0.38164822621242744 | -0.8571932261409525:-0.3421653095789239 | 0.4081717155910791 | -0.10766483993917753
-0.3421653095789239 | 0.4081717155910791 | -0.10766483993917753 | 0.38164822621242744 | -0.8571932261409525:-0.34040918400027387 | 0.41359827968492624 | -0.1153872250434489
-0.34040918400027387 | 0.41359827968492624 | -0.1153872250434489 | 0.38164822621242744 | -0.8571932261409525:-0.3382593566779075 | 0.4191542858832342 | -0.12296703450694935
-0.3382593566779075 | 0.4191542858832342 | -0.12296703450694935 | 0.38164822621242744 | -0.8571932261409525:-0.33572124891443167 | 0.42483800517592485 | -0.13038198938564172
-0.33572124891443167 | 0.42483800517592485 | -0.13038198938564172 | 0.38164822621242744 | -0.8571932261409525:-0.3328013748779277 | 0.43064721487469626 | -0.1376100667617557
-0.3328013748779277 | 0.43064721487469626 | -0.1376100667617557 | 0.38164822621242744 | -0.8571932261409525:-0.3295073290214301 | 0.4365792036522631 | -0.14462956351754208
-0.3295073290214301 | 0.4365792036522631 | -0.14462956351754208 | 0.38164822621242744 | -0.8571932261409525:-0.3258477704567788 | 0.4426307779445864 | -0.15141915930712813
-0.3258477704567788 | 0.4426307779445864 | -0.15141915930712813 | 0.38164822621242744 | -0.8571932261409525:-0.321832404328946 | 0.44879826969726366 | -0.15795797855523297
-0.321832404328946 | 0.44879826969726366 | -0.15795797855523297 | -0.48195475179199 | 0.9204593549529303:-0.33169366078256246 | 0.4481579637939461 | -0.1548800740378038
-0.33169366078256246 | 0.4481579637939461 | -0.1548800740378038 | -0.48195475179199 | 0.9204593549529303:-0.3414307342983065 | 0.4475309267294776 | -0.15129174434514958
-0.3414307342983065 | 0.4475309267294776 | -0.15129174434514958 | -0.48195475179199 | 0.9204593549529303:-0.3510178417502825 | 0.4469311668326341 | -0.14719747113455384
-0.3510178417502825 | 0.4469311668326341 | -0.14719747113455384 | -0.48195475179199 | 0.9204593549529303:-0.36042937598104885 | 0.4463726161741164 | -0.14260343133871167
-0.36042937598104885 | 0.4463726161741164 | -0.14260343133871167 | -0.48195475179199 | 0.9204593549529303:-0.36963999245028134 | 0.44586908512734524 | -0.13751748710801692
-0.36963999245028134 | 0.44586908512734524 | -0.13751748710801692 | -0.48195475179199 | 0.9204593549529303:-0.378624695273178 | 0.44543421718066156 | -0.13194917014427432
-0.378624695273178 | 0.44543421718066156 | -0.13194917014427432 | -0.48195475179199 | 0.9204593549529303:-0.3873589223669214 | 0.44508144414907846 | -0.12590966047389784
-0.3873589223669214 | 0.44508144414907846 | -0.12590966047389784 | -0.48195475179199 | 0.9204593549529303:-0.3958186294268309 | 0.44482394193203945 | -0.11941175972635243
-0.3958186294268309 | 0.44482394193203945 | -0.11941175972635243 | -0.48195475179199 | 0.9204593549529303:-0.403980372457891 | 0.4446745869618809 | -0.11246985900123718
-0.403980372457891 | 0.4446745869618809 | -0.11246985900123718 | -0.48195475179199 | 0.9204593549529303:-0.41182138859230477 | 0.44464591348516436 | -0.10509990142460168
-0.41182138859230477 | 0.44464591348516436 | -0.10509990142460168 | -0.48195475179199 | 0.9204593549529303:-0.4193196749295822 | 0.4447500718162729 | -0.09731933951202443
-0.4193196749295822 | 0.4447500718162729 | -0.09731933951202443 | -0.48195475179199 | 0.9204593549529303:-0.4264540651422166 | 0.44499878769941503 | -0.08914708747239963
-0.4264540651422166 | 0.44499878769941503 | -0.08914708747239963 | -0.48195475179199 | 0.9204593549529303:-0.43320430359745643 | 0.4454033229114849 | -0.08060346860241907
-0.43320430359745643 | 0.4454033229114849 | -0.08060346860241907 | -0.48195475179199 | 0.9204593549529303:-0.4395511167538153 | 0.44597443723406016 | -0.07171015793724145
-0.4395511167538153 | 0.44597443723406016 | -0.07171015793724145 | -0.48195475179199 | 0.9204593549529303:-0.44547628159991604 | 0.4467223519184955 | -0.06249012033774726
-0.44547628159991604 | 0.4467223519184955 | -0.06249012033774726 | -0.48195475179199 | 0.9204593549529303:-0.4509626909127924 | 0.44765671476304547 | -0.05296754420915484
-0.4509626909127924 | 0.44765671476304547 | -0.05296754420915484 | -0.48195475179199 | 0.9204593549529303:-0.45599441512317895 | 0.44878656691583885 | -0.0431677710594478
-0.45599441512317895 | 0.44878656691583885 | -0.0431677710594478 | -0.48195475179199 | 0.9204593549529303:-0.46055676058613315 | 0.4501203115119168 | -0.033117221119097096
-0.46055676058613315 | 0.4501203115119168 | -0.033117221119097096 | -0.48195475179199 | 0.9204593549529303:-0.46463632406693023 | 0.4516656842466702 | -0.02284331525583383
-0.46463632406693023 | 0.4516656842466702 | -0.02284331525583383 | -0.48195475179199 | 0.9204593549529303:-0.46822104326427194 | 0.453429725981799 | -0.012374393429798403
-0.46822104326427194 | 0.453429725981799 | -0.012374393429798403 | -0.48195475179199 | 0.9204593549529303:-0.47130024320543384 | 0.45541875747345273 | -0.0017396299451029051
-0.47130024320543384 | 0.45541875747345273 | -0.0017396299451029051 | -0.48195475179199 | 0.9204593549529303:-0.4738646783611635 | 0.45763835630547334 | 0.00903105423616779
-0.4738646783611635 | 0.45763835630547334 | 0.00903105423616779 | -0.48195475179199 | 0.9204593549529303:-0.47590657034162476 | 0.46009333610362546 | 0.019907081842470475
-0.47590657034162476 | 0.46009333610362546 | 0.019907081842470475 | -0.48195475179199 | 0.9204593549529303:-0.4774196410487228 | 0.4627877280995385 | 0.030857312020520666
-0.4774196410487228 | 0.4627877280995385 | 0.030857312020520666 | -0.48195475179199 | 0.9204593549529303:-0.47839914117440685 | 0.46572476510564087 | 0.04185013515161984
-0.47839914117440685 | 0.46572476510564087 | 0.04185013515161984 | -0.8565123814920603 | 0.7290676766455797:-0.4796459548775509 | 0.46940081906688036 | 0.03948822477623537
-0.4796459548775509 | 0.46940081906688036 | 0.03948822477623537 | -0.8565123814920603 | 0.7290676766455797:-0.48095506745590555 | 0.4729554129043194 | 0.037003278429112996
-0.48095506745590555 | 0.4729554129043194 | 0.037003278429112996 | -0.8565123814920603 | 0.7290676766455797:-0.482331544990128 | 0.47638294267483516 | 0.03440281685990065
-0.482331544990128 | 0.47638294267483516 | 0.03440281685990065 | -0.8565123814920603 | 0.7290676766455797:-0.4837801632823293 | 0.47967813047338836 | 0.03169482340016927
-0.4837801632823293 | 0.47967813047338836 | 0.03169482340016927 | -0.8565123814920603 | 0.7290676766455797:-0.4853053899534743 | 0.4828360460725776 | 0.02888771801443113
-0.4853053899534743 | 0.4828360460725776 | 0.02888771801443113 | -0.4127741351536709 | -0.7007065935228285:-0.48790160321260245 | 0.4855500235027428 | 0.001914954522888479
-0.48790160321260245 | 0.4855500235027428 | 0.001914954522888479 | -0.4127741351536709 | -0.7007065935228285:-0.48952470099319356 | 0.4876842837847839 | -0.025305247613246706
-0.48952470099319356 | 0.4876842837847839 | -0.025305247613246706 | -0.4127741351536709 | -0.7007065935228285:-0.4901630567580533 | 0.48923156437644977 | -0.05272398763213282
-0.4901630567580533 | 0.48923156437644977 | -0.05272398763213282 | -0.4127741351536709 | -0.7007065935228285:-0.48980690470880717 | 0.49018569094611664 | -0.08029169238170475
-0.48980690470880717 | 0.49018569094611664 | -0.08029169238170475 | -0.4127741351536709 | -0.7007065935228285:-0.48844836530921754 | 0.49054159340846226 | -0.10795821247458015
-0.48844836530921754 | 0.49054159340846226 | -0.10795821247458015 | -0.4127741351536709 | -0.7007065935228285:-0.4860814670942055 | 0.4902953197850337 | -0.1356729196861819
-0.4860814670942055 | 0.4902953197850337 | -0.1356729196861819 | -0.4127741351536709 | -0.7007065935228285:-0.48270216472489835 | 0.4894440478643034 | -0.16338480540411293
-0.48270216472489835 | 0.4894440478643034 | -0.16338480540411293 | -0.4127741351536709 | -0.7007065935228285:-0.47830835325756027 | 0.4879860946402914 | -0.19104257993521667
-0.47830835325756027 | 0.4879860946402914 | -0.19104257993521667 | -0.4127741351536709 | -0.7007065935228285:-0.47289987860145644 | 0.4859209235130919 | -0.21859477247560655
-0.47289987860145644 | 0.4859209235130919 | -0.21859477247560655 | -0.4127741351536709 | -0.7007065935228285:-0.46647854414818823 | 0.48324914923891527 | -0.24598983154807375
-0.46647854414818823 | 0.48324914923891527 | -0.24598983154807375 | -0.543541298833716 | 0.8855373854211526:-0.47938722740566675 | 0.4782823995338745 | -0.23907716977172644
-0.47938722740566675 | 0.4782823995338745 | -0.23907716977172644 | -0.543541298833716 | 0.8855373854211526:-0.49199435408142733 | 0.47346017344437286 | -0.2314245659946632
-0.49199435408142733 | 0.47346017344437286 | -0.2314245659946632 | -0.543541298833716 | 0.8855373854211526:-0.5042654623587453 | 0.4688041511471752 | -0.2230485593934146
-0.5042654623587453 | 0.4688041511471752 | -0.2230485593934146 | -0.543541298833716 | 0.8855373854211526:-0.5161668322651423 | 0.46433558506225125 | -0.2139679401141512
-0.5161668322651423 | 0.46433558506225125 | -0.2139679401141512 | -0.543541298833716 | 0.8855373854211526:-0.5276655915897805 | 0.4600752342486416 | -0.20420370296145762
-0.5276655915897805 | 0.4600752342486416 | -0.20420370296145762 | -0.543541298833716 | 0.8855373854211526:-0.538729819531973 | 0.4560433000991182 | -0.1937789942122956
-0.538729819531973 | 0.4560433000991182 | -0.1937789942122956 | -0.543541298833716 | 0.8855373854211526:-0.5493286477604116 | 0.4522593635322565 | -0.18271905170745217
-0.5493286477604116 | 0.4522593635322565 | -0.18271905170745217 | -0.543541298833716 | 0.8855373854211526:-0.5594323585704544 | 0.44874232387630286 | -0.17105113839332198
-0.5594323585704544 | 0.44874232387630286 | -0.17105113839332198 | -0.543541298833716 | 0.8855373854211526:-0.5690124798355924 | 0.44551033963380604 | -0.15880446950678628
-0.5690124798355924 | 0.44551033963380604 | -0.15880446950678628 | -0.543541298833716 | 0.8855373854211526:-0.5780418764590323 | 0.44258077131055273 | -0.146010133615337
-0.5780418764590323 | 0.44258077131055273 | -0.146010133615337 | 0.33305222637653675 | -0.6720511438142804:-0.5750456653953151 | 0.44649371537885685 | -0.15850965126099492
-0.5750456653953151 | 0.44649371537885685 | -0.15850965126099492 | 0.33305222637653675 | -0.6720511438142804:-0.5715951116764373 | 0.45060764555768884 | -0.17086941261902222
-0.5715951116764373 | 0.45060764555768884 | -0.17086941261902222 | 0.33305222637653675 | -0.6720511438142804:-0.567694522299611 | 0.4549208477263633 | -0.18306936804902385
-0.567694522299611 | 0.4549208477263633 | -0.18306936804902385 | 0.33305222637653675 | -0.6720511438142804:-0.5633489338879514 | 0.45943124227337506 | -0.19508963596877393
-0.5633489338879514 | 0.45943124227337506 | -0.19508963596877393 | 0.33305222637653675 | -0.6720511438142804:-0.5585641064233329 | 0.46413638695099024 | -0.20691053604201848
-0.5585641064233329 | 0.46413638695099024 | -0.20691053604201848 | 0.33305222637653675 | -0.6720511438142804:-0.553346515779495 | 0.4690334803267433 | -0.2185126220556235
-0.553346515779495 | 0.4690334803267433 | -0.2185126220556235 | 0.33305222637653675 | -0.6720511438142804:-0.5477033450687756 | 0.47411936582554404 | -0.22987671443262236
-0.5477033450687756 | 0.47411936582554404 | -0.22987671443262236 | 0.33305222637653675 | -0.6720511438142804:-0.5416424748176709 | 0.4793905363554458 | -0.24098393232843263
-0.5416424748176709 | 0.4793905363554458 | -0.24098393232843263 | 0.33305222637653675 | -0.6720511438142804:-0.535172471988524 | 0.48484313950879 | -0.2518157252582953
-0.535172471988524 | 0.48484313950879 | -0.2518157252582953 | 0.33305222637653675 | -0.6720511438142804:-0.5283025778660075 | 0.4904729833300294 | -0.26235390420485727
-0.5283025778660075 | 0.4904729833300294 | -0.26235390420485727 | -0.9897705870676585 | -0.7054487115132535:-0.5194497418573221 | 0.4783418993134916 | -0.30567322410749576
-0.5194497418573221 | 0.4783418993134916 | -0.30567322410749576 | -0.9897705870676585 | -0.7054487115132535:-0.5090463392406903 | 0.46402119844176326 | -0.34811546154291184
-0.5090463392406903 | 0.46402119844176326 | -0.34811546154291184 | -0.9897705870676585 | -0.7054487115132535:-0.49712469643024804 | 0.4475520173716916 | -0.3895131395305067
-0.49712469643024804 | 0.4475520173716916 | -0.3895131395305067 | -0.9897705870676585 | -0.7054487115132535:-0.4837232059071823 | 0.42898408444420966 | -0.4297019784332843
-0.4837232059071823 | 0.42898408444420966 | -0.4297019784332843 | -0.9897705870676585 | -0.7054487115132535:-0.46888620142755144 | 0.40837556097162064 | -0.46852155863473754
-0.46888620142755144 | 0.40837556097162064 | -0.46852155863473754 | -0.9897705870676585 | -0.7054487115132535:-0.4526638091137798 | 0.3857928483612767 | -0.5058159701099053
-0.4526638091137798 | 0.3857928483612767 | -0.5058159701099053 | -0.9897705870676585 | -0.7054487115132535:-0.43511177496827713 | 0.3613103617656037 | -0.5414344462544569
-0.43511177496827713 | 0.3613103617656037 | -0.5414344462544569 | -0.9897705870676585 | -0.7054487115132535:-0.41629126944273764 | 0.33501027108403036 | -0.5752319793950972
-0.41629126944273764 | 0.33501027108403036 | -0.5752319793950972 | -0.9897705870676585 | -0.7054487115132535:-0.3962686697900111 | 0.30698221027444816 | -0.6070699154744204
-0.3962686697900111 | 0.30698221027444816 | -0.6070699154744204 | -0.9897705870676585 | -0.7054487115132535:-0.37511532101530065 | 0.2773229560603667 | -0.6368165254832461
-0.37511532101530065 | 0.2773229560603667 | -0.6368165254832461 | -0.6003733494660479 | -0.24427860664145418:-0.3681910000571804 | 0.2587730261803145 | -0.6511191070219655
-0.3681910000571804 | 0.2587730261803145 | -0.6511191070219655 | -0.6003733494660479 | -0.24427860664145418:-0.3610683307262832 | 0.23974350320505522 | -0.6647869661489767
-0.3610683307262832 | 0.23974350320505522 | -0.6647869661489767 | -0.6003733494660479 | -0.24427860664145418:-0.35375541641153774 | 0.22025384843014706 | -0.6778013532571148
-0.35375541641153774 | 0.22025384843014706 | -0.6778013532571148 | -0.6003733494660479 | -0.24427860664145418:-0.34626060733492636 | 0.20032414246103514 | -0.6901442432376399
-0.34626060733492636 | 0.20032414246103514 | -0.6901442432376399 | -0.6003733494660479 | -0.24427860664145418:-0.33859249079687004 | 0.17997506156721954 | -0.7017983586200192
-0.33859249079687004 | 0.17997506156721954 | -0.7017983586200192 | -0.945749671667026 | -0.2996425692875291:-0.32874598147858336 | 0.14696710035391902 | -0.7163036498045434
-0.32874598147858336 | 0.14696710035391902 | -0.7163036498045434 | -0.945749671667026 | -0.2996425692875291:-0.3186718126900274 | 0.11322255826949146 | -0.7290927640068654
-0.3186718126900274 | 0.11322255826949146 | -0.7290927640068654 | -0.945749671667026 | -0.2996425692875291:-0.3083964924822382 | 0.07882392289740636 | -0.7401248537793386
-0.3083964924822382 | 0.07882392289740636 | -0.7401248537793386 | -0.945749671667026 | -0.2996425692875291:-0.2979471457202507 | 0.0438557359695011 | -0.7493635003181796
-0.2979471457202507 | 0.0438557359695011 | -0.7493635003181796 | -0.945749671667026 | -0.2996425692875291:-0.2873514442348295 | 0.008404375472579773 | -0.7567768244964004
-0.2873514442348295 | 0.008404375472579773 | -0.7567768244964004 | 0.5396676949502315 | 0.8296846036935137:-0.31921795978675505 | 0.028887041814691372 | -0.745456522199321
-0.31921795978675505 | 0.028887041814691372 | -0.745456522199321 | 0.5396676949502315 | 0.8296846036935137:-0.35062843966993995 | 0.04910286224729532 | -0.7322241585286715
-0.35062843966993995 | 0.04910286224729532 | -0.7322241585286715 | 0.5396676949502315 | 0.8296846036935137:-0.38150142276190024 | 0.06899847534129577 | -0.7171049252308563
-0.38150142276190024 | 0.06899847534129577 | -0.7171049252308563 | 0.5396676949502315 | 0.8296846036935137:-0.4117565218824808 | 0.08852115121209891 | -0.7001290048619513
-0.4117565218824808 | 0.08852115121209891 | -0.7001290048619513 | 0.5396676949502315 | 0.8296846036935137:-0.44131463863664067 | 0.10761893211257245 | -0.6813315067371573
-0.44131463863664067 | 0.10761893211257245 | -0.6813315067371573 | 0.5396676949502315 | 0.8296846036935137:-0.47009817529771425 | 0.12624077127964028 | -0.6607523896605354
-0.47009817529771425 | 0.12624077127964028 | -0.6607523896605354 | 0.5396676949502315 | 0.8296846036935137:-0.4980312431625791 | 0.1443366696620103 | -0.6384363716253265
-0.4980312431625791 | 0.1443366696620103 | -0.6384363716253265 | 0.5396676949502315 | 0.8296846036935137:-0.525039866819526 | 0.16185781016229583 | -0.6144328267098764
-0.525039866819526 | 0.16185781016229583 | -0.6144328267098764 | 0.5396676949502315 | 0.8296846036935137:-0.5510521837801079 | 0.17875668903329966 | -0.5887956694284604
-0.5510521837801079 | 0.17875668903329966 | -0.5887956694284604 | 0.5396676949502315 | 0.8296846036935137:-0.5759986389387919 | 0.1949872440755982 | -0.5615832268296899
-0.5759986389387919 | 0.1949872440755982 | -0.5615832268296899 | 0.5396676949502315 | 0.8296846036935137:-0.599812173337547 | 0.21050497929208944 | -0.5328580986678961
-0.599812173337547 | 0.21050497929208944 | -0.5328580986678961 | 0.5396676949502315 | 0.8296846036935137:-0.6224284067276358 | 0.22526708566434195 | -0.502687006004706
-0.6224284067276358 | 0.22526708566434195 | -0.502687006004706 | 0.5396676949502315 | 0.8296846036935137:-0.6437858134371339 | 0.23923255772606922 | -0.4711406286287918
-0.6437858134371339 | 0.23923255772606922 | -0.4711406286287918 | 0.5396676949502315 | 0.8296846036935137:-0.663825891070438 | 0.25236230561964845 | -0.43829343171159607
-0.663825891070438 | 0.25236230561964845 | -0.43829343171159607 | 0.5396676949502315 | 0.8296846036935137:-0.6824933215846514 | 0.26461926233401556 | -0.40422348214555015
-0.6824933215846514 | 0.26461926233401556 | -0.40422348214555015 | 0.5175978629413691 | 0.47016565776005614:-0.6929972378363232 | 0.275529443328864 | -0.38183458121847735
-0.6929972378363232 | 0.275529443328864 | -0.38183458121847735 | 0.5175978629413691 | 0.47016565776005614:-0.7029686384399128 | 0.28587017269345694 | -0.358876966635286
-0.7029686384399128 | 0.28587017269345694 | -0.358876966635286 | 0.5175978629413691 | 0.47016565776005614:-0.7123933742615591 | 0.29562542040480366 | -0.33537837963547545
-0.7123933742615591 | 0.29562542040480366 | -0.33537837963547545 | 0.5175978629413691 | 0.47016565776005614:-0.7212579791085645 | 0.3047798989147452 | -0.3113673585401635
-0.7212579791085645 | 0.3047798989147452 | -0.3113673585401635 | 0.5175978629413691 | 0.47016565776005614:-0.729549689181411 | 0.313319085038529 | -0.2868732013980164
-0.729549689181411 | 0.313319085038529 | -0.2868732013980164 | -0.9506936193032631 | 0.23187576840672564:-0.7343479373490709 | 0.2998862267996216 | -0.29349934363550645
-0.7343479373490709 | 0.2998862267996216 | -0.29349934363550645 | -0.9506936193032631 | 0.23187576840672564:-0.7392080798683054 | 0.2861221178420905 | -0.2994280956006108
-0.7392080798683054 | 0.2861221178420905 | -0.2994280956006108 | -0.9506936193032631 | 0.23187576840672564:-0.7441219590110109 | 0.2720604135842777 | -0.3046423826663549
-0.7441219590110109 | 0.2720604135842777 | -0.3046423826663549 | -0.9506936193032631 | 0.23187576840672564:-0.7490812207727231 | 0.25773560950200647 | -0.3091268660988291
-0.7490812207727231 | 0.25773560950200647 | -0.3091268660988291 | -0.9506936193032631 | 0.23187576840672564:-0.7540773359147579 | 0.24318295592832584 | -0.31286798626761936
-0.7540773359147579 | 0.24318295592832584 | -0.31286798626761936 | 0.3308435733232631 | 0.3028553601189605:-0.7599862161165731 | 0.2487568247418679 | -0.2978659172128104
-0.7599862161165731 | 0.2487568247418679 | -0.2978659172128104 | 0.3308435733232631 | 0.3028553601189605:-0.7656601898519142 | 0.25408586656192256 | -0.28265380809832763
-0.7656601898519142 | 0.25408586656192256 | -0.28265380809832763 | 0.3308435733232631 | 0.3028553601189605:-0.7710957400901606 | 0.2591660725715528 | -0.2672396660166818
-0.7710957400901606 | 0.2591660725715528 | -0.2672396660166818 | 0.3308435733232631 | 0.3028553601189605:-0.7762894820933894 | 0.2639935784056391 | -0.2516316277148789
-0.7762894820933894 | 0.2639935784056391 | -0.2516316277148789 | 0.3308435733232631 | 0.3028553601189605:-0.7812381654090501 | 0.26856466635791776 | -0.2358379547130376
-0.7812381654090501 | 0.26856466635791776 | -0.2358379547130376 | 0.3308435733232631 | 0.3028553601189605:-0.7859386757801161 | 0.2728757674987463 | -0.21986702835966554
-0.7859386757801161 | 0.2728757674987463 | -0.21986702835966554 | 0.3308435733232631 | 0.3028553601189605:-0.7903880369722458 | 0.27692346370258747 | -0.2037273448265715
-0.7903880369722458 | 0.27692346370258747 | -0.2037273448265715 | 0.3308435733232631 | 0.3028553601189605:-0.7945834125168716 | 0.28070448958432337 | -0.18742751004640823
-0.7945834125168716 | 0.28070448958432337 | -0.18742751004640823 | 0.3308435733232631 | 0.3028553601189605:-0.7985221073696209 | 0.2842157343436469 | -0.17097623459587652
-0.7985221073696209 | 0.2842157343436469 | -0.17097623459587652 | 0.3308435733232631 | 0.3028553601189605:-0.8022015694834721 | 0.2874542435167555 | -0.15438232852755718
