0.0 | 0.0 | 0.0 | 0.8625016888673609 | -0.653462757504838:-3.2636952709565604E-4 | -4.3111718542343525E-4 | 0.009985370343868868
-3.2636952709565604E-4 | -4.3111718542343525E-4 | 0.009985370343868868 | 0.8625016888673609 | -0.653462757504838:-0.0012964456686358444 | -0.0017137936383171404 | 0.019783633134324418
-0.0012964456686358444 | -0.0017137936383171404 | 0.019783633134324418 | 0.8625016888673609 | -0.653462757504838:-0.0028940081535980228 | -0.0038284539377355653 | 0.02931069869951152
-0.0028940081535980228 | -0.0038284539377355653 | 0.02931069869951152 | 0.5932429352360047 | -0.9702421682923352:-0.00571250819689437 | -0.006230211946170794 | 0.03848670078256003
-0.00571250819689437 | -0.006230211946170794 | 0.03848670078256003 | 0.5932429352360047 | -0.9702421682923352:-0.009405904133931536 | -0.009165303433647187 | 0.0472175961818998
-0.009405904133931536 | -0.009165303433647187 | 0.0472175961818998 | 0.5932429352360047 | -0.9702421682923352:-0.01393489844120185 | -0.012611024657292802 | 0.05541979408709333
-0.01393489844120185 | -0.012611024657292802 | 0.05541979408709333 | 0.5932429352360047 | -0.9702421682923352:-0.019255159964223598 | -0.016541533580691326 | 0.06301375593114039
-0.019255159964223598 | -0.016541533580691326 | 0.06301375593114039 | 0.5932429352360047 | -0.9702421682923352:-0.025317607820688738 | -0.020928017731642212 | 0.06992438092037229
-0.025317607820688738 | -0.020928017731642212 | 0.06992438092037229 | 0.9288058790587381 | 0.9231605642014125:-0.02475366520131332 | -0.027036285227601153 | 0.07832982716053255
-0.02475366520131332 | -0.027036285227601153 | 0.07832982716053255 | 0.9288058790587381 | 0.9231605642014125:-0.02341154230542586 | -0.033880360127162445 | 0.08629489245695215
-0.02341154230542586 | -0.033880360127162445 | 0.08629489245695215 | 0.9288058790587381 | 0.9231605642014125:-0.021324320181809575 | -0.0414299098326365 | 0.09371721806400557
-0.021324320181809575 | -0.0414299098326365 | 0.09371721806400557 | 0.9288058790587381 | 0.9231605642014125:-0.01853108185225516 | -0.04964845403629403 | 0.10049889249216348
-0.01853108185225516 | -0.04964845403629403 | 0.10049889249216348 | 0.9288058790587381 | 0.9231605642014125:-0.015076610346918179 | -0.05849365313072785 | 0.10654711714114384
-0.015076610346918179 | -0.05849365313072785 | 0.10654711714114384 | 0.9875772489984151 | 0.8831178321066127:-0.011243650088897855 | -0.06824395304177844 | 0.11155269997443384
-0.011243650088897855 | -0.06824395304177844 | 0.11155269997443384 | 0.9875772489984151 | 0.8831178321066127:-0.006891063743939024 | -0.07854274522328497 | 0.1156166705928281
-0.006891063743939024 | -0.07854274522328497 | 0.1156166705928281 | 0.9875772489984151 | 0.8831178321066127:-0.002078543517174486 | -0.08932565906032974 | 0.11866507514170843
-0.002078543517174486 | -0.08932565906032974 | 0.11866507514170843 | 0.9875772489984151 | 0.8831178321066127:0.0031302378554285137 | -0.10052367297540155 | 0.12063180876925284
0.0031302378554285137 | -0.10052367297540155 | 0.12063180876925284 | 0.9875772489984151 | 0.8831178321066127:0.00866808152429438 | -0.11206361136754328 | 0.1214590734336094
0.00866808152429438 | -0.11206361136754328 | 0.1214590734336094 | 0.23390394473839748 | -0.9993107186784564:0.002790873726700588 | -0.11919878938394524 | 0.12649587729431055
0.002790873726700588 | -0.11919878938394524 | 0.12649587729431055 | 0.23390394473839748 | -0.9993107186784564:-0.0036248184409672646 | -0.1264050828056107 | 0.13102098727835765
-0.0036248184409672646 | -0.1264050828056107 | 0.13102098727835765 | 0.23390394473839748 | -0.9993107186784564:-0.010543028420588602 | -0.13367489055656234 | 0.13499389733628875
-0.010543028420588602 | -0.13367489055656234 | 0.13499389733628875 | 0.23390394473839748 | -0.9993107186784564:-0.01792526073695505 | -0.14099999881845715 | 0.13837669011554565
-0.01792526073695505 | -0.14099999881845715 | 0.13837669011554565 | 0.23390394473839748 | -0.9993107186784564:-0.025730662264580206 | -0.14837162028066597 | 0.14113418873766048
-0.025730662264580206 | -0.14837162028066597 | 0.14113418873766048 | -0.09404383321487786 | 0.07006835911643128:-0.02620392187221926 | -0.15338608932438147 | 0.1473768007799663
-0.02620392187221926 | -0.15338608932438147 | 0.1473768007799663 | -0.09404383321487786 | 0.07006835911643128:-0.02662649666293715 | -0.15828888521834905 | 0.15361968243371038
-0.02662649666293715 | -0.15828888521834905 | 0.15361968243371038 | -0.09404383321487786 | 0.07006835911643128:-0.02699876287258529 | -0.16308094719477184 | 0.1598618974508783
-0.02699876287258529 | -0.16308094719477184 | 0.1598618974508783 | -0.09404383321487786 | 0.07006835911643128:-0.02732109704146546 | -0.16776321056224175 | 0.16610252334688447
-0.02732109704146546 | -0.16776321056224175 | 0.16610252334688447 | -0.09404383321487786 | 0.07006835911643128:-0.027593875968114634 | -0.1723366066870109 | 0.17234065125372178
-0.027593875968114634 | -0.1723366066870109 | 0.17234065125372178 | -0.09404383321487786 | 0.07006835911643128:-0.027817476664032892 | -0.17680206297509793 | 0.1785753857743746
-0.027817476664032892 | -0.17680206297509793 | 0.1785753857743746 | -0.09404383321487786 | 0.07006835911643128:-0.027992276309340203 | -0.1811605028552079 | 0.18480584483849682
-0.027992276309340203 | -0.1811605028552079 | 0.18480584483849682 | -0.09404383321487786 | 0.07006835911643128:-0.02811865220934895 | -0.1854128457624582 | 0.19103115955934236
-0.02811865220934895 | -0.1854128457624582 | 0.19103115955934236 | -0.09404383321487786 | 0.07006835911643128:-0.028196981752037387 | -0.18956000712289445 | 0.19725047409194918
-0.028196981752037387 | -0.18956000712289445 | 0.19725047409194918 | -0.09404383321487786 | 0.07006835911643128:-0.02822764236641212 | -0.19360289833878142 | 0.20346294549256605
-0.02822764236641212 | -0.19360289833878142 | 0.20346294549256605 | -0.09404383321487786 | 0.07006835911643128:-0.02821101148174454 | -0.19754242677465683 | 0.20966774357931595
-0.02821101148174454 | -0.19754242677465683 | 0.20966774357931595 | -0.09404383321487786 | 0.07006835911643128:-0.02814746648766875 | -0.20137949574412772 | 0.2158640507940932
-0.02814746648766875 | -0.20137949574412772 | 0.2158640507940932 | -0.09404383321487786 | 0.07006835911643128:-0.028037384695129064 | -0.20511500449741327 | 0.22205106206568637
-0.028037384695129064 | -0.20511500449741327 | 0.22205106206568637 | -0.09404383321487786 | 0.07006835911643128:-0.02788114329816127 | -0.20874984820959774 | 0.22822798467411687
-0.02788114329816127 | -0.20874984820959774 | 0.22822798467411687 | -0.09404383321487786 | 0.07006835911643128:-0.02767911933649858 | -0.2122849179695958 | 0.2343940381161973
-0.02767911933649858 | -0.2122849179695958 | 0.2343940381161973 | -0.09404383321487786 | 0.07006835911643128:-0.027431689658986236 | -0.21572110076982032 | 0.24054845397228952
-0.027431689658986236 | -0.21572110076982032 | 0.24054845397228952 | -0.09404383321487786 | 0.07006835911643128:-0.02713923088779524 | -0.21905927949651804 | 0.24669047577426984
-0.02713923088779524 | -0.21905927949651804 | 0.24669047577426984 | -0.09404383321487786 | 0.07006835911643128:-0.026802119383420364 | -0.2223003329207902 | 0.2528193588746843
-0.026802119383420364 | -0.2223003329207902 | 0.2528193588746843 | -0.09404383321487786 | 0.07006835911643128:-0.02642073121045241 | -0.22544513569026492 | 0.25893437031709254
-0.02642073121045241 | -0.22544513569026492 | 0.25893437031709254 | -0.09404383321487786 | 0.07006835911643128:-0.025995442104110866 | -0.22849455832141174 | 0.26503478870759345
-0.025995442104110866 | -0.22849455832141174 | 0.26503478870759345 | -0.16859450751031502 | -0.9843762411747778:-0.03982093609842219 | -0.23043759256884666 | 0.27025779534320904
-0.03982093609842219 | -0.23043759256884666 | 0.27025779534320904 | -0.16859450751031502 | -0.9843762411747778:-0.054120140269173334 | -0.23225356633672956 | 0.27475496700095725
-0.054120140269173334 | -0.23225356633672956 | 0.27475496700095725 | -0.16859450751031502 | -0.9843762411747778:-0.06885137691685661 | -0.23394989824236312 | 0.2784914307920472
-0.06885137691685661 | -0.23394989824236312 | 0.2784914307920472 | -0.16859450751031502 | -0.9843762411747778:-0.0839708112737555 | -0.23553438275536198 | 0.2814348693497397
-0.0839708112737555 | -0.23553438275536198 | 0.2814348693497397 | -0.16859450751031502 | -0.9843762411747778:-0.09943260501134943 | -0.2370151644872358 | 0.28355564724356963
-0.09943260501134943 | -0.2370151644872358 | 0.28355564724356963 | -0.16859450751031502 | -0.9843762411747778:-0.11518907647772769 | -0.23840071128847118 | 0.28482692798592346
-0.11518907647772769 | -0.23840071128847118 | 0.28482692798592346 | -0.16859450751031502 | -0.9843762411747778:-0.13119086711342343 | -0.23969978624608768 | 0.28522478128270023
-0.13119086711342343 | -0.23969978624608768 | 0.28522478128270023 | -0.16859450751031502 | -0.9843762411747778:-0.14738711347763211 | -0.24092141867762518 | 0.2847282802123132
-0.14738711347763211 | -0.24092141867762518 | 0.2847282802123132 | -0.16859450751031502 | -0.9843762411747778:-0.16372562430216764 | -0.24207487422013862 | 0.2833195880506558
-0.16372562430216764 | -0.24207487422013862 | 0.2833195880506558 | -0.16859450751031502 | -0.9843762411747778:-0.18015306197774605 | -0.243169624115108 | 0.2809840344936134
-0.18015306197774605 | -0.243169624115108 | 0.2809840344936134 | -0.16859450751031502 | -0.9843762411747778:-0.19661512786632507 | -0.24421531379220163 | 0.27771018106322387
-0.19661512786632507 | -0.24421531379220163 | 0.27771018106322387 | -0.16859450751031502 | -0.9843762411747778:-0.21305675082425202 | -0.24522173085647303 | 0.2734898755185018
-0.21305675082425202 | -0.24522173085647303 | 0.2734898755185018 | -0.16859450751031502 | -0.9843762411747778:-0.22942227831392792 | -0.24619877258496103 | 0.2683182951272851
-0.22942227831392792 | -0.24619877258496103 | 0.2683182951272851 | -0.16859450751031502 | -0.9843762411747778:-0.24565566947655704 | -0.2471564130396846 | 0.26219397869087224
-0.24565566947655704 | -0.2471564130396846 | 0.26219397869087224 | -0.16859450751031502 | -0.9843762411747778:-0.2617006895353611 | -0.24810466990469848 | 0.25511884724891054
-0.2617006895353611 | -0.24810466990469848 | 0.25511884724891054 | -0.16859450751031502 | -0.9843762411747778:-0.2775011048973477 | -0.2490535711552866 | 0.24709821342754523
-0.2775011048973477 | -0.2490535711552866 | 0.24709821342754523 | -0.16859450751031502 | -0.9843762411747778:-0.29300087832235633 | -0.2500131216673722 | 0.23814077942946454
-0.29300087832235633 | -0.2500131216673722 | 0.23814077942946454 | -0.16859450751031502 | -0.9843762411747778:-0.30814436353064023 | -0.25099326987496084 | 0.2282586236996984
-0.30814436353064023 | -0.25099326987496084 | 0.2282586236996984 | -0.16859450751031502 | -0.9843762411747778:-0.32287649862464596 | -0.25200387458282414 | 0.21746717633617152
-0.32287649862464596 | -0.25200387458282414 | 0.21746717633617152 | -0.16859450751031502 | -0.9843762411747778:-0.3371429977069269 | -0.2530546720406903 | 0.2057851833485671
-0.3371429977069269 | -0.2530546720406903 | 0.2057851833485671 | -0.5801390369375474 | -0.5029570041843807:-0.34626837110234465 | -0.24977509119543662 | 0.20680742646366568
-0.34626837110234465 | -0.24977509119543662 | 0.20680742646366568 | -0.5801390369375474 | -0.5029570041843807:-0.35543380473999076 | -0.24637167291521855 | 0.2074633062601503
-0.35543380473999076 | -0.24637167291521855 | 0.2074633062601503 | -0.5801390369375474 | -0.5029570041843807:-0.3646286938539127 | -0.24285726943405628 | 0.20774570320832986
-0.3646286938539127 | -0.24285726943405628 | 0.20774570320832986 | -0.5801390369375474 | -0.5029570041843807:-0.3738422129018053 | -0.23924499157031676 | 0.2076482668836821
-0.3738422129018053 | -0.23924499157031676 | 0.2076482668836821 | -0.5801390369375474 | -0.5029570041843807:-0.38306333885835553 | -0.23554818213599482 | 0.20716543012116517
-0.38306333885835553 | -0.23554818213599482 | 0.20716543012116517 | -0.5801390369375474 | -0.5029570041843807:-0.3922808748379909 | -0.23178038894215902 | 0.20629242157242977
-0.3922808748379909 | -0.23178038894215902 | 0.20629242157242977 | -0.5801390369375474 | -0.5029570041843807:-0.4014834740007558 | -0.227955337453686 | 0.2050252766494367
-0.4014834740007558 | -0.227955337453686 | 0.2050252766494367 | -0.5801390369375474 | -0.5029570041843807:-0.41065966369480655 | -0.22408690314675184 | 0.20336084684100797
-0.41065966369480655 | -0.22408690314675184 | 0.20336084684100797 | -0.5801390369375474 | -0.5029570041843807:-0.4197978697888658 | -0.22018908362277578 | 0.20129680739191436
-0.4197978697888658 | -0.22018908362277578 | 0.20129680739191436 | -0.5801390369375474 | -0.5029570041843807:-0.428886441147883 | -0.21627597053259784 | 0.1988316633370335
-0.428886441147883 | -0.21627597053259784 | 0.1988316633370335 | -0.36637026067250433 | 0.9921527797870857:-0.4221679667593339 | -0.2145611389436013 | 0.22584463026622714
-0.4221679667593339 | -0.2145611389436013 | 0.22584463026622714 | -0.36637026067250433 | 0.9921527797870857:-0.4139734885131734 | -0.2122943434655138 | 0.2526570137723123
-0.4139734885131734 | -0.2122943434655138 | 0.2526570137723123 | -0.36637026067250433 | 0.9921527797870857:-0.4043070639252857 | -0.2094762771875196 | 0.27917527413614884
-0.4043070639252857 | -0.2094762771875196 | 0.27917527413614884 | -0.36637026067250433 | 0.9921527797870857:-0.393177994183457 | -0.20610956871344044 | 0.3053058777152202
-0.393177994183457 | -0.20610956871344044 | 0.3053058777152202 | -0.36637026067250433 | 0.9921527797870857:-0.38060082519277394 | -0.20219878560601323 | 0.33095563027234576
-0.38060082519277394 | -0.20219878560601323 | 0.33095563027234576 | 0.7645419131842963 | 0.14415273682386265:-0.38144152803951314 | -0.21650357269939313 | 0.32845810221178695
-0.38144152803951314 | -0.21650357269939313 | 0.32845810221178695 | 0.7645419131842963 | 0.14415273682386265:-0.38225324647638104 | -0.2307866703116357 | 0.3253468421463541
-0.38225324647638104 | -0.2307866703116357 | 0.3253468421463541 | 0.7645419131842963 | 0.14415273682386265:-0.38304146350703583 | -0.24502089820570383 | 0.32162019129330055
-0.38304146350703583 | -0.24502089820570383 | 0.32162019129330055 | 0.7645419131842963 | 0.14415273682386265:-0.383811674284809 | -0.25917896893190395 | 0.3172777490153287
-0.383811674284809 | -0.25917896893190395 | 0.3172777490153287 | 0.7645419131842963 | 0.14415273682386265:-0.3845693756517363 | -0.27323354343111816 | 0.3123203765985565
-0.3845693756517363 | -0.27323354343111816 | 0.3123203765985565 | 0.1860892530524818 | 0.3919612726143118:-0.38132956546965247 | -0.27824694612249523 | 0.31967629936076136
-0.38132956546965247 | -0.27824694612249523 | 0.31967629936076136 | 0.1860892530524818 | 0.3919612726143118:-0.3778706950951296 | -0.28332971801490103 | 0.32693227896092125
-0.3778706950951296 | -0.28332971801490103 | 0.32693227896092125 | 0.1860892530524818 | 0.3919612726143118:-0.37419532581492376 | -0.288481024463195 | 0.33408178506491026
-0.37419532581492376 | -0.288481024463195 | 0.33408178506491026 | 0.1860892530524818 | 0.3919612726143118:-0.37030617201640403 | -0.29369995422885253 | 0.3411183730940799
-0.37030617201640403 | -0.29369995422885253 | 0.3411183730940799 | 0.1860892530524818 | 0.3919612726143118:-0.3662060986887212 | -0.29898552068243234 | 0.34803568829540055
-0.3662060986887212 | -0.29898552068243234 | 0.34803568829540055 | -0.9752008135941901 | 0.35803483533441116:-0.36219383789776316 | -0.2836479871708022 | 0.37128564385473695
-0.36219383789776316 | -0.2836479871708022 | 0.37128564385473695 | -0.9752008135941901 | 0.35803483533441116:-0.3577065847633438 | -0.2670481737932384 | 0.393796008667028
-0.3577065847633438 | -0.2670481737932384 | 0.393796008667028 | -0.9752008135941901 | 0.35803483533441116:-0.35275764700841883 | -0.2492199176913772 | 0.41548809887986593
-0.35275764700841883 | -0.2492199176913772 | 0.41548809887986593 | -0.9752008135941901 | 0.35803483533441116:-0.34736189289969666 | -0.23020135869498048 | 0.4362851350663526
-0.34736189289969666 | -0.23020135869498048 | 0.4362851350663526 | -0.9752008135941901 | 0.35803483533441116:-0.3415357124449532 | -0.2100348399986096 | 0.4561125060658995
-0.3415357124449532 | -0.2100348399986096 | 0.4561125060658995 | -0.200263319139101 | 0.5529131234906954:-0.3308656180177021 | -0.20678587188740494 | 0.47048129060168264
-0.3308656180177021 | -0.20678587188740494 | 0.47048129060168264 | -0.200263319139101 | 0.5529131234906954:-0.3196981903961351 | -0.20334987454418751 | 0.48455621896835765
-0.3196981903961351 | -0.20334987454418751 | 0.48455621896835765 | -0.200263319139101 | 0.5529131234906954:-0.30804180729676744 | -0.19972984033945096 | 0.49831807697694686
-0.30804180729676744 | -0.19972984033945096 | 0.49831807697694686 | -0.200263319139101 | 0.5529131234906954:-0.29590547519568844 | -0.19592899037133193 | 0.5117479598555974
-0.29590547519568844 | -0.19592899037133193 | 0.5117479598555974 | -0.200263319139101 | 0.5529131234906954:-0.28329881832387827 | -0.19195077059687904 | 0.5248272945172019
-0.28329881832387827 | -0.19195077059687904 | 0.5248272945172019 | -0.41230482405366575 | 0.8754809680171025:-0.26144185104335804 | -0.18217075451455145 | 0.5437855316020936
-0.26144185104335804 | -0.18217075451455145 | 0.5437855316020936 | -0.41230482405366575 | 0.8754809680171025:-0.23862771796826365 | -0.17192523696894213 | 0.5616168777929822
-0.23862771796826365 | -0.17192523696894213 | 0.5616168777929822 | -0.41230482405366575 | 0.8754809680171025:-0.21490654822978073 | -0.16123724528558014 | 0.5782621982007612
-0.21490654822978073 | -0.16123724528558014 | 0.5782621982007612 | -0.41230482405366575 | 0.8754809680171025:-0.19033138423024099 | -0.15013120725382478 | 0.5936651670018911
-0.19033138423024099 | -0.15013120725382478 | 0.5936651670018911 | -0.41230482405366575 | 0.8754809680171025:-0.16495804708284822 | -0.13863288955192488 | 0.6077724405802911
-0.16495804708284822 | -0.13863288955192488 | 0.6077724405802911 | -0.41230482405366575 | 0.8754809680171025:-0.13884499387632232 | -0.12676933224026854 | 0.6205338226874986
-0.13884499387632232 | -0.12676933224026854 | 0.6205338226874986 | -0.41230482405366575 | 0.8754809680171025:-0.1120531671609406 | -0.11456877950464062 | 0.6319024211570863
-0.1120531671609406 | -0.11456877950464062 | 0.6319024211570863 | -0.41230482405366575 | 0.8754809680171025:-0.08464583707334583 | -0.10206060684155815 | 0.6418347957331356
-0.08464583707334583 | -0.10206060684155815 | 0.6418347957331356 | -0.41230482405366575 | 0.8754809680171025:-0.05668843653704769 | -0.08927524488714766 | 0.6502910965977051
-0.05668843653704769 | -0.08927524488714766 | 0.6502910965977051 | -0.41230482405366575 | 0.8754809680171025:-0.028248389994121936 | -0.07624410009997717 | 0.6572351932082299
-0.028248389994121936 | -0.07624410009997717 | 0.6572351932082299 | -0.1418245215398124 | -0.6359932616801751:-0.049397765598993004 | -0.07194669498261064 | 0.6598770358776385
-0.049397765598993004 | -0.07194669498261064 | 0.6598770358776385 | -0.1418245215398124 | -0.6359932616801751:-0.07072231517395977 | -0.06760349778920016 | 0.6617740174292308
-0.07072231517395977 | -0.06760349778920016 | 0.6617740174292308 | -0.1418245215398124 | -0.6359932616801751:-0.09219589512970927 | -0.06322034876563976 | 0.6629176383912387
-0.09219589512970927 | -0.06322034876563976 | 0.6629176383912387 | -0.1418245215398124 | -0.6359932616801751:-0.11379203667157967 | -0.058803163762220834 | 0.6633003862830158
-0.11379203667157967 | -0.058803163762220834 | 0.6633003862830158 | -0.1418245215398124 | -0.6359932616801751:-0.13548398155252173 | -0.05435792630628811 | 0.6629157471069362
-0.13548398155252173 | -0.05435792630628811 | 0.6629157471069362 | -0.1418245215398124 | -0.6359932616801751:-0.15724471816320928 | -0.049890679594916776 | 0.6617582154908419
-0.15724471816320928 | -0.049890679594916776 | 0.6617582154908419 | -0.1418245215398124 | -0.6359932616801751:-0.17904701791158573 | -0.04540751841819457 | 0.6598233034722583
-0.17904701791158573 | -0.04540751841819457 | 0.6598233034722583 | -0.1418245215398124 | -0.6359932616801751:-0.20086347184397368 | -0.040914581023756114 | 0.6571075479175406
-0.20086347184397368 | -0.040914581023756114 | 0.6571075479175406 | -0.1418245215398124 | -0.6359932616801751:-0.2226665274597508 | -0.03641804093325618 | 0.6536085165705217
-0.2226665274597508 | -0.03641804093325618 | 0.6536085165705217 | -0.1418245215398124 | -0.6359932616801751:-0.24442852567161566 | -0.031924098721479055 | 0.6493248127272508
-0.24442852567161566 | -0.031924098721479055 | 0.6493248127272508 | 0.8173717985798168 | -0.19480028669284:-0.25182596034860794 | -0.05868400693787379 | 0.6479038851546406
-0.25182596034860794 | -0.05868400693787379 | 0.6479038851546406 | 0.8173717985798168 | -0.19480028669284:-0.2592147201578605 | -0.08547548625605472 | 0.645267003790245
-0.2592147201578605 | -0.08547548625605472 | 0.645267003790245 | 0.8173717985798168 | -0.19480028669284:-0.26658225343772557 | -0.11224551931861981 | 0.6414099156831696
-0.26658225343772557 | -0.11224551931861981 | 0.6414099156831696 | 0.8173717985798168 | -0.19480028669284:-0.2739159575313508 | -0.13894082844517897 | 0.6363308454392964
-0.2739159575313508 | -0.13894082844517897 | 0.6363308454392964 | 0.8173717985798168 | -0.19480028669284:-0.2812032051569453 | -0.1655079859960047 | 0.6300305077435127
-0.2812032051569453 | -0.1655079859960047 | 0.6300305077435127 | 0.8173717985798168 | -0.19480028669284:-0.28843137086400716 | -0.19189352520324832 | 0.6225121146847883
-0.28843137086400716 | -0.19189352520324832 | 0.6225121146847883 | 0.8173717985798168 | -0.19480028669284:-0.2955878575206441 | -0.21804405123942416 | 0.613781377871021
-0.2955878575206441 | -0.21804405123942416 | 0.613781377871021 | 0.8173717985798168 | -0.19480028669284:-0.3026601227770698 | -0.2439063522928855 | 0.6038465053317594
-0.3026601227770698 | -0.2439063522928855 | 0.6038465053317594 | 0.8173717985798168 | -0.19480028669284:-0.30963570545054964 | -0.2694275104203925 | 0.5927181932171521
-0.30963570545054964 | -0.2694275104203925 | 0.5927181932171521 | 0.8173717985798168 | -0.19480028669284:-0.3165022517772904 | -0.2945550119478142 | 0.5804096123122946
-0.3165022517772904 | -0.2945550119478142 | 0.5804096123122946 | 0.8173717985798168 | -0.19480028669284:-0.32324754147721535 | -0.31923685719124606 | 0.5669363893965667
-0.32324754147721535 | -0.31923685719124606 | 0.5669363893965667 | 0.8173717985798168 | -0.19480028669284:-0.3298595135779898 | -0.3434216692727219 | 0.5523165834880714
-0.3298595135779898 | -0.3434216692727219 | 0.5523165834880714 | 0.8173717985798168 | -0.19480028669284:-0.3363262919451948 | -0.36705880180690187 | 0.5365706570235176
-0.3363262919451948 | -0.36705880180690187 | 0.5365706570235176 | 0.8173717985798168 | -0.19480028669284:-0.3426362104663987 | -0.39009844523771875 | 0.5197214420341894
-0.3426362104663987 | -0.39009844523771875 | 0.5197214420341894 | 0.8173717985798168 | -0.19480028669284:-0.3487778378374493 | -0.41249173160720787 | 0.5017941013885832
-0.3487778378374493 | -0.41249173160720787 | 0.5017941013885832 | 0.8173717985798168 | -0.19480028669284:-0.3547400019003959 | -0.434190837542193 | 0.4828160851822716
-0.3547400019003959 | -0.434190837542193 | 0.4828160851822716 | 0.8173717985798168 | -0.19480028669284:-0.3605118134833205 | -0.45514908524842923 | 0.4628170823651345
-0.3605118134833205 | -0.45514908524842923 | 0.4628170823651345 | 0.8173717985798168 | -0.19480028669284:-0.36608268969346724 | -0.47532104130631225 | 0.44182896770573166
-0.36608268969346724 | -0.47532104130631225 | 0.44182896770573166 | 0.8173717985798168 | -0.19480028669284:-0.37144237661627955 | -0.4946626130668008 | 0.4198857442016575
-0.37144237661627955 | -0.4946626130668008 | 0.4198857442016575 | 0.8173717985798168 | -0.19480028669284:-0.3765809713741639 | -0.5131311424515772 | 0.3970234810538926
-0.3765809713741639 | -0.5131311424515772 | 0.3970234810538926 | -0.9153251768174231 | -0.5958665341657061:-0.3902229864876432 | -0.4960765775008227 | 0.41004036852937276
-0.3902229864876432 | -0.4960765775008227 | 0.41004036852937276 | -0.9153251768174231 | -0.5958665341657061:-0.40425185486621373 | -0.47836452317982747 | 0.42187229987494135
-0.40425185486621373 | -0.47836452317982747 | 0.42187229987494135 | -0.9153251768174231 | -0.5958665341657061:-0.41863144956244014 | -0.460049822040812 | 0.43247474939910546
-0.41863144956244014 | -0.460049822040812 | 0.43247474939910546 | -0.9153251768174231 | -0.5958665341657061:-0.4333242687415435 | -0.44118950982836935 | 0.44180688725469963
-0.4333242687415435 | -0.44118950982836935 | 0.44180688725469963 | -0.9153251768174231 | -0.5958665341657061:-0.4482915523532647 | -0.42184263968608704 | 0.4498317284781237
-0.4482915523532647 | -0.42184263968608704 | 0.4498317284781237 | -0.9153251768174231 | -0.5958665341657061:-0.46349340330089817 | -0.4020700991750701 | 0.4565162698484073
-0.46349340330089817 | -0.4020700991750701 | 0.4565162698484073 | -0.9153251768174231 | -0.5958665341657061:-0.4788889127157958 | -0.38193442069537653 | 0.46183161409113893
-0.4788889127157958 | -0.38193442069537653 | 0.46183161409113893 | -0.9153251768174231 | -0.5958665341657061:-0.4944362889317162 | -0.36149958592352505 | 0.4657530809938848
-0.4944362889317162 | -0.36149958592352505 | 0.4657530809938848 | -0.9153251768174231 | -0.5958665341657061:-0.5100929897409614 | -0.34083082489940253 | 0.46826030504243477
-0.5100929897409614 | -0.34083082489940253 | 0.46826030504243477 | -0.9153251768174231 | -0.5958665341657061:-0.5258158575031473 | -0.3199944104139796 | 0.46933731923135724
-0.5258158575031473 | -0.3199944104139796 | 0.46933731923135724 | -0.9153251768174231 | -0.5958665341657061:-0.5415612566676593 | -0.2990574483652466 | 0.4689726247478063
-0.5415612566676593 | -0.2990574483652466 | 0.4689726247478063 | -0.9153251768174231 | -0.5958665341657061:-0.5572852132627091 | -0.2780876647634116 | 0.4671592462734111
-0.5572852132627091 | -0.2780876647634116 | 0.4671592462734111 | -0.9153251768174231 | -0.5958665341657061:-0.5729435558970053 | -0.2571531900780215 | 0.4638947726964773
-0.5729435558970053 | -0.2571531900780215 | 0.4638947726964773 | -0.9153251768174231 | -0.5958665341657061:-0.588492057814868 | -0.23632234162885624 | 0.45918138307423817
-0.588492057814868 | -0.23632234162885624 | 0.45918138307423817 | -0.9153251768174231 | -0.5958665341657061:-0.6038865795416726 | -0.21566340472934797 | 0.453025857733131
-0.6038865795416726 | -0.21566340472934797 | 0.453025857733131 | 0.8609118680950412 | 0.20279883579222346:-0.6010006536555608 | -0.23560141485666009 | 0.4506561948751795
-0.6010006536555608 | -0.23560141485666009 | 0.4506561948751795 | 0.8609118680950412 | 0.20279883579222346:-0.5981190365802647 | -0.2554643642141272 | 0.44737723438279176
-0.5981190365802647 | -0.2554643642141272 | 0.44737723438279176 | 0.8609118680950412 | 0.20279883579222346:-0.5952514582571453 | -0.27521165751270615 | 0.4431911868962999
-0.5952514582571453 | -0.27521165751270615 | 0.4431911868962999 | 0.8609118680950412 | 0.20279883579222346:-0.592407621390187 | -0.29480276580543574 | 0.43810219873488165
-0.592407621390187 | -0.29480276580543574 | 0.43810219873488165 | 0.8609118680950412 | 0.20279883579222346:-0.5895971807778011 | -0.3141973143822696 | 0.43211634882263183
-0.5895971807778011 | -0.3141973143822696 | 0.43211634882263183 | 0.3416460919706874 | 0.578385756046518:-0.5784948109321277 | -0.3223584294956794 | 0.44469545014136713
-0.5784948109321277 | -0.3223584294956794 | 0.44469545014136713 | 0.3416460919706874 | 0.578385756046518:-0.5669898057733462 | -0.3307441104126383 | 0.4568235188213876
-0.5669898057733462 | -0.3307441104126383 | 0.4568235188213876 | 0.3416460919706874 | 0.578385756046518:-0.555095515369004 | -0.33934678755338155 | 0.46848361149828577
-0.555095515369004 | -0.33934678755338155 | 0.46848361149828577 | 0.3416460919706874 | 0.578385756046518:-0.5428258193371747 | -0.34815857222055513 | 0.47965932585708515
-0.5428258193371747 | -0.34815857222055513 | 0.47965932585708515 | 0.3416460919706874 | 0.578385756046518:-0.5301951098350486 | -0.3571712664746727 | 0.49033482284052354
-0.5301951098350486 | -0.3571712664746727 | 0.49033482284052354 | -0.47709468305352987 | 0.7467962763490281:-0.5124409868057498 | -0.34620699468373317 | 0.5194096983143268
-0.5124409868057498 | -0.34620699468373317 | 0.5194096983143268 | -0.47709468305352987 | 0.7467962763490281:-0.4935638203465018 | -0.3345142567599382 | 0.5475834323599287
-0.4935638203465018 | -0.3345142567599382 | 0.5475834323599287 | -0.47709468305352987 | 0.7467962763490281:-0.47359744558279004 | -0.3221139294222084 | 0.5747939365845482
-0.47359744558279004 | -0.3221139294222084 | 0.5747939365845482 | -0.47709468305352987 | 0.7467962763490281:-0.4525781226228247 | -0.30902845990269157 | 0.600980919840751
-0.4525781226228247 | -0.30902845990269157 | 0.600980919840751 | -0.47709468305352987 | 0.7467962763490281:-0.43054446560873316 | -0.2952818222256539 | 0.6260860224888489
-0.43054446560873316 | -0.2952818222256539 | 0.6260860224888489 | 0.674477558555 | 0.011365795293800884:-0.4311697076786345 | -0.3169408516036327 | 0.6174149583049768
-0.4311697076786345 | -0.3169408516036327 | 0.6174149583049768 | 0.674477558555 | 0.011365795293800884:-0.43178976524464474 | -0.3383342429361278 | 0.6079807608663046
-0.43178976524464474 | -0.3383342429361278 | 0.6079807608663046 | 0.674477558555 | 0.011365795293800884:-0.43240519407844147 | -0.35943473104267554 | 0.5977919114941983
-0.43240519407844147 | -0.35943473104267554 | 0.5977919114941983 | 0.674477558555 | 0.011365795293800884:-0.4330165438154836 | -0.38021533975963706 | 0.5868578722168181
-0.4330165438154836 | -0.38021533975963706 | 0.5868578722168181 | 0.674477558555 | 0.011365795293800884:-0.4336243573742209 | -0.4006494171741508 | 0.5751890751821449
-0.4336243573742209 | -0.4006494171741508 | 0.5751890751821449 | 0.5935522379549554 | -0.09075081434903942:-0.437104746807492 | -0.41843100550357093 | 0.5622701640780008
-0.437104746807492 | -0.41843100550357093 | 0.5622701640780008 | 0.5935522379549554 | -0.09075081434903942:-0.4405200555906106 | -0.4358472704696581 | 0.5487708223972589
-0.4405200555906106 | -0.4358472704696581 | 0.5487708223972589 | 0.5935522379549554 | -0.09075081434903942:-0.44386754588017396 | -0.4528796217461917 | 0.534702153378845
-0.44386754588017396 | -0.4528796217461917 | 0.534702153378845 | 0.5935522379549554 | -0.09075081434903942:-0.4471445331602766 | -0.4695098139754421 | 0.5200758679623618
-0.4471445331602766 | -0.4695098139754421 | 0.5200758679623618 | 0.5935522379549554 | -0.09075081434903942:-0.45034838916490116 | -0.4857199660016249 | 0.5049042733110412
-0.45034838916490116 | -0.4857199660016249 | 0.5049042733110412 | 0.11668529854569121 | -0.10832075697571475:-0.45397012899675815 | -0.4896380326941028 | 0.5006180162087333
-0.45397012899675815 | -0.4896380326941028 | 0.5006180162087333 | 0.11668529854569121 | -0.10832075697571475:-0.45756471795641573 | -0.4935269939918072 | 0.49626882493926416
-0.45756471795641573 | -0.4935269939918072 | 0.49626882493926416 | 0.11668529854569121 | -0.10832075697571475:-0.46113174386447753 | -0.4973864046420857 | 0.491857268404047
-0.46113174386447753 | -0.4973864046420857 | 0.491857268404047 | 0.11668529854569121 | -0.10832075697571475:-0.46467079971351666 | -0.5012158249503429 | 0.4873839186515454
-0.46467079971351666 | -0.5012158249503429 | 0.4873839186515454 | 0.11668529854569121 | -0.10832075697571475:-0.4681814836551297 | -0.5050148207663128 | 0.4828493508093885
-0.4681814836551297 | -0.5050148207663128 | 0.4828493508093885 | 0.850488500581206 | 0.8128988103250245:-0.4499135803686585 | -0.5260772806201786 | 0.48049345072503513
-0.4499135803686585 | -0.5260772806201786 | 0.48049345072503513 | 0.850488500581206 | 0.8128988103250245:-0.43174888098054964 | -0.5470478791154889 | 0.4764864672177964
-0.43174888098054964 | -0.5470478791154889 | 0.4764864672177964 | 0.850488500581206 | 0.8128988103250245:-0.4137554240176584 | -0.5678554451425484 | 0.47083664826067206
-0.4137554240176584 | -0.5678554451425484 | 0.47083664826067206 | 0.850488500581206 | 0.8128988103250245:-0.39600082726986585 | -0.5884291204178353 | 0.46355814213742974
-0.39600082726986585 | -0.5884291204178353 | 0.46355814213742974 | 0.850488500581206 | 0.8128988103250245:-0.37855204286285016 | -0.608698616482954 | 0.454670963417243
-0.37855204286285016 | -0.608698616482954 | 0.454670963417243 | 0.850488500581206 | 0.8128988103250245:-0.3614751141737358 | -0.6285944702305812 | 0.444200937518616
-0.3614751141737358 | -0.6285944702305812 | 0.444200937518616 | 0.850488500581206 | 0.8128988103250245:-0.34483493548111 | -0.6480482970211412 | 0.43217962402826515
-0.34483493548111 | -0.6480482970211412 | 0.43217962402826515 | 0.850488500581206 | 0.8128988103250245:-0.3286950152321637 | -0.6669930404614774 | 0.4186442190181907
-0.3286950152321637 | -0.6669930404614774 | 0.4186442190181907 | 0.850488500581206 | 0.8128988103250245:-0.31311724379714434 | -0.6853632179282627 | 0.4036374366816915
-0.31311724379714434 | -0.6853632179282627 | 0.4036374366816915 | 0.850488500581206 | 0.8128988103250245:-0.2981616665660525 | -0.703095160933259 | 0.3872073706850756
-0.2981616665660525 | -0.703095160933259 | 0.3872073706850756 | 0.850488500581206 | 0.8128988103250245:-0.2838862632237138 | -0.7201272494454827 | 0.36940733570631323
-0.2838862632237138 | -0.7201272494454827 | 0.36940733570631323 | 0.850488500581206 | 0.8128988103250245:-0.27034673401785625 | -0.7364001393066104 | 0.35029568970503533
-0.27034673401785625 | -0.7364001393066104 | 0.35029568970503533 | 0.850488500581206 | 0.8128988103250245:-0.2575962938099323 | -0.7518569819000263 | 0.32993563753905164
-0.2575962938099323 | -0.7518569819000263 | 0.32993563753905164 | 0.850488500581206 | 0.8128988103250245:-0.245685474671113 | -0.7664436352614672 | 0.3083950166114562
-0.245685474671113 | -0.7664436352614672 | 0.3083950166114562 | 0.850488500581206 | 0.8128988103250245:-0.2346619377551491 | -0.7801088658496198 | 0.28574606529882374
-0.2346619377551491 | -0.7801088658496198 | 0.28574606529882374 | 0.6873824896748697 | 0.7392890200451039:-0.22529467188971353 | -0.7907171619841122 | 0.26768954586424343
-0.22529467188971353 | -0.7907171619841122 | 0.26768954586424343 | 0.6873824896748697 | 0.7392890200451039:-0.2165964740529276 | -0.8006998938371197 | 0.24891133159459855
