0.0 | 0.0 | 0.0 | 0.11540038415047693 | -0.7769055174999955:-3.883486083769704E-4 | -5.769987190595849E-5 | 0.00999228983182302
-3.883486083769704E-4 | -5.769987190595849E-5 | 0.00999228983182302 | 0.11540038415047693 | -0.7769055174999955:0.0 | 0.0 | 0.0
0.0 | 0.0 | 0.0 | 0.11540038415047693 | -0.7769055174999955:-0.001544422881999638 | -2.2955504851918107E-4 | 0.019838650721287855
-0.001544422881999638 | -2.2955504851918107E-4 | 0.019838650721287855 | 0.18294069691291015 | -0.7141459040308871:-0.0033604933101874725 | -6.134342218215849E-4 | 0.029503901168619784
-0.0033604933101874725 | -6.134342218215849E-4 | 0.029503901168619784 | 0.18294069691291015 | -0.7141459040308871:-0.005852539248034996 | -0.0011718352178835545 | 0.03894931340206703
-0.005852539248034996 | -0.0011718352178835545 | 0.03894931340206703 | 0.18294069691291015 | -0.7141459040308871:-0.009003543183649371 | -0.0019005626088457461 | 0.04813833483529016
-0.009003543183649371 | -0.0019005626088457461 | 0.04813833483529016 | 0.18294069691291015 | -0.7141459040308871:-0.012794900110177802 | -0.0027950092836983575 | 0.05703552724753139
-0.012794900110177802 | -0.0027950092836983575 | 0.05703552724753139 | 0.18294069691291015 | -0.7141459040308871:-0.017206477292383685 | -0.0038501714544627585 | 0.06560663285031657
-0.017206477292383685 | -0.0038501714544627585 | 0.06560663285031657 | -0.22793925425999695 | 0.05955229259969719:-0.019344836754886782 | -0.003527846876899554 | 0.07471086819449613
-0.019344836754886782 | -0.003527846876899554 | 0.07471086819449613 | -0.22793925425999695 | 0.05955229259969719:-0.021406157893974084 | -0.0029958022100624593 | 0.08373809202592486
-0.021406157893974084 | -0.0029958022100624593 | 0.08373809202592486 | -0.22793925425999695 | 0.05955229259969719:-0.02339141365075771 | -0.0022568875612904993 | 0.09268514339189826
-0.02339141365075771 | -0.0022568875612904993 | 0.09268514339189826 | -0.22793925425999695 | 0.05955229259969719:-0.02530158045763857 | -0.0013139753326334436 | 0.10154892671409166
-0.02530158045763857 | -0.0013139753326334436 | 0.10154892671409166 | -0.22793925425999695 | 0.05955229259969719:-0.027137638013789822 | -1.6995927470841998E-4 | 0.11032641157872336
-0.027137638013789822 | -1.6995927470841998E-4 | 0.11032641157872336 | -0.22793925425999695 | 0.05955229259969719:-0.028900569062980497 | 0.0011722464496792817 | 0.11901463251767175
-0.028900569062980497 | 0.0011722464496792817 | 0.11901463251767175 | -0.22793925425999695 | 0.05955229259969719:-0.030591359173742283 | 0.0027097081921512167 | 0.127610688780731
-0.030591359173742283 | 0.0027097081921512167 | 0.127610688780731 | -0.22793925425999695 | 0.05955229259969719:-0.03221099652188114 | 0.004439473735607269 | 0.13611174409918336
-0.03221099652188114 | 0.004439473735607269 | 0.13611174409918336 | -0.22793925425999695 | 0.05955229259969719:-0.03376047167533491 | 0.006358573201312501 | 0.1445150264408681
-0.03376047167533491 | 0.006358573201312501 | 0.1445150264408681 | -0.22793925425999695 | 0.05955229259969719:-0.03524077738137904 | 0.008464019946225698 | 0.15281782775692299
-0.03524077738137904 | 0.008464019946225698 | 0.15281782775692299 | -0.9797443269376118 | -0.7433442417519667:-0.043066421108622466 | 0.016792350419543633 | 0.1588993250132944
-0.043066421108622466 | 0.016792350419543633 | 0.1588993250132944 | -0.9797443269376118 | -0.7433442417519667:-0.0513696319855515 | 0.02579129324990337 | 0.16405278858154237
-0.0513696319855515 | 0.02579129324990337 | 0.16405278858154237 | -0.9797443269376118 | -0.7433442417519667:-0.060102798961988224 | 0.03539973898204429 | 0.16820343460273568
-0.060102798961988224 | 0.03539973898204429 | 0.16820343460273568 | -0.9797443269376118 | -0.7433442417519667:-0.06921487598865406 | 0.045551896484786636 | 0.17128283568455238
-0.06921487598865406 | 0.045551896484786636 | 0.17128283568455238 | -0.9797443269376118 | -0.7433442417519667:-0.0786516928623997 | 0.05617769262518213 | 0.17322933085310854
-0.0786516928623997 | 0.05617769262518213 | 0.17322933085310854 | 0.08371557714755085 | -0.396502343087904:-0.08539166522263997 | 0.05769297776888094 | 0.1788151216832219
-0.08539166522263997 | 0.05769297776888094 | 0.1788151216832219 | 0.08371557714755085 | -0.396502343087904:-0.09234384791898964 | 0.05913365942539417 | 0.18414582102867927
-0.09234384791898964 | 0.05913365942539417 | 0.18414582102867927 | 0.08371557714755085 | -0.396502343087904:-0.0994995992158283 | 0.060501843466491234 | 0.18921602741916166
-0.0994995992158283 | 0.060501843466491234 | 0.18921602741916166 | 0.08371557714755085 | -0.396502343087904:-0.1068501899711084 | 0.06179965184487746 | 0.194020603870257
-0.1068501899711084 | 0.06179965184487746 | 0.194020603870257 | 0.08371557714755085 | -0.396502343087904:-0.11438681034982334 | 0.06302922120714416 | 0.19855467840349883
-0.11438681034982334 | 0.06302922120714416 | 0.19855467840349883 | -0.589716189408618 | 0.018428732086810395:-0.11786901633201863 | 0.07106422699675674 | 0.20302561094642702
-0.11786901633201863 | 0.07106422699675674 | 0.20302561094642702 | -0.589716189408618 | 0.018428732086810395:-0.12130499116786098 | 0.07938868434938706 | 0.20713398031156016
-0.12130499116786098 | 0.07938868434938706 | 0.20713398031156016 | -0.589716189408618 | 0.018428732086810395:-0.12469562007479196 | 0.08798639281588427 | 0.2108679506886073
-0.12469562007479196 | 0.08798639281588427 | 0.2108679506886073 | -0.589716189408618 | 0.018428732086810395:-0.12804179626806556 | 0.09684076648059514 | 0.21421636318051984
-0.12804179626806556 | 0.09684076648059514 | 0.21421636318051984 | -0.589716189408618 | 0.018428732086810395:-0.13134442017398573 | 0.10593486018259729 | 0.2171687461332965
-0.13134442017398573 | 0.10593486018259729 | 0.2171687461332965 | -0.589716189408618 | 0.018428732086810395:-0.1346043986367118 | 0.11525139594466864 | 0.21971532451722187
-0.1346043986367118 | 0.11525139594466864 | 0.21971532451722187 | -0.589716189408618 | 0.018428732086810395:-0.13782264411964862 | 0.12477278957785858 | 0.221847028358086
-0.13782264411964862 | 0.12477278957785858 | 0.221847028358086 | -0.589716189408618 | 0.018428732086810395:-0.14100007390241887 | 0.13448117742966367 | 0.22355550021798276
-0.14100007390241887 | 0.13448117742966367 | 0.22355550021798276 | -0.589716189408618 | 0.018428732086810395:-0.14413760927441732 | 0.14435844324398062 | 0.22483310172624904
-0.14413760927441732 | 0.14435844324398062 | 0.22483310172624904 | -0.589716189408618 | 0.018428732086810395:-0.1472361747259412 | 0.15438624510120735 | 0.22567291916216625
-0.1472361747259412 | 0.15438624510120735 | 0.22567291916216625 | 0.5109961380770012 | 0.7961768711024599:-0.14104744376185074 | 0.15186897616848194 | 0.2404433776064625
-0.14104744376185074 | 0.15186897616848194 | 0.2404433776064625 | 0.5109961380770012 | 0.7961768711024599:-0.13403648542566282 | 0.14880906255918258 | 0.25503280788624405
-0.13403648542566282 | 0.14880906255918258 | 0.25503280788624405 | 0.5109961380770012 | 0.7961768711024599:-0.12620873007464795 | 0.14520932721061164 | 0.2693794802289817
-0.12620873007464795 | 0.14520932721061164 | 0.2693794802289817 | 0.5109961380770012 | 0.7961768711024599:-0.11757269578244722 | 0.14107457798128697 | 0.2834220254246196
-0.11757269578244722 | 0.14107457798128697 | 0.2834220254246196 | 0.5109961380770012 | 0.7961768711024599:-0.10813996209564136 | 0.1364115934868031 | 0.2970996434463542
-0.10813996209564136 | 0.1364115934868031 | 0.2970996434463542 | 0.5456519758343872 | -0.4694178317068587:-0.11736037117907916 | 0.1306983092442784 | 0.30376546982064934
-0.11736037117907916 | 0.1306983092442784 | 0.30376546982064934 | 0.5456519758343872 | -0.4694178317068587:-0.1268418097479067 | 0.12462670531656772 | 0.31000936532025136
-0.1268418097479067 | 0.12462670531656772 | 0.31000936532025136 | 0.5456519758343872 | -0.4694178317068587:-0.1365717713903818 | 0.11821150330296759 | 0.3158087907211069
-0.1365717713903818 | 0.11821150330296759 | 0.3158087907211069 | 0.5456519758343872 | -0.4694178317068587:-0.1465370988506347 | 0.11146818899231237 | 0.3211421266647747
-0.1465370988506347 | 0.11146818899231237 | 0.3211421266647747 | 0.5456519758343872 | -0.4694178317068587:-0.15672401264539415 | 0.10441297970128205 | 0.32598871425565257
-0.15672401264539415 | 0.10441297970128205 | 0.32598871425565257 | 0.5456519758343872 | -0.4694178317068587:-0.16711814065222885 | 0.09706279045580435 | 0.33032889367091123
-0.16711814065222885 | 0.09706279045580435 | 0.33032889367091123 | 0.5456519758343872 | -0.4694178317068587:-0.17770454861187623 | 0.08943519908159603 | 0.3341440407315748
-0.17770454861187623 | 0.08943519908159603 | 0.3341440407315748 | 0.5456519758343872 | -0.4694178317068587:-0.18846777148624128 | 0.08154841027111148 | 0.33741660138680274
-0.18846777148624128 | 0.08154841027111148 | 0.33741660138680274 | 0.5456519758343872 | -0.4694178317068587:-0.19939184561270906 | 0.07342121869529139 | 0.34013012406728294
-0.19939184561270906 | 0.07342121869529139 | 0.34013012406728294 | 0.5456519758343872 | -0.4694178317068587:-0.2104603415946249 | 0.06507297122948064 | 0.3422692898672981
-0.2104603415946249 | 0.06507297122948064 | 0.3422692898672981 | 0.5456519758343872 | -0.4694178317068587:-0.22165639786706848 | 0.056523528363783715 | 0.34381994051894793
-0.22165639786706848 | 0.056523528363783715 | 0.34381994051894793 | 0.5456519758343872 | -0.4694178317068587:-0.2329627548764419 | 0.04779322486888482 | 0.3447691041257812
-0.2329627548764419 | 0.04779322486888482 | 0.3447691041257812 | 0.5456519758343872 | -0.4694178317068587:-0.2443617898118644 | 0.038902829789014604 | 0.3451050186269491
-0.2443617898118644 | 0.038902829789014604 | 0.3451050186269491 | 0.5456519758343872 | -0.4694178317068587:-0.2558355518259656 | 0.02987350583427517 | 0.34481715296687376
-0.2558355518259656 | 0.02987350583427517 | 0.34481715296687376 | 0.5456519758343872 | -0.4694178317068587:-0.26736579768234225 | 0.02072676824496611 | 0.343896225949301
-0.26736579768234225 | 0.02072676824496611 | 0.343896225949301 | 0.03823034020332261 | 0.431120505800197:-0.26325096942826587 | 0.020328880135954464 | 0.35413905190039685
-0.26325096942826587 | 0.020328880135954464 | 0.35413905190039685 | 0.03823034020332261 | 0.431120505800197:-0.258785477815878 | 0.019900262589569895 | 0.364315972232907
-0.258785477815878 | 0.019900262589569895 | 0.364315972232907 | 0.03823034020332261 | 0.431120505800197:-0.2539716116198312 | 0.019441104070704984 | 0.37441630639509604
-0.2539716116198312 | 0.019441104070704984 | 0.37441630639509604 | 0.03823034020332261 | 0.431120505800197:-0.24881194694983755 | 0.018951618662124137 | 0.3844294744119203
-0.24881194694983755 | 0.018951618662124137 | 0.3844294744119203 | 0.03823034020332261 | 0.431120505800197:-0.24330934339247 | 0.018432045728574042 | 0.39434500384901483
-0.24330934339247 | 0.018432045728574042 | 0.39434500384901483 | -0.28883881459072813 | 0.5966610150598564:-0.23412397705386567 | 0.02440401924047464 | 0.40575856964903245
-0.23412397705386567 | 0.02440401924047464 | 0.40575856964903245 | -0.28883881459072813 | 0.5966610150598564:-0.22444006395072869 | 0.030603698185808437 | 0.4168318174026897
-0.22444006395072869 | 0.030603698185808437 | 0.4168318174026897 | -0.28883881459072813 | 0.5966610150598564:-0.21426904983299622 | 0.03702587634543919 | 0.42754072668682497
-0.21426904983299622 | 0.03702587634543919 | 0.42754072668682497 | -0.28883881459072813 | 0.5966610150598564:-0.20362325785895408 | 0.04366491737034606 | 0.4378618032553714
-0.20362325785895408 | 0.04366491737034606 | 0.4378618032553714 | -0.28883881459072813 | 0.5966610150598564:-0.1925158676858416 | 0.05051476465026283 | 0.44777211628248104
-0.1925158676858416 | 0.05051476465026283 | 0.44777211628248104 | -0.28883881459072813 | 0.5966610150598564:-0.1809608933605098 | 0.0575689517703033 | 0.45724933459591277
-0.1809608933605098 | 0.0575689517703033 | 0.45724933459591277 | -0.28883881459072813 | 0.5966610150598564:-0.1689731600487061 | 0.06482061353721713 | 0.46627176185553765
-0.1689731600487061 | 0.06482061353721713 | 0.46627176185553765 | -0.28883881459072813 | 0.5966610150598564:-0.15656827964287956 | 0.07226249755629599 | 0.4748183706335638
-0.15656827964287956 | 0.07226249755629599 | 0.4748183706335638 | -0.28883881459072813 | 0.5966610150598564:-0.14376262528956296 | 0.0798869763393446 | 0.4828688353548358
-0.14376262528956296 | 0.0798869763393446 | 0.4828688353548358 | -0.28883881459072813 | 0.5966610150598564:-0.1305733048785953 | 0.08768605992354983 | 0.490403564057452
-0.1305733048785953 | 0.08768605992354983 | 0.490403564057452 | -0.28883881459072813 | 0.5966610150598564:-0.11701813353753643 | 0.09565140898055047 | 0.497403728935673
-0.11701813353753643 | 0.09565140898055047 | 0.497403728935673 | -0.28883881459072813 | 0.5966610150598564:-0.10311560517560991 | 0.10377434839448663 | 0.5038512956291186
-0.10311560517560991 | 0.10377434839448663 | 0.5038512956291186 | -0.28883881459072813 | 0.5966610150598564:-0.0888848631225585 | 0.11204588128732818 | 0.5097290512240704
-0.0888848631225585 | 0.11204588128732818 | 0.5097290512240704 | -0.28883881459072813 | 0.5966610150598564:-0.07434566990862734 | 0.12045670346933557 | 0.5150206309346821
-0.07434566990862734 | 0.12045670346933557 | 0.5150206309346821 | -0.28883881459072813 | 0.5966610150598564:-0.05951837623276113 | 0.12899721829207778 | 0.5197105434338916
-0.05951837623276113 | 0.12899721829207778 | 0.5197105434338916 | 0.21888958274667436 | -0.9899754104842544:-0.08595791798037666 | 0.12435717106752842 | 0.5219382114652014
-0.08595791798037666 | 0.12435717106752842 | 0.5219382114652014 | 0.21888958274667436 | -0.9899754104842544:-0.11268215585488761 | 0.1196344039755739 | 0.5227298559969498
-0.11268215585488761 | 0.1196344039755739 | 0.5227298559969498 | 0.21888958274667436 | -0.9899754104842544:-0.1396136322580439 | 0.11484603234001822 | 0.5220622777728146
-0.1396136322580439 | 0.11484603234001822 | 0.5220622777728146 | 0.21888958274667436 | -0.9899754104842544:-0.16667342170870114 | 0.11000951926157221 | 0.5199167500075674
-0.16667342170870114 | 0.11000951926157221 | 0.5199167500075674 | 0.21888958274667436 | -0.9899754104842544:-0.19378137963819597 | 0.10514262111034345 | 0.5162791061099696
-0.19378137963819597 | 0.10514262111034345 | 0.5162791061099696 | 0.09672693790825515 | -0.13208522909383347:-0.1987307684845394 | 0.10344647489501035 | 0.5195181421982262
-0.1987307684845394 | 0.10344647489501035 | 0.5195181421982262 | 0.09672693790825515 | -0.13208522909383347:-0.20371230447880606 | 0.10170737033313237 | 0.5226695368247647
-0.20371230447880606 | 0.10170737033313237 | 0.5226695368247647 | 0.09672693790825515 | -0.13208522909383347:-0.2087249915124989 | 0.09992622856354849 | 0.52573313868524
-0.2087249915124989 | 0.09992622856354849 | 0.52573313868524 | 0.09672693790825515 | -0.13208522909383347:-0.21376783844406155 | 0.09810396519984454 | 0.5287088099400741
-0.21376783844406155 | 0.09810396519984454 | 0.5287088099400741 | 0.09672693790825515 | -0.13208522909383347:-0.21883985914391602 | 0.09624149031622142 | 0.5315964260615438
-0.21883985914391602 | 0.09624149031622142 | 0.5315964260615438 | 0.09672693790825515 | -0.13208522909383347:-0.22394007253829962 | 0.09433970843402584 | 0.5343958756820051
-0.22394007253829962 | 0.09433970843402584 | 0.5343958756820051 | 0.09672693790825515 | -0.13208522909383347:-0.22906750265195086 | 0.09239951850895611 | 0.5371070604431658
-0.22906750265195086 | 0.09239951850895611 | 0.5371070604431658 | 0.09672693790825515 | -0.13208522909383347:-0.2342211786496602 | 0.09042181391890747 | 0.5397298948465057
-0.2342211786496602 | 0.09042181391890747 | 0.5397298948465057 | 0.09672693790825515 | -0.13208522909383347:-0.23940013487667144 | 0.08840748245246921 | 0.5422643061047481
-0.23940013487667144 | 0.08840748245246921 | 0.5422643061047481 | 0.09672693790825515 | -0.13208522909383347:-0.24460341089800508 | 0.08635740629804278 | 0.5447102339944401
-0.24460341089800508 | 0.08635740629804278 | 0.5447102339944401 | 0.2966045195576845 | 0.21228354588680975:-0.2403651850671391 | 0.07878464715460787 | 0.5521027551630233
-0.2403651850671391 | 0.07878464715460787 | 0.5521027551630233 | 0.2966045195576845 | 0.21228354588680975:-0.23599617594402744 | 0.07104494427039043 | 0.559324163288256
-0.23599617594402744 | 0.07104494427039043 | 0.559324163288256 | 0.2966045195576845 | 0.21228354588680975:-0.23149891523442356 | 0.06314162640785081 | 0.5663693326977288
-0.23149891523442356 | 0.06314162640785081 | 0.5663693326977288 | 0.2966045195576845 | 0.21228354588680975:-0.22687599495408683 | 0.05507810910787736 | 0.5732332464340999
-0.22687599495408683 | 0.05507810910787736 | 0.5732332464340999 | 0.2966045195576845 | 0.21228354588680975:-0.22213006585773698 | 0.04685789249112915 | 0.5799109980750572
-0.22213006585773698 | 0.04685789249112915 | 0.5799109980750572 | 0.2966045195576845 | 0.21228354588680975:-0.21726383585418674 | 0.03848455903977843 | 0.5863977934918658
-0.21726383585418674 | 0.03848455903977843 | 0.5863977934918658 | 0.2966045195576845 | 0.21228354588680975:-0.21228006840836144 | 0.029961771360642153 | 0.5926889525464603
-0.21228006840836144 | 0.029961771360642153 | 0.5926889525464603 | 0.2966045195576845 | 0.21228354588680975:-0.20718158093094985 | 0.021293269930740877 | 0.598779910726897
-0.20718158093094985 | 0.021293269930740877 | 0.598779910726897 | 0.2966045195576845 | 0.21228354588680975:-0.20197124315638604 | 0.012482870826264758 | 0.6046662207210645
-0.20197124315638604 | 0.012482870826264758 | 0.6046662207210645 | 0.2966045195576845 | 0.21228354588680975:-0.19665197550989788 | 0.003534463435969748 | 0.6103435539285655
-0.19665197550989788 | 0.003534463435969748 | 0.6103435539285655 | 0.7345246666131773 | 0.6493118524043211:-0.17773461471804097 | -0.018984116771723514 | 0.6195704842334351
-0.17773461471804097 | -0.018984116771723514 | 0.6195704842334351 | 0.7345246666131773 | 0.6493118524043211:-0.15843378665957175 | -0.04195047722846201 | 0.6273352482726722
-0.15843378665957175 | -0.04195047722846201 | 0.6273352482726722 | 0.7345246666131773 | 0.6493118524043211:-0.13879941752295188 | -0.06530891722105459 | 0.6336024419135953
-0.13879941752295188 | -0.06530891722105459 | 0.6336024419135953 | 0.7345246666131773 | 0.6493118524043211:-0.11888273459197762 | -0.08900219090074124 | 0.6383405796652042
-0.11888273459197762 | -0.08900219090074124 | 0.6383405796652042 | 0.7345246666131773 | 0.6493118524043211:-0.09873612690218359 | -0.112971662909775 | 0.6415222047011895
-0.09873612690218359 | -0.112971662909775 | 0.6415222047011895 | 0.7345246666131773 | 0.6493118524043211:-0.07841300219485348 | -0.1371574684027559 | 0.6431239876391714
-0.07841300219485348 | -0.1371574684027559 | 0.6431239876391714 | 0.7345246666131773 | 0.6493118524043211:-0.057967640573384216 | -0.16149867701013143 | 0.6431268137887614
-0.057967640573384216 | -0.16149867701013143 | 0.6431268137887614 | 0.7345246666131773 | 0.6493118524043211:-0.037455045275548215 | -0.18593346028066904 | 0.64151585861363
-0.037455045275548215 | -0.18593346028066904 | 0.64151585861363 | 0.7345246666131773 | 0.6493118524043211:-0.01693079098291328 | -0.21039926213048066 | 0.6382806511861929
-0.01693079098291328 | -0.21039926213048066 | 0.6382806511861929 | 0.7345246666131773 | 0.6493118524043211:0.0035491299049592584 | -0.23483297181823293 | 0.6334151254473213
0.0035491299049592584 | -0.23483297181823293 | 0.6334151254473213 | 0.7345246666131773 | 0.6493118524043211:0.023928462598560074 | -0.2591710989595839 | 0.626917659117801
0.023928462598560074 | -0.2591710989595839 | 0.626917659117801 | 0.7345246666131773 | 0.6493118524043211:0.0441508464117355 | -0.28334995008866226 | 0.6187911001429924
0.0441508464117355 | -0.28334995008866226 | 0.6187911001429924 | 0.7345246666131773 | 0.6493118524043211:0.0641599719803807 | -0.3073058062705343 | 0.6090427805867691
0.0641599719803807 | -0.3073058062705343 | 0.6090427805867691 | 0.7345246666131773 | 0.6493118524043211:0.08389973876505152 | -0.3309751012661222 | 0.5976845179263108
0.08389973876505152 | -0.3309751012661222 | 0.5976845179263108 | 0.7345246666131773 | 0.6493118524043211:0.10331441239557293 | -0.3542945997498972 | 0.5847326037338192
0.10331441239557293 | -0.3542945997498972 | 0.5847326037338192 | 0.4690702310219912 | 0.1964801485189438:0.1094568022475162 | -0.3695516415975457 | 0.5777871210911272
0.1094568022475162 | -0.3695516415975457 | 0.5777871210911272 | 0.4690702310219912 | 0.1964801485189438:0.11554686451435714 | -0.3846843347977438 | 0.5703564289427945
0.11554686451435714 | -0.3846843347977438 | 0.5703564289427945 | 0.4690702310219912 | 0.1964801485189438:0.12157898329708772 | -0.39967928614508086 | 0.562443646176817
0.12157898329708772 | -0.39967928614508086 | 0.562443646176817 | 0.4690702310219912 | 0.1964801485189438:0.12754758146068035 | -0.41452318943723676 | 0.5540523208813823
0.12754758146068035 | -0.41452318943723676 | 0.5540523208813823 | 0.4690702310219912 | 0.1964801485189438:0.13344712536985703 | -0.42920283682725313 | 0.5451864268732294
0.13344712536985703 | -0.42920283682725313 | 0.5451864268732294 | 0.4690702310219912 | 0.1964801485189438:0.13927212957330326 | -0.44370513005662665 | 0.5358503598879949
0.13927212957330326 | -0.44370513005662665 | 0.5358503598879949 | 0.4690702310219912 | 0.1964801485189438:0.14501716143293564 | -0.45801709156108317 | 0.5260489334373801
0.14501716143293564 | -0.45801709156108317 | 0.5260489334373801 | 0.4690702310219912 | 0.1964801485189438:0.15067684569489082 | -0.47212587544102497 | 0.5157873743377976
0.15067684569489082 | -0.47212587544102497 | 0.5157873743377976 | 0.4690702310219912 | 0.1964801485189438:0.15624586899899384 | -0.4860187782887935 | 0.5050713179156432
0.15624586899899384 | -0.4860187782887935 | 0.5050713179156432 | 0.4690702310219912 | 0.1964801485189438:0.16171898432345166 | -0.49968324986503987 | 0.4939068028945357
0.16171898432345166 | -0.49968324986503987 | 0.4939068028945357 | 0.4690702310219912 | 0.1964801485189438:0.16709101536168447 | -0.5131069036166496 | 0.4823002659697764
0.16709101536168447 | -0.5131069036166496 | 0.4823002659697764 | 0.4690702310219912 | 0.1964801485189438:0.17235686082820756 | -0.5262775270288296 | 0.4702585360759457
0.17235686082820756 | -0.5262775270288296 | 0.4702585360759457 | 0.4690702310219912 | 0.1964801485189438:0.17751149869055638 | -0.5391830918041269 | 0.45778882835329426
0.17751149869055638 | -0.5391830918041269 | 0.45778882835329426 | 0.4690702310219912 | 0.1964801485189438:0.18254999032433616 | -0.5518117638613136 | 0.44489873781909495
0.18254999032433616 | -0.5518117638613136 | 0.44489873781909495 | 0.4690702310219912 | 0.1964801485189438:0.1874674845885309 | -0.5641519131472537 | 0.43159623275012393
0.1874674845885309 | -0.5641519131472537 | 0.43159623275012393 | 0.7649366902533892 | 0.5126393974041139:0.19862128212701968 | -0.5823384690225328 | 0.4062317353210716
0.19862128212701968 | -0.5823384690225328 | 0.4062317353210716 | 0.7649366902533892 | 0.5126393974041139:0.20913165390658683 | -0.5995747210011357 | 0.37979945989340536
0.20913165390658683 | -0.5995747210011357 | 0.37979945989340536 | 0.7649366902533892 | 0.5126393974041139:0.21896919836482986 | -0.615815881629997 | 0.3523526632398628
0.21896919836482986 | -0.615815881629997 | 0.3523526632398628 | 0.7649366902533892 | 0.5126393974041139:0.22810595144692591 | -0.631019256383345 | 0.3239472761014355
0.22810595144692591 | -0.631019256383345 | 0.3239472761014355 | 0.7649366902533892 | 0.5126393974041139:0.23651545904934324 | -0.6451443541494823 | 0.2946417791758833
0.23651545904934324 | -0.6451443541494823 | 0.2946417791758833 | 0.7649366902533892 | 0.5126393974041139:0.24417284596915145 | -0.6581529926260146 | 0.26449707267126144
0.24417284596915145 | -0.6581529926260146 | 0.26449707267126144 | 0.7649366902533892 | 0.5126393974041139:0.25105488119014474 | -0.6700093983656688 | 0.23357633973553504
0.25105488119014474 | -0.6700093983656688 | 0.23357633973553504 | 0.7649366902533892 | 0.5126393974041139:0.2571400393458312 | -0.6806803012278468 | 0.2019449040882222
0.2571400393458312 | -0.6806803012278468 | 0.2019449040882222 | 0.7649366902533892 | 0.5126393974041139:0.26240855820871367 | -0.690135023004661 | 0.16967008219343427
0.26240855820871367 | -0.690135023004661 | 0.16967008219343427 | 0.7649366902533892 | 0.5126393974041139:0.2668424920648107 | -0.6983455600042934 | 0.13682103032650872
0.2668424920648107 | -0.6983455600042934 | 0.13682103032650872 | -0.3288504396962262 | -0.3080216225066914:0.265362508084209 | -0.6981993886647562 | 0.1528576641377981
0.265362508084209 | -0.6981993886647562 | 0.1528576641377981 | -0.3288504396962262 | -0.3080216225066914:0.263619460982369 | -0.6977594618875766 | 0.16890860643593442
0.263619460982369 | -0.6977594618875766 | 0.16890860643593442 | -0.3288504396962262 | -0.3080216225066914:0.2616127445998 | -0.6970251799377962 | 0.1849637872765868
0.2616127445998 | -0.6970251799377962 | 0.1849637872765868 | -0.3288504396962262 | -0.3080216225066914:0.2593419312105407 | -0.695996132125817 | 0.20101311816056722
0.2593419312105407 | -0.695996132125817 | 0.20101311816056722 | -0.3288504396962262 | -0.3080216225066914:0.2568067715279678 | -0.694672096881007 | 0.21704649864772563
0.2568067715279678 | -0.694672096881007 | 0.21704649864772563 | -0.4690110280723314 | 0.32070390177421326:0.26128462041248746 | -0.6914303960148018 | 0.22980559724244642
0.26128462041248746 | -0.6914303960148018 | 0.22980559724244642 | -0.4690110280723314 | 0.32070390177421326:0.2659689143337918 | -0.6878537346930074 | 0.24243978878480732
0.2659689143337918 | -0.6878537346930074 | 0.24243978878480732 | -0.4690110280723314 | 0.32070390177421326:0.2708578923701417 | -0.6839448595683582 | 0.2549367584409765
0.2708578923701417 | -0.6839448595683582 | 0.2549367584409765 | -0.4690110280723314 | 0.32070390177421326:0.2759495742894593 | -0.6797068360157645 | 0.26728428885595434
0.2759495742894593 | -0.6797068360157645 | 0.26728428885595434 | -0.4690110280723314 | 0.32070390177421326:0.28124176250400534 | -0.6751430454462835 | 0.27947027218517917
0.28124176250400534 | -0.6751430454462835 | 0.27947027218517917 | 0.8944299753122413 | 0.27268517867470066:0.28539952589293893 | -0.6888665190523575 | 0.24582953934304186
0.28539952589293893 | -0.6888665190523575 | 0.24582953934304186 | 0.8944299753122413 | 0.27268517867470066:0.28909039645263945 | -0.7010814585528813 | 0.2114529486870964
0.28909039645263945 | -0.7010814585528813 | 0.2114529486870964 | 0.8944299753122413 | 0.27268517867470066:0.2923039269422185 | -0.7117518392576514 | 0.17641583476132894
0.2923039269422185 | -0.7117518392576514 | 0.17641583476132894 | 0.8944299753122413 | 0.27268517867470066:0.2950307457626282 | -0.7208451236871944 | 0.14079541839791432
0.2950307457626282 | -0.7208451236871944 | 0.14079541839791432 | 0.8944299753122413 | 0.27268517867470066:0.2972625830132518 | -0.7283323510511011 | 0.10467062766947777
0.2972625830132518 | -0.7283323510511011 | 0.10467062766947777 | 0.8944299753122413 | 0.27268517867470066:0.29899229393473536 | -0.7341882182525161 | 0.06812191433602521
0.29899229393473536 | -0.7341882182525161 | 0.06812191433602521 | 0.8944299753122413 | 0.27268517867470066:0.3002138796788847 | -0.7383911522148416 | 0.031231066228130544
0.3002138796788847 | -0.7383911522148416 | 0.031231066228130544 | 0.8944299753122413 | 0.27268517867470066:0.3009225053529043 | -0.7409233733475098 | -0.00591898398226931
0.3009225053529043 | -0.7409233733475098 | -0.00591898398226931 | 0.8944299753122413 | 0.27268517867470066:0.3011145152918573 | -0.7417709499893341 | -0.04324435316353714
0.3011145152918573 | -0.7417709499893341 | -0.04324435316353714 | 0.8944299753122413 | 0.27268517867470066:0.3007874455199655 | -0.7409238436897105 | -0.08066040479098291
0.3007874455199655 | -0.7409238436897105 | -0.08066040479098291 | -0.25073417675361753 | -0.6527333123446704:0.3036959042905609 | -0.7436887110759258 | -0.061662835756500556
0.3036959042905609 | -0.7436887110759258 | -0.061662835756500556 | -0.25073417675361753 | -0.6527333123446704:0.30597815447316723 | -0.7461988050036013 | -0.042499355592468646
0.30597815447316723 | -0.7461988050036013 | -0.042499355592468646 | -0.25073417675361753 | -0.6527333123446704:0.3076277160646286 | -0.7484516354239119 | -0.02319452232557495
0.3076277160646286 | -0.7484516354239119 | -0.02319452232557495 | -0.25073417675361753 | -0.6527333123446704:0.3086389576607873 | -0.7504450349969005 | -0.0037731667456952778
0.3086389576607873 | -0.7504450349969005 | -0.0037731667456952778 | -0.25073417675361753 | -0.6527333123446704:0.30900710577295376 | -0.7521771628980218 | 0.015739641538957017
0.30900710577295376 | -0.7521771628980218 | 0.015739641538957017 | -0.25073417675361753 | -0.6527333123446704:0.3087282529535762 | -0.7536465081692931 | 0.03531862839338373
0.3087282529535762 | -0.7536465081692931 | 0.03531862839338373 | -0.25073417675361753 | -0.6527333123446704:0.3077993647209061 | -0.7548518926108763 | 0.054938349746286974
0.3077993647209061 | -0.7548518926108763 | 0.054938349746286974 | -0.25073417675361753 | -0.6527333123446704:0.3062182852741544 | -0.7557924732094996 | 0.0745732264314114
0.3062182852741544 | -0.7557924732094996 | 0.0745732264314114 | -0.25073417675361753 | -0.6527333123446704:0.3039837419922722 | -0.7564677441008065 | 0.094197579231313
0.3039837419922722 | -0.7564677441008065 | 0.094197579231313 | -0.25073417675361753 | -0.6527333123446704:0.30109534871118226 | -0.756877538063307 | 0.11378566407513091
0.30109534871118226 | -0.756877538063307 | 0.11378566407513091 | -0.7922729971854467 | -0.3308961092403113:0.29932189718286306 | -0.7534000945688959 | 0.14895371888447784
0.29932189718286306 | -0.7534000945688959 | 0.14895371888447784 | -0.7922729971854467 | -0.3308961092403113:0.2969567644288946 | -0.7485025440112594 | 0.1839930029356367
0.2969567644288946 | -0.7485025440112594 | 0.1839930029356367 | -0.7922729971854467 | -0.3308961092403113:0.2940020836707342 | -0.7421886535308886 | 0.2188354528755596
0.2940020836707342 | -0.7421886535308886 | 0.2188354528755596 | -0.7922729971854467 | -0.3308961092403113:0.290461157672085 | -0.73446499389933 | 0.2534131636811452
0.290461157672085 | -0.73446499389933 | 0.2534131636811452 | -0.7922729971854467 | -0.3308961092403113:0.2863384550285845 | -0.7253409333355805 | 0.2876585249751713
0.2863384550285845 | -0.7253409333355805 | 0.2876585249751713 | -0.7922729971854467 | -0.3308961092403113:0.28163960409820793 | -0.7148286256652128 | 0.321504356948374
0.28163960409820793 | -0.7148286256652128 | 0.321504356948374 | -0.7922729971854467 | -0.3308961092403113:0.27637138458359645 | -0.7029429928435178 | 0.35488404561235853
0.27637138458359645 | -0.7029429928435178 | 0.35488404561235853 | -0.7922729971854467 | -0.3308961092403113:0.27054171678225203 | -0.6897017018755136 | 0.38773167710964174
0.27054171678225203 | -0.6897017018755136 | 0.38773167710964174 | -0.7922729971854467 | -0.3308961092403113:0.2641596485252369 | -0.6751251361767956 | 0.41998217080903544
0.2641596485252369 | -0.6751251361767956 | 0.41998217080903544 | -0.7922729971854467 | -0.3308961092403113:0.2572353398296604 | -0.659236361430473 | 0.45157141091728903
0.2572353398296604 | -0.659236361430473 | 0.45157141091728903 | -0.0660221999668571 | -0.7704118075438839:0.24002849362817047 | -0.6590000407845764 | 0.46420107162814617
0.24002849362817047 | -0.6590000407845764 | 0.46420107162814617 | -0.0660221999668571 | -0.7704118075438839:0.22230920276457367 | -0.6587065473833817 | 0.4761699213253223
0.22230920276457367 | -0.6587065473833817 | 0.4761699213253223 | -0.0660221999668571 | -0.7704118075438839:0.20410326233168807 | -0.6583581784359112 | 0.48745686876535643
0.20410326233168807 | -0.6583581784359112 | 0.48745686876535643 | -0.0660221999668571 | -0.7704118075438839:0.18543732401140933 | -0.6579573050379821 | 0.49804185611056795
0.18543732401140933 | -0.6579573050379821 | 0.49804185611056795 | -0.0660221999668571 | -0.7704118075438839:0.16633885431183115 | -0.6575063686632063 | 0.5079058936551064
0.16633885431183115 | -0.6575063686632063 | 0.5079058936551064 | 0.21683116232829325 | -0.1859285524876768:0.16196789511788312 | -0.6641687325926711 | 0.5031775386839001
0.16196789511788312 | -0.6641687325926711 | 0.5031775386839001 | 0.21683116232829325 | -0.1859285524876768:0.1576306143194679 | -0.6707771413831267 | 0.49831752436669063
0.1576306143194679 | -0.6707771413831267 | 0.49831752436669063 | 0.21683116232829325 | -0.1859285524876768:0.1533285179452144 | -0.677329987041773 | 0.4933268791219376
0.1533285179452144 | -0.677329987041773 | 0.4933268791219376 | 0.21683116232829325 | -0.1859285524876768:0.14906309823888986 | -0.6838256759240409 | 0.48820666614695085
0.14906309823888986 | -0.6838256759240409 | 0.48820666614695085 | 0.21683116232829325 | -0.1859285524876768:0.14483583334684313 | -0.6902626291156295 | 0.48295798302562787
0.14483583334684313 | -0.6902626291156295 | 0.48295798302562787 | 0.21683116232829325 | -0.1859285524876768:0.14064818701002713 | -0.6966392828090662 | 0.4775819613303298
0.14064818701002713 | -0.6966392828090662 | 0.4775819613303298 | 0.21683116232829325 | -0.1859285524876768:0.13650160826063384 | -0.7029540886747583 | 0.4720797662179308
0.13650160826063384 | -0.7029540886747583 | 0.4720797662179308 | 0.21683116232829325 | -0.1859285524876768:0.13239753112337738 | -0.7092055142265323 | 0.46645259602018996
0.13239753112337738 | -0.7092055142265323 | 0.46645259602018996 | 0.21683116232829325 | -0.1859285524876768:0.1283373743214553 | -0.7153920431815664 | 0.46070168182839666
0.1283373743214553 | -0.7153920431815664 | 0.46070168182839666 | 0.21683116232829325 | -0.1859285524876768:0.12432254098722595 | -0.7215121758147305 | 0.45482828707274336
0.12432254098722595 | -0.7215121758147305 | 0.45482828707274336 | 0.21683116232829325 | -0.1859285524876768:0.12035441837763061 | -0.7275644293072858 | 0.44883370709617054
0.12035441837763061 | -0.7275644293072858 | 0.44883370709617054 | 0.21683116232829325 | -0.1859285524876768:0.11643437759438946 | -0.7335473380898208 | 0.4427192687230388
0.11643437759438946 | -0.7335473380898208 | 0.4427192687230388 | 0.21683116232829325 | -0.1859285524876768:0.1125637733090068 | -0.7394594541795882 | 0.43648632982259983
