0.0 | 0.0 | 0.0 | -0.915145589819379 | -0.7636742447924425:-3.813447781943702E-4 | 4.5741313941449757E-4 | 0.009982251718927693
-3.813447781943702E-4 | 4.5741313941449757E-4 | 0.009982251718927693 | -0.915145589819379 | -0.7636742447924425:-0.0015142627549785087 | 0.0018179360095342822 | 0.019758849080200085
-0.0015142627549785087 | 0.0018179360095342822 | 0.019758849080200085 | -0.915145589819379 | -0.7636742447924425:-0.003378269350503709 | 0.004059378843941586 | 0.029227694753380856
-0.003378269350503709 | 0.004059378843941586 | 0.029227694753380856 | -0.915145589819379 | -0.7636742447924425:-0.005947946780311595 | 0.007153564307448068 | 0.03828998399996906
-0.005947946780311595 | 0.007153564307448068 | 0.03828998399996906 | -0.915145589819379 | -0.7636742447924425:-0.009193147359996656 | 0.01106655872235307 | 0.04685074736294598
-0.009193147359996656 | 0.01106655872235307 | 0.04685074736294598 | -0.915145589819379 | -0.7636742447924425:-0.013079219408520887 | 0.015758930973934104 | 0.05481936727427483
-0.013079219408520887 | 0.015758930973934104 | 0.05481936727427483 | -0.915145589819379 | -0.7636742447924425:-0.017567254402765638 | 0.021186037531549906 | 0.062110066345630155
-0.017567254402765638 | 0.021186037531549906 | 0.062110066345630155 | -0.915145589819379 | -0.7636742447924425:-0.02261435395229415 | 0.027298331917991803 | 0.06864236526264916
-0.02261435395229415 | 0.027298331917991803 | 0.06864236526264916 | -0.915145589819379 | -0.7636742447924425:-0.0281739150869305 | 0.03404169686447689 | 0.07434150836556463
-0.0281739150869305 | 0.03404169686447689 | 0.07434150836556463 | -0.915145589819379 | -0.7636742447924425:-0.03419593228088716 | 0.04135779730226463 | 0.0791388551684169
-0.03419593228088716 | 0.04135779730226463 | 0.0791388551684169 | -0.915145589819379 | -0.7636742447924425:-0.04062731457600882 | 0.0491844522645668 | 0.08297223624435868
-0.04062731457600882 | 0.0491844522645668 | 0.08297223624435868 | -0.915145589819379 | -0.7636742447924425:-0.047412216113428024 | 0.0574560237044468 | 0.08578627208503731
-0.047412216113428024 | 0.0574560237044468 | 0.08578627208503731 | -0.915145589819379 | -0.7636742447924425:-0.054492378337691466 | 0.0661038201759665 | 0.0875326537268506
-0.054492378337691466 | 0.0661038201759665 | 0.0875326537268506 | -0.915145589819379 | -0.7636742447924425:-0.0618074821003311 | 0.07505651327708551 | 0.0881703841251702
-0.0618074821003311 | 0.07505651327708551 | 0.0881703841251702 | -0.915145589819379 | -0.7636742447924425:-0.0692955078609932 | 0.08424056471386088 | 0.0876659794485879
-0.0692955078609932 | 0.08424056471386088 | 0.0876659794485879 | -0.915145589819379 | -0.7636742447924425:-0.07689310216364403 | 0.09358066181640545 | 0.08599362965800061
-0.07689310216364403 | 0.09358066181640545 | 0.08599362965800061 | -0.915145589819379 | -0.7636742447924425:-0.08453594855305274 | 0.10300015931786377 | 0.08313531792907836
-0.08453594855305274 | 0.10300015931786377 | 0.08313531792907836 | -0.915145589819379 | -0.7636742447924425:-0.09215914109267487 | 0.112421525198349 | 0.07908089867051316
-0.09215914109267487 | 0.112421525198349 | 0.07908089867051316 | -0.915145589819379 | -0.7636742447924425:-0.0996975586491694 | 0.12176678839628285 | 0.07382813408358713
-0.0996975586491694 | 0.12176678839628285 | 0.07382813408358713 | 0.3996558748402239 | -0.7224173985141109:-0.10725211891633579 | 0.125983228399918 | 0.07604664703396935
-0.10725211891633579 | 0.125983228399918 | 0.07604664703396935 | 0.3996558748402239 | -0.7224173985141109:-0.11496050481413522 | 0.1300279558457992 | 0.0779762602531624
-0.11496050481413522 | 0.1300279558457992 | 0.0779762602531624 | 0.3996558748402239 | -0.7224173985141109:-0.12280764897536323 | 0.133910014354571 | 0.07960409798075152
-0.12280764897536323 | 0.133910014354571 | 0.07960409798075152 | 0.3996558748402239 | -0.7224173985141109:-0.13077793687171502 | 0.13763875186581004 | 0.08091828673619617
-0.13077793687171502 | 0.13763875186581004 | 0.08091828673619617 | 0.3996558748402239 | -0.7224173985141109:-0.1388552541926975 | 0.1412237947783817 | 0.08190798190240844
-0.1388552541926975 | 0.1412237947783817 | 0.08190798190240844 | 0.9691482530435658 | 0.3473779100813308:-0.14232764582227575 | 0.14211609988543272 | 0.09438857837305181
-0.14232764582227575 | 0.14211609988543272 | 0.09438857837305181 | 0.9691482530435658 | 0.3473779100813308:-0.14546966232289105 | 0.14218665926450258 | 0.107245913964372
-0.14546966232289105 | 0.14218665926450258 | 0.107245913964372 | 0.9691482530435658 | 0.3473779100813308:-0.14827185593753933 | 0.14140670713729353 | 0.12041837624435758
-0.14827185593753933 | 0.14140670713729353 | 0.12041837624435758 | 0.9691482530435658 | 0.3473779100813308:-0.15072618753505163 | 0.139751371061823 | 0.13384244000832957
-0.15072618753505163 | 0.139751371061823 | 0.13384244000832957 | 0.9691482530435658 | 0.3473779100813308:-0.15282605989413356 | 0.13719977120756344 | 0.14745293514372104
-0.15282605989413356 | 0.13719977120756344 | 0.14745293514372104 | -0.06903674501013146 | -0.8393633409718952:-0.16355276670314733 | 0.1417775633551357 | 0.14458738066313837
-0.16355276670314733 | 0.1417775633551357 | 0.14458738066313837 | -0.06903674501013146 | -0.8393633409718952:-0.1742699028334771 | 0.14631889935433495 | 0.14100449126370673
-0.1742699028334771 | 0.14631889935433495 | 0.14100449126370673 | -0.06903674501013146 | -0.8393633409718952:-0.18493552488682186 | 0.15082070070362197 | 0.13670326800760613
-0.18493552488682186 | 0.15082070070362197 | 0.13670326800760613 | -0.06903674501013146 | -0.8393633409718952:-0.19550772416110807 | 0.155279884112548 | 0.1316850014640667
-0.19550772416110807 | 0.155279884112548 | 0.1316850014640667 | -0.06903674501013146 | -0.8393633409718952:-0.20594474377734917 | 0.1596933711893378 | 0.1259532609786338
-0.20594474377734917 | 0.1596933711893378 | 0.1259532609786338 | -0.06903674501013146 | -0.8393633409718952:-0.21620509472048433 | 0.16405809804870097 | 0.11951387820089288
-0.21620509472048433 | 0.16405809804870097 | 0.11951387820089288 | -0.06903674501013146 | -0.8393633409718952:-0.22624767052667938 | 0.16837102481773902 | 0.11237492495255053
-0.22624767052667938 | 0.16837102481773902 | 0.11237492495255053 | -0.06903674501013146 | -0.8393633409718952:-0.2360318603548417 | 0.17262914501821358 | 0.10454668552978985
-0.2360318603548417 | 0.17262914501821358 | 0.10454668552978985 | -0.06903674501013146 | -0.8393633409718952:-0.24551766018586774 | 0.1768294948039153 | 0.09604162354556678
-0.24551766018586774 | 0.1768294948039153 | 0.09604162354556678 | -0.06903674501013146 | -0.8393633409718952:-0.2546657818994338 | 0.18096916203235436 | 0.08687434342892075
-0.2546657818994338 | 0.18096916203235436 | 0.08687434342892075 | -0.06903674501013146 | -0.8393633409718952:-0.2634377599848836 | 0.18504529515053347 | 0.07706154670942578
-0.2634377599848836 | 0.18504529515053347 | 0.07706154670942578 | -0.06903674501013146 | -0.8393633409718952:-0.2717960556500172 | 0.189055111875148 | 0.0666219832255992
-0.2717960556500172 | 0.189055111875148 | 0.0666219832255992 | -0.06903674501013146 | -0.8393633409718952:-0.279704158099225 | 0.19299590764816177 | 0.05557639740638454
-0.279704158099225 | 0.19299590764816177 | 0.05557639740638454 | -0.06903674501013146 | -0.8393633409718952:-0.28712668276054476 | 0.19686506384935676 | 0.043947469784710425
-0.28712668276054476 | 0.19686506384935676 | 0.043947469784710425 | -0.06903674501013146 | -0.8393633409718952:-0.2940294662496896 | 0.20066005574814483 | 0.0317597539116119
-0.2940294662496896 | 0.20066005574814483 | 0.0317597539116119 | 0.46755481644494923 | 0.9339131838638173:-0.29725843871403423 | 0.20345650834080242 | 0.05102813319773869
-0.29725843871403423 | 0.20345650834080242 | 0.05102813319773869 | 0.46755481644494923 | 0.9339131838638173:-0.29947796957271944 | 0.20574401947975574 | 0.07080175283477219
-0.29947796957271944 | 0.20574401947975574 | 0.07080175283477219 | 0.46755481644494923 | 0.9339131838638173:-0.3006527732066413 | 0.207504210406098 | 0.09101121314829852
-0.3006527732066413 | 0.207504210406098 | 0.09101121314829852 | 0.46755481644494923 | 0.9339131838638173:-0.30075146491109184 | 0.20872062318827567 | 0.11158447037874275
-0.30075146491109184 | 0.20872062318827567 | 0.11158447037874275 | 0.46755481644494923 | 0.9339131838638173:-0.2997467015341675 | 0.20937879431964035 | 0.13244710943308657
-0.2997467015341675 | 0.20937879431964035 | 0.13244710943308657 | -0.8306642754584483 | 0.27470363644978124:-0.30270357037989726 | 0.21807150943872866 | 0.12975196433400882
-0.30270357037989726 | 0.21807150943872866 | 0.12975196433400882 | -0.8306642754584483 | 0.27470363644978124:-0.30562946462225327 | 0.22669072171088533 | 0.12664214067395996
-0.30562946462225327 | 0.22669072171088533 | 0.12664214067395996 | -0.8306642754584483 | 0.27470363644978124:-0.308532112343916 | 0.23521479230134013 | 0.12311884863928224
-0.308532112343916 | 0.23521479230134013 | 0.12311884863928224 | -0.8306642754584483 | 0.27470363644978124:-0.31141921308761766 | 0.243622125441731 | 0.11918453417995245
-0.31141921308761766 | 0.243622125441731 | 0.11918453417995245 | -0.8306642754584483 | 0.27470363644978124:-0.31429841774188105 | 0.2518912295366027 | 0.1148428741810843
-0.31429841774188105 | 0.2518912295366027 | 0.1148428741810843 | 0.3309501673288977 | -0.8140524329778303:-0.32330490826977076 | 0.2534248209425378 | 0.10757966715915934
-0.32330490826977076 | 0.2534248209425378 | 0.10757966715915934 | 0.3309501673288977 | -0.8140524329778303:-0.33202320277305475 | 0.25501911263476007 | 0.09984472905672348
-0.33202320277305475 | 0.25501911263476007 | 0.09984472905672348 | 0.3309501673288977 | -0.8140524329778303:-0.3404286571404871 | 0.25668475688391457 | 0.09165122964444805
-0.3404286571404871 | 0.25668475688391457 | 0.09165122964444805 | 0.3309501673288977 | -0.8140524329778303:-0.3484972539290787 | 0.25843215791281615 | 0.08301378267391968
-0.3484972539290787 | 0.25843215791281615 | 0.08301378267391968 | 0.3309501673288977 | -0.8140524329778303:-0.3562056709123773 | 0.26027144377755196 | 0.07394840882228415
-0.3562056709123773 | 0.26027144377755196 | 0.07394840882228415 | -0.4320529885970519 | -0.15230547859187604:-0.3611229404316383 | 0.2650428511205991 | 0.06640493577047302
-0.3611229404316383 | 0.2650428511205991 | 0.06640493577047302 | -0.4320529885970519 | -0.15230547859187604:-0.36594323205504864 | 0.26963443537116394 | 0.05861221516619075
-0.36594323205504864 | 0.26963443537116394 | 0.05861221516619075 | -0.4320529885970519 | -0.15230547859187604:-0.37066423591020836 | 0.27403864811038936 | 0.050576699293515937
-0.37066423591020836 | 0.27403864811038936 | 0.050576699293515937 | -0.4320529885970519 | -0.15230547859187604:-0.37528371067275046 | 0.2782481423562011 | 0.042305051817151273
-0.37528371067275046 | 0.2782481423562011 | 0.042305051817151273 | -0.4320529885970519 | -0.15230547859187604:-0.37979948519352114 | 0.2822557771590297 | 0.033804141095050255
-0.37979948519352114 | 0.2822557771590297 | 0.033804141095050255 | -0.4320529885970519 | -0.15230547859187604:-0.3842094600602408 | 0.28605462201358023 | 0.025081033397136743
-0.3842094600602408 | 0.28605462201358023 | 0.025081033397136743 | -0.4320529885970519 | -0.15230547859187604:-0.38851160909323923 | 0.2896379610854609 | 0.01614298603538966
-0.38851160909323923 | 0.2896379610854609 | 0.01614298603538966 | -0.4320529885970519 | -0.15230547859187604:-0.39270398077487556 | 0.2929992972514839 | 0.006997440410539291
-0.39270398077487556 | 0.2929992972514839 | 0.006997440410539291 | -0.4320529885970519 | -0.15230547859187604:-0.39678469961231144 | 0.2961323559526843 | -0.002347985019355292
-0.39678469961231144 | 0.2961323559526843 | -0.002347985019355292 | -0.4320529885970519 | -0.15230547859187604:-0.40075196743337393 | 0.29903108885912033 | -0.011885501843192259
-0.40075196743337393 | 0.29903108885912033 | -0.011885501843192259 | -0.4320529885970519 | -0.15230547859187604:-0.4046040646152189 | 0.3016896773457489 | -0.02160715886872211
-0.4046040646152189 | 0.3016896773457489 | -0.02160715886872211 | -0.4320529885970519 | -0.15230547859187604:-0.40833935124564036 | 0.3041025357786751 | -0.0315048493568133
-0.40833935124564036 | 0.3041025357786751 | -0.0315048493568133 | -0.4320529885970519 | -0.15230547859187604:-0.41195626821681586 | 0.3062643146112993 | -0.041570318312843746
-0.41195626821681586 | 0.3062643146112993 | -0.041570318312843746 | -0.4320529885970519 | -0.15230547859187604:-0.41545333825141206 | 0.30816990328992766 | -0.051795169830007204
-0.41545333825141206 | 0.30816990328992766 | -0.051795169830007204 | -0.4320529885970519 | -0.15230547859187604:-0.41882916686093097 | 0.30981443296855815 | -0.06217087447932723
-0.41882916686093097 | 0.30981443296855815 | -0.06217087447932723 | -0.4320529885970519 | -0.15230547859187604:-0.42208244323629174 | 0.31119327903268434 | -0.07268877674119611
-0.42208244323629174 | 0.31119327903268434 | -0.07268877674119611 | -0.4320529885970519 | -0.15230547859187604:-0.42521194107062854 | 0.31230206343204614 | -0.08334010247327672
-0.42521194107062854 | 0.31230206343204614 | -0.08334010247327672 | -0.4320529885970519 | -0.15230547859187604:-0.4282165193143612 | 0.31313665682238856 | -0.09411596640962827
-0.4282165193143612 | 0.31313665682238856 | -0.09411596640962827 | -0.4320529885970519 | -0.15230547859187604:-0.4310951228626081 | 0.3136931805164025 | -0.10500737968594542
-0.4310951228626081 | 0.3136931805164025 | -0.10500737968594542 | -0.4320529885970519 | -0.15230547859187604:-0.4338467831750705 | 0.3139680082441192 | -0.11600525738583034
-0.4338467831750705 | 0.3139680082441192 | -0.11600525738583034 | -0.4320529885970519 | -0.15230547859187604:-0.43647061882855454 | 0.31395776772316353 | -0.12710042610305106
-0.43647061882855454 | 0.31395776772316353 | -0.12710042610305106 | -0.4320529885970519 | -0.15230547859187604:-0.438965836002307 | 0.31365934203936163 | -0.1382836315147662
-0.438965836002307 | 0.31365934203936163 | -0.1382836315147662 | -0.4320529885970519 | -0.15230547859187604:-0.44133172889645067 | 0.31306987083831395 | -0.14954554596074576
-0.44133172889645067 | 0.31306987083831395 | -0.14954554596074576 | -0.4320529885970519 | -0.15230547859187604:-0.4435676800837207 | 0.3121867513286549 | -0.16087677602364536
-0.4435676800837207 | 0.3121867513286549 | -0.16087677602364536 | -0.4320529885970519 | -0.15230547859187604:-0.44567316079487895 | 0.31100763909782003 | -0.1722678701054372
-0.44567316079487895 | 0.31100763909782003 | -0.1722678701054372 | 0.5141231776712512 | 0.09044720838241171:-0.44977738860323413 | 0.31771049334058254 | -0.16342291599160896
-0.44977738860323413 | 0.31771049334058254 | -0.16342291599160896 | 0.5141231776712512 | 0.09044720838241171:-0.45381231347007045 | 0.3241903554169454 | -0.15430191199984078
-0.45381231347007045 | 0.3241903554169454 | -0.15430191199984078 | 0.5141231776712512 | 0.09044720838241171:-0.45777660369632756 | 0.33043789096181797 | -0.14491186954417223
-0.45777660369632756 | 0.33043789096181797 | -0.14491186954417223 | 0.5141231776712512 | 0.09044720838241171:-0.4616689656544075 | 0.3364439949927398 | -0.1352600939180726
-0.4616689656544075 | 0.3364439949927398 | -0.1352600939180726 | 0.5141231776712512 | 0.09044720838241171:-0.4654881452568169 | 0.3421998001924429 | -0.12535417640991042
-0.4654881452568169 | 0.3421998001924429 | -0.12535417640991042 | 0.25761850743539694 | -0.042103396662223735:-0.46844975803826117 | 0.34616343801399907 | -0.1227587989826513
-0.46844975803826117 | 0.34616343801399907 | -0.1227587989826513 | 0.25761850743539694 | -0.042103396662223735:-0.47138306245409467 | 0.3500800987474655 | -0.12008671075593957
-0.47138306245409467 | 0.3500800987474655 | -0.12008671075593957 | 0.25761850743539694 | -0.042103396662223735:-0.4742886241349282 | 0.35394852198593085 | -0.11733888555765759
-0.4742886241349282 | 0.35394852198593085 | -0.11733888555765759 | 0.25761850743539694 | -0.042103396662223735:-0.4771670016850891 | 0.3577674681340923 | -0.11451631467185042
-0.4771670016850891 | 0.3577674681340923 | -0.11451631467185042 | 0.25761850743539694 | -0.042103396662223735:-0.48001874669582634 | 0.3615357185505417 | -0.11162000643883951
-0.48001874669582634 | 0.3615357185505417 | -0.11162000643883951 | 0.25761850743539694 | -0.042103396662223735:-0.4828444037591737 | 0.3652520756841895 | -0.10865098585586486
-0.4828444037591737 | 0.3652520756841895 | -0.10865098585586486 | 0.25761850743539694 | -0.042103396662223735:-0.4856445104823308 | 0.36891536320493756 | -0.10561029417831547
-0.4856445104823308 | 0.36891536320493756 | -0.10561029417831547 | 0.25761850743539694 | -0.042103396662223735:-0.48841959750268416 | 0.3725244261285994 | -0.10249898852161143
-0.48841959750268416 | 0.3725244261285994 | -0.10249898852161143 | 0.25761850743539694 | -0.042103396662223735:-0.491170188503375 | 0.37607813093614695 | -0.09931814146379248
-0.491170188503375 | 0.37607813093614695 | -0.09931814146379248 | 0.25761850743539694 | -0.042103396662223735:-0.4938968002294466 | 0.37957536568729466 | -0.09606884064887522
-0.4938968002294466 | 0.37957536568729466 | -0.09606884064887522 | 0.5940922543525997 | -0.16175093841676103:-0.4960883967692311 | 0.3845036074508599 | -0.08926517103390186
-0.4960883967692311 | 0.3845036074508599 | -0.08926517103390186 | 0.5940922543525997 | -0.16175093841676103:-0.4983034468965677 | 0.38921950804069283 | -0.08228786653485365
-0.4983034468965677 | 0.38921950804069283 | -0.08228786653485365 | 0.5940922543525997 | -0.16175093841676103:-0.5005440140949382 | 0.3937166708679598 | -0.07514398685357193
-0.5005440140949382 | 0.3937166708679598 | -0.07514398685357193 | 0.5940922543525997 | -0.16175093841676103:-0.5028120918654437 | 0.39798893990927553 | -0.06784083486819559
-0.5028120918654437 | 0.39798893990927553 | -0.06784083486819559 | 0.5940922543525997 | -0.16175093841676103:-0.5051096016221734 | 0.4020304077020178 | -0.06038594747421766
-0.5051096016221734 | 0.4020304077020178 | -0.06038594747421766 | 0.5940922543525997 | -0.16175093841676103:-0.5074383906765085 | 0.4058354230157022 | -0.0527870861619284
-0.5074383906765085 | 0.4058354230157022 | -0.0527870861619284 | 0.5940922543525997 | -0.16175093841676103:-0.5098002303123472 | 0.40939859819188484 | -0.04505222734236791
-0.5098002303123472 | 0.40939859819188484 | -0.04505222734236791 | 0.5940922543525997 | -0.16175093841676103:-0.5121968139541266 | 0.41271481614537464 | -0.03718955243413968
-0.5121968139541266 | 0.41271481614537464 | -0.03718955243413968 | 0.5940922543525997 | -0.16175093841676103:-0.5146297554295067 | 0.41577923702003616 | -0.029207437723626883
-0.5146297554295067 | 0.41577923702003616 | -0.029207437723626883 | 0.5940922543525997 | -0.16175093841676103:-0.5171005873282795 | 0.4185873044928563 | -0.02111444401134377
-0.5171005873282795 | 0.4185873044928563 | -0.02111444401134377 | -0.21982482960167382 | -0.8957405060456658:-0.518020065852383 | 0.42043143848828635 | -0.049085087616113965
-0.518020065852383 | 0.42043143848828635 | -0.049085087616113965 | -0.21982482960167382 | -0.8957405060456658:-0.5176451261379 | 0.4219442249946326 | -0.0772223105481109
-0.5176451261379 | 0.4219442249946326 | -0.0772223105481109 | -0.21982482960167382 | -0.8957405060456658:-0.5159642478937627 | 0.42312262481603824 | -0.10546080497379684
-0.5159642478937627 | 0.42312262481603824 | -0.10546080497379684 | -0.21982482960167382 | -0.8957405060456658:-0.5129690658296582 | 0.4239643676026148 | -0.13373456425755714
-0.5129690658296582 | 0.4239643676026148 | -0.13373456425755714 | -0.21982482960167382 | -0.8957405060456658:-0.5086544046855934 | 0.42446796135664044 | -0.1619770460465626
-0.5086544046855934 | 0.42446796135664044 | -0.1619770460465626 | -0.624504691631357 | -0.23124970516929233:-0.5089572904659576 | 0.42115864550536486 | -0.18186352288079521
-0.5089572904659576 | 0.42115864550536486 | -0.18186352288079521 | -0.624504691631357 | -0.23124970516929233:-0.5089973994718804 | 0.41718350855976283 | -0.20171770945654566
-0.5089973994718804 | 0.41718350855976283 | -0.20171770945654566 | -0.624504691631357 | -0.23124970516929233:-0.5087748244057906 | 0.41254194388557863 | -0.22151314109073472
-0.5087748244057906 | 0.41254194388557863 | -0.22151314109073472 | -0.624504691631357 | -0.23124970516929233:-0.5082900005544104 | 0.4072342738781707 | -0.24122331184978635
-0.5082900005544104 | 0.4072342738781707 | -0.24122331184978635 | -0.624504691631357 | -0.23124970516929233:-0.5075437059382821 | 0.40126175089912763 | -0.26082171152352573
-0.5075437059382821 | 0.40126175089912763 | -0.26082171152352573 | -0.624504691631357 | -0.23124970516929233:-0.5065370609876041 | 0.3946265569338294 | -0.28028186257098586
-0.5065370609876041 | 0.3946265569338294 | -0.28028186257098586 | -0.624504691631357 | -0.23124970516929233:-0.5052715277462738 | 0.38733180197385053 | -0.29957735698877014
-0.5052715277462738 | 0.38733180197385053 | -0.29957735698877014 | -0.624504691631357 | -0.23124970516929233:-0.5037489086064326 | 0.37938152112994317 | -0.31868189305291983
-0.5037489086064326 | 0.37938152112994317 | -0.31868189305291983 | -0.624504691631357 | -0.23124970516929233:-0.5019713445765319 | 0.37078067048277674 | -0.33756931188559913
-0.5019713445765319 | 0.37078067048277674 | -0.33756931188559913 | -0.624504691631357 | -0.23124970516929233:-0.49994131308639567 | 0.3615351216802978 | -0.3562136337983288
-0.49994131308639567 | 0.3615351216802978 | -0.3562136337983288 | -0.624504691631357 | -0.23124970516929233:-0.4976616253335564 | 0.35165165529217646 | -0.3745890943639836
-0.4976616253335564 | 0.35165165529217646 | -0.3745890943639836 | -0.624504691631357 | -0.23124970516929233:-0.4951354231754337 | 0.34113795293332316 | -0.39267018017029987
-0.4951354231754337 | 0.34113795293332316 | -0.39267018017029987 | -0.624504691631357 | -0.23124970516929233:-0.4923661755727622 | 0.3300025881700108 | -0.4104316642082382
-0.4923661755727622 | 0.3300025881700108 | -0.4104316642082382 | -0.624504691631357 | -0.23124970516929233:-0.489357674590039 | 0.3182550162236488 | -0.4278486408491897
-0.489357674590039 | 0.3182550162236488 | -0.4278486408491897 | -0.624504691631357 | -0.23124970516929233:-0.486114030959385 | 0.3059055624888103 | -0.4448965603657218
-0.486114030959385 | 0.3059055624888103 | -0.4448965603657218 | -0.05945356352062703 | 0.37408554752291234:-0.4962279590645693 | 0.3057282516960065 | -0.438277764411362
-0.4962279590645693 | 0.3057282516960065 | -0.438277764411362 | -0.05945356352062703 | 0.37408554752291234:-0.5062278813323999 | 0.3055543092158288 | -0.43142265227676724
-0.5062278813323999 | 0.3055543092158288 | -0.43142265227676724 | -0.05945356352062703 | 0.37408554752291234:-0.5161083941755322 | 0.30538474138815275 | -0.4243336331220977
-0.5161083941755322 | 0.30538474138815275 | -0.4243336331220977 | -0.05945356352062703 | 0.37408554752291234:-0.5258641544525986 | 0.3052205436861257 | -0.4170132369278612
-0.5258641544525986 | 0.3052205436861257 | -0.4170132369278612 | -0.05945356352062703 | 0.37408554752291234:-0.5354898818886227 | 0.3050627003434414 | -0.40946411285812534
-0.5354898818886227 | 0.3050627003434414 | -0.40946411285812534 | 0.3993797697073924 | -0.14873730612165592:-0.5343475722496933 | 0.31427876330754856 | -0.4086938220198917
-0.5343475722496933 | 0.31427876330754856 | -0.4086938220198917 | 0.3993797697073924 | -0.14873730612165592:-0.5331832461324311 | 0.3234946812037691 | -0.407708574820532
-0.5331832461324311 | 0.3234946812037691 | -0.407708574820532 | 0.3993797697073924 | -0.14873730612165592:-0.5319989636296683 | 0.3327055406707231 | -0.40650793842207733
-0.5319989636296683 | 0.3327055406707231 | -0.40650793842207733 | 0.3993797697073924 | -0.14873730612165592:-0.5307967849110184 | 0.34190642067702015 | -0.40509161246670633
-0.5307967849110184 | 0.34190642067702015 | -0.40509161246670633 | 0.3993797697073924 | -0.14873730612165592:-0.5295787691207963 | 0.3510923955428993 | -0.4034594289893656
-0.5295787691207963 | 0.3510923955428993 | -0.4034594289893656 | 0.3993797697073924 | -0.14873730612165592:-0.5283469732798238 | 0.36025853795148066 | -0.40161135225578537
-0.5283469732798238 | 0.36025853795148066 | -0.40161135225578537 | 0.3993797697073924 | -0.14873730612165592:-0.5271034511917065 | 0.36939992194824356 | -0.3995474785263582
-0.5271034511917065 | 0.36939992194824356 | -0.3995474785263582 | 0.3993797697073924 | -0.14873730612165592:-0.5258502523541324 | 0.3785116259270467 | -0.39726803574644265
-0.5258502523541324 | 0.3785116259270467 | -0.39726803574644265 | 0.3993797697073924 | -0.14873730612165592:-0.5245894208757775 | 0.38758873560130525 | -0.39477338316361354
-0.5245894208757775 | 0.38758873560130525 | -0.39477338316361354 | 0.3993797697073924 | -0.14873730612165592:-0.5233229943993436 | 0.3966263469588114 | -0.3920640108724811
-0.5233229943993436 | 0.3966263469588114 | -0.3920640108724811 | 0.5765342580534383 | -0.1912113908688522:-0.5212599003430682 | 0.4090160274608792 | -0.3866405795858938
-0.5212599003430682 | 0.4090160274608792 | -0.3866405795858938 | 0.5765342580534383 | -0.1912113908688522:-0.5192252145817022 | 0.4212650133298439 | -0.3808097845086671
-0.5192252145817022 | 0.4212650133298439 | -0.3808097845086671 | 0.5765342580534383 | -0.1912113908688522:-0.5172233788811269 | 0.43336046229134695 | -0.37457563818850836
-0.5172233788811269 | 0.43336046229134695 | -0.37457563818850836 | 0.5765342580534383 | -0.1912113908688522:-0.5152587914365796 | 0.4452896508078794 | -0.3679426078234993
-0.5152587914365796 | 0.4452896508078794 | -0.3679426078234993 | 0.5765342580534383 | -0.1912113908688522:-0.5133358021614072 | 0.457039988409889 | -0.3609156108048399
-0.5133358021614072 | 0.457039988409889 | -0.3609156108048399 | -0.6100331286797147 | -0.34488203579542986:-0.5082589822637473 | 0.4471051848032488 | -0.38458689559557335
-0.5082589822637473 | 0.4471051848032488 | -0.38458689559557335 | -0.6100331286797147 | -0.34488203579542986:-0.5027458207488777 | 0.43640630186948925 | -0.4079051617158793
-0.5027458207488777 | 0.43640630186948925 | -0.4079051617158793 | -0.6100331286797147 | -0.34488203579542986:-0.49680235444180454 | 0.4249533809688373 | -0.4308372528581206
-0.49680235444180454 | 0.4249533809688373 | -0.4308372528581206 | -0.6100331286797147 | -0.34488203579542986:-0.49043523474357187 | 0.4127575582561107 | -0.45335042901634637
-0.49043523474357187 | 0.4127575582561107 | -0.45335042901634637 | -0.6100331286797147 | -0.34488203579542986:-0.4836517194874048 | 0.39983105098449556 | -0.4754124138700657
-0.4836517194874048 | 0.39983105098449556 | -0.4754124138700657 | -0.5311595064101045 | 0.04657906274598944:-0.48609186377193225 | 0.38811141837550167 | -0.48604427786808735
-0.48609186377193225 | 0.38811141837550167 | -0.48604427786808735 | -0.5311595064101045 | 0.04657906274598944:-0.4885460092899123 | 0.3760683340033495 | -0.4963663849391402
-0.4885460092899123 | 0.3760683340033495 | -0.4963663849391402 | -0.5311595064101045 | 0.04657906274598944:-0.4910135374588904 | 0.3637103188660902 | -0.5063689436828547
-0.4910135374588904 | 0.3637103188660902 | -0.5063689436828547 | -0.5311595064101045 | 0.04657906274598944:-0.4934938032646059 | 0.351046182730677 | -0.5160424116248752
-0.4934938032646059 | 0.351046182730677 | -0.5160424116248752 | -0.5311595064101045 | 0.04657906274598944:-0.4959861359429354 | 0.33808501662603874 | -0.5253775035192518
-0.4959861359429354 | 0.33808501662603874 | -0.5253775035192518 | -0.5311595064101045 | 0.04657906274598944:-0.4984898396813122 | 0.3248361851091488 | -0.5343651994190246
-0.4984898396813122 | 0.3248361851091488 | -0.5343651994190246 | -0.5311595064101045 | 0.04657906274598944:-0.5010041943390249 | 0.311309318311217 | -0.5429967525090511
-0.5010041943390249 | 0.311309318311217 | -0.5429967525090511 | -0.5311595064101045 | 0.04657906274598944:-0.5035284561857551 | 0.29751430377113053 | -0.5512636966953046
-0.5035284561857551 | 0.29751430377113053 | -0.5512636966953046 | -0.5311595064101045 | 0.04657906274598944:-0.5060618586576879 | 0.2834612780636263 | -0.5591578539452229
-0.5060618586576879 | 0.2834612780636263 | -0.5591578539452229 | -0.5311595064101045 | 0.04657906274598944:-0.508603613130532 | 0.2691606182295061 | -0.5666713413736915
-0.508603613130532 | 0.2691606182295061 | -0.5666713413736915 | -0.5311595064101045 | 0.04657906274598944:-0.5111529097088052 | 0.25462293301566064 | -0.5737965780697039
-0.5111529097088052 | 0.25462293301566064 | -0.5737965780697039 | -0.5311595064101045 | 0.04657906274598944:-0.5137089180306802 | 0.23985905393254825 | -0.5805262916587495
-0.5137089180306802 | 0.23985905393254825 | -0.5805262916587495 | -0.5311595064101045 | 0.04657906274598944:-0.5162707880876951 | 0.22488002613697233 | -0.5868535245963997
-0.5162707880876951 | 0.22488002613697233 | -0.5868535245963997 | -0.5311595064101045 | 0.04657906274598944:-0.5188376510586536 | 0.20969709914817258 | -0.5927716401886229
-0.5188376510586536 | 0.20969709914817258 | -0.5927716401886229 | -0.5311595064101045 | 0.04657906274598944:-0.5214086201569685 | 0.194321717405181 | -0.5982743283347212
-0.5214086201569685 | 0.194321717405181 | -0.5982743283347212 | 0.5616904393730928 | -0.04886048218757777:-0.5211236936599093 | 0.21151771053427382 | -0.5951835187010452
-0.5211236936599093 | 0.21151771053427382 | -0.5951835187010452 | 0.5616904393730928 | -0.04886048218757777:-0.5208326661494098 | 0.2286521878135659 | -0.5915862220111201
-0.5208326661494098 | 0.2286521878135659 | -0.5915862220111201 | 0.5616904393730928 | -0.04886048218757777:-0.5205369791787007 | 0.24570994666311918 | -0.587483675864803
-0.5205369791787007 | 0.24570994666311918 | -0.587483675864803 | 0.5616904393730928 | -0.04886048218757777:-0.5202380697084692 | 0.2626758168886596 | -0.5828775832428015
-0.5202380697084692 | 0.2626758168886596 | -0.5828775832428015 | 0.5616904393730928 | -0.04886048218757777:-0.5199373688916324 | 0.2795346748094829 | -0.5777701112638844
-0.5199373688916324 | 0.2795346748094829 | -0.5777701112638844 | 0.5718617328988924 | 0.6774093062142323:-0.5400613205995484 | 0.2965617548657775 | -0.5527703624573128
-0.5400613205995484 | 0.2965617548657775 | -0.5527703624573128 | 0.5718617328988924 | 0.6774093062142323:-0.5593373436920785 | 0.3128935522264129 | -0.5265587373059724
-0.5593373436920785 | 0.3128935522264129 | -0.5265587373059724 | 0.5718617328988924 | 0.6774093062142323:-0.5777229782308098 | 0.3284934927884038 | -0.49918412736282036
-0.5777229782308098 | 0.3284934927884038 | -0.49918412736282036 | 0.5718617328988924 | 0.6774093062142323:-0.5951774791350886 | 0.34332641330212255 | -0.4706980183337386
-0.5951774791350886 | 0.34332641330212255 | -0.4706980183337386 | 0.5718617328988924 | 0.6774093062142323:-0.6116619069834712 | 0.3573586394868826 | -0.44115438744738356
-0.6116619069834712 | 0.3573586394868826 | -0.44115438744738356 | 0.5718617328988924 | 0.6774093062142323:-0.6271392150956956 | 0.3705580610853616 | -0.41060959533056973
-0.6271392150956956 | 0.3705580610853616 | -0.41060959533056973 | 0.5718617328988924 | 0.6774093062142323:-0.6415743327059147 | 0.38289420369375193 | -0.37912227261776366
-0.6415743327059147 | 0.38289420369375193 | -0.37912227261776366 | 0.5718617328988924 | 0.6774093062142323:-0.654934244046629 | 0.39433829721168934 | -0.34675320153453626
-0.654934244046629 | 0.39433829721168934 | -0.34675320153453626 | 0.5718617328988924 | 0.6774093062142323:-0.6671880631710394 | 0.4048633407630575 | -0.31356519270551786
-0.6671880631710394 | 0.4048633407630575 | -0.31356519270551786 | 0.5718617328988924 | 0.6774093062142323:-0.6783071043512905 | 0.4144441639466194 | -0.27962295744750065
-0.6783071043512905 | 0.4144441639466194 | -0.27962295744750065 | -0.7367320415451319 | 0.2586592467011699:-0.6833352316382246 | 0.4046191436692581 | -0.2864334852853503
-0.6833352316382246 | 0.4046191436692581 | -0.2864334852853503 | -0.7367320415451319 | 0.2586592467011699:-0.688440621328624 | 0.3945224552047364 | -0.2928174347119743
-0.688440621328624 | 0.3945224552047364 | -0.2928174347119743 | -0.7367320415451319 | 0.2586592467011699:-0.6936177382743125 | 0.38417008804766795 | -0.2987631381156426
-0.6936177382743125 | 0.38417008804766795 | -0.2987631381156426 | -0.7367320415451319 | 0.2586592467011699:-0.6988608908568779 | 0.3735784855958144 | -0.3042596098224877
-0.6988608908568779 | 0.3735784855958144 | -0.3042596098224877 | -0.7367320415451319 | 0.2586592467011699:-0.7041642403472679 | 0.362764518892412 | -0.30929656563357
-0.7041642403472679 | 0.362764518892412 | -0.30929656563357 | -0.7367320415451319 | 0.2586592467011699:-0.7095218105178986 | 0.3517454596275442 | -0.3138644412103737
-0.7095218105178986 | 0.3517454596275442 | -0.3138644412103737 | -0.7367320415451319 | 0.2586592467011699:-0.7149274974911322 | 0.3405389524439286 | -0.317954409278034
-0.7149274974911322 | 0.3405389524439286 | -0.317954409278034 | -0.7367320415451319 | 0.2586592467011699:-0.7203750798078516 | 0.3291629865930332 | -0.3215583956174619
-0.7203750798078516 | 0.3291629865930332 | -0.3215583956174619 | -0.7367320415451319 | 0.2586592467011699:-0.7258582286992663 | 0.31763586698905044 | -0.32466909381975384
-0.7258582286992663 | 0.31763586698905044 | -0.32466909381975384 | -0.7367320415451319 | 0.2586592467011699:-0.7313705185449493 | 0.30597618470877563 | -0.3272799787781757
-0.7313705185449493 | 0.30597618470877563 | -0.3272799787781757 | -0.52889060079034 | 0.8477811469905832:-0.7461564369929192 | 0.2977085847343943 | -0.3044663562700194
-0.7461564369929192 | 0.2977085847343943 | -0.3044663562700194 | -0.52889060079034 | 0.8477811469905832:-0.7599616282103625 | 0.29002879667825 | -0.28079159082843574
-0.7599616282103625 | 0.29002879667825 | -0.28079159082843574 | -0.52889060079034 | 0.8477811469905832:-0.7727491711305987 | 0.2829607423037004 | -0.2563135220777113
-0.7727491711305987 | 0.2829607423037004 | -0.2563135220777113 | -0.52889060079034 | 0.8477811469905832:-0.7844846643663601 | 0.27652680005874686 | -0.23109223627204045
-0.7844846643663601 | 0.27652680005874686 | -0.23109223627204045 | -0.52889060079034 | 0.8477811469905832:-0.7951363224049004 | 0.2707477430690872 | -0.20518991402725106
-0.7951363224049004 | 0.2707477430690872 | -0.20518991402725106 | 0.9552329682614238 | -0.055302886085839775:-0.7958459626142371 | 0.2806740826448717 | -0.1945314028150804
