0.0 | 0.0 | 0.0 | -0.7108818955439267 | 0.9400578434160989:4.6955909790948904E-4 | 3.5536610951047987E-4 | 0.00998264640172043
4.6955909790948904E-4 | 3.5536610951047987E-4 | 0.00998264640172043 | -0.7108818955439267 | 0.9400578434160989:0.0018650108613910872 | 0.001412683235051726 | 0.01976198523843941
0.0018650108613910872 | 0.001412683235051726 | 0.01976198523843941 | -0.7108818955439267 | 0.9400578434160989:0.004161922488817144 | 0.0031552684670427267 | 0.029238195619736264
0.004161922488817144 | 0.0031552684670427267 | 0.029238195619736264 | -0.7108818955439267 | 0.9400578434160989:0.007329908466511762 | 0.005561880821963849 | 0.03831464930695479
0.007329908466511762 | 0.005561880821963849 | 0.03831464930695479 | -0.7108818955439267 | 0.9400578434160989:0.011332870470375945 | 0.008606893434339624 | 0.04689842898345417
0.011332870470375945 | 0.008606893434339624 | 0.04689842898345417 | -0.6800593979056402 | -0.3059720572949485:0.01267949234255835 | 0.012174788326179908 | 0.055817362149039235
0.01267949234255835 | 0.012174788326179908 | 0.055817362149039235 | -0.6800593979056402 | -0.3059720572949485:0.013734327080140322 | 0.01632820394329282 | 0.06449709273013998
0.013734327080140322 | 0.01632820394329282 | 0.06449709273013998 | -0.6800593979056402 | -0.3059720572949485:0.014505109270478864 | 0.021051209821198236 | 0.07290288477934737
0.014505109270478864 | 0.021051209821198236 | 0.07290288477934737 | -0.6800593979056402 | -0.3059720572949485:0.015000213195971446 | 0.026326428099090582 | 0.08100110660000048
0.015000213195971446 | 0.026326428099090582 | 0.08100110660000048 | -0.6800593979056402 | -0.3059720572949485:0.01522862742842726 | 0.03213508895672068 | 0.0887592955358012
0.01522862742842726 | 0.03213508895672068 | 0.0887592955358012 | -0.6800593979056402 | -0.3059720572949485:0.015199928451835945 | 0.03845708826262828 | 0.09614621968144443
0.015199928451835945 | 0.03845708826262828 | 0.09614621968144443 | -0.6800593979056402 | -0.3059720572949485:0.014924253373539934 | 0.04527104730173237 | 0.10313193643293572
0.014924253373539934 | 0.04527104730173237 | 0.10313193643293572 | -0.6800593979056402 | -0.3059720572949485:0.014412271784754127 | 0.0525543744480943 | 0.10968784780271346
0.014412271784754127 | 0.0525543744480943 | 0.10968784780271346 | -0.6800593979056402 | -0.3059720572949485:0.013675156832200386 | 0.060283328646726364 | 0.11578675243118974
0.013675156832200386 | 0.060283328646726364 | 0.11578675243118974 | -0.6800593979056402 | -0.3059720572949485:0.01272455556333843 | 0.06843308456662245 | 0.12140289423286577
0.01272455556333843 | 0.06843308456662245 | 0.12140289423286577 | -0.6800593979056402 | -0.3059720572949485:0.011572558608274136 | 0.07697779928573834 | 0.1265120076217472
0.011572558608274136 | 0.07697779928573834 | 0.1265120076217472 | -0.6800593979056402 | -0.3059720572949485:0.01023166926191632 | 0.08589068036745295 | 0.13109135926738036
0.01023166926191632 | 0.08589068036745295 | 0.13109135926738036 | -0.6800593979056402 | -0.3059720572949485:0.008714772030329831 | 0.09514405518708813 | 0.13511978633943378
0.008714772030329831 | 0.09514405518708813 | 0.13511978633943378 | -0.6800593979056402 | -0.3059720572949485:0.00703510070550023 | 0.10470944136636062 | 0.1385777312053489
0.00703510070550023 | 0.10470944136636062 | 0.1385777312053489 | -0.6800593979056402 | -0.3059720572949485:0.00520620603288191 | 0.11455761817317708 | 0.1414472725521796
0.00520620603288191 | 0.11455761817317708 | 0.1414472725521796 | 0.20288352246232688 | 0.6529423700842041:0.010300949772125312 | 0.11819775064034392 | 0.1487503489373454
0.010300949772125312 | 0.11819775064034392 | 0.1487503489373454 | 0.20288352246232688 | 0.6529423700842041:0.015836175273467173 | 0.12164833168545046 | 0.15588881280413025
0.015836175273467173 | 0.12164833168545046 | 0.15588881280413025 | 0.20288352246232688 | 0.6529423700842041:0.02180303057638977 | 0.12491251041808873 | 0.16283905095110773
0.02180303057638977 | 0.12491251041808873 | 0.16283905095110773 | 0.20288352246232688 | 0.6529423700842041:0.028191693298426634 | 0.1279937349603595 | 0.169577980786761
0.028191693298426634 | 0.1279937349603595 | 0.169577980786761 | 0.20288352246232688 | 0.6529423700842041:0.034991397084322584 | 0.1308957444817237 | 0.1760830898919763
0.034991397084322584 | 0.1308957444817237 | 0.1760830898919763 | -0.22464162758261996 | 0.5902678075239576:0.04153335298405236 | 0.13751668139916173 | 0.17956697279303002
0.04153335298405236 | 0.13751668139916173 | 0.17956697279303002 | -0.22464162758261996 | 0.5902678075239576:0.04833431348032041 | 0.144197063774808 | 0.18262526211620456
0.04833431348032041 | 0.144197063774808 | 0.18262526211620456 | -0.22464162758261996 | 0.5902678075239576:0.05537532816007423 | 0.15093015909168928 | 0.18524656050144506
0.05537532816007423 | 0.15093015909168928 | 0.18524656050144506 | -0.22464162758261996 | 0.5902678075239576:0.06263709035078324 | 0.1577090901664877 | 0.18742035021821346
0.06263709035078324 | 0.1577090901664877 | 0.18742035021821346 | -0.22464162758261996 | 0.5902678075239576:0.07009997058824458 | 0.16452684786962912 | 0.18913700343352113
0.07009997058824458 | 0.16452684786962912 | 0.18913700343352113 | -0.22464162758261996 | 0.5902678075239576:0.07774405024961961 | 0.17137630391550518 | 0.1903877911144387
0.07774405024961961 | 0.17137630391550518 | 0.1903877911144387 | -0.22464162758261996 | 0.5902678075239576:0.0855491553058475 | 0.17825022370537313 | 0.19116489056648378
0.0855491553058475 | 0.17825022370537313 | 0.19116489056648378 | -0.22464162758261996 | 0.5902678075239576:0.09349489014789869 | 0.18514127920559376 | 0.191461391610952
0.09349489014789869 | 0.18514127920559376 | 0.191461391610952 | -0.22464162758261996 | 0.5902678075239576:0.10156067144168801 | 0.19204206184398998 | 0.19127130140590332
0.10156067144168801 | 0.19204206184398998 | 0.19127130140590332 | -0.22464162758261996 | 0.5902678075239576:0.10972576196687844 | 0.19894509540725824 | 0.19058954791712335
0.10972576196687844 | 0.19894509540725824 | 0.19058954791712335 | -0.22464162758261996 | 0.5902678075239576:0.1179693043952641 | 0.2058428489225297 | 0.18941198204699194
0.1179693043952641 | 0.2058428489225297 | 0.18941198204699194 | -0.22464162758261996 | 0.5902678075239576:0.12627035496492667 | 0.2127277495063593 | 0.18773537843076493
0.12627035496492667 | 0.2127277495063593 | 0.18773537843076493 | -0.22464162758261996 | 0.5902678075239576:0.13460791700690544 | 0.21959219516462447 | 0.1855574349113045
0.13460791700690544 | 0.21959219516462447 | 0.1855574349113045 | -0.22464162758261996 | 0.5902678075239576:0.14296097428172372 | 0.22642856752703588 | 0.18287677070482022
0.14296097428172372 | 0.22642856752703588 | 0.18287677070482022 | -0.22464162758261996 | 0.5902678075239576:0.15130852408374573 | 0.23322924450018112 | 0.17969292327168418
0.15130852408374573 | 0.23322924450018112 | 0.17969292327168418 | 0.3038663451954462 | -0.7542006098985532:0.14720953933225656 | 0.23512989182342459 | 0.19260505014831075
0.14720953933225656 | 0.23512989182342459 | 0.19260505014831075 | 0.3038663451954462 | -0.7542006098985532:0.14244939759427244 | 0.2367296569712889 | 0.20551839579680298
0.14244939759427244 | 0.2367296569712889 | 0.20551839579680298 | 0.3038663451954462 | -0.7542006098985532:0.13702550695305193 | 0.23802754387675007 | 0.218393828251223
0.13702550695305193 | 0.23802754387675007 | 0.218393828251223 | 0.3038663451954462 | -0.7542006098985532:0.13093714739175866 | 0.23902330629058444 | 0.23119210507125576
0.13093714739175866 | 0.23902330629058444 | 0.23119210507125576 | 0.3038663451954462 | -0.7542006098985532:0.12418547000714897 | 0.23971744825442975 | 0.2438739727647672
0.12418547000714897 | 0.23971744825442975 | 0.2438739727647672 | 0.97027751051795 | -0.5357928135330201:0.11935593938218148 | 0.23158886200339612 | 0.26296635287756853
0.11935593938218148 | 0.23158886200339612 | 0.26296635287756853 | 0.97027751051795 | -0.5357928135330201:0.11388182050630657 | 0.22228254744802545 | 0.2816993580930083
0.11388182050630657 | 0.22228254744802545 | 0.2816993580930083 | 0.97027751051795 | -0.5357928135330201:0.10777121696706393 | 0.21181095396001481 | 0.29998053402839453
0.10777121696706393 | 0.21181095396001481 | 0.29998053402839453 | 0.97027751051795 | -0.5357928135330201:0.10103522285278288 | 0.20019196609695555 | 0.31771821137898826
0.10103522285278288 | 0.20019196609695555 | 0.31771821137898826 | 0.97027751051795 | -0.5357928135330201:0.09368789152105128 | 0.18744885686474166 | 0.3348219109326598
0.09368789152105128 | 0.18744885686474166 | 0.3348219109326598 | 0.97027751051795 | -0.5357928135330201:0.08574619196864086 | 0.17361021841228652 | 0.3512027439745964
0.08574619196864086 | 0.17361021841228652 | 0.3512027439745964 | 0.97027751051795 | -0.5357928135330201:0.07722995300421243 | 0.15870987048448626 | 0.36677380648676206
0.07722995300421243 | 0.15870987048448626 | 0.36677380648676206 | 0.97027751051795 | -0.5357928135330201:0.06816179547143086 | 0.14278674704395833 | 0.3814505655773299
0.06816179547143086 | 0.14278674704395833 | 0.3814505655773299 | 0.97027751051795 | -0.5357928135330201:0.05856705281523711 | 0.12588476155468253 | 0.39515123661142937
0.05856705281523711 | 0.12588476155468253 | 0.39515123661142937 | 0.97027751051795 | -0.5357928135330201:0.048473680327820734 | 0.10805265150101118 | 0.40779714955628954
0.048473680327820734 | 0.10805265150101118 | 0.40779714955628954 | 0.97027751051795 | -0.5357928135330201:0.03791215345313237 | 0.0893438027932465 | 0.41931310310088854
0.03791215345313237 | 0.0893438027932465 | 0.41931310310088854 | 0.97027751051795 | -0.5357928135330201:0.026915355569474553 | 0.06981605478597341 | 0.42962770516234094
0.026915355569474553 | 0.06981605478597341 | 0.42962770516234094 | 0.97027751051795 | -0.5357928135330201:0.015518455708594114 | 0.04953148670715457 | 0.4386736984484205
0.015518455708594114 | 0.04953148670715457 | 0.4386736984484205 | 0.97027751051795 | -0.5357928135330201:0.003758776706746847 | 0.028556186364559366 | 0.4463882698072581
0.003758776706746847 | 0.028556186364559366 | 0.4463882698072581 | 0.97027751051795 | -0.5357928135330201:-0.008324345681825385 | 0.0069600020610876 | 0.4527133421615588
-0.008324345681825385 | 0.0069600020610876 | 0.4527133421615588 | -0.07160151509899437 | -0.13988758560682935:-0.011629205092513306 | 0.008684380028899596 | 0.4580850496621114
-0.011629205092513306 | 0.008684380028899596 | 0.4580850496621114 | -0.07160151509899437 | -0.13988758560682935:-0.015007985374410726 | 0.010446323555266979 | 0.4633711187068901
-0.015007985374410726 | 0.010446323555266979 | 0.4633711187068901 | -0.07160151509899437 | -0.13988758560682935:-0.0184593296869906 | 0.01224514310461533 | 0.46857114641011854
-0.0184593296869906 | 0.01224514310461533 | 0.46857114641011854 | -0.07160151509899437 | -0.13988758560682935:-0.021981887704438208 | 0.014080152404711832 | 0.4736847459748894
-0.021981887704438208 | 0.014080152404711832 | 0.4736847459748894 | -0.07160151509899437 | -0.13988758560682935:-0.025574315663292158 | 0.015950668471798934 | 0.4787115465131784
-0.025574315663292158 | 0.015950668471798934 | 0.4787115465131784 | -0.5492849336909482 | 0.37599293048663074:-0.01676223388137066 | 0.029406029241267007 | 0.48367998496905784
-0.01676223388137066 | 0.029406029241267007 | 0.48367998496905784 | -0.5492849336909482 | 0.37599293048663074:-0.0077670564333574 | 0.04313059504836758 | 0.48805060545370793
-0.0077670564333574 | 0.04313059504836758 | 0.48805060545370793 | -0.5492849336909482 | 0.37599293048663074:0.001397625620940257 | 0.057104787228076326 | 0.4918079635797188
0.001397625620940257 | 0.057104787228076326 | 0.4918079635797188 | -0.5492849336909482 | 0.37599293048663074:0.010717875370238605 | 0.07130850777194908 | 0.4949375925578323
0.010717875370238605 | 0.07130850777194908 | 0.4949375925578323 | -0.5492849336909482 | 0.37599293048663074:0.02017943277148815 | 0.08572117221886799 | 0.4974260256168357
0.02017943277148815 | 0.08572117221886799 | 0.4974260256168357 | -0.41307003051321467 | 0.6035191856980031:0.03546570141743555 | 0.09691589414690327 | 0.49956123454527557
0.03546570141743555 | 0.09691589414690327 | 0.49956123454527557 | -0.41307003051321467 | 0.6035191856980031:0.050942987769775794 | 0.10824180512906878 | 0.5009215630331525
0.050942987769775794 | 0.10824180512906878 | 0.5009215630331525 | -0.41307003051321467 | 0.6035191856980031:0.06658380130421371 | 0.11968030134058161 | 0.5014938963243658
0.06658380130421371 | 0.11968030134058161 | 0.5014938963243658 | -0.41307003051321467 | 0.6035191856980031:0.08236016870500684 | 0.131212432824511 | 0.5012665674127206
0.08236016870500684 | 0.131212432824511 | 0.5012665674127206 | -0.41307003051321467 | 0.6035191856980031:0.09824368591861932 | 0.14281893888481623 | 0.5002293803251661
0.09824368591861932 | 0.14281893888481623 | 0.5002293803251661 | 0.17966453551552508 | 0.29334938531841015:0.10652703353973925 | 0.13954906213087703 | 0.5044416682995561
0.10652703353973925 | 0.13954906213087703 | 0.5044416682995561 | 0.17966453551552508 | 0.29334938531841015:0.11492604425986608 | 0.13618960857919227 | 0.5084546816174047
0.11492604425986608 | 0.13618960857919227 | 0.5084546816174047 | 0.17966453551552508 | 0.29334938531841015:0.12343651260642385 | 0.13274331772169834 | 0.5122651707882682
0.12343651260642385 | 0.13274331772169834 | 0.5122651707882682 | 0.17966453551552508 | 0.29334938531841015:0.1320541878097452 | 0.1292129555533279 | 0.5158700076689584
0.1320541878097452 | 0.1292129555533279 | 0.5158700076689584 | 0.17966453551552508 | 0.29334938531841015:0.14077477607724997 | 0.12560131319922885 | 0.5192661859517713
0.14077477607724997 | 0.12560131319922885 | 0.5192661859517713 | 0.17966453551552508 | 0.29334938531841015:0.1495939428636568 | 0.12191120554398971 | 0.5224508216014172
0.1495939428636568 | 0.12191120554398971 | 0.5224508216014172 | 0.17966453551552508 | 0.29334938531841015:0.15850731513650196 | 0.11814546986333774 | 0.5254211532410338
0.15850731513650196 | 0.11814546986333774 | 0.5254211532410338 | 0.17966453551552508 | 0.29334938531841015:0.1675104836362573 | 0.11430696445875022 | 0.5281745424875446
0.1675104836362573 | 0.11430696445875022 | 0.5281745424875446 | 0.17966453551552508 | 0.29334938531841015:0.17659900513033389 | 0.11039856729540176 | 0.5307084742369028
0.17659900513033389 | 0.11039856729540176 | 0.5307084742369028 | 0.17966453551552508 | 0.29334938531841015:0.18576840466028255 | 0.1064231746438935 | 0.5330205568994053
0.18576840466028255 | 0.1064231746438935 | 0.5330205568994053 | -0.38980664312682545 | 0.7862065960990627:0.2080171151057133 | 0.11765637653459571 | 0.5270103787716849
0.2080171151057133 | 0.11765637653459571 | 0.5270103787716849 | -0.38980664312682545 | 0.7862065960990627:0.2301375272391608 | 0.1288362801878371 | 0.5197941901112699
0.2301375272391608 | 0.1288362801878371 | 0.5197941901112699 | -0.38980664312682545 | 0.7862065960990627:0.2520762889616872 | 0.1399364301396986 | 0.511374059456358
0.2520762889616872 | 0.1399364301396986 | 0.511374059456358 | -0.38980664312682545 | 0.7862065960990627:0.2737800576984828 | 0.15093034664490013 | 0.5017550165549451
0.2737800576984828 | 0.15093034664490013 | 0.5017550165549451 | -0.38980664312682545 | 0.7862065960990627:0.29519563191503195 | 0.161791590879238 | 0.4909450522925063
0.29519563191503195 | 0.161791590879238 | 0.4909450522925063 | 0.8833373577390784 | -0.4874714680655876:0.28490465398130826 | 0.14090894766419737 | 0.5080874844116678
0.28490465398130826 | 0.14090894766419737 | 0.5080874844116678 | 0.8833373577390784 | -0.4874714680655876:0.2741183038526591 | 0.11912937040969318 | 0.5240849338251117
0.2741183038526591 | 0.11912937040969318 | 0.5240849338251117 | 0.8833373577390784 | -0.4874714680655876:0.2628656176977078 | 0.09650388863150638 | 0.5388771303271618
0.2628656176977078 | 0.09650388863150638 | 0.5388771303271618 | 0.8833373577390784 | -0.4874714680655876:0.2511772780915953 | 0.07308658742874741 | 0.5524069374231395
0.2511772780915953 | 0.07308658742874741 | 0.5524069374231395 | 0.8833373577390784 | -0.4874714680655876:0.2390855286336011 | 0.04893445703152999 | 0.5646205475127815
0.2390855286336011 | 0.04893445703152999 | 0.5646205475127815 | 0.8833373577390784 | -0.4874714680655876:0.22662408348148855 | 0.024107232920860255 | 0.5754676673052614
0.22662408348148855 | 0.024107232920860255 | 0.5754676673052614 | 0.8833373577390784 | -0.4874714680655876:0.21382803207766798 | -0.0013327729934555776 | 0.5849016928929345
0.21382803207766798 | -0.0013327729934555776 | 0.5849016928929345 | 0.8833373577390784 | -0.4874714680655876:0.20073373935640149 | -0.02732084962464043 | 0.5928798739428345
0.20073373935640149 | -0.02732084962464043 | 0.5928798739428345 | 0.8833373577390784 | -0.4874714680655876:0.18737874173446833 | -0.05379007185362816 | 0.5993634664985308
0.18737874173446833 | -0.05379007185362816 | 0.5993634664985308 | 0.8833373577390784 | -0.4874714680655876:0.17380163920005742 | -0.08067149300666543 | 0.6043178739198041
0.17380163920005742 | -0.08067149300666543 | 0.6043178739198041 | 0.6041759042127299 | -0.066875181661328:0.17278090154188241 | -0.09945857001389591 | 0.6056601328471771
0.17278090154188241 | -0.09945857001389591 | 0.6056601328471771 | 0.6041759042127299 | -0.066875181661328:0.1717362098291737 | -0.11837561407160813 | 0.6063807664764411
0.1717362098291737 | -0.11837561407160813 | 0.6063807664764411 | 0.6041759042127299 | -0.066875181661328:0.17067004448785994 | -0.13740126645647344 | 0.6064735796244491
0.17067004448785994 | -0.13740126645647344 | 0.6064735796244491 | 0.6041759042127299 | -0.066875181661328:0.16958490852331387 | -0.1565139433896494 | 0.6059331360357163
0.16958490852331387 | -0.1565139433896494 | 0.6059331360357163 | 0.6041759042127299 | -0.066875181661328:0.1684833245760764 | -0.17569186263015624 | 0.6047547652706058
0.1684833245760764 | -0.17569186263015624 | 0.6047547652706058 | 0.6041759042127299 | -0.066875181661328:0.16736783196028782 | -0.1949130702377957 | 0.602934568665539
0.16736783196028782 | -0.1949130702377957 | 0.602934568665539 | 0.6041759042127299 | -0.066875181661328:0.16624098368823503 | -0.214155467474475 | 0.6004694243623732
0.16624098368823503 | -0.214155467474475 | 0.6004694243623732 | 0.6041759042127299 | -0.066875181661328:0.16510534348448758 | -0.23339683781275866 | 0.597356991405178
0.16510534348448758 | -0.23339683781275866 | 0.597356991405178 | 0.6041759042127299 | -0.066875181661328:0.1639634827930756 | -0.2526148740205443 | 0.5935957129037419
0.1639634827930756 | -0.2526148740205443 | 0.5935957129037419 | 0.6041759042127299 | -0.066875181661328:0.16281797778111518 | -0.27178720529088096 | 0.5891848182639876
0.16281797778111518 | -0.27178720529088096 | 0.5891848182639876 | 0.6041759042127299 | -0.066875181661328:0.16167140634233412 | -0.29089142438597193 | 0.5841243244866874
0.16167140634233412 | -0.29089142438597193 | 0.5841243244866874 | 0.6041759042127299 | -0.066875181661328:0.16052634510386632 | -0.3099051147646801 | 0.5784150365367395
0.16052634510386632 | -0.3099051147646801 | 0.5784150365367395 | 0.6041759042127299 | -0.066875181661328:0.15938536643972512 | -0.32880587766290414 | 0.572058546786252
0.15938536643972512 | -0.32880587766290414 | 0.572058546786252 | 0.6041759042127299 | -0.066875181661328:0.15825103549427233 | -0.3475713590965013 | 0.565057233535768
0.15825103549427233 | -0.3475713590965013 | 0.565057233535768 | 0.6041759042127299 | -0.066875181661328:0.15712590721905606 | -0.3661792767566183 | 0.5574142586188131
0.15712590721905606 | -0.3661792767566183 | 0.5574142586188131 | 0.6041759042127299 | -0.066875181661328:0.15601252342626637 | -0.3846074467675864 | 0.5491335640960742
0.15601252342626637 | -0.3846074467675864 | 0.5491335640960742 | 0.6041759042127299 | -0.066875181661328:0.15491340986209856 | -0.40283381027781306 | 0.540219868046222
0.15491340986209856 | -0.40283381027781306 | 0.540219868046222 | 0.6041759042127299 | -0.066875181661328:0.15383107330323398 | -0.42083645985445983 | 0.5306786594616426
0.15383107330323398 | -0.42083645985445983 | 0.5306786594616426 | 0.6041759042127299 | -0.066875181661328:0.15276799867962687 | -0.43859366565302693 | 0.5205161922579578
0.15276799867962687 | -0.43859366565302693 | 0.5205161922579578 | 0.6041759042127299 | -0.066875181661328:0.15172664622672016 | -0.4560839013333622 | 0.5097394784073472
0.15172664622672016 | -0.4560839013333622 | 0.5097394784073472 | -0.4468616240200789 | -0.6841053632806446:0.1344334049328424 | -0.44648159555680333 | 0.5269285329709774
0.1344334049328424 | -0.44648159555680333 | 0.5269285329709774 | -0.4468616240200789 | -0.6841053632806446:0.11648654416347526 | -0.4364286064853222 | 0.5433345258006028
0.11648654416347526 | -0.4364286064853222 | 0.5433345258006028 | -0.4468616240200789 | -0.6841053632806446:0.09791324247216338 | -0.42594242849778796 | 0.5589209436588831
0.09791324247216338 | -0.42594242849778796 | 0.5589209436588831 | -0.4468616240200789 | -0.6841053632806446:0.07874206182625265 | -0.41504147358918875 | 0.5736526619331741
0.07874206182625265 | -0.41504147358918875 | 0.5736526619331741 | -0.4468616240200789 | -0.6841053632806446:0.05900289551235183 | -0.4037450381873693 | 0.5874960187746225
0.05900289551235183 | -0.4037450381873693 | 0.5874960187746225 | -0.9602826428363966 | 0.6732946418689627:0.07968899719299039 | -0.37657540573094317 | 0.6062711341756142
0.07968899719299039 | -0.37657540573094317 | 0.6062711341756142 | -0.9602826428363966 | 0.6732946418689627:0.10102974850583735 | -0.34840512023582515 | 0.6230466853632279
0.10102974850583735 | -0.34840512023582515 | 0.6230466853632279 | -0.9602826428363966 | 0.6732946418689627:0.12295596665082442 | -0.31933123086305093 | 0.6377468492816192
0.12295596665082442 | -0.31933123086305093 | 0.6377468492816192 | -0.9602826428363966 | 0.6732946418689627:0.14539580820447107 | -0.2894547532644176 | 0.6503030204847775
0.14539580820447107 | -0.2894547532644176 | 0.6503030204847775 | -0.9602826428363966 | 0.6732946418689627:0.16827502708014563 | -0.25888030878985463 | 0.6606541084424933
0.16827502708014563 | -0.25888030878985463 | 0.6606541084424933 | -0.9602826428363966 | 0.6732946418689627:0.191517242655717 | -0.22771574853021365 | 0.6687468072843785
0.191517242655717 | -0.22771574853021365 | 0.6687468072843785 | -0.9602826428363966 | 0.6732946418689627:0.21504421706475085 | -0.19607176360086256 | 0.6745358368798549
0.21504421706475085 | -0.19607176360086256 | 0.6745358368798549 | -0.9602826428363966 | 0.6732946418689627:0.23877614061115615 | -0.16406148312581806 | 0.6779841542607414
0.23877614061115615 | -0.16406148312581806 | 0.6779841542607414 | -0.9602826428363966 | 0.6732946418689627:0.26263192423486537 | -0.13180006143091944 | 0.6790631345052631
0.26263192423486537 | -0.13180006143091944 | 0.6790631345052631 | -0.9602826428363966 | 0.6732946418689627:0.2865294979279742 | -0.09940425599755803 | 0.6777527203185585
0.2865294979279742 | -0.09940425599755803 | 0.6777527203185585 | 0.21812296531753184 | -0.8890306942366857:0.25706756052189306 | -0.10716018829519808 | 0.6910806234279008
0.25706756052189306 | -0.10716018829519808 | 0.6910806234279008 | 0.21812296531753184 | -0.8890306942366857:0.22693163759814894 | -0.11508307266649276 | 0.7030095990375003
0.22693163759814894 | -0.11508307266649276 | 0.7030095990375003 | 0.21812296531753184 | -0.8890306942366857:0.1961855211491894 | -0.12315751491948823 | 0.7135039661229641
0.1961855211491894 | -0.12315751491948823 | 0.7135039661229641 | 0.21812296531753184 | -0.8890306942366857:0.16489474491887712 | -0.1313676758698863 | 0.7225311831240617
0.16489474491887712 | -0.1313676758698863 | 0.7225311831240617 | 0.21812296531753184 | -0.8890306942366857:0.1331264360659805 | -0.13969730725335916 | 0.7300619363917988
0.1331264360659805 | -0.13969730725335916 | 0.7300619363917988 | 0.5065111041596817 | -0.7568302273740593:0.10589604298401945 | -0.1586525524675766 | 0.7331766048273778
0.10589604298401945 | -0.1586525524675766 | 0.7331766048273778 | 0.5065111041596817 | -0.7568302273740593:0.07849359793646649 | -0.1777347098677926 | 0.7347520391804849
0.07849359793646649 | -0.1777347098677926 | 0.7347520391804849 | 0.5065111041596817 | -0.7568302273740593:0.05097957492608174 | -0.19690354688713452 | 0.7347756043023423
0.05097957492608174 | -0.19690354688713452 | 0.7347756043023423 | 0.5065111041596817 | -0.7568302273740593:0.023414990108594935 | -0.21611842337200549 | 0.7332381396980239
0.023414990108594935 | -0.21611842337200549 | 0.7332381396980239 | 0.5065111041596817 | -0.7568302273740593:-0.004138737884822774 | -0.23533838463907197 | 0.7301339930261079
-0.004138737884822774 | -0.23533838463907197 | 0.7301339930261079 | 0.21710248545469235 | -0.12165463354660178:-0.008590038934373823 | -0.24398844600123004 | 0.7297060890110174
-0.008590038934373823 | -0.24398844600123004 | 0.7297060890110174 | 0.21710248545469235 | -0.12165463354660178:-0.013051072587364487 | -0.25264965738374645 | 0.7291269044488118
-0.013051072587364487 | -0.25264965738374645 | 0.7291269044488118 | 0.21710248545469235 | -0.12165463354660178:-0.017520603881402863 | -0.2613198859106145 | 0.7283963231569288
-0.017520603881402863 | -0.2613198859106145 | 0.7283963231569288 | 0.21710248545469235 | -0.12165463354660178:-0.02199740080310697 | -0.2699970030621719 | 0.7275142662548859
-0.02199740080310697 | -0.2699970030621719 | 0.7275142662548859 | 0.21710248545469235 | -0.12165463354660178:-0.026480234519233647 | -0.2786788850957622 | 0.7264806919493125
-0.026480234519233647 | -0.2786788850957622 | 0.7264806919493125 | 0.6625919457120772 | 0.6926673417255385:-0.0016470180920293842 | -0.3034502662868377 | 0.7193786657721972
-0.0016470180920293842 | -0.3034502662868377 | 0.7193786657721972 | 0.6625919457120772 | 0.6926673417255385:0.022966091428321178 | -0.3280306456167241 | 0.7105541133558262
0.022966091428321178 | -0.3280306456167241 | 0.7105541133558262 | 0.6625919457120772 | 0.6926673417255385:0.047297297000159944 | -0.35236079708791346 | 0.70001926204705
0.047297297000159944 | -0.35236079708791346 | 0.70001926204705 | 0.6625919457120772 | 0.6926673417255385:0.07128523259025776 | -0.3763818350417871 | 0.6877906281866473
0.07128523259025776 | -0.3763818350417871 | 0.6877906281866473 | 0.6625919457120772 | 0.6926673417255385:0.09486911903757722 | -0.40003536370747916 | 0.6738889902524647
0.09486911903757722 | -0.40003536370747916 | 0.6738889902524647 | 0.22365304183361578 | -0.19360586684297187:0.08862083925750852 | -0.4086333216682947 | 0.672048613124332
0.08862083925750852 | -0.4086333216682947 | 0.672048613124332 | 0.22365304183361578 | -0.19360586684297187:0.08237220930370093 | -0.4172190179990922 | 0.6700239602419913
0.08237220930370093 | -0.4172190179990922 | 0.6700239602419913 | 0.22365304183361578 | -0.19360586684297187:0.07612547418615989 | -0.4257899953804092 | 0.6678151831755912
0.07612547418615989 | -0.4257899953804092 | 0.6678151831755912 | 0.22365304183361578 | -0.19360586684297187:0.0698828724084386 | -0.43434380231481917 | 0.6654224915445894
0.0698828724084386 | -0.43434380231481917 | 0.6654224915445894 | 0.22365304183361578 | -0.19360586684297187:0.06364663536912296 | -0.44287799383376747 | 0.6628461527050433
0.06364663536912296 | -0.44287799383376747 | 0.6628461527050433 | 0.22365304183361578 | -0.19360586684297187:0.05741898676857282 | -0.45139013219830204 | 0.6600864914240674
0.05741898676857282 | -0.45139013219830204 | 0.6600864914240674 | 0.22365304183361578 | -0.19360586684297187:0.05120214202095141 | -0.45987778759360065 | 0.6571438895416151
0.05120214202095141 | -0.45987778759360065 | 0.6571438895416151 | 0.22365304183361578 | -0.19360586684297187:0.04499830767167978 | -0.4683385388171821 | 0.6540187856196837
0.04499830767167978 | -0.4683385388171821 | 0.6540187856196837 | 0.22365304183361578 | -0.19360586684297187:0.03880968082038194 | -0.476769973960705 | 0.6507116745790853
0.03880968082038194 | -0.476769973960705 | 0.6507116745790853 | 0.22365304183361578 | -0.19360586684297187:0.03263844854943798 | -0.4851696910852308 | 0.6472231073241517
0.03263844854943798 | -0.4851696910852308 | 0.6472231073241517 | 0.08719753449683276 | -0.35204768403011344:0.021328713619585216 | -0.4891349786774555 | 0.6470950873977159
0.021328713619585216 | -0.4891349786774555 | 0.6470950873977159 | 0.08719753449683276 | -0.35204768403011344:0.009996400759980872 | -0.4930947344747736 | 0.6467312169088189
0.009996400759980872 | -0.4930947344747736 | 0.6467312169088189 | 0.08719753449683276 | -0.35204768403011344:-0.0013537229431044295 | -0.4970478954141324 | 0.6461309124764938
-0.0013537229431044295 | -0.4970478954141324 | 0.6461309124764938 | 0.08719753449683276 | -0.35204768403011344:-0.012716882842575217 | -0.5009933951736585 | 0.6452936927142474
-0.012716882842575217 | -0.5009933951736585 | 0.6452936927142474 | 0.08719753449683276 | -0.35204768403011344:-0.02408829874079288 | -0.5049301646822837 | 0.644219178195172
-0.02408829874079288 | -0.5049301646822837 | 0.644219178195172 | 0.08719753449683276 | -0.35204768403011344:-0.03546318689387107 | -0.5088571326278526 | 0.6429070913769124
-0.03546318689387107 | -0.5088571326278526 | 0.6429070913769124 | 0.08719753449683276 | -0.35204768403011344:-0.046836762009210275 | -0.5127732259635334 | 0.6413572564871686
-0.046836762009210275 | -0.5127732259635334 | 0.6413572564871686 | 0.08719753449683276 | -0.35204768403011344:-0.05820423923566054 | -0.5166773704123706 | 0.6395695993696364
-0.05820423923566054 | -0.5166773704123706 | 0.6395695993696364 | 0.08719753449683276 | -0.35204768403011344:-0.06956083614560882 | -0.5205684909698061 | 0.6375441472908534
-0.06956083614560882 | -0.5205684909698061 | 0.6375441472908534 | 0.08719753449683276 | -0.35204768403011344:-0.08090177470830184 | -0.5244455124040108 | 0.6352810287080217
-0.08090177470830184 | -0.5244455124040108 | 0.6352810287080217 | 0.08719753449683276 | -0.35204768403011344:-0.09222228325376847 | -0.528307359753855 | 0.6327804729983484
-0.09222228325376847 | -0.528307359753855 | 0.6327804729983484 | 0.08719753449683276 | -0.35204768403011344:-0.1035175984266612 | -0.5321529588243621 | 0.6300428101499449
-0.1035175984266612 | -0.5321529588243621 | 0.6300428101499449 | 0.08719753449683276 | -0.35204768403011344:-0.11478296712938807 | -0.5359812366794774 | 0.6270684704147698
-0.11478296712938807 | -0.5359812366794774 | 0.6270684704147698 | 0.08719753449683276 | -0.35204768403011344:-0.12601364845386698 | -0.539791122131998 | 0.6238579839237985
-0.12601364845386698 | -0.539791122131998 | 0.6238579839237985 | 0.08719753449683276 | -0.35204768403011344:-0.13720491560127712 | -0.5435815462305023 | 0.6204119802649046
-0.13720491560127712 | -0.5435815462305023 | 0.6204119802649046 | 0.335858916864894 | 0.13278431905604937:-0.13340488122847027 | -0.5550080788251677 | 0.613293130001793
-0.13340488122847027 | -0.5550080788251677 | 0.613293130001793 | 0.335858916864894 | 0.13278431905604937:-0.129643086738497 | -0.5663223905078532 | 0.6059298305229532
-0.129643086738497 | -0.5663223905078532 | 0.6059298305229532 | 0.335858916864894 | 0.13278431905604937:-0.12592143379939102 | -0.5775198277765092 | 0.5983243329859675
-0.12592143379939102 | -0.5775198277765092 | 0.5983243329859675 | 0.335858916864894 | 0.13278431905604937:-0.12224180510300542 | -0.5885957825248873 | 0.5904789895107143
-0.12224180510300542 | -0.5885957825248873 | 0.5904789895107143 | 0.335858916864894 | 0.13278431905604937:-0.11860606366642656 | -0.5995456938367845 | 0.5823962520292696
-0.11860606366642656 | -0.5995456938367845 | 0.5823962520292696 | 0.28959311593161674 | 0.5883777120427496:-0.10186853335369861 | -0.609037203058648 | 0.5779593359660282
-0.10186853335369861 | -0.609037203058648 | 0.5779593359660282 | 0.28959311593161674 | 0.5883777120427496:-0.08524030485648204 | -0.6184673996947794 | 0.572873286197563
-0.08524030485648204 | -0.6184673996947794 | 0.572873286197563 | 0.28959311593161674 | 0.5883777120427496:-0.06874137252272305 | -0.6278265388263264 | 0.5671417818215474
-0.06874137252272305 | -0.6278265388263264 | 0.5671417818215474 | 0.28959311593161674 | 0.5883777120427496:-0.05239162185244872 | -0.6371049223175049 | 0.5607692707186089
-0.05239162185244872 | -0.6371049223175049 | 0.5607692707186089 | 0.28959311593161674 | 0.5883777120427496:-0.03621080561248924 | -0.6462929106141679 | 0.5537609652839706
-0.03621080561248924 | -0.6462929106141679 | 0.5537609652839706 | 0.28959311593161674 | 0.5883777120427496:-0.020218520105688143 | -0.6553809344728485 | 0.5461228372391247
-0.020218520105688143 | -0.6553809344728485 | 0.5461228372391247 | 0.28959311593161674 | 0.5883777120427496:-0.004434181622846367 | -0.6643595066063774 | 0.5378616115304595
-0.004434181622846367 | -0.6643595066063774 | 0.5378616115304595 | 0.28959311593161674 | 0.5883777120427496:0.011122996894654236 | -0.6732192332322384 | 0.5289847593233077
0.011122996894654236 | -0.6732192332322384 | 0.5289847593233077 | 0.28959311593161674 | 0.5883777120427496:0.026434028953845612 | -0.6819508255099649 | 0.5195004901000857
0.026434028953845612 | -0.6819508255099649 | 0.5195004901000857 | 0.28959311593161674 | 0.5883777120427496:0.04148017734346254 | -0.6905451108540568 | 0.5094177428731399
0.04148017734346254 | -0.6905451108540568 | 0.5094177428731399 | 0.28959311593161674 | 0.5883777120427496:0.056242976674523604 | -0.6989930441090664 | 0.49874617652335473
0.056242976674523604 | -0.6989930441090664 | 0.49874617652335473 | 0.28959311593161674 | 0.5883777120427496:0.07070425560165816 | -0.7072857185736616 | 0.487496159276688
0.07070425560165816 | -0.7072857185736616 | 0.487496159276688 | 0.28959311593161674 | 0.5883777120427496:0.08484615869895507 | -0.7154143768606964 | 0.47567875733209064
0.08484615869895507 | -0.7154143768606964 | 0.47567875733209064 | 0.28959311593161674 | 0.5883777120427496:0.09865116796467177 | -0.7233704215805723 | 0.46330572265478054
0.09865116796467177 | -0.7233704215805723 | 0.46330572265478054 | 0.28959311593161674 | 0.5883777120427496:0.11210212392954766 | -0.7311454258352938 | 0.45038947995011824
