0.0 | 0.0 | 0.0 | -0.18752053645466016 | -0.5572041301147346:-2.785537807854901E-4 | 9.375889449103614E-5 | 0.009995679919891089
-2.785537807854901E-4 | 9.375889449103614E-5 | 0.009995679919891089 | -0.18752053645466016 | -0.5572041301147346:-0.001108140728877631 | 3.730715948719876E-4 | 0.01986561959039039
-0.001108140728877631 | 3.730715948719876E-4 | 0.01986561959039039 | 0.26138669899313927 | 0.15923326777420455:-0.0014177654319498145 | 1.6927583208359298E-4 | 0.02966665953343317
-0.0014177654319498145 | 1.6927583208359298E-4 | 0.02966665953343317 | 0.26138669899313927 | 0.15923326777420455:-0.0015675223161928323 | -2.8981666776795034E-4 | 0.039371732347045926
-0.0015675223161928323 | -2.8981666776795034E-4 | 0.039371732347045926 | 0.26138669899313927 | 0.15923326777420455:-0.0015597869491773648 | -0.0010004226711070041 | 0.048974906104624655
-0.0015597869491773648 | -0.0010004226711070041 | 0.048974906104624655 | 0.26138669899313927 | 0.15923326777420455:-0.001396976059327106 | -0.0019586897679786386 | 0.05847037631494914
-0.001396976059327106 | -0.0019586897679786386 | 0.05847037631494914 | 0.26138669899313927 | 0.15923326777420455:-0.0010815461096969244 | -0.0031606987178962598 | 0.06785246640046036
-0.0010815461096969244 | -0.0031606987178962598 | 0.06785246640046036 | 0.26138669899313927 | 0.15923326777420455:-6.159918781677778E-4 | -0.004602465785380705 | 0.07711562812903666
-6.159918781677778E-4 | -0.004602465785380705 | 0.07711562812903666 | 0.26138669899313927 | 0.15923326777420455:-2.845044360872198E-6 | -0.00627994506469487 | 0.08625444199979476
-2.845044360872198E-6 | -0.00627994506469487 | 0.08625444199979476 | 0.26138669899313927 | 0.15923326777420455:7.553272164325959E-4 | -0.008189030793281038 | 0.09526361758344426
7.553272164325959E-4 | -0.008189030793281038 | 0.09526361758344426 | 0.26138669899313927 | 0.15923326777420455:0.001655923632016036 | -0.010325559653424632 | 0.10413799381773003
0.001655923632016036 | -0.010325559653424632 | 0.10413799381773003 | 0.26138669899313927 | 0.15923326777420455:0.002696310224462357 | -0.012685313061675307 | 0.11287253925849794
0.002696310224462357 | -0.012685313061675307 | 0.11287253925849794 | -0.09690639033340842 | -0.3390621234181461:8.424211103272043E-4 | -0.013085246920736093 | 0.12177506496370905
8.424211103272043E-4 | -0.013085246920736093 | 0.12177506496370905 | -0.09690639033340842 | -0.3390621234181461:-0.001310749508996725 | -0.013390285657691514 | 0.13056279658235792
-0.001310749508996725 | -0.013390285657691514 | 0.13056279658235792 | -0.09690639033340842 | -0.3390621234181461:-0.0037582851009079366 | -0.013601907302087657 | 0.1392283287141991
-0.0037582851009079366 | -0.013601907302087657 | 0.1392283287141991 | -0.09690639033340842 | -0.3390621234181461:-0.006495142392048521 | -0.013721625595844111 | 0.14776442022495417
-0.006495142392048521 | -0.013721625595844111 | 0.14776442022495417 | -0.09690639033340842 | -0.3390621234181461:-0.00951615541324316 | -0.013750988850147472 | 0.1561639958384542
-0.00951615541324316 | -0.013750988850147472 | 0.1561639958384542 | 0.7355164989925245 | -0.6663857567980589:-0.015481405594404595 | -0.02052915743681516 | 0.16347652713816307
-0.015481405594404595 | -0.02052915743681516 | 0.16347652713816307 | 0.7355164989925245 | -0.6663857567980589:-0.021943334828559702 | -0.027863553610999903 | 0.17017479183469697
-0.021943334828559702 | -0.027863553610999903 | 0.17017479183469697 | 0.7355164989925245 | -0.6663857567980589:-0.028872199020182295 | -0.03572236953866992 | 0.1762049710238065
-0.028872199020182295 | -0.03572236953866992 | 0.1762049710238065 | 0.7355164989925245 | -0.6663857567980589:-0.03623603686474071 | -0.04407129424643674 | 0.18151626590310843
-0.03623603686474071 | -0.04407129424643674 | 0.18151626590310843 | 0.7355164989925245 | -0.6663857567980589:-0.04400080659583211 | -0.05287366108652303 | 0.18606108671307453
-0.04400080659583211 | -0.05287366108652303 | 0.18606108671307453 | -0.47404964311475406 | 0.5752670481451325:-0.040156813679897485 | -0.05040698971550306 | 0.19606537077929076
-0.040156813679897485 | -0.05040698971550306 | 0.19606537077929076 | -0.47404964311475406 | 0.5752670481451325:-0.03579413389849001 | -0.047505100555707 | 0.20590265837890342
-0.03579413389849001 | -0.047505100555707 | 0.20590265837890342 | -0.47404964311475406 | 0.5752670481451325:-0.030920398728033482 | -0.044173907348877384 | 0.2155364080411366
-0.030920398728033482 | -0.044173907348877384 | 0.2155364080411366 | -0.47404964311475406 | 0.5752670481451325:-0.02554458303224122 | -0.04042043755247038 | 0.224930694430451
-0.02554458303224122 | -0.04042043755247038 | 0.224930694430451 | -0.47404964311475406 | 0.5752670481451325:-0.019676976161563886 | -0.03625280943723386 | 0.23405028485551416
-0.019676976161563886 | -0.03625280943723386 | 0.23405028485551416 | -0.3311043203299273 | 0.8349135246670132:-0.010184927423544932 | -0.03341171561778533 | 0.24278087359334455
-0.010184927423544932 | -0.03341171561778533 | 0.24278087359334455 | -0.3311043203299273 | 0.8349135246670132:-2.2935527979051074E-5 | -0.030292289217401125 | 0.25100662655117745
-2.2935527979051074E-5 | -0.030292289217401125 | 0.25100662655117745 | -0.3311043203299273 | 0.8349135246670132:0.010781449411895572 | -0.026905152845609237 | 0.25868082401510506
0.010781449411895572 | -0.026905152845609237 | 0.25868082401510506 | -0.3311043203299273 | 0.8349135246670132:0.022198216785744407 | -0.023261918860418174 | 0.26575855245100666
0.022198216785744407 | -0.023261918860418174 | 0.26575855245100666 | -0.3311043203299273 | 0.8349135246670132:0.03419499763449685 | -0.019375150018446252 | 0.2721968429434751
0.03419499763449685 | -0.019375150018446252 | 0.2721968429434751 | -0.3311043203299273 | 0.8349135246670132:0.046737173068674864 | -0.015258317585555625 | 0.27795480320595356
0.046737173068674864 | -0.015258317585555625 | 0.27795480320595356 | -0.3311043203299273 | 0.8349135246670132:0.059787988617602844 | -0.01092575703986487 | 0.28299374285070744
0.059787988617602844 | -0.01092575703986487 | 0.28299374285070744 | -0.3311043203299273 | 0.8349135246670132:0.07330867415792856 | -0.006392621504139884 | 0.2872772916270616
0.07330867415792856 | -0.006392621504139884 | 0.2872772916270616 | -0.3311043203299273 | 0.8349135246670132:0.08725856905837083 | -0.0016748330492843966 | 0.2907715103567723
0.08725856905837083 | -0.0016748330492843966 | 0.2907715103567723 | -0.3311043203299273 | 0.8349135246670132:0.10159525216709028 | 0.0032109679849909867 | 0.2934449943162365
0.10159525216709028 | 0.0032109679849909867 | 0.2934449943162365 | 0.8641670443149334 | -0.1604439294606128:0.10144220888894376 | -0.009677541983911908 | 0.3006449876281012
0.10144220888894376 | -0.009677541983911908 | 0.3006449876281012 | 0.8641670443149334 | -0.1604439294606128:0.1011620923544583 | -0.02314195503041483 | 0.30721707408799137
0.1011620923544583 | -0.02314195503041483 | 0.30721707408799137 | 0.8641670443149334 | -0.1604439294606128:0.10076147448123074 | -0.03714889084324802 | 0.3131242274145114
0.10076147448123074 | -0.03714889084324802 | 0.3131242274145114 | 0.8641670443149334 | -0.1604439294606128:0.10024728993066134 | -0.05166296146449545 | 0.31833133542932845
0.10024728993066134 | -0.05166296146449545 | 0.31833133542932845 | 0.8641670443149334 | -0.1604439294606128:0.09962681608343449 | -0.0666468770568418 | 0.3228053030407869
0.09962681608343449 | -0.0666468770568418 | 0.3228053030407869 | -0.18461840838858223 | 0.06584971186622512:0.10260834504061878 | -0.06487652148139378 | 0.32922868937330474
0.10260834504061878 | -0.06487652148139378 | 0.32922868937330474 | -0.18461840838858223 | 0.06584971186622512:0.10561185657399308 | -0.06297855768703498 | 0.33556862783506247
0.10561185657399308 | -0.06297855768703498 | 0.33556862783506247 | -0.18461840838858223 | 0.06584971186622512:0.10863687511402309 | -0.0609549689124933 | 0.3418238167256913
0.10863687511402309 | -0.0609549689124933 | 0.3418238167256913 | -0.18461840838858223 | 0.06584971186622512:0.11168292269349744 | -0.058807738708055446 | 0.3479929865130096
0.11168292269349744 | -0.058807738708055446 | 0.3479929865130096 | -0.18461840838858223 | 0.06584971186622512:0.11474951907472031 | -0.05653885064351005 | 0.3540748996072143
0.11474951907472031 | -0.05653885064351005 | 0.3540748996072143 | -0.18461840838858223 | 0.06584971186622512:0.11783618187497424 | -0.05415028802028887 | 0.36006835013427896
0.11783618187497424 | -0.05415028802028887 | 0.36006835013427896 | -0.18461840838858223 | 0.06584971186622512:0.12094242669026412 | -0.051644033587763705 | 0.3659721637086566
0.12094242669026412 | -0.051644033587763705 | 0.3659721637086566 | -0.18461840838858223 | 0.06584971186622512:0.1240677672173609 | -0.049022069263672474 | 0.3717851972052717
0.1240677672173609 | -0.049022069263672474 | 0.3717851972052717 | -0.18461840838858223 | 0.06584971186622512:0.12721171537415854 | -0.04628637585863338 | 0.37750633853090143
0.12721171537415854 | -0.04628637585863338 | 0.37750633853090143 | -0.18461840838858223 | 0.06584971186622512:0.13037378141835854 | -0.043438932804710007 | 0.3831345063949332
0.13037378141835854 | -0.043438932804710007 | 0.3831345063949332 | -0.18461840838858223 | 0.06584971186622512:0.13355347406449924 | -0.04048171788800081 | 0.3886686500795875
0.13355347406449924 | -0.04048171788800081 | 0.3886686500795875 | -0.18461840838858223 | 0.06584971186622512:0.13675030059934112 | -0.037416706985204495 | 0.39410774920959923
0.13675030059934112 | -0.037416706985204495 | 0.39410774920959923 | -0.18461840838858223 | 0.06584971186622512:0.13996376699562685 | -0.03424587380414046 | 0.39945081352144207
0.13996376699562685 | -0.03424587380414046 | 0.39945081352144207 | -0.18461840838858223 | 0.06584971186622512:0.14319337802422893 | -0.03097118962817902 | 0.40469688263209136
0.14319337802422893 | -0.03097118962817902 | 0.40469688263209136 | -0.18461840838858223 | 0.06584971186622512:0.1464386373646982 | -0.02759462306454763 | 0.409845025807396
0.1464386373646982 | -0.02759462306454763 | 0.409845025807396 | -0.18461840838858223 | 0.06584971186622512:0.1496990477142317 | -0.024118139796483806 | 0.4148943417300668
0.1496990477142317 | -0.024118139796483806 | 0.4148943417300668 | -0.18461840838858223 | 0.06584971186622512:0.1529741108950704 | -0.020543702339193448 | 0.4198439582673501
0.1529741108950704 | -0.020543702339193448 | 0.4198439582673501 | -0.18461840838858223 | 0.06584971186622512:0.1562633279603447 | -0.016873269799585255 | 0.4246930322383893
0.1562633279603447 | -0.016873269799585255 | 0.4246930322383893 | -0.18461840838858223 | 0.06584971186622512:0.159566199298379 | -0.0131087976397386 | 0.42944074918132813
0.159566199298379 | -0.0131087976397386 | 0.42944074918132813 | -0.18461840838858223 | 0.06584971186622512:0.16288222473547398 | -0.009252237444082212 | 0.43408632312017836
0.16288222473547398 | -0.009252237444082212 | 0.43408632312017836 | -0.5855976989577296 | 0.5287002116758999:0.17631695117216584 | 0.003499920957589886 | 0.43468343988801905
0.17631695117216584 | 0.003499920957589886 | 0.43468343988801905 | -0.5855976989577296 | 0.5287002116758999:0.18986198661127274 | 0.016407702213556252 | 0.43444436467305714
0.18986198661127274 | 0.016407702213556252 | 0.43444436467305714 | -0.5855976989577296 | 0.5287002116758999:0.20349103088029263 | 0.02944194903963826 | 0.43335641935871294
0.20349103088029263 | 0.02944194903963826 | 0.43335641935871294 | -0.5855976989577296 | 0.5287002116758999:0.21717737277460136 | 0.042573023752995987 | 0.43140878677114003
0.21717737277460136 | 0.042573023752995987 | 0.43140878677114003 | -0.5855976989577296 | 0.5287002116758999:0.2308939488640922 | 0.05577087299812167 | 0.4285925372443735
0.2308939488640922 | 0.05577087299812167 | 0.4285925372443735 | -0.09310815564220798 | 0.1934327349034375:0.23747176725725438 | 0.05836673329100828 | 0.4305095438231561
0.23747176725725438 | 0.05836673329100828 | 0.4305095438231561 | -0.09310815564220798 | 0.1934327349034375:0.2440855586779911 | 0.060985908889065854 | 0.43227995052035695
0.2440855586779911 | 0.060985908889065854 | 0.43227995052035695 | -0.09310815564220798 | 0.1934327349034375:0.2507330447552292 | 0.06362724646466322 | 0.4339037838157367
0.2507330447552292 | 0.06362724646466322 | 0.4339037838157367 | -0.09310815564220798 | 0.1934327349034375:0.2574119607143608 | 0.06628959972376292 | 0.4353811032019834
0.2574119607143608 | 0.06628959972376292 | 0.4353811032019834 | -0.09310815564220798 | 0.1934327349034375:0.2641200556165453 | 0.06897182951633551 | 0.4367120008041532
0.2641200556165453 | 0.06897182951633551 | 0.4367120008041532 | 0.1559286026710056 | -0.5830268970563519:0.25362980051071204 | 0.06618240842523893 | 0.44893732110798723
0.25362980051071204 | 0.06618240842523893 | 0.44893732110798723 | 0.1559286026710056 | -0.5830268970563519:0.24264266506971133 | 0.06325923960932567 | 0.4608588473865858
0.24264266506971133 | 0.06325923960932567 | 0.4608588473865858 | 0.1559286026710056 | -0.5830268970563519:0.2311684270648664 | 0.06020485604585435 | 0.47245638709241433
0.2311684270648664 | 0.06020485604585435 | 0.47245638709241433 | 0.1559286026710056 | -0.5830268970563519:0.21921757960826938 | 0.057021983547757005 | 0.4837101327408746
0.21921757960826938 | 0.057021983547757005 | 0.4837101327408746 | 0.1559286026710056 | -0.5830268970563519:0.20680131615062525 | 0.053713536850725774 | 0.4946006874137794
0.20680131615062525 | 0.053713536850725774 | 0.4946006874137794 | -0.915145589819379 | -0.7636742447924425:0.1894914058926478 | 0.07693400616756185 | 0.5034353305388599
0.1894914058926478 | 0.07693400616756185 | 0.5034353305388599 | -0.915145589819379 | -0.7636742447924425:0.17172031686647138 | 0.10072057461692441 | 0.5105131338539728
0.17172031686647138 | 0.10072057461692441 | 0.5105131338539728 | -0.915145589819379 | -0.7636742447924425:0.15355931179260374 | 0.12498937297570922 | 0.5157788224954487
0.15355931179260374 | 0.12498937297570922 | 0.5157788224954487 | -0.915145589819379 | -0.7636742447924425:0.13508208928615062 | 0.1496534483530032 | 0.5191841920945066
0.13508208928615062 | 0.1496534483530032 | 0.5191841920945066 | -0.915145589819379 | -0.7636742447924425:0.11636448451227999 | 0.17462311687954668 | 0.5206883742408799
0.11636448451227999 | 0.17462311687954668 | 0.5206883742408799 | -0.915145589819379 | -0.7636742447924425:0.09748415917528064 | 0.19980632987913305 | 0.5202580713779206
0.09748415917528064 | 0.19980632987913305 | 0.5202580713779206 | -0.915145589819379 | -0.7636742447924425:0.07852028215220397 | 0.22510905197528863 | 0.5178677600606996
0.07852028215220397 | 0.22510905197528863 | 0.5178677600606996 | -0.915145589819379 | -0.7636742447924425:0.059553202121478854 | 0.2504356495363119 | 0.5134998616426962
0.059553202121478854 | 0.2504356495363119 | 0.5134998616426962 | -0.915145589819379 | -0.7636742447924425:0.04066411357057653 | 0.27568928781821095 | 0.5071448795946161
0.04066411357057653 | 0.27568928781821095 | 0.5071448795946161 | -0.915145589819379 | -0.7636742447924425:0.021934717594645825 | 0.30077233512846185 | 0.4988015027997008
0.021934717594645825 | 0.30077233512846185 | 0.4988015027997008 | -0.915145589819379 | -0.7636742447924425:0.00344687892004103 | 0.32558677230391714 | 0.48847667431336106
0.00344687892004103 | 0.32558677230391714 | 0.48847667431336106 | -0.915145589819379 | -0.7636742447924425:-0.014717719397417284 | 0.3500346057737385 | 0.4761856252201966
-0.014717719397417284 | 0.3500346057737385 | 0.4761856252201966 | -0.915145589819379 | -0.7636742447924425:-0.0324779221396545 | 0.3740182824629805 | 0.4619518733681822
-0.0324779221396545 | 0.3740182824629805 | 0.4619518733681822 | -0.915145589819379 | -0.7636742447924425:-0.0497534474953909 | 0.3974411047844473 | 0.4458071869069187
-0.0497534474953909 | 0.3974411047844473 | 0.4458071869069187 | -0.915145589819379 | -0.7636742447924425:-0.06646523056955456 | 0.4202076439657054 | 0.4277915127043421
-0.06646523056955456 | 0.4202076439657054 | 0.4277915127043421 | -0.915145589819379 | -0.7636742447924425:-0.0825357633798589 | 0.44222414996464 | 0.40795286986316626
-0.0825357633798589 | 0.44222414996464 | 0.40795286986316626 | -0.915145589819379 | -0.7636742447924425:-0.0978894299015236 | 0.4633989562406402 | 0.38634720870395256
-0.0978894299015236 | 0.4633989562406402 | 0.38634720870395256 | -0.915145589819379 | -0.7636742447924425:-0.112452834741263 | 0.48364287766932623 | 0.3630382357259343
-0.112452834741263 | 0.48364287766932623 | 0.3630382357259343 | -0.915145589819379 | -0.7636742447924425:-0.12615512404762352 | 0.5028695999165862 | 0.33809720519836617
-0.12615512404762352 | 0.5028695999165862 | 0.33809720519836617 | -0.915145589819379 | -0.7636742447924425:-0.13892829729636258 | 0.5209960586224138 | 0.3116026781741894
-0.13892829729636258 | 0.5209960586224138 | 0.3116026781741894 | -0.915145589819379 | -0.7636742447924425:-0.15070750862677507 | 0.5379428067865284 | 0.2836402498532813
-0.15070750862677507 | 0.5379428067865284 | 0.2836402498532813 | -0.915145589819379 | -0.7636742447924425:-0.1614313564474692 | 0.5536343687957741 | 0.2543022463541824
-0.1614313564474692 | 0.5536343687957741 | 0.2543022463541824 | -0.915145589819379 | -0.7636742447924425:-0.171042160077854 | 0.5679995795876582 | 0.22368739208021893
-0.171042160077854 | 0.5679995795876582 | 0.22368739208021893 | -0.915145589819379 | -0.7636742447924425:-0.1794862222444209 | 0.580971907504864 | 0.19190044898822833
-0.1794862222444209 | 0.580971907504864 | 0.19190044898822833 | -0.915145589819379 | -0.7636742447924425:-0.18671407630845405 | 0.5924897594618903 | 0.1590518291845342
-0.18671407630845405 | 0.5924897594618903 | 0.1590518291845342 | 0.3996558748402239 | -0.7224173985141109:-0.1938409247066799 | 0.5924896235411978 | 0.16492215374744745
-0.1938409247066799 | 0.5924896235411978 | 0.16492215374744745 | 0.3996558748402239 | -0.7224173985141109:-0.2011987479683892 | 0.5923204258932397 | 0.17054676164009663
-0.2011987479683892 | 0.5923204258932397 | 0.17054676164009663 | 0.3996558748402239 | -0.7224173985141109:-0.20877870811658905 | 0.5919873083910012 | 0.17591209484658066
-0.20877870811658905 | 0.5919873083910012 | 0.17591209484658066 | 0.3996558748402239 | -0.7224173985141109:-0.21657141072074015 | 0.5914957213240726 | 0.18100504393594719
-0.21657141072074015 | 0.5914957213240726 | 0.18100504393594719 | 0.3996558748402239 | -0.7224173985141109:-0.22456692306286108 | 0.5908514136801575 | 0.18581297726251478
-0.22456692306286108 | 0.5908514136801575 | 0.18581297726251478 | 0.9691482530435658 | 0.3473779100813308:-0.22195600382543912 | 0.5841667869141833 | 0.21921206846562313
-0.22195600382543912 | 0.5841667869141833 | 0.21921206846562313 | 0.9691482530435658 | 0.3473779100813308:-0.21873820033726776 | 0.575784460282275 | 0.2523490115978575
-0.21873820033726776 | 0.575784460282275 | 0.2523490115978575 | 0.9691482530435658 | 0.3473779100813308:-0.21491739680011346 | 0.5657128544130625 | 0.28512489864235135
-0.21491739680011346 | 0.5657128544130625 | 0.28512489864235135 | 0.9691482530435658 | 0.3473779100813308:-0.21049932446351605 | 0.553965552371027 | 0.3174411631368841
-0.21049932446351605 | 0.553965552371027 | 0.3174411631368841 | 0.9691482530435658 | 0.3473779100813308:-0.20549155389712226 | 0.5405612854902859 | 0.34919988549188474
-0.20549155389712226 | 0.5405612854902859 | 0.34919988549188474 | -0.06903674501013146 | -0.8393633409718952:-0.22093923844030483 | 0.5443653469384522 | 0.34002970920494135
-0.22093923844030483 | 0.5443653469384522 | 0.34002970920494135 | -0.06903674501013146 | -0.8393633409718952:-0.23604368180343016 | 0.548117251405662 | 0.3301359963143611
-0.23604368180343016 | 0.548117251405662 | 0.3301359963143611 | -0.06903674501013146 | -0.8393633409718952:-0.25077131005981457 | 0.5518144659353741 | 0.3195324934843313
-0.25077131005981457 | 0.5518144659353741 | 0.3195324934843313 | -0.06903674501013146 | -0.8393633409718952:-0.2650891330247833 | 0.5554545003523543 | 0.30823451523515644
-0.2650891330247833 | 0.5554545003523543 | 0.30823451523515644 | -0.06903674501013146 | -0.8393633409718952:-0.2789648165231089 | 0.5590349132772001 | 0.2962589171135619
-0.2789648165231089 | 0.5590349132772001 | 0.2962589171135619 | -0.06903674501013146 | -0.8393633409718952:-0.292366753356752 | 0.5625533180394822 | 0.2836240655495672
-0.292366753356752 | 0.5625533180394822 | 0.2836240655495672 | -0.06903674501013146 | -0.8393633409718952:-0.3052641328244321 | 0.5660073884771109 | 0.2703498044654893
-0.3052641328244321 | 0.5660073884771109 | 0.2703498044654893 | -0.06903674501013146 | -0.8393633409718952:-0.3176270086478583 | 0.5693948646099365 | 0.25645741870904715
-0.3176270086478583 | 0.5693948646099365 | 0.25645741870904715 | -0.06903674501013146 | -0.8393633409718952:-0.3294263651630651 | 0.5727135581757707 | 0.24196959438911847
-0.3294263651630651 | 0.5727135581757707 | 0.24196959438911847 | -0.06903674501013146 | -0.8393633409718952:-0.34063418163914716 | 0.5759613580173486 | 0.22691037619879495
-0.34063418163914716 | 0.5759613580173486 | 0.22691037619879495 | -0.06903674501013146 | -0.8393633409718952:-0.35122349459084967 | 0.5791362353091358 | 0.2113051218165296
-0.35122349459084967 | 0.5791362353091358 | 0.2113051218165296 | -0.06903674501013146 | -0.8393633409718952:-0.36116845795584873 | 0.5822362486131887 | 0.19518045348186774
-0.36116845795584873 | 0.5822362486131887 | 0.19518045348186774 | -0.06903674501013146 | -0.8393633409718952:-0.3704444010122066 | 0.5852595487535872 | 0.17856420684798735
-0.3704444010122066 | 0.5852595487535872 | 0.17856420684798735 | -0.06903674501013146 | -0.8393633409718952:-0.37902788391636266 | 0.5882043834995265 | 0.16148537721867484
-0.37902788391636266 | 0.5882043834995265 | 0.16148537721867484 | -0.06903674501013146 | -0.8393633409718952:-0.3868967507471281 | 0.5910691020473671 | 0.14397406328235718
-0.3868967507471281 | 0.5910691020473671 | 0.14397406328235718 | 0.46755481644494923 | 0.9339131838638173:-0.3805787169025564 | 0.5898161561377542 | 0.17631900268510492
-0.3805787169025564 | 0.5898161561377542 | 0.17631900268510492 | 0.46755481644494923 | 0.9339131838638173:-0.3727094107672744 | 0.5877683824194371 | 0.20840834300951627
-0.3727094107672744 | 0.5877683824194371 | 0.20840834300951627 | 0.46755481644494923 | 0.9339131838638173:-0.3632987109919761 | 0.5849297671282052 | 0.24014696362606003
-0.3632987109919761 | 0.5849297671282052 | 0.24014696362606003 | 0.46755481644494923 | 0.9339131838638173:-0.3523611812499621 | 0.5813066456668778 | 0.27144021490528303
-0.3523611812499621 | 0.5813066456668778 | 0.27144021490528303 | 0.46755481644494923 | 0.9339131838638173:-0.33991604738953596 | 0.5769076945774252 | 0.30219420853846657
-0.33991604738953596 | 0.5769076945774252 | 0.30219420853846657 | -0.8306642754584483 | 0.27470363644978124:-0.3372799493675709 | 0.591085117167264 | 0.28364299571332197
-0.3372799493675709 | 0.591085117167264 | 0.28364299571332197 | -0.8306642754584483 | 0.27470363644978124:-0.33488184044940406 | 0.6044989176021289 | 0.2644026021424395
-0.33488184044940406 | 0.6044989176021289 | 0.2644026021424395 | -0.8306642754584483 | 0.27470363644978124:-0.33273209801000103 | 0.6171175585943907 | 0.2445084436596332
-0.33273209801000103 | 0.6171175585943907 | 0.2445084436596332 | -0.8306642754584483 | 0.27470363644978124:-0.3308405814558206 | 0.6289110305536703 | 0.223997522342394
-0.3308405814558206 | 0.6289110305536703 | 0.223997522342394 | -0.8306642754584483 | 0.27470363644978124:-0.3292166092393689 | 0.6398509227227542 | 0.202908351203142
-0.3292166092393689 | 0.6398509227227542 | 0.202908351203142 | 0.3309501673288977 | -0.8140524329778303:-0.33876989752793474 | 0.638553993732728 | 0.20056967736878306
-0.33876989752793474 | 0.638553993732728 | 0.20056967736878306 | 0.3309501673288977 | -0.8140524329778303:-0.3482355278064828 | 0.6372631141726295 | 0.19780493987845205
-0.3482355278064828 | 0.6372631141726295 | 0.19780493987845205 | 0.3309501673288977 | -0.8140524329778303:-0.3575953132563221 | 0.6359859630760099 | 0.1946172225395344
-0.3575953132563221 | 0.6359859630760099 | 0.1946172225395344 | 0.3309501673288977 | -0.8140524329778303:-0.36683118317892305 | 0.6347301773017158 | 0.1910105318050057
-0.36683118317892305 | 0.6347301773017158 | 0.1910105318050057 | 0.3309501673288977 | -0.8140524329778303:-0.3759252230976138 | 0.6335033352122608 | 0.18698979117221626
-0.3759252230976138 | 0.6335033352122608 | 0.18698979117221626 | -0.4320529885970519 | -0.15230547859187604:-0.378424961983054 | 0.6394074240951753 | 0.17093216980529036
-0.378424961983054 | 0.6394074240951753 | 0.17093216980529036 | -0.4320529885970519 | -0.15230547859187604:-0.3807931851392965 | 0.6449541893331698 | 0.15467465210391396
-0.3807931851392965 | 0.6449541893331698 | 0.15467465210391396 | -0.4320529885970519 | -0.15230547859187604:-0.38302808345188577 | 0.6501382587658107 | 0.13822685695692627
-0.38302808345188577 | 0.6501382587658107 | 0.13822685695692627 | -0.4320529885970519 | -0.15230547859187604:-0.385127932049822 | 0.6549544990069691 | 0.12159854882480658
-0.385127932049822 | 0.6549544990069691 | 0.12159854882480658 | -0.4320529885970519 | -0.15230547859187604:-0.38709109140402465 | 0.6593980186201875 | 0.10479963100281253
-0.38709109140402465 | 0.6593980186201875 | 0.10479963100281253 | -0.4320529885970519 | -0.15230547859187604:-0.3889160083668397 | 0.6634641711275862 | 0.08784013881609098
-0.3889160083668397 | 0.6634641711275862 | 0.08784013881609098 | -0.4320529885970519 | -0.15230547859187604:-0.39060121715221996 | 0.667148557851398 | 0.07073023275122381
-0.39060121715221996 | 0.667148557851398 | 0.07073023275122381 | -0.4320529885970519 | -0.15230547859187604:-0.3921453402562669 | 0.670447030586999 | 0.05348019152864936
-0.3921453402562669 | 0.670447030586999 | 0.05348019152864936 | -0.4320529885970519 | -0.15230547859187604:-0.39354708931784543 | 0.6733556941067036 | 0.03610040512047874
-0.39354708931784543 | 0.6733556941067036 | 0.03610040512047874 | -0.4320529885970519 | -0.15230547859187604:-0.3948052659189969 | 0.6758709084934367 | 0.018601367718275696
-0.3948052659189969 | 0.6758709084934367 | 0.018601367718275696 | -0.4320529885970519 | -0.15230547859187604:-0.39591876232497647 | 0.6779892913037244 | 9.936706551485486E-4
-0.39591876232497647 | 0.6779892913037244 | 9.936706551485486E-4 | -0.4320529885970519 | -0.15230547859187604:-0.39688656216367413 | 0.6797077195593815 | -0.01671200471317036
-0.39688656216367413 | 0.6797077195593815 | -0.01671200471317036 | -0.4320529885970519 | -0.15230547859187604:-0.3977077410443357 | 0.6810233315674097 | -0.03450489416389502
-0.3977077410443357 | 0.6810233315674097 | -0.03450489416389502 | -0.4320529885970519 | -0.15230547859187604:-0.3983814671154331 | 0.6819335285678108 | -0.052374157794780274
-0.3983814671154331 | 0.6819335285678108 | -0.052374157794780274 | -0.4320529885970519 | -0.15230547859187604:-0.39890700156160896 | 0.682435976209014 | -0.07030888723932804
-0.39890700156160896 | 0.682435976209014 | -0.07030888723932804 | -0.4320529885970519 | -0.15230547859187604:-0.39928369903969596 | 0.6825286058507274 | -0.08829811290510747
-0.39928369903969596 | 0.6825286058507274 | -0.08829811290510747 | -0.4320529885970519 | -0.15230547859187604:-0.3995110080537412 | 0.6822096156942337 | -0.10633081123062027
-0.3995110080537412 | 0.6822096156942337 | -0.10633081123062027 | -0.4320529885970519 | -0.15230547859187604:-0.3995884712691353 | 0.6814774717400667 | -0.1243959119563911
-0.3995884712691353 | 0.6814774717400667 | -0.1243959119563911 | -0.4320529885970519 | -0.15230547859187604:-0.3995157257658555 | 0.6803309085732678 | -0.14248230540567874
-0.3995157257658555 | 0.6803309085732678 | -0.14248230540567874 | -0.4320529885970519 | -0.15230547859187604:-0.3992925032309511 | 0.6787689299764423 | -0.16057884977047365
-0.3992925032309511 | 0.6787689299764423 | -0.16057884977047365 | -0.4320529885970519 | -0.15230547859187604:-0.3989186300904013 | 0.6767908093709138 | -0.1786743783983269
-0.3989186300904013 | 0.6767908093709138 | -0.1786743783983269 | -0.4320529885970519 | -0.15230547859187604:-0.39839402758049225 | 0.6743960900864749 | -0.19675770707561924
-0.39839402758049225 | 0.6743960900864749 | -0.19675770707561924 | -0.4320529885970519 | -0.15230547859187604:-0.39771871175895157 | 0.6715845854601312 | -0.21481764130285796
-0.39771871175895157 | 0.6715845854601312 | -0.21481764130285796 | -0.4320529885970519 | -0.15230547859187604:-0.3968927934560327 | 0.6683563787645923 | -0.23284298355774524
-0.3968927934560327 | 0.6683563787645923 | -0.23284298355774524 | -0.4320529885970519 | -0.15230547859187604:-0.3959164781658444 | 0.6647118229671349 | -0.25082254054159137
-0.3959164781658444 | 0.6647118229671349 | -0.25082254054159137 | 0.5141231776712512 | 0.09044720838241171:-0.39788019951588005 | 0.6724790932545304 | -0.23239366369998038
-0.39788019951588005 | 0.6724790932545304 | -0.23239366369998038 | 0.5141231776712512 | 0.09044720838241171:-0.39975276799041026 | 0.6797677525735466 | -0.21371377592185326
-0.39975276799041026 | 0.6797677525735466 | -0.21371377592185326 | 0.5141231776712512 | 0.09044720838241171:-0.4015329566177357 | 0.6865702907389775 | -0.1947962718359335
-0.4015329566177357 | 0.6865702907389775 | -0.1947962718359335 | 0.5141231776712512 | 0.09044720838241171:-0.4032196041594709 | 0.6928795720403258 | -0.1756547655610845
-0.4032196041594709 | 0.6928795720403258 | -0.1756547655610845 | 0.5141231776712512 | 0.09044720838241171:-0.4048116161264623 | 0.6986888411216583 | -0.15630307972160296
-0.4048116161264623 | 0.6986888411216583 | -0.15630307972160296 | 0.25761850743539694 | -0.042103396662223735:-0.40537371683668155 | 0.7021564136678791 | -0.14846222227274808
-0.40537371683668155 | 0.7021564136678791 | -0.14846222227274808 | 0.25761850743539694 | -0.042103396662223735:-0.4059430569321556 | 0.7055115343899274 | -0.14055786293206296
-0.4059430569321556 | 0.7055115343899274 | -0.14055786293206296 | 0.25761850743539694 | -0.042103396662223735:-0.4065199034372604 | 0.70875324346882 | -0.1325918023475623
-0.4065199034372604 | 0.70875324346882 | -0.1325918023475623 | 0.25761850743539694 | -0.042103396662223735:-0.40710451749990284 | 0.7118806101110309 | -0.12456585280790478
-0.40710451749990284 | 0.7118806101110309 | -0.12456585280790478 | 0.25761850743539694 | -0.042103396662223735:-0.40769715439094156 | 0.7148927326235821 | -0.11648183778896026
-0.40769715439094156 | 0.7148927326235821 | -0.11648183778896026 | 0.25761850743539694 | -0.042103396662223735:-0.4082980635044393 | 0.7177887384832289 | -0.10834159150107325
-0.4082980635044393 | 0.7177887384832289 | -0.10834159150107325 | 0.25761850743539694 | -0.042103396662223735:-0.4089074883588033 | 0.7205677843996128 | -0.1001469584370085
-0.4089074883588033 | 0.7205677843996128 | -0.1001469584370085 | 0.25761850743539694 | -0.042103396662223735:-0.40952566659875345 | 0.7232290563726451 | -0.09189979292089845
-0.40952566659875345 | 0.7232290563726451 | -0.09189979292089845 | 0.25761850743539694 | -0.042103396662223735:-0.4101528299981574 | 0.7257717697439361 | -0.08360195865790843
-0.4101528299981574 | 0.7257717697439361 | -0.08360195865790843 | 0.25761850743539694 | -0.042103396662223735:-0.41078920446371114 | 0.7281951692424116 | -0.07525532828498882
-0.41078920446371114 | 0.7281951692424116 | -0.07525532828498882 | 0.5940922543525997 | -0.16175093841676103:-0.41112712077300984 | 0.7315053878018745 | -0.05702389490317472
-0.41112712077300984 | 0.7315053878018745 | -0.05702389490317472 | 0.5940922543525997 | -0.16175093841676103:-0.41160478961129954 | 0.7342612951917431 | -0.0386696098623176
-0.41160478961129954 | 0.7342612951917431 | -0.0386696098623176 | 0.5940922543525997 | -0.16175093841676103:-0.4122234354821259 | 0.7364585499813359 | -0.020210767257111684
-0.4122234354821259 | 0.7364585499813359 | -0.020210767257111684 | 0.5940922543525997 | -0.16175093841676103:-0.4129841248469255 | 0.7380933846823012 | -0.0016658151348494243
-0.4129841248469255 | 0.7380933846823012 | -0.0016658151348494243 | 0.5940922543525997 | -0.16175093841676103:-0.4138877649310224 | 0.7391626104677229 | 0.0169466640664524
-0.4138877649310224 | 0.7391626104677229 | 0.0169466640664524 | 0.5940922543525997 | -0.16175093841676103:-0.4149351026993031 | 0.7396636212696279 | 0.035607973220763256
-0.4149351026993031 | 0.7396636212696279 | 0.035607973220763256 | 0.5940922543525997 | -0.16175093841676103:-0.41612672400240314 | 0.7395943972515155 | 0.05429932033645457
-0.41612672400240314 | 0.7395943972515155 | 0.05429932033645457 | 0.5940922543525997 | -0.16175093841676103:-0.4174630528941279 | 0.7389535076530436 | 0.07300183847728192
-0.4174630528941279 | 0.7389535076530436 | 0.07300183847728192 | 0.5940922543525997 | -0.16175093841676103:-0.41894435112060435 | 0.7377401130045627 | 0.09169660576065297
-0.41894435112060435 | 0.7377401130045627 | 0.09169660576065297 | 0.5940922543525997 | -0.16175093841676103:-0.4205707177814979 | 0.7359539667101274 | 0.11036466541186485
-0.4205707177814979 | 0.7359539667101274 | 0.11036466541186485 | -0.21982482960167382 | -0.8957405060456658:-0.4254492227479787 | 0.7383746098726078 | 0.0834783026221686
-0.4254492227479787 | 0.7383746098726078 | 0.0834783026221686 | -0.21982482960167382 | -0.8957405060456658:-0.429115692920238 | 0.7404885429087074 | 0.05632837140553448
-0.429115692920238 | 0.7404885429087074 | 0.05632837140553448 | -0.21982482960167382 | -0.8957405060456658:-0.43155763526630864 | 0.7422924856036275 | 0.028973526719916265
-0.43155763526630864 | 0.7422924856036275 | 0.028973526719916265 | -0.21982482960167382 | -0.8957405060456658:-0.4327652525538319 | 0.743783814732609 | 0.0014730439804111484
-0.4327652525538319 | 0.743783814732609 | 0.0014730439804111484 | -0.21982482960167382 | -0.8957405060456658:-0.43273147135889545 | 0.7449605716704752 | -0.026113313078390377
-0.43273147135889545 | 0.7449605716704752 | -0.026113313078390377 | -0.624504691631357 | -0.23124970516929233:-0.432824134821864 | 0.7449737161394978 | -0.054445495855532045
-0.432824134821864 | 0.7449737161394978 | -0.054445495855532045 | -0.624504691631357 | -0.23124970516929233:-0.43258097311510824 | 0.7440871368022641 | -0.08280728800845338
-0.43258097311510824 | 0.7440871368022641 | -0.08280728800845338 | -0.624504691631357 | -0.23124970516929233:-0.4320015796908159 | 0.742299152238246 | -0.11116567496377883
