0.0 | 0.0 | 0.0 | 0.3494795247108655 | -0.3804582458436252:-1.9018861028114307E-4 | -1.747308699890926E-4 | 0.0099966643144397
-1.9018861028114307E-4 | -1.747308699890926E-4 | 0.0099966643144397 | 0.3494795247108655 | -0.3804582458436252:-7.566403743708594E-4 | -6.952597917715408E-4 | 0.019873452371589037
-7.566403743708594E-4 | -6.952597917715408E-4 | 0.019873452371589037 | 0.3494795247108655 | -0.3804582458436252:-0.0016928716601553755 | -0.0015558013811514115 | 0.02961187377733214
-0.0016928716601553755 | -0.0015558013811514115 | 0.02961187377733214 | 0.3494795247108655 | -0.3804582458436252:-0.002991991992784777 | -0.002750192745578417 | 0.039193862423820655
-0.002991991992784777 | -0.002750192745578417 | 0.039193862423820655 | -0.18349877581560214 | -0.9086870359276698:-0.005932974880859991 | -0.0029732355066030003 | 0.04855857173033254
-0.005932974880859991 | -0.0029732355066030003 | 0.04855857173033254 | -0.18349877581560214 | -0.9086870359276698:-0.009711686178934534 | -0.0030180496704490523 | 0.057629397375626584
-0.009711686178934534 | -0.0030180496704490523 | 0.057629397375626584 | -0.18349877581560214 | -0.9086870359276698:-0.014302376318980757 | -0.002889649209269596 | 0.06634914403423706
-0.014302376318980757 | -0.002889649209269596 | 0.06634914403423706 | -0.18349877581560214 | -0.9086870359276698:-0.019676052432190602 | -0.0025937113835485803 | 0.07466262693597098
-0.019676052432190602 | -0.0025937113835485803 | 0.07466262693597098 | -0.18349877581560214 | -0.9086870359276698:-0.025800613762127222 | -0.0021365502106294176 | 0.08251684655572344
-0.025800613762127222 | -0.0021365502106294176 | 0.08251684655572344 | -0.4807144433702173 | -0.42341116891765007:-0.030451495455581554 | -1.6890935629843007E-4 | 0.09063920494890687
-0.030451495455581554 | -1.6890935629843007E-4 | 0.09063920494890687 | -0.4807144433702173 | -0.42341116891765007:-0.03542392361602276 | 0.002199573555579315 | 0.09846008599139489
-0.03542392361602276 | 0.002199573555579315 | 0.09846008599139489 | -0.4807144433702173 | -0.42341116891765007:-0.04070641188363733 | 0.004955809702806402 | 0.10595671454282474
-0.04070641188363733 | 0.004955809702806402 | 0.10595671454282474 | -0.4807144433702173 | -0.42341116891765007:-0.04628691739829488 | 0.008086071139626672 | 0.11310719048101081
-0.04628691739829488 | 0.008086071139626672 | 0.11310719048101081 | -0.4807144433702173 | -0.42341116891765007:-0.05215286707593514 | 0.011576020266897302 | 0.11989051620631364
-0.05215286707593514 | 0.011576020266897302 | 0.11989051620631364 | -0.4807144433702173 | -0.42341116891765007:-0.0582911843843692 | 0.015410739889259006 | 0.1262866225094188
-0.0582911843843692 | 0.015410739889259006 | 0.1262866225094188 | -0.4807144433702173 | -0.42341116891765007:-0.06468831657661056 | 0.019574763811957108 | 0.13227639278530656
-0.06468831657661056 | 0.019574763811957108 | 0.13227639278530656 | -0.4807144433702173 | -0.42341116891765007:-0.07133026233973278 | 0.024052107929802613 | 0.1378416855784803
-0.07133026233973278 | 0.024052107929802613 | 0.1378416855784803 | -0.4807144433702173 | -0.42341116891765007:-0.0782025998171848 | 0.02882630176065637 | 0.1429653554468191
-0.0782025998171848 | 0.02882630176065637 | 0.1429653554468191 | -0.4807144433702173 | -0.42341116891765007:-0.08529051496247908 | 0.033880420375778986 | 0.14763127213368232
-0.08529051496247908 | 0.033880420375778986 | 0.14763127213368232 | 0.3445294685938294 | -0.9519769519350956:-0.09662919823530447 | 0.032821486242685105 | 0.15080925523469135
-0.09662919823530447 | 0.032821486242685105 | 0.15080925523469135 | 0.3445294685938294 | -0.9519769519350956:-0.10838007122985949 | 0.03157617186569106 | 0.1531671951239746
-0.10838007122985949 | 0.03157617186569106 | 0.1531671951239746 | 0.3445294685938294 | -0.9519769519350956:-0.12048817667688927 | 0.03016437195826327 | 0.1546710475559947
-0.12048817667688927 | 0.03016437195826327 | 0.1546710475559947 | 0.3445294685938294 | -0.9519769519350956:-0.13289661319166624 | 0.028606715794838533 | 0.1552907271202617
-0.13289661319166624 | 0.028606715794838533 | 0.1552907271202617 | 0.3445294685938294 | -0.9519769519350956:-0.14554677614009814 | 0.026924481038245407 | 0.1550002180769292
-0.14554677614009814 | 0.026924481038245407 | 0.1550002180769292 | -0.9642258596791964 | -0.7538299349595012:-0.15677238368240398 | 0.035622771354660965 | 0.15335183798961705
-0.15677238368240398 | 0.035622771354660965 | 0.15335183798961705 | -0.9642258596791964 | -0.7538299349595012:-0.16805264775148387 | 0.04447619904785416 | 0.15053348495653873
-0.16805264775148387 | 0.04447619904785416 | 0.15053348495653873 | -0.9642258596791964 | -0.7538299349595012:-0.17932892854096072 | 0.05340967199111679 | 0.14652483663206972
-0.17932892854096072 | 0.05340967199111679 | 0.14652483663206972 | -0.9642258596791964 | -0.7538299349595012:-0.19054170183171082 | 0.06234679318094605 | 0.14131300475547803
-0.19054170183171082 | 0.06234679318094605 | 0.14131300475547803 | -0.9642258596791964 | -0.7538299349595012:-0.2016309042295621 | 0.0712103000311477 | 0.13489262957520864
-0.2016309042295621 | 0.0712103000311477 | 0.13489262957520864 | -0.9642258596791964 | -0.7538299349595012:-0.21253628055631557 | 0.079922507401059 | 0.12726593366732297
-0.21253628055631557 | 0.079922507401059 | 0.12726593366732297 | -0.9642258596791964 | -0.7538299349595012:-0.22319773162839862 | 0.08840575210120599 | 0.11844273506529479
-0.22319773162839862 | 0.08840575210120599 | 0.11844273506529479 | -0.9642258596791964 | -0.7538299349595012:-0.23355566066646727 | 0.09658283662650519 | 0.1084404198151363
-0.23355566066646727 | 0.09658283662650519 | 0.1084404198151363 | -0.9642258596791964 | -0.7538299349595012:-0.24355131659641804 | 0.10437746988433073 | 0.09728387426470286
-0.24355131659641804 | 0.10437746988433073 | 0.09728387426470286 | -0.9642258596791964 | -0.7538299349595012:-0.2531271325273421 | 0.11171470271222271 | 0.08500537758807036
-0.2531271325273421 | 0.11171470271222271 | 0.08500537758807036 | -0.9642258596791964 | -0.7538299349595012:-0.262227057724822 | 0.11852135601751454 | 0.07164445523431073
-0.262227057724822 | 0.11852135601751454 | 0.07164445523431073 | -0.9642258596791964 | -0.7538299349595012:-0.27079688143842295 | 0.12472643941846132 | 0.057247694173944375
-0.27079688143842295 | 0.12472643941846132 | 0.057247694173944375 | -0.9642258596791964 | -0.7538299349595012:-0.27878454699001987 | 0.1302615583232709 | 0.041868520995063996
-0.27878454699001987 | 0.1302615583232709 | 0.041868520995063996 | -0.9642258596791964 | -0.7538299349595012:-0.2861404545844426 | 0.13506130744945055 | 0.025566944073800002
-0.2861404545844426 | 0.13506130744945055 | 0.025566944073800002 | -0.9642258596791964 | -0.7538299349595012:-0.2928177513655834 | 0.13906364886072187 | 0.008409261209741725
-0.2928177513655834 | 0.13906364886072187 | 0.008409261209741725 | 0.3227409438768154 | -0.8880550805498324:-0.2991076622216706 | 0.141804508250858 | -0.0024050913640882854
-0.2991076622216706 | 0.141804508250858 | -0.0024050913640882854 | 0.3227409438768154 | -0.8880550805498324:-0.3048462505461291 | 0.14469097950680698 | -0.013663960599744396
-0.3048462505461291 | 0.14469097950680698 | -0.013663960599744396 | 0.3227409438768154 | -0.8880550805498324:-0.3100054163776971 | 0.1477340451324588 | -0.025335076492833064
-0.3100054163776971 | 0.1477340451324588 | -0.025335076492833064 | 0.3227409438768154 | -0.8880550805498324:-0.31455884693751734 | 0.15094404755391655 | -0.0373843782794947
-0.31455884693751734 | 0.15094404755391655 | -0.0373843782794947 | 0.3227409438768154 | -0.8880550805498324:-0.3184821079795803 | 0.1543306550724246 | -0.049776126468933146
-0.3184821079795803 | 0.1543306550724246 | -0.049776126468933146 | 0.04819546826639276 | 0.05403605918909804:-0.32434335590906826 | 0.15722728766782046 | -0.04941627303678686
-0.32434335590906826 | 0.15722728766782046 | -0.04941627303678686 | 0.04819546826639276 | 0.05403605918909804:-0.3301485981028831 | 0.16009734771921047 | -0.04900292276524132
-0.3301485981028831 | 0.16009734771921047 | -0.04900292276524132 | 0.04819546826639276 | 0.05403605918909804:-0.3358981586275007 | 0.16294089023235236 | -0.04853680678382588
-0.3358981586275007 | 0.16294089023235236 | -0.04853680678382588 | 0.04819546826639276 | 0.05403605918909804:-0.3415923602167288 | 0.1657579713653794 | -0.04801864836053804
-0.3415923602167288 | 0.1657579713653794 | -0.04801864836053804 | 0.04819546826639276 | 0.05403605918909804:-0.3472315242652311 | 0.1685486483996077 | -0.047449162981545
-0.3472315242652311 | 0.1685486483996077 | -0.047449162981545 | 0.04819546826639276 | 0.05403605918909804:-0.35281597082232263 | 0.17131297971082793 | -0.046829058430172044
-0.35281597082232263 | 0.17131297971082793 | -0.046829058430172044 | 0.04819546826639276 | 0.05403605918909804:-0.3583460185860421 | 0.17405102474107315 | -0.04615903486517725
-0.3583460185860421 | 0.17405102474107315 | -0.04615903486517725 | 0.04819546826639276 | 0.05403605918909804:-0.36382198489749484 | 0.17676284397085462 | -0.045439784898322344
-0.36382198489749484 | 0.17676284397085462 | -0.045439784898322344 | 0.04819546826639276 | 0.05403605918909804:-0.36924418573545914 | 0.17944849889186365 | -0.04467199367124097
-0.36924418573545914 | 0.17944849889186365 | -0.04467199367124097 | 0.04819546826639276 | 0.05403605918909804:-0.37461293571125154 | 0.18210805198012636 | -0.04385633893161378
-0.37461293571125154 | 0.18210805198012636 | -0.04385633893161378 | 0.04819546826639276 | 0.05403605918909804:-0.3799285480638481 | 0.18474156666961417 | -0.04299349110864936
-0.3799285480638481 | 0.18474156666961417 | -0.04299349110864936 | 0.04819546826639276 | 0.05403605918909804:-0.38519133465526423 | 0.18734910732629473 | -0.04208411338788398
-0.38519133465526423 | 0.18734910732629473 | -0.04208411338788398 | 0.04819546826639276 | 0.05403605918909804:-0.3904016059661686 | 0.18993073922262216 | -0.0411288617852974
-0.3904016059661686 | 0.18993073922262216 | -0.0411288617852974 | 0.04819546826639276 | 0.05403605918909804:-0.39555967109174794 | 0.1924865285124624 | -0.04012838522075768
-0.39555967109174794 | 0.1924865285124624 | -0.04012838522075768 | 0.04819546826639276 | 0.05403605918909804:-0.4006658377378116 | 0.19501654220644093 | -0.039083325590793194
-0.4006658377378116 | 0.19501654220644093 | -0.039083325590793194 | 0.04819546826639276 | 0.05403605918909804:-0.4057204122171303 | 0.19752084814771287 | -0.0379943178406994
-0.4057204122171303 | 0.19752084814771287 | -0.0379943178406994 | 0.04819546826639276 | 0.05403605918909804:-0.41072369944599174 | 0.19999951498814994 | -0.036861990035987
-0.41072369944599174 | 0.19999951498814994 | -0.036861990035987 | 0.04819546826639276 | 0.05403605918909804:-0.4156760029410034 | 0.20245261216493304 | -0.035686963433176455
-0.4156760029410034 | 0.20245261216493304 | -0.035686963433176455 | 0.04819546826639276 | 0.05403605918909804:-0.4205776248161026 | 0.2048802098775493 | -0.03446985254993917
-0.4205776248161026 | 0.2048802098775493 | -0.03446985254993917 | 0.04819546826639276 | 0.05403605918909804:-0.42542886577978933 | 0.20728237906518832 | -0.03321126523459661
-0.42542886577978933 | 0.20728237906518832 | -0.03321126523459661 | 0.5421290600305892 | -0.6132047820000945:-0.4290851967475984 | 0.21041199330534077 | -0.041059727431275395
-0.4290851967475984 | 0.21041199330534077 | -0.041059727431275395 | 0.5421290600305892 | -0.6132047820000945:-0.4324409412872079 | 0.2137413532463457 | -0.04900490905157717
-0.4324409412872079 | 0.2137413532463457 | -0.04900490905157717 | 0.5421290600305892 | -0.6132047820000945:-0.43549176572582127 | 0.21727516829908833 | -0.05702974753762202
-0.43549176572582127 | 0.21727516829908833 | -0.05702974753762202 | 0.5421290600305892 | -0.6132047820000945:-0.43823395600589166 | 0.2210175980849005 | -0.06511685083278351
-0.43823395600589166 | 0.2210175980849005 | -0.06511685083278351 | 0.5421290600305892 | -0.6132047820000945:-0.4406644285424175 | 0.22497224235779711 | -0.07324853750038018
-0.4406644285424175 | 0.22497224235779711 | -0.07324853750038018 | -0.658138324923951 | 0.7712787320191998:-0.4478762482474039 | 0.22466345295998558 | -0.06419640951362648
-0.4478762482474039 | 0.22466345295998558 | -0.06419640951362648 | -0.658138324923951 | 0.7712787320191998:-0.4547129498076643 | 0.22460854395895602 | -0.054763754743208715
-0.4547129498076643 | 0.22460854395895602 | -0.054763754743208715 | -0.658138324923951 | 0.7712787320191998:-0.46115667072152533 | 0.22482374837492092 | -0.04497439168877726
-0.46115667072152533 | 0.22482374837492092 | -0.04497439168877726 | -0.658138324923951 | 0.7712787320191998:-0.46719056566557526 | 0.22532444926030593 | -0.03485359514171771
-0.46719056566557526 | 0.22532444926030593 | -0.03485359514171771 | -0.658138324923951 | 0.7712787320191998:-0.4727988700919532 | 0.2261251242365514 | -0.024428019800011302
-0.4727988700919532 | 0.2261251242365514 | -0.024428019800011302 | -0.658138324923951 | 0.7712787320191998:-0.47796696037394426 | 0.22723929289800981 | -0.013725619172435533
-0.47796696037394426 | 0.22723929289800981 | -0.013725619172435533 | -0.658138324923951 | 0.7712787320191998:-0.482681410308917 | 0.22867946725033672 | -0.002775560036961
-0.482681410308917 | 0.22867946725033672 | -0.002775560036961 | -0.658138324923951 | 0.7712787320191998:-0.48693004379943616 | 0.23045710534078356 | 0.008391867268578324
-0.48693004379943616 | 0.23045710534078356 | 0.008391867268578324 | -0.658138324923951 | 0.7712787320191998:-0.4907019835458968 | 0.23258256822740453 | 0.01974534243313686
-0.4907019835458968 | 0.23258256822740453 | 0.01974534243313686 | -0.658138324923951 | 0.7712787320191998:-0.49398769559688205 | 0.23506508042334318 | 0.03125261233462728
-0.49398769559688205 | 0.23506508042334318 | 0.03125261233462728 | -0.658138324923951 | 0.7712787320191998:-0.4967790296168886 | 0.23791269394117798 | 0.04288059146540091
-0.4967790296168886 | 0.23791269394117798 | 0.04288059146540091 | -0.658138324923951 | 0.7712787320191998:-0.4990692547445512 | 0.2411322560507898 | 0.05459546529938075
-0.4990692547445512 | 0.2411322560507898 | 0.05459546529938075 | -0.658138324923951 | 0.7712787320191998:-0.5008530909287643 | 0.24472938085234297 | 0.06636279627078645
-0.5008530909287643 | 0.24472938085234297 | 0.06636279627078645 | -0.658138324923951 | 0.7712787320191998:-0.5021267356442642 | 0.24870842475389132 | 0.0781476320270107
-0.5021267356442642 | 0.24870842475389132 | 0.0781476320270107 | -0.658138324923951 | 0.7712787320191998:-0.5028878859028438 | 0.2530724659308099 | 0.08991461561186576
-0.5028878859028438 | 0.2530724659308099 | 0.08991461561186576 | -0.9582235761646425 | 0.08459044173598773:-0.5063442791472497 | 0.25902688746614544 | 0.08041920724003049
-0.5063442791472497 | 0.25902688746614544 | 0.08041920724003049 | -0.9582235761646425 | 0.08459044173598773:-0.5098019055740686 | 0.26452666256531465 | 0.07058147288300276
-0.5098019055740686 | 0.26452666256531465 | 0.07058147288300276 | -0.9582235761646425 | 0.08459044173598773:-0.5132628677159623 | 0.2695519168976759 | 0.06042401286409316
-0.5132628677159623 | 0.2695519168976759 | 0.06042401286409316 | -0.9582235761646425 | 0.08459044173598773:-0.5167291585111506 | 0.27408394604475284 | 0.04997055019415475
-0.5167291585111506 | 0.27408394604475284 | 0.04997055019415475 | -0.9582235761646425 | 0.08459044173598773:-0.5202026561254591 | 0.27810527612442826 | 0.03924586757302384
-0.5202026561254591 | 0.27810527612442826 | 0.03924586757302384 | 0.9173090194448279 | -0.18327872410726664:-0.524257437046888 | 0.277922135358299 | 0.04751263758571911
-0.524257437046888 | 0.277922135358299 | 0.04751263758571911 | 0.9173090194448279 | -0.18327872410726664:-0.5283552425515801 | 0.27732427509189783 | 0.05577516760020851
-0.5283552425515801 | 0.27732427509189783 | 0.05577516760020851 | 0.9173090194448279 | -0.18327872410726664:-0.532496624570399 | 0.2763104364616602 | 0.06401216124487963
-0.532496624570399 | 0.2763104364616602 | 0.06401216124487963 | 0.9173090194448279 | -0.18327872410726664:-0.5366819138910053 | 0.2748804451350324 | 0.07220221092799584
-0.5366819138910053 | 0.2748804451350324 | 0.07220221092799584 | 0.9173090194448279 | -0.18327872410726664:-0.5409112192564578 | 0.2730352173464805 | 0.080323855583178
-0.5409112192564578 | 0.2730352173464805 | 0.080323855583178 | 0.5369616598087201 | -0.9013149909922018:-0.5477718237283078 | 0.2725029241147965 | 0.06356901162408368
-0.5477718237283078 | 0.2725029241147965 | 0.06356901162408368 | 0.5369616598087201 | -0.9013149909922018:-0.5538521501227223 | 0.2723920874306689 | 0.04640060900767784
-0.5538521501227223 | 0.2723920874306689 | 0.04640060900767784 | 0.5369616598087201 | -0.9013149909922018:-0.5591299921066302 | 0.2727169625370287 | 0.028867008963528118
-0.5591299921066302 | 0.2727169625370287 | 0.028867008963528118 | 0.5369616598087201 | -0.9013149909922018:-0.5635854784077665 | 0.2734904314961515 | 0.011018179279111084
-0.5635854784077665 | 0.2734904314961515 | 0.011018179279111084 | 0.5369616598087201 | -0.9013149909922018:-0.5672011527041718 | 0.2747239535625088 | -0.007094460317191409
-0.5672011527041718 | 0.2747239535625088 | -0.007094460317191409 | 0.5178953082992181 | -0.24436737275943377:-0.5704861444158169 | 0.2764276658544471 | -0.00694959648789828
-0.5704861444158169 | 0.2764276658544471 | -0.00694959648789828 | 0.5178953082992181 | -0.24436737275943377:-0.5737396974801285 | 0.27811143877422495 | -0.00679932096897895
-0.5737396974801285 | 0.27811143877422495 | -0.00679932096897895 | 0.5178953082992181 | -0.24436737275943377:-0.5769622247536503 | 0.2797752618393865 | -0.006643778735948125
-0.5769622247536503 | 0.2797752618393865 | -0.006643778735948125 | 0.5178953082992181 | -0.24436737275943377:-0.5801541336647205 | 0.2814191273272879 | -0.006483121000682601
-0.5801541336647205 | 0.2814191273272879 | -0.006483121000682601 | 0.5178953082992181 | -0.24436737275943377:-0.5833158261629023 | 0.2830430304710667 | -0.006317505042630511
-0.5833158261629023 | 0.2830430304710667 | -0.006317505042630511 | 0.5178953082992181 | -0.24436737275943377:-0.5864476986706748 | 0.2846469696500833 | -0.006147094034080425
-0.5864476986706748 | 0.2846469696500833 | -0.006147094034080425 | 0.5178953082992181 | -0.24436737275943377:-0.5895501420374103 | 0.28623094657469217 | -0.0059720568596941526
-0.5895501420374103 | 0.28623094657469217 | -0.0059720568596941526 | 0.5178953082992181 | -0.24436737275943377:-0.592623541495783 | 0.28779496646516733 | -0.005792567930519965
-0.592623541495783 | 0.28779496646516733 | -0.005792567930519965 | 0.5178953082992181 | -0.24436737275943377:-0.5956682766205574 | 0.28933903822469276 | -0.005608806992689619
-0.5956682766205574 | 0.28933903822469276 | -0.005608806992689619 | 0.5178953082992181 | -0.24436737275943377:-0.5986847212899349 | 0.2908631746062369 | -0.005420958931029229
-0.5986847212899349 | 0.2908631746062369 | -0.005420958931029229 | 0.5178953082992181 | -0.24436737275943377:-0.6016732436494507 | 0.29236739237324727 | -0.005229213567795377
-0.6016732436494507 | 0.29236739237324727 | -0.005229213567795377 | 0.5178953082992181 | -0.24436737275943377:-0.6046342060785292 | 0.2938517124539892 | -0.0050337654567673695
-0.6046342060785292 | 0.2938517124539892 | -0.0050337654567673695 | 0.5178953082992181 | -0.24436737275943377:-0.6075679651596815 | 0.29531616008945605 | -0.0048348136729203794
-0.6075679651596815 | 0.29531616008945605 | -0.0048348136729203794 | 0.5178953082992181 | -0.24436737275943377:-0.6104748716504673 | 0.29676076497472437 | -0.004632561597912144
-0.6104748716504673 | 0.29676076497472437 | -0.004632561597912144 | 0.5178953082992181 | -0.24436737275943377:-0.6133552704582428 | 0.29818556139368724 | -0.004427216701615055
-0.6133552704582428 | 0.29818556139368724 | -0.004427216701615055 | -0.24491656080389212 | 0.983545935592683:-0.6158690349813014 | 0.2994989296640007 | 0.02218540146786463
-0.6158690349813014 | 0.2994989296640007 | 0.02218540146786463 | -0.24491656080389212 | 0.983545935592683:-0.6170362554035123 | 0.3011253304788042 | 0.04899246527180123
-0.6170362554035123 | 0.3011253304788042 | 0.04899246527180123 | -0.24491656080389212 | 0.983545935592683:-0.6168436946306102 | 0.3030687181137601 | 0.07592073224920481
-0.6168436946306102 | 0.3030687181137601 | 0.07592073224920481 | -0.24491656080389212 | 0.983545935592683:-0.6152819411824453 | 0.3053320975470939 | 0.10289610161088003
-0.6152819411824453 | 0.3053320975470939 | 0.10289610161088003 | -0.24491656080389212 | 0.983545935592683:-0.6123454561627 | 0.30791751147435065 | 0.1298438285733865
-0.6123454561627 | 0.30791751147435065 | 0.1298438285733865 | -0.40004365061843505 | 0.38968285928107926:-0.6124635262931406 | 0.3117987022759934 | 0.13615371569384838
-0.6124635262931406 | 0.3117987022759934 | 0.13615371569384838 | -0.40004365061843505 | 0.38968285928107926:-0.6124224302488273 | 0.3158032316968118 | 0.14240407357131302
-0.6124224302488273 | 0.3158032316968118 | 0.14240407357131302 | -0.40004365061843505 | 0.38968285928107926:-0.6122234378280282 | 0.3199302669391493 | 0.1485884818117107
-0.6122234378280282 | 0.3199302669391493 | 0.1485884818117107 | -0.40004365061843505 | 0.38968285928107926:-0.6118679600446981 | 0.3241788257088345 | 0.1547005660601375
-0.6118679600446981 | 0.3241788257088345 | 0.1547005660601375 | -0.40004365061843505 | 0.38968285928107926:-0.6113575479267368 | 0.3285477774250971 | 0.16073400444457508
-0.6113575479267368 | 0.3285477774250971 | 0.16073400444457508 | -0.66258164230604 | 0.26263706016206556:-0.6117979593242211 | 0.33503851751301994 | 0.15841533500641614
-0.6117979593242211 | 0.33503851751301994 | 0.15841533500641614 | -0.66258164230604 | 0.26263706016206556:-0.6122390840870722 | 0.341455578100188 | 0.1558699865597113
-0.6122390840870722 | 0.341455578100188 | 0.1558699865597113 | -0.66258164230604 | 0.26263706016206556:-0.6126844421296767 | 0.3477907991256153 | 0.15310011250030708
-0.6126844421296767 | 0.3477907991256153 | 0.15310011250030708 | -0.66258164230604 | 0.26263706016206556:-0.6131375208534493 | 0.354036089197038 | 0.15010821621728532
-0.6131375208534493 | 0.354036089197038 | 0.15010821621728532 | -0.66258164230604 | 0.26263706016206556:-0.6136017701338474 | 0.36018343836493827 | 0.14689714802760445
-0.6136017701338474 | 0.36018343836493827 | 0.14689714802760445 | -0.7087191421750945 | 0.24628873854970856:-0.6142080747939929 | 0.3665362929400118 | 0.1421229637868473
-0.6142080747939929 | 0.3665362929400118 | 0.1421229637868473 | -0.7087191421750945 | 0.24628873854970856:-0.6148467504351132 | 0.3727201110469167 | 0.13710871933152813
-0.6148467504351132 | 0.3727201110469167 | 0.13710871933152813 | -0.7087191421750945 | 0.24628873854970856:-0.6155212848570812 | 0.37872554436882666 | 0.13186074829220829
-0.6155212848570812 | 0.37872554436882666 | 0.13186074829220829 | -0.7087191421750945 | 0.24628873854970856:-0.6162350797261809 | 0.3845434771419036 | 0.12638579707284858
-0.6162350797261809 | 0.3845434771419036 | 0.12638579707284858 | -0.7087191421750945 | 0.24628873854970856:-0.6169914451178826 | 0.3901650421208771 | 0.12069101467292587
-0.6169914451178826 | 0.3901650421208771 | 0.12069101467292587 | -0.7087191421750945 | 0.24628873854970856:-0.6177935942049402 | 0.3955816361376172 | 0.11478394183212703
-0.6177935942049402 | 0.3955816361376172 | 0.11478394183212703 | -0.7087191421750945 | 0.24628873854970856:-0.6186446380994965 | 0.40078493522744196 | 0.10867249951627667
-0.6186446380994965 | 0.40078493522744196 | 0.10867249951627667 | -0.7087191421750945 | 0.24628873854970856:-0.6195475808574855 | 0.405766909298805 | 0.10236497676419987
-0.6195475808574855 | 0.405766909298805 | 0.10236497676419987 | -0.7087191421750945 | 0.24628873854970856:-0.6205053146534851 | 0.41051983632274514 | 0.0958700179161962
-0.6205053146534851 | 0.41051983632274514 | 0.0958700179161962 | -0.7087191421750945 | 0.24628873854970856:-0.6215206151337043 | 0.4150363160192754 | 0.08919660924575634
-0.6215206151337043 | 0.4150363160192754 | 0.08919660924575634 | -0.9992269643878033 | -0.43328437844715784:-0.6249024001759906 | 0.42034978334504913 | 0.055058754959331324
-0.6249024001759906 | 0.42034978334504913 | 0.055058754959331324 | -0.9992269643878033 | -0.43328437844715784:-0.6275204984312879 | 0.42394520390923773 | 0.020518925928244336
-0.6275204984312879 | 0.42394520390923773 | 0.020518925928244336 | -0.9992269643878033 | -0.43328437844715784:-0.629366005513667 | 0.42579908301352987 | -0.014317929224778148
-0.629366005513667 | 0.42579908301352987 | -0.014317929224778148 | -0.9992269643878033 | -0.43328437844715784:-0.6304323875599138 | 0.4258933593128269 | -0.04934535158445108
-0.6304323875599138 | 0.4258933593128269 | -0.04934535158445108 | -0.9992269643878033 | -0.43328437844715784:-0.6307155129793429 | 0.42421548645766904 | -0.08445570985490214
-0.6307155129793429 | 0.42421548645766904 | -0.08445570985490214 | -0.9992269643878033 | -0.43328437844715784:-0.6302136764473474 | 0.4207584969684497 | -0.11954054314592355
-0.6302136764473474 | 0.4207584969684497 | -0.11954054314592355 | -0.9992269643878033 | -0.43328437844715784:-0.6289276150495695 | 0.4155210480989133 | -0.15449090751752692
-0.6289276150495695 | 0.4155210480989133 | -0.15449090751752692 | -0.9992269643878033 | -0.43328437844715784:-0.6268605165093177 | 0.4085074495052048 | -0.18919772515371314
-0.6268605165093177 | 0.4085074495052048 | -0.18919772515371314 | -0.9992269643878033 | -0.43328437844715784:-0.6240180194567984 | 0.3997276725964021 | -0.22355213502698135
-0.6240180194567984 | 0.3997276725964021 | -0.22355213502698135 | -0.9992269643878033 | -0.43328437844715784:-0.6204082057246083 | 0.38919734150221075 | -0.2574458439093892
-0.6204082057246083 | 0.38919734150221075 | -0.2574458439093892 | -0.9992269643878033 | -0.43328437844715784:-0.6160415846801683 | 0.3769377056536385 | -0.29077147658407476
-0.6160415846801683 | 0.3769377056536385 | -0.29077147658407476 | -0.9992269643878033 | -0.43328437844715784:-0.6109310696316541 | 0.3629755940326156 | -0.32342292411287765
-0.6109310696316541 | 0.3629755940326156 | -0.32342292411287765 | -0.9992269643878033 | -0.43328437844715784:-0.6050919463700097 | 0.34734335120620585 | -0.35529568902126485
-0.6050919463700097 | 0.34734335120620585 | -0.35529568902126485 | -0.9992269643878033 | -0.43328437844715784:-0.598541833935279 | 0.33007875532080533 | -0.38628722627095335
-0.598541833935279 | 0.33007875532080533 | -0.38628722627095335 | -0.9992269643878033 | -0.43328437844715784:-0.5913006377207495 | 0.3112249182903284 | -0.416297278903512
-0.5913006377207495 | 0.3112249182903284 | -0.416297278903512 | -0.9992269643878033 | -0.43328437844715784:-0.5833904950537061 | 0.29083016847075527 | -0.44522820725475043
-0.5833904950537061 | 0.29083016847075527 | -0.44522820725475043 | -0.9992269643878033 | -0.43328437844715784:-0.5748357134158937 | 0.2689479161704682 | -0.47298531065976146
-0.5748357134158937 | 0.2689479161704682 | -0.47298531065976146 | -0.9992269643878033 | -0.43328437844715784:-0.565662701490794 | 0.24563650240172308 | -0.4994771405920764
-0.565662701490794 | 0.24563650240172308 | -0.4994771405920764 | -0.9992269643878033 | -0.43328437844715784:-0.5558998932487498 | 0.22095903133351413 | -0.5246158042073716
-0.5558998932487498 | 0.22095903133351413 | -0.5246158042073716 | -0.9992269643878033 | -0.43328437844715784:-0.545577665302801 | 0.19498318695909234 | -0.5483172572925015
-0.545577665302801 | 0.19498318695909234 | -0.5483172572925015 | -0.9992269643878033 | -0.43328437844715784:-0.5347282477910227 | 0.16778103454302595 | -0.5705015856541616
-0.5347282477910227 | 0.16778103454302595 | -0.5705015856541616 | -0.9992269643878033 | -0.43328437844715784:-0.523385629061579 | 0.13942880746230202 | -0.5910932740181725
-0.523385629061579 | 0.13942880746230202 | -0.5910932740181725 | -0.9992269643878033 | -0.43328437844715784:-0.511585454457375 | 0.11000668010372294 | -0.6100214615500085
-0.511585454457375 | 0.11000668010372294 | -0.6100214615500085 | -0.9992269643878033 | -0.43328437844715784:-0.49936491951633855 | 0.07959852752544094 | -0.6272201831497388
-0.49936491951633855 | 0.07959852752544094 | -0.6272201831497388 | -0.9992269643878033 | -0.43328437844715784:-0.4867626579215596 | 0.04829167263358869 | -0.6426285957197784
-0.4867626579215596 | 0.04829167263358869 | -0.6426285957197784 | 0.7798469168388507 | -0.5682418850213056:-0.4694933323658148 | 0.07348083904240355 | -0.655384791770024
-0.4694933323658148 | 0.07348083904240355 | -0.655384791770024 | 0.7798469168388507 | -0.5682418850213056:-0.45184158353438875 | 0.09920635775833375 | -0.666661289932295
-0.45184158353438875 | 0.09920635775833375 | -0.666661289932295 | 0.7798469168388507 | -0.5682418850213056:-0.4338505967468933 | 0.12540979341407166 | -0.6764241683570078
-0.4338505967468933 | 0.12540979341407166 | -0.6764241683570078 | 0.7798469168388507 | -0.5682418850213056:-0.4155645422478784 | 0.15203128669814703 | -0.6846431172883767
-0.4155645422478784 | 0.15203128669814703 | -0.6846431172883767 | 0.7798469168388507 | -0.5682418850213056:-0.39702846752111043 | 0.17900970046965625 | -0.6912915261228507
-0.39702846752111043 | 0.17900970046965625 | -0.6912915261228507 | 0.19031342362659975 | -0.8735684004488338:-0.3673613995847802 | 0.1859951588741282 | -0.7078166922779241
-0.3673613995847802 | 0.1859951588741282 | -0.7078166922779241 | 0.19031342362659975 | -0.8735684004488338:-0.3369268270939898 | 0.19314827021009506 | -0.7229777355443572
-0.3369268270939898 | 0.19314827021009506 | -0.7229777355443572 | 0.19031342362659975 | -0.8735684004488338:-0.3057853483727371 | 0.20045607250736452 | -0.736737319337621
-0.3057853483727371 | 0.20045607250736452 | -0.736737319337621 | 0.19031342362659975 | -0.8735684004488338:-0.2739992815093899 | 0.20790521499885273 | -0.7490609630114937
-0.2739992815093899 | 0.20790521499885273 | -0.7490609630114937 | 0.19031342362659975 | -0.8735684004488338:-0.24163253403557405 | 0.21548198612212133 | -0.7599171241741409
-0.24163253403557405 | 0.21548198612212133 | -0.7599171241741409 | 0.19031342362659975 | -0.8735684004488338:-0.20875046891315208 | 0.22317234235485017 | -0.7692772747224286
-0.20875046891315208 | 0.22317234235485017 | -0.7692772747224286 | 0.19031342362659975 | -0.8735684004488338:-0.17541976712067253 | 0.23096193782178176 | -0.7771159704237043
-0.17541976712067253 | 0.23096193782178176 | -0.7771159704237043 | 0.19031342362659975 | -0.8735684004488338:-0.1417082871376465 | 0.23883615460861307 | -0.7834109138884031
-0.1417082871376465 | 0.23883615460861307 | -0.7834109138884031 | 0.19031342362659975 | -0.8735684004488338:-0.10768492163224153 | 0.24678013371732987 | -0.7881430107913889
-0.10768492163224153 | 0.24678013371732987 | -0.7881430107913889 | 0.19031342362659975 | -0.8735684004488338:-0.07341945166329822 | 0.2547788065954322 | -0.7912964192146443
-0.07341945166329822 | 0.2547788065954322 | -0.7912964192146443 | 0.19031342362659975 | -0.8735684004488338:-0.03898239871365661 | 0.2628169271709382 | -0.792858591999023
-0.03898239871365661 | 0.2628169271709382 | -0.792858591999023 | 0.19031342362659975 | -0.8735684004488338:-0.004444874875858318 | 0.2708791043234058 | -0.7928203120080006
-0.004444874875858318 | 0.2708791043234058 | -0.7928203120080006 | 0.19031342362659975 | -0.8735684004488338:0.030121568484574368 | 0.27894983472066315 | -0.791175720221835
0.030121568484574368 | 0.27894983472066315 | -0.791175720221835 | 0.19031342362659975 | -0.8735684004488338:0.06464509325957124 | 0.2870135359499386 | -0.7879223365961749
0.06464509325957124 | 0.2870135359499386 | -0.7879223365961749 | 0.19031342362659975 | -0.8735684004488338:0.09905372799202894 | 0.29505457987159645 | -0.7830610736348724
0.09905372799202894 | 0.29505457987159645 | -0.7830610736348724 | 0.19031342362659975 | -0.8735684004488338:0.13327552179929114 | 0.30305732612306 | -0.7765962426426505
0.13327552179929114 | 0.30305732612306 | -0.7765962426426505 | 0.19031342362659975 | -0.8735684004488338:0.16723869849299433 | 0.3110061557004187 | -0.7685355526390687
0.16723869849299433 | 0.3110061557004187 | -0.7685355526390687 | 0.19031342362659975 | -0.8735684004488338:0.20087181056078407 | 0.31888550454478093 | -0.7588901019312964
0.20087181056078407 | 0.31888550454478093 | -0.7588901019312964 | 0.19031342362659975 | -0.8735684004488338:0.23410389267627352 | 0.3266798970606928 | -0.7476743623589712
0.23410389267627352 | 0.3266798970606928 | -0.7476743623589712 | 0.19031342362659975 | -0.8735684004488338:0.2668646144043407 | 0.33437397949396797 | -0.7349061562403705
0.2668646144043407 | 0.33437397949396797 | -0.7349061562403705 | -0.8085908215823172 | 0.7047084101650769:0.2407776149623686 | 0.3049325774245162 | -0.7580891892012147
0.2407776149623686 | 0.3049325774245162 | -0.7580891892012147 | -0.8085908215823172 | 0.7047084101650769:0.21388105014679581 | 0.27451913264697225 | -0.7791516241263494
0.21388105014679581 | 0.27451913264697225 | -0.7791516241263494 | -0.8085908215823172 | 0.7047084101650769:0.1862513512999442 | 0.24321995079152003 | -0.7980243221976338
0.1862513512999442 | 0.24321995079152003 | -0.7980243221976338 | -0.8085908215823172 | 0.7047084101650769:0.15796736784938048 | 0.2111242398085338 | -0.8146444615352557
0.15796736784938048 | 0.2111242398085338 | -0.8146444615352557 | -0.8085908215823172 | 0.7047084101650769:0.12911013607450172 | 0.1783238487932337 | -0.8289557426238581
0.12911013607450172 | 0.1783238487932337 | -0.8289557426238581 | -0.8085908215823172 | 0.7047084101650769:0.0997626407757366 | 0.14491299827484028 | -0.8409085743571048
0.0997626407757366 | 0.14491299827484028 | -0.8409085743571048 | -0.8085908215823172 | 0.7047084101650769:0.07000957056368406 | 0.1109880027808785 | -0.8504602401070436
0.07000957056368406 | 0.1109880027808785 | -0.8504602401070436 | -0.8085908215823172 | 0.7047084101650769:0.03993706750506476 | 0.07664698651171165 | -0.8575750432852693
0.03993706750506476 | 0.07664698651171165 | -0.8575750432852693 | -0.8085908215823172 | 0.7047084101650769:0.009632471880365756 | 0.04198959298182103 | -0.8622244319251458
0.009632471880365756 | 0.04198959298182103 | -0.8622244319251458 | -0.8085908215823172 | 0.7047084101650769:-0.020815937176408283 | 0.007116689503511964 | -0.8643871018780231
-0.020815937176408283 | 0.007116689503511964 | -0.8643871018780231 | -0.8085908215823172 | 0.7047084101650769:-0.051319204372802574 | -0.027869932594981606 | -0.8640490782813366
