0.0 | 0.0 | 0.0 | 0.9634877567756561 | 0.19970254932948617:9.973377375960508E-5 | -4.8155756375334313E-4 | 0.009987900454408002
9.973377375960508E-5 | -4.8155756375334313E-4 | 0.009987900454408002 | 0.9634877567756561 | 0.19970254932948617:3.962296032870965E-4 | -0.001914327822654771 | 0.019803745885283653
3.962296032870965E-4 | -0.001914327822654771 | 0.019803745885283653 | 0.9634877567756561 | 0.19970254932948617:0.0 | 0.0 | 0.0
0.0 | 0.0 | 0.0 | -0.46426250953917947 | -0.2459815095922313:2.2709645998361585E-4 | -0.0021703319567256685 | 0.0296207273272531
2.2709645998361585E-4 | -0.0021703319567256685 | 0.0296207273272531 | -0.46426250953917947 | -0.2459815095922313:-1.827388121674354E-4 | -0.001966444083274954 | 0.03935446775289918
-1.827388121674354E-4 | -0.001966444083274954 | 0.03935446775289918 | -0.46426250953917947 | -0.2459815095922313:0.0 | 0.0 | 0.0
0.0 | 0.0 | 0.0 | -0.46426250953917947 | -0.2459815095922313:-8.298103004042956E-4 | -0.0013090253802510166 | 0.048985437389327174
-8.298103004042956E-4 | -0.0013090253802510166 | 0.048985437389327174 | -0.46426250953917947 | -0.2459815095922313:0.0 | 0.0 | 0.0
0.0 | 0.0 | 0.0 | -0.46426250953917947 | -0.2459815095922313:-0.0017103662457697575 | -2.0498055437312424E-4 | 0.05849449157319811
-0.0017103662457697575 | -2.0498055437312424E-4 | 0.05849449157319811 | -0.46426250953917947 | -0.2459815095922313:-0.002820376752241224 | 0.0013382565104651523 | 0.06786288749740849
-0.002820376752241224 | 0.0013382565104651523 | 0.06786288749740849 | -0.46426250953917947 | -0.2459815095922313:-0.0041555416765366605 | 0.003312737452777048 | 0.07707230036127749
-0.0041555416765366605 | 0.003312737452777048 | 0.07707230036127749 | -0.46426250953917947 | -0.2459815095922313:-0.005711298689384935 | 0.005710014463747859 | 0.08610483891692872
-0.005711298689384935 | 0.005710014463747859 | 0.08610483891692872 | -0.46426250953917947 | -0.2459815095922313:-0.00748283149901733 | 0.008521155630817234 | 0.09494306040514278
-0.00748283149901733 | 0.008521155630817234 | 0.09494306040514278 | -0.46426250953917947 | -0.2459815095922313:-0.00946507822761293 | 0.011736760577155558 | 0.10356998487454161
-0.00946507822761293 | 0.011736760577155558 | 0.10356998487454161 | -0.46426250953917947 | -0.2459815095922313:-0.011652739931413775 | 0.015346976379576605 | 0.11196910887854716
-0.011652739931413775 | 0.015346976379576605 | 0.11196910887854716 | -0.46426250953917947 | -0.2459815095922313:-0.01404028925521645 | 0.01934151374740256 | 0.120124418545141
-0.01404028925521645 | 0.01934151374740256 | 0.120124418545141 | -0.46426250953917947 | -0.2459815095922313:-0.016621979211944783 | 0.023709663444787976 | 0.12802040201502518
-0.016621979211944783 | 0.023709663444787976 | 0.12802040201502518 | -0.46426250953917947 | -0.2459815095922313:-0.019391852078013416 | 0.028440312939010726 | 0.13564206124436107
-0.019391852078013416 | 0.028440312939010726 | 0.13564206124436107 | -0.46426250953917947 | -0.2459815095922313:-0.022343748395204505 | 0.033521963257257315 | 0.14297492316883154
-0.022343748395204505 | 0.033521963257257315 | 0.14297492316883154 | -0.46426250953917947 | -0.2459815095922313:-0.025471316069798994 | 0.03894274603445824 | 0.1500050502263397
-0.025471316069798994 | 0.03894274603445824 | 0.1500050502263397 | -0.46426250953917947 | -0.2459815095922313:-0.028768019559730268 | 0.044690440734770354 | 0.15671905023621568
-0.028768019559730268 | 0.044690440734770354 | 0.15671905023621568 | -0.46426250953917947 | -0.2459815095922313:-0.03222714914056107 | 0.05075249202936449 | 0.1631040856333621
-0.03222714914056107 | 0.05075249202936449 | 0.1631040856333621 | -0.46426250953917947 | -0.2459815095922313:-0.03584183024112467 | 0.05711602731323895 | 0.16914788205631948
-0.03584183024112467 | 0.05711602731323895 | 0.16914788205631948 | -0.03517386136171541 | 0.6939563357198808:-0.03130139270502744 | 0.05999225505117567 | 0.17783316979750197
-0.03130139270502744 | 0.05999225505117567 | 0.17783316979750197 | -0.03517386136171541 | 0.6939563357198808:0.0 | 0.0 | 0.0
0.0 | 0.0 | 0.0 | -0.03517386136171541 | 0.6939563357198808:-0.026185925403997168 | 0.06287127041593443 | 0.1863113621700223
-0.026185925403997168 | 0.06287127041593443 | 0.1863113621700223 | -0.03517386136171541 | 0.6939563357198808:-0.020507238680554873 | 0.06575276562892596 | 0.19455356817536895
-0.020507238680554873 | 0.06575276562892596 | 0.19455356817536895 | -0.03517386136171541 | 0.6939563357198808:-0.014278403908947412 | 0.06863636575786669 | 0.2025315674289212
-0.014278403908947412 | 0.06863636575786669 | 0.2025315674289212 | -0.4764437109969868 | -0.9883006555533513:-0.025067872632511867 | 0.07613344473243494 | 0.20721642959499276
-0.025067872632511867 | 0.07613344473243494 | 0.20721642959499276 | -0.4764437109969868 | -0.9883006555533513:-0.036411849943464025 | 0.08388511013821803 | 0.2109919910138367
-0.036411849943464025 | 0.08388511013821803 | 0.2109919910138367 | -0.4764437109969868 | -0.9883006555533513:-0.04825108473536288 | 0.09186363541570497 | 0.21380806985231793
-0.04825108473536288 | 0.09186363541570497 | 0.21380806985231793 | -0.4764437109969868 | -0.9883006555533513:-0.06052322470484328 | 0.10003974128288452 | 0.2156191492082158
-0.06052322470484328 | 0.10003974128288452 | 0.2156191492082158 | -0.4764437109969868 | -0.9883006555533513:-0.07316310994841912 | 0.10838273470447672 | 0.21638459290191125
-0.07316310994841912 | 0.10838273470447672 | 0.21638459290191125 | 0.6806352061699554 | -0.4448966679506614:-0.08034349532877194 | 0.10394100597061642 | 0.22471556610607246
-0.08034349532877194 | 0.10394100597061642 | 0.22471556610607246 | 0.6806352061699554 | -0.4448966679506614:-0.08782450684425902 | 0.09896956218557654 | 0.23270876145248254
-0.08782450684425902 | 0.09896956218557654 | 0.23270876145248254 | 0.6806352061699554 | -0.4448966679506614:-0.09559629667432468 | 0.09348351054377552 | 0.24032893485475615
-0.09559629667432468 | 0.09348351054377552 | 0.24032893485475615 | 0.6806352061699554 | -0.4448966679506614:-0.10364803089751162 | 0.08749947808332914 | 0.24754187373748948
-0.10364803089751162 | 0.08749947808332914 | 0.24754187373748948 | 0.6806352061699554 | -0.4448966679506614:-0.1119679222109532 | 0.08103556314951849 | 0.25431448276354196
-0.1119679222109532 | 0.08103556314951849 | 0.25431448276354196 | 0.6806352061699554 | -0.4448966679506614:-0.120543264700256 | 0.0741112836661929 | 0.2606148663638006
-0.120543264700256 | 0.0741112836661929 | 0.2606148663638006 | 0.6806352061699554 | -0.4448966679506614:-0.12936047056714095 | 0.06674752235415238 | 0.26641240791157905
-0.12936047056714095 | 0.06674752235415238 | 0.26641240791157905 | 0.6806352061699554 | -0.4448966679506614:-0.13840510871890688 | 0.05896646904075242 | 0.27167784539215756
-0.13840510871890688 | 0.05896646904075242 | 0.27167784539215756 | 0.6806352061699554 | -0.4448966679506614:-0.14766194512068775 | 0.05079156020984332 | 0.276383343426561
-0.14766194512068775 | 0.05079156020984332 | 0.276383343426561 | 0.6806352061699554 | -0.4448966679506614:-0.15711498480862196 | 0.042247415945683375 | 0.28050256151744435
-0.15711498480862196 | 0.042247415945683375 | 0.28050256151744435 | 0.6806352061699554 | -0.4448966679506614:-0.16674751545941224 | 0.033359774428642464 | 0.2840107183939251
-0.16674751545941224 | 0.033359774428642464 | 0.2840107183939251 | 0.6806352061699554 | -0.4448966679506614:-0.17654215240936222 | 0.024155424144343574 | 0.28688465234135574
-0.17654215240936222 | 0.024155424144343574 | 0.28688465234135574 | 0.6806352061699554 | -0.4448966679506614:-0.18648088501379867 | 0.014662133971361957 | 0.28910287741128204
-0.18648088501379867 | 0.014662133971361957 | 0.28910287741128204 | 0.6806352061699554 | -0.4448966679506614:-0.19654512423586823 | 0.00490858131571581 | 0.2906456354162881
-0.19654512423586823 | 0.00490858131571581 | 0.2906456354162881 | 0.6806352061699554 | -0.4448966679506614:0.0 | 0.0 | 0.0
0.0 | 0.0 | 0.0 | 0.6806352061699554 | -0.4448966679506614:-0.2067157513519935 | -0.005075721536864419 | 0.29149494362392137
-0.2067157513519935 | -0.005075721536864419 | 0.29149494362392137 | 0.6806352061699554 | -0.4448966679506614:-0.21697316765983254 | -0.015260502677513554 | 0.2916346380735142
-0.21697316765983254 | -0.015260502677513554 | 0.2916346380735142 | 0.6806352061699554 | -0.4448966679506614:-0.22729734507335353 | -0.02561480726425669 | 0.291050412449426
-0.22729734507335353 | -0.02561480726425669 | 0.291050412449426 | 0.6806352061699554 | -0.4448966679506614:-0.23766787748867735 | -0.0361070754684234 | 0.2897298524539238
-0.23766787748867735 | -0.0361070754684234 | 0.2897298524539238 | 0.6806352061699554 | -0.4448966679506614:-0.2480640328035948 | -0.0467052214991045 | 0.2876624656327458
-0.2480640328035948 | -0.0467052214991045 | 0.2876624656327458 | 0.6806352061699554 | -0.4448966679506614:-0.2584648054731722 | -0.05737671352637175 | 0.2848397066161379
-0.2584648054731722 | -0.05737671352637175 | 0.2848397066161379 | 0.6806352061699554 | -0.4448966679506614:-0.26884896948359494 | -0.06808865432342448 | 0.2812549977479346
-0.26884896948359494 | -0.06808865432342448 | 0.2812549977479346 | 0.6806352061699554 | -0.4448966679506614:-0.27919513162638676 | -0.07880786244761884 | 0.2769037450850611
-0.27919513162638676 | -0.07880786244761884 | 0.2769037450850611 | 0.6806352061699554 | -0.4448966679506614:-0.2894817849553357 | -0.08950095378049738 | 0.2717833497594704
-0.2894817849553357 | -0.08950095378049738 | 0.2717833497594704 | 0.6806352061699554 | -0.4448966679506614:-0.29968736230891846 | -0.10013442324744914 | 0.2658932147042741
-0.29968736230891846 | -0.10013442324744914 | 0.2658932147042741 | 0.6806352061699554 | -0.4448966679506614:-0.30979028978167555 | -0.11067472653849236 | 0.2592347467553271
-0.30979028978167555 | -0.11067472653849236 | 0.2592347467553271 | 0.6806352061699554 | -0.4448966679506614:-0.3197690400288895 | -0.12108836165288961 | 0.2518113541490514
-0.3197690400288895 | -0.12108836165288961 | 0.2518113541490514 | 0.6806352061699554 | -0.4448966679506614:-0.3296021852900415 | -0.13134195009185415 | 0.24362843944664192
-0.3296021852900415 | -0.13134195009185415 | 0.24362843944664192 | 0.6806352061699554 | -0.4448966679506614:-0.3392684500178573 | -0.1414023175255016 | 0.2346933879240467
-0.3392684500178573 | -0.1414023175255016 | 0.2346933879240467 | 0.6806352061699554 | -0.4448966679506614:-0.34874676300131036 | -0.15123657376241842 | 0.22501555147617758
-0.34874676300131036 | -0.15123657376241842 | 0.22501555147617758 | -0.20834196471707078 | 0.1277816666378302:-0.3516811235845445 | -0.15076601212262364 | 0.23169391124172556
-0.3516811235845445 | -0.15076601212262364 | 0.23169391124172556 | -0.20834196471707078 | 0.1277816666378302:-0.35451039702192855 | -0.1501771704543826 | 0.2384036543521919
-0.35451039702192855 | -0.1501771704543826 | 0.2384036543521919 | -0.20834196471707078 | 0.1277816666378302:-0.35723490715566264 | -0.14947003225258626 | 0.24514179602712716
-0.35723490715566264 | -0.14947003225258626 | 0.24514179602712716 | -0.20834196471707078 | 0.1277816666378302:-0.35985499854173586 | -0.14864462017580204 | 0.2519053708633727
-0.35985499854173586 | -0.14864462017580204 | 0.2519053708633727 | -0.20834196471707078 | 0.1277816666378302:-0.36237103619687794 | -0.14770099558318872 | 0.25869143329374644
-0.36237103619687794 | -0.14770099558318872 | 0.25869143329374644 | -0.37784955448092106 | -0.6133767034346072:-0.3744072936997238 | -0.14440362856337607 | 0.2530325337387751
-0.3744072936997238 | -0.14440362856337607 | 0.2530325337387751 | -0.37784955448092106 | -0.6133767034346072:-0.38630551086363774 | -0.14114434900677297 | 0.24681883889042844
-0.38630551086363774 | -0.14114434900677297 | 0.24681883889042844 | -0.37784955448092106 | -0.6133767034346072:-0.398044416934777 | -0.13793671477981073 | 0.2400544100051203
-0.398044416934777 | -0.13793671477981073 | 0.2400544100051203 | -0.37784955448092106 | -0.6133767034346072:-0.40960289284623386 | -0.13479419661398495 | 0.23274441692505476
-0.40960289284623386 | -0.13479419661398495 | 0.23274441692505476 | -0.37784955448092106 | -0.6133767034346072:-0.4209600111422276 | -0.13173015346408046 | 0.22489512847021764
-0.4209600111422276 | -0.13173015346408046 | 0.22489512847021764 | 0.5417735185139916 | 0.6218049497278622:-0.4180996098857257 | -0.13917811448350492 | 0.236611845270426
-0.4180996098857257 | -0.13917811448350492 | 0.236611845270426 | 0.5417735185139916 | 0.6218049497278622:-0.41476624910993465 | -0.1469901804576781 | 0.24809438785029414
-0.41476624910993465 | -0.1469901804576781 | 0.24809438785029414 | 0.5417735185139916 | 0.6218049497278622:-0.4109669622825258 | -0.15516114099341083 | 0.2593127644633437
-0.4109669622825258 | -0.15516114099341083 | 0.2593127644633437 | 0.5417735185139916 | 0.6218049497278622:-0.4067098894995649 | -0.16368481114517275 | 0.27023737172291007
-0.4067098894995649 | -0.16368481114517275 | 0.27023737172291007 | 0.5417735185139916 | 0.6218049497278622:-0.4020042619160691 | -0.17255404407747843 | 0.280839065034602
-0.4020042619160691 | -0.17255404407747843 | 0.280839065034602 | -0.23515527345853182 | 0.7445104066030233:-0.394812123020694 | -0.17080325597483936 | 0.3003626254826983
-0.394812123020694 | -0.17080325597483936 | 0.3003626254826983 | -0.23515527345853182 | 0.7445104066030233:-0.3867586193868 | -0.16877530741432034 | 0.31970481698713904
-0.3867586193868 | -0.16877530741432034 | 0.31970481698713904 | -0.23515527345853182 | 0.7445104066030233:-0.37784825585147885 | -0.16647141349308825 | 0.3388234206379934
-0.37784825585147885 | -0.16647141349308825 | 0.3388234206379934 | -0.23515527345853182 | 0.7445104066030233:-0.368087396303693 | -0.1638933770252784 | 0.35767638731463336
-0.368087396303693 | -0.1638933770252784 | 0.35767638731463336 | -0.23515527345853182 | 0.7445104066030233:-0.35748425429786934 | -0.16104358610044045 | 0.37622192593194015
-0.35748425429786934 | -0.16104358610044045 | 0.37622192593194015 | -0.30750048497578786 | 0.09297830892341685:-0.35870917857726425 | -0.15654484012279557 | 0.38350697444589343
-0.35870917857726425 | -0.15654484012279557 | 0.38350697444589343 | -0.30750048497578786 | 0.09297830892341685:-0.3598558259435425 | -0.15187278359218714 | 0.3907288592724143
-0.3598558259435425 | -0.15187278359218714 | 0.3907288592724143 | -0.30750048497578786 | 0.09297830892341685:-0.3609249495728335 | -0.147029014751777 | 0.3978834004675882
-0.3609249495728335 | -0.147029014751777 | 0.3978834004675882 | -0.30750048497578786 | 0.09297830892341685:-0.3619173227743211 | -0.14201520743346885 | 0.4049664697325497
-0.3619173227743211 | -0.14201520743346885 | 0.4049664697325497 | -0.30750048497578786 | 0.09297830892341685:-0.36283373862948487 | -0.1368331097879114 | 0.4119739916082992
-0.36283373862948487 | -0.1368331097879114 | 0.4119739916082992 | -0.30750048497578786 | 0.09297830892341685:-0.36367500962731114 | -0.131484543001827 | 0.41890194464210495
-0.36367500962731114 | -0.131484543001827 | 0.41890194464210495 | -0.30750048497578786 | 0.09297830892341685:-0.3644419672956474 | -0.12597140000316376 | 0.4257463625253699
-0.3644419672956474 | -0.12597140000316376 | 0.4257463625253699 | -0.30750048497578786 | 0.09297830892341685:-0.3651354618288245 | -0.12029564415455951 | 0.4325033352030019
-0.3651354618288245 | -0.12029564415455951 | 0.4325033352030019 | -0.30750048497578786 | 0.09297830892341685:-0.3657563617116928 | -0.114459307935598 | 0.4391690099542025
-0.3657563617116928 | -0.114459307935598 | 0.4391690099542025 | -0.30750048497578786 | 0.09297830892341685:-0.36630555334025416 | -0.10846449161434446 | 0.4457395924446743
-0.36630555334025416 | -0.10846449161434446 | 0.4457395924446743 | 0.8625016888673609 | -0.653462757504838:-0.38318146656510876 | -0.12847768703569784 | 0.43146150904195224
-0.38318146656510876 | -0.12847768703569784 | 0.43146150904195224 | 0.8625016888673609 | -0.653462757504838:-0.3996221415310366 | -0.14797555451049238 | 0.41563133137060504
-0.3996221415310366 | -0.14797555451049238 | 0.41563133137060504 | 0.8625016888673609 | -0.653462757504838:-0.41557185095033233 | -0.16688356090493084 | 0.3982823106858042
-0.41557185095033233 | -0.16688356090493084 | 0.3982823106858042 | 0.8625016888673609 | -0.653462757504838:-0.43097598639738166 | -0.1851285320628815 | 0.37945328438265946
-0.43097598639738166 | -0.1851285320628815 | 0.37945328438265946 | 0.8625016888673609 | -0.653462757504838:-0.44578125885326614 | -0.20263891966857894 | 0.3591885752205748
-0.44578125885326614 | -0.20263891966857894 | 0.3591885752205748 | 0.5932429352360047 | -0.9702421682923352:-0.4653658811740833 | -0.21458122378996158 | 0.33312849448909176
-0.4653658811740833 | -0.21458122378996158 | 0.33312849448909176 | 0.5932429352360047 | -0.9702421682923352:-0.4837144740647048 | -0.22579384666377855 | 0.30559823322410296
-0.4837144740647048 | -0.22579384666377855 | 0.30559823322410296 | 0.5932429352360047 | -0.9702421682923352:-0.5007474378426942 | -0.23622687050426983 | 0.27667948813098064
-0.5007474378426942 | -0.23622687050426983 | 0.27667948813098064 | 0.5932429352360047 | -0.9702421682923352:-0.5163893215762521 | -0.24583282611793233 | 0.24645990363540093
-0.5163893215762521 | -0.24583282611793233 | 0.24645990363540093 | 0.5932429352360047 | -0.9702421682923352:-0.5305691382701561 | -0.2545668899404525 | 0.21503277872918858
-0.5305691382701561 | -0.2545668899404525 | 0.21503277872918858 | 0.9288058790587381 | 0.9231605642014125:-0.5237414732576298 | -0.2658503090448878 | 0.2286027384521283
-0.5237414732576298 | -0.2658503090448878 | 0.2286027384521283 | 0.9288058790587381 | 0.9231605642014125:-0.5162270084980491 | -0.2777963504863079 | 0.24135835528348437
-0.5162270084980491 | -0.2777963504863079 | 0.24135835528348437 | 0.9288058790587381 | 0.9231605642014125:-0.5080641305821061 | -0.2903684360213976 | 0.2532320165098305
-0.5080641305821061 | -0.2903684360213976 | 0.2532320165098305 | 0.9288058790587381 | 0.9231605642014125:-0.4992945583452233 | -0.3035265476484863 | 0.26415965741443515
-0.4992945583452233 | -0.3035265476484863 | 0.26415965741443515 | 0.9288058790587381 | 0.9231605642014125:-0.4899631669263904 | -0.31722739683681667 | 0.2740810986613802
-0.4899631669263904 | -0.31722739683681667 | 0.2740810986613802 | 0.9875772489984151 | 0.8831178321066127:-0.48072635764267346 | -0.33218863336605686 | 0.2810044518336312
-0.48072635764267346 | -0.33218863336605686 | 0.2810044518336312 | 0.9875772489984151 | 0.8831178321066127:-0.47113378323518873 | -0.34752818507196537 | 0.28677466109691707
-0.47113378323518873 | -0.34752818507196537 | 0.28677466109691707 | 0.9875772489984151 | 0.8831178321066127:-0.46123825488134074 | -0.3631884256678646 | 0.29135310177073137
-0.46123825488134074 | -0.3631884256678646 | 0.29135310177073137 | 0.9875772489984151 | 0.8831178321066127:-0.4510943968205723 | -0.37910956342875224 | 0.29470653636264643
-0.4510943968205723 | -0.37910956342875224 | 0.29470653636264643 | 0.9875772489984151 | 0.8831178321066127:-0.4407583928376759 | -0.3952299197653826 | 0.29680731661159143
-0.4407583928376759 | -0.3952299197653826 | 0.29680731661159143 | 0.23390394473839748 | -0.9993107186784564:-0.4571199624748665 | -0.40070732436197964 | 0.2711625873039871
-0.4571199624748665 | -0.40070732436197964 | 0.2711625873039871 | 0.23390394473839748 | -0.9993107186784564:-0.4722179737331764 | -0.40587990116386763 | 0.2445167070689962
-0.4722179737331764 | -0.40587990116386763 | 0.2445167070689962 | 0.23390394473839748 | -0.9993107186784564:-0.4859961251417282 | -0.41073422815814276 | 0.21693743575877988
-0.4859961251417282 | -0.41073422815814276 | 0.21693743575877988 | 0.23390394473839748 | -0.9993107186784564:-0.4984016576845143 | -0.4152576915353734 | 0.1884958337989282
-0.4984016576845143 | -0.4152576915353734 | 0.1884958337989282 | 0.23390394473839748 | -0.9993107186784564:-0.509385534647727 | -0.4194385289595921 | 0.15926606257410825
-0.509385534647727 | -0.4194385289595921 | 0.15926606257410825 | -0.09404383321487786 | 0.07006835911643128:-0.5112252058666726 | -0.4206661719867828 | 0.16379156786250348
-0.5112252058666726 | -0.4206661719867828 | 0.16379156786250348 | -0.09404383321487786 | 0.07006835911643128:-0.5130221918905065 | -0.4218490973109734 | 0.1683390592903251
-0.5130221918905065 | -0.4218490973109734 | 0.1683390592903251 | -0.09404383321487786 | 0.07006835911643128:-0.514776651078428 | -0.42298739070854907 | 0.17290787604333957
-0.514776651078428 | -0.42298739070854907 | 0.17290787604333957 | -0.09404383321487786 | 0.07006835911643128:-0.5164887427966285 | -0.42408114057295165 | 0.1774973629793415
-0.5164887427966285 | -0.42408114057295165 | 0.1774973629793415 | -0.09404383321487786 | 0.07006835911643128:-0.5181586273951346 | -0.42513043787097793 | 0.18210687058999397
-0.5181586273951346 | -0.42513043787097793 | 0.18210687058999397 | -0.09404383321487786 | 0.07006835911643128:-0.5197864661850105 | -0.42613537609968866 | 0.18673575496281458
-0.5197864661850105 | -0.42613537609968866 | 0.18673575496281458 | -0.09404383321487786 | 0.07006835911643128:-0.5213724214158972 | -0.4270960512439217 | 0.1913833777433176
-0.5213724214158972 | -0.4270960512439217 | 0.1913833777433176 | -0.09404383321487786 | 0.07006835911643128:-0.5229166562538907 | -0.42801256173436286 | 0.19604910609735526
-0.5229166562538907 | -0.42801256173436286 | 0.19604910609735526 | -0.09404383321487786 | 0.07006835911643128:-0.5244193347598198 | -0.4288850084062332 | 0.20073231267358693
-0.5244193347598198 | -0.4288850084062332 | 0.20073231267358693 | -0.09404383321487786 | 0.07006835911643128:-0.5258806218677776 | -0.4297134944585146 | 0.20543237556617555
-0.5258806218677776 | -0.4297134944585146 | 0.20543237556617555 | -0.09404383321487786 | 0.07006835911643128:-0.5273006833640181 | -0.43049812541377364 | 0.21014867827759076
-0.5273006833640181 | -0.43049812541377364 | 0.21014867827759076 | -0.09404383321487786 | 0.07006835911643128:-0.5286796858662299 | -0.4312390090785172 | 0.21488060968165712
-0.5286796858662299 | -0.4312390090785172 | 0.21488060968165712 | -0.09404383321487786 | 0.07006835911643128:-0.5300177968030511 | -0.43193625550412307 | 0.21962756398673378
-0.5300177968030511 | -0.43193625550412307 | 0.21962756398673378 | -0.09404383321487786 | 0.07006835911643128:-0.5313151843939821 | -0.4325899769482966 | 0.224388940699086
-0.5313151843939821 | -0.4325899769482966 | 0.224388940699086 | -0.09404383321487786 | 0.07006835911643128:-0.5325720176295476 | -0.43320028783708864 | 0.22916414458645207
-0.5325720176295476 | -0.43320028783708864 | 0.22916414458645207 | -0.09404383321487786 | 0.07006835911643128:-0.5337884662518135 | -0.433767304727418 | 0.23395258564177723
-0.5337884662518135 | -0.433767304727418 | 0.23395258564177723 | -0.09404383321487786 | 0.07006835911643128:-0.534964700735209 | -0.4342911462701622 | 0.2387536790471323
-0.534964700735209 | -0.4342911462701622 | 0.2387536790471323 | -0.09404383321487786 | 0.07006835911643128:-0.5361008922676476 | -0.4347719331737103 | 0.24356684513783833
-0.5361008922676476 | -0.4347719331737103 | 0.24356684513783833 | -0.09404383321487786 | 0.07006835911643128:-0.5371972127319182 | -0.4352097881680983 | 0.24839150936675125
-0.5371972127319182 | -0.4352097881680983 | 0.24839150936675125 | -0.09404383321487786 | 0.07006835911643128:-0.5382538346874384 | -0.4356048359695812 | 0.25322710226877376
-0.5382538346874384 | -0.4356048359695812 | 0.25322710226877376 | -0.16859450751031502 | -0.9843762411747778:-0.5522013646242456 | -0.4349992490122645 | 0.23091736775413807
-0.5522013646242456 | -0.4349992490122645 | 0.23091736775413807 | -0.16859450751031502 | -0.9843762411747778:-0.565052786742406 | -0.4345594046978505 | 0.20785230615940264
-0.565052786742406 | -0.4345594046978505 | 0.20785230615940264 | -0.16859450751031502 | -0.9843762411747778:-0.576767646838249 | -0.43429265484432733 | 0.1840881207861358
-0.576767646838249 | -0.43429265484432733 | 0.1840881207861358 | -0.16859450751031502 | -0.9843762411747778:-0.5873083577541252 | -0.4342058678041347 | 0.1596832344763044
-0.5873083577541252 | -0.4342058678041347 | 0.1596832344763044 | -0.16859450751031502 | -0.9843762411747778:-0.5966403159000748 | -0.4343054078849633 | 0.13469813654042184
-0.5966403159000748 | -0.4343054078849633 | 0.13469813654042184 | -0.16859450751031502 | -0.9843762411747778:-0.6047320097188589 | -0.43459711612376495 | 0.10919522347735722
-0.6047320097188589 | -0.43459711612376495 | 0.10919522347735722 | -0.16859450751031502 | -0.9843762411747778:-0.6115551197796947 | -0.43508629246975516 | 0.08323863392545405
-0.6115551197796947 | -0.43508629246975516 | 0.08323863392545405 | -0.16859450751031502 | -0.9843762411747778:-0.6170846102089413 | -0.4357776794282735 | 0.05689407830113424
-0.6170846102089413 | -0.4357776794282735 | 0.05689407830113424 | -0.16859450751031502 | -0.9843762411747778:-0.6212988111907549 | -0.43667544721319373 | 0.030228663595799787
-0.6212988111907549 | -0.43667544721319373 | 0.030228663595799787 | -0.16859450751031502 | -0.9843762411747778:-0.6241794922953616 | -0.43778318045144715 | 0.003310713815430688
-0.6241794922953616 | -0.43778318045144715 | 0.003310713815430688 | -0.16859450751031502 | -0.9843762411747778:-0.6257119264182762 | -0.43910386647883115 | -0.023790413440600844
-0.6257119264182762 | -0.43910386647883115 | -0.023790413440600844 | -0.16859450751031502 | -0.9843762411747778:-0.6258849441400045 | -0.44063988526191267 | -0.05100451375405868
-0.6258849441400045 | -0.44063988526191267 | -0.05100451375405868 | -0.16859450751031502 | -0.9843762411747778:-0.6246909783424144 | -0.4423930009761534 | -0.07826072549916319
-0.6246909783424144 | -0.4423930009761534 | -0.07826072549916319 | -0.16859450751031502 | -0.9843762411747778:-0.6221260989450172 | -0.4443643552660177 | -0.10548772176601062
-0.6221260989450172 | -0.4443643552660177 | -0.10548772176601062 | -0.16859450751031502 | -0.9843762411747778:-0.6181900376519209 | -0.44655446220790296 | -0.13261390406503892
-0.6181900376519209 | -0.44655446220790296 | -0.13261390406503892 | -0.16859450751031502 | -0.9843762411747778:-0.6128862026278696 | -0.44896320499216813 | -0.15956759727648517
-0.6128862026278696 | -0.44896320499216813 | -0.15956759727648517 | -0.16859450751031502 | -0.9843762411747778:-0.6062216830497604 | -0.4515898343357243 | -0.1862772453052699
-0.6062216830497604 | -0.4515898343357243 | -0.1862772453052699 | -0.16859450751031502 | -0.9843762411747778:-0.5982072435080212 | -0.45443296863184557 | -0.21267160689972542
-0.5982072435080212 | -0.45443296863184557 | -0.21267160689972542 | -0.16859450751031502 | -0.9843762411747778:-0.5888573082603372 | -0.45749059583905094 | -0.23867995109209517
-0.5888573082603372 | -0.45749059583905094 | -0.23867995109209517 | -0.16859450751031502 | -0.9843762411747778:-0.5781899353682789 | -0.4607600771061122 | -0.2642322517196405
-0.5781899353682789 | -0.4607600771061122 | -0.2642322517196405 | -0.5801390369375474 | -0.5029570041843807:-0.5732664068792417 | -0.4695112044379677 | -0.2659429901449286
-0.5732664068792417 | -0.4695112044379677 | -0.2659429901449286 | -0.5801390369375474 | -0.5029570041843807:-0.5682745459058722 | -0.47831575973502893 | -0.2672693166294984
-0.5682745459058722 | -0.47831575973502893 | -0.2672693166294984 | -0.5801390369375474 | -0.5029570041843807:-0.5632245634816186 | -0.487162332027097 | -0.26820726402459627
-0.5632245634816186 | -0.487162332027097 | -0.26820726402459627 | -0.5801390369375474 | -0.5029570041843807:-0.5581267780537758 | -0.49603937435350787 | -0.26875348528781373
-0.5581267780537758 | -0.49603937435350787 | -0.26875348528781373 | -0.5801390369375474 | -0.5029570041843807:-0.5529915988110616 | -0.5049352229225406 | -0.2689052605705413
-0.5529915988110616 | -0.5049352229225406 | -0.2689052605705413 | -0.5801390369375474 | -0.5029570041843807:-0.5478295088405787 | -0.5138381164825425 | -0.26866050326000845
-0.5478295088405787 | -0.5138381164825425 | -0.26866050326000845 | -0.5801390369375474 | -0.5029570041843807:-0.5426510481422611 | -0.5227362158723281 | -0.26801776496622054
-0.5426510481422611 | -0.5227362158723281 | -0.26801776496622054 | -0.5801390369375474 | -0.5029570041843807:-0.5374667965294364 | -0.5316176237181551 | -0.26697623944597026
-0.5374667965294364 | -0.5316176237181551 | -0.26697623944597026 | -0.5801390369375474 | -0.5029570041843807:-0.5322873564438879 | -0.5404704042444735 | -0.26553576545769886
-0.5322873564438879 | -0.5404704042444735 | -0.26553576545769886 | -0.5801390369375474 | -0.5029570041843807:-0.5271233357142577 | -0.5492826031652882 | -0.26369682854294396
-0.5271233357142577 | -0.5492826031652882 | -0.26369682854294396 | -0.36637026067250433 | 0.9921527797870857:-0.5403499545451709 | -0.5553570110317523 | -0.22768838299370486
-0.5403499545451709 | -0.5553570110317523 | -0.22768838299370486 | -0.36637026067250433 | 0.9921527797870857:-0.5517806264735086 | -0.5607671656153812 | -0.19086899785447997
-0.5517806264735086 | -0.5607671656153812 | -0.19086899785447997 | -0.36637026067250433 | 0.9921527797870857:-0.5613732104189353 | -0.5654966516030271 | -0.15334160940339814
-0.5613732104189353 | -0.5654966516030271 | -0.15334160940339814 | -0.36637026067250433 | 0.9921527797870857:-0.5690908194601079 | -0.5695309697456068 | -0.11521165664170496
-0.5690908194601079 | -0.5695309697456068 | -0.11521165664170496 | -0.36637026067250433 | 0.9921527797870857:-0.574901948342486 | -0.5728575867515318 | -0.0765867746569242
-0.574901948342486 | -0.5728575867515318 | -0.0765867746569242 | 0.7645419131842963 | 0.14415273682386265:-0.5769012902319162 | -0.5708031814919181 | -0.09449169434990523
-0.5769012902319162 | -0.5708031814919181 | -0.09449169434990523 | 0.7645419131842963 | 0.14415273682386265:-0.5790177647622841 | -0.568044059586029 | -0.11232738470858195
-0.5790177647622841 | -0.568044059586029 | -0.11232738470858195 | 0.7645419131842963 | 0.14415273682386265:-0.5812510480579149 | -0.5645822078688738 | -0.13006497177604714
-0.5812510480579149 | -0.5645822078688738 | -0.13006497177604714 | 0.7645419131842963 | 0.14415273682386265:-0.5836005965906352 | -0.5604207713234928 | -0.14767564700222735
-0.5836005965906352 | -0.5604207713234928 | -0.14767564700222735 | 0.7645419131842963 | 0.14415273682386265:-0.5860656478662847 | -0.5555640504465558 | -0.1651307156212205
-0.5860656478662847 | -0.5555640504465558 | -0.1651307156212205 | 0.1860892530524818 | 0.3919612726143118:-0.5905467818876318 | -0.5551848191468238 | -0.15911353949851303
-0.5905467818876318 | -0.5551848191468238 | -0.15911353949851303 | 0.1860892530524818 | 0.3919612726143118:-0.5949030510520998 | -0.554846608559771 | -0.15298947312349753
-0.5949030510520998 | -0.554846608559771 | -0.15298947312349753 | 0.1860892530524818 | 0.3919612726143118:-0.5991321217982204 | -0.5545507181544522 | -0.146761522650106
-0.5991321217982204 | -0.5545507181544522 | -0.146761522650106 | 0.1860892530524818 | 0.3919612726143118:-0.6032317259264488 | -0.55429841488899 | -0.14043275785418174
-0.6032317259264488 | -0.55429841488899 | -0.14043275785418174 | 0.1860892530524818 | 0.3919612726143118:-0.6071996618940858 | -0.554090932605078 | -0.13400631031536747
-0.6071996618940858 | -0.554090932605078 | -0.13400631031536747 | -0.9752008135941901 | 0.35803483533441116:-0.6102370234426786 | -0.5610876380376126 | -0.09614633064159861
-0.6102370234426786 | -0.5610876380376126 | -0.09614633064159861 | -0.9752008135941901 | 0.35803483533441116:-0.6125808983730536 | -0.5662274370850469 | -0.05786401268739638
-0.6125808983730536 | -0.5662274370850469 | -0.05786401268739638 | -0.9752008135941901 | 0.35803483533441116:-0.614224189309553 | -0.5694882218143675 | -0.019264051648431035
-0.614224189309553 | -0.5694882218143675 | -0.019264051648431035 | -0.9752008135941901 | 0.35803483533441116:-0.6151617289816613 | -0.570853114007214 | 0.019547605268957824
-0.6151617289816613 | -0.570853114007214 | 0.019547605268957824 | -0.9752008135941901 | 0.35803483533441116:-0.6153903006078991 | -0.5703105279532608 | 0.05846405760463824
-0.6153903006078991 | -0.5703105279532608 | 0.05846405760463824 | -0.200263319139101 | 0.5529131234906954:-0.6145404741842242 | -0.5707731475003612 | 0.0813111976082368
-0.6145404741842242 | -0.5707731475003612 | 0.0813111976082368 | -0.200263319139101 | 0.5529131234906954:-0.6130428102975145 | -0.5709946355827142 | 0.10417039211167278
-0.6130428102975145 | -0.5709946355827142 | 0.10417039211167278 | -0.200263319139101 | 0.5529131234906954:-0.6108963486959311 | -0.5709746032495744 | 0.1270203149948621
-0.6108963486959311 | -0.5709746032495744 | 0.1270203149948621 | -0.200263319139101 | 0.5529131234906954:-0.6081007562766132 | -0.5707128878360379 | 0.14983960080601832
-0.6081007562766132 | -0.5707128878360379 | 0.14983960080601832 | -0.200263319139101 | 0.5529131234906954:-0.6046563279766843 | -0.5702095533971061 | 0.1726068657124884
-0.6046563279766843 | -0.5702095533971061 | 0.1726068657124884 | -0.41230482405366575 | 0.8754809680171025:-0.5970723700972798 | -0.5675391235005307 | 0.21098262304388982
-0.5970723700972798 | -0.5675391235005307 | 0.21098262304388982 | -0.41230482405366575 | 0.8754809680171025:-0.5877903529449497 | -0.564060237846455 | 0.24898896459670183
-0.5877903529449497 | -0.564060237846455 | 0.24898896459670183 | -0.41230482405366575 | 0.8754809680171025:-0.5768264245161419 | -0.5597795939394459 | 0.28653305807321416
-0.5768264245161419 | -0.5597795939394459 | 0.28653305807321416 | -0.41230482405366575 | 0.8754809680171025:-0.5642008996720591 | -0.5547058597096566 | 0.32352292524037196
-0.5642008996720591 | -0.5547058597096566 | 0.32352292524037196 | -0.41230482405366575 | 0.8754809680171025:-0.5499382198563012 | -0.548849656917298 | 0.35986767164209255
-0.5499382198563012 | -0.548849656917298 | 0.35986767164209255 | -0.41230482405366575 | 0.8754809680171025:-0.5340669024460567 | -0.5422235396517365 | 0.3954777140040875
-0.5340669024460567 | -0.5422235396517365 | 0.3954777140040875 | -0.41230482405366575 | 0.8754809680171025:-0.516619479853361 | -0.5348419679744651 | 0.4302650047588088
-0.516619479853361 | -0.5348419679744651 | 0.4302650047588088 | -0.41230482405366575 | 0.8754809680171025:-0.497632428519168 | -0.5267212767669349 | 0.4641432531254246
-0.497632428519168 | -0.5267212767669349 | 0.4641432531254246 | -0.41230482405366575 | 0.8754809680171025:-0.4771460879676539 | -0.5178796398567442 | 0.49702814218812463
-0.4771460879676539 | -0.5178796398567442 | 0.49702814218812463 | -0.41230482405366575 | 0.8754809680171025:-0.4552045701137075 | -0.508337029507139 | 0.5288375414259079
-0.4552045701137075 | -0.508337029507139 | 0.5288375414259079 | -0.1418245215398124 | -0.6359932616801751:-0.472649880076915 | -0.5053731458973161 | 0.5185065926989196
-0.472649880076915 | -0.5053731458973161 | 0.5185065926989196 | -0.1418245215398124 | -0.6359932616801751:-0.48977537857524567 | -0.5024688309196819 | 0.5075789160857767
