0.0 | 0.0 | 0.0 | 0.9514836834542899 | -0.39043990642117143:-1.949866881972263E-4 | -4.755624040448936E-4 | 0.009986782294176887
-1.949866881972263E-4 | -4.755624040448936E-4 | 0.009986782294176887 | 0.9514836834542899 | -0.39043990642117143:-7.745816573843088E-4 | -0.0018904167270215044 | 0.019794856601002213
-7.745816573843088E-4 | -0.0018904167270215044 | 0.019794856601002213 | 0.9514836834542899 | -0.39043990642117143:-0.0017293033792009401 | -0.004223283392618127 | 0.02934830128318026
-0.0017293033792009401 | -0.004223283392618127 | 0.02934830128318026 | 0.9514836834542899 | -0.39043990642117143:-0.003047810672896173 | -0.007448297227028222 | 0.038573412429290285
-0.003047810672896173 | -0.007448297227028222 | 0.038573412429290285 | 0.9514836834542899 | -0.39043990642117143:-0.004716973330765843 | -0.01153517256235892 | 0.04739899962402094
-0.004716973330765843 | -0.01153517256235892 | 0.04739899962402094 | 0.2994283622364291 | -0.5731537410775063:-0.0072455503632958655 | -0.01461921154435264 | 0.05619923102573282
-0.0072455503632958655 | -0.01461921154435264 | 0.05619923102573282 | 0.2994283622364291 | -0.5731537410775063:-0.010269678276391928 | -0.01794598940558423 | 0.0647116073618356
-0.010269678276391928 | -0.01794598940558423 | 0.0647116073618356 | 0.2994283622364291 | -0.5731537410775063:-0.013773527098354839 | -0.02150760346267866 | 0.0729115572704252
-0.013773527098354839 | -0.02150760346267866 | 0.0729115572704252 | 0.2994283622364291 | -0.5731537410775063:-0.017740454562533294 | -0.025295718003540912 | 0.0807754257519318
-0.017740454562533294 | -0.025295718003540912 | 0.0807754257519318 | 0.2994283622364291 | -0.5731537410775063:-0.02215304354655269 | -0.029301583638289275 | 0.0882805042890828
-0.02215304354655269 | -0.029301583638289275 | 0.0882805042890828 | 0.2994283622364291 | -0.5731537410775063:-0.02699314026138322 | -0.03351605705499039 | 0.09540505919462039
-0.02699314026138322 | -0.03351605705499039 | 0.09540505919462039 | 0.2994283622364291 | -0.5731537410775063:-0.03224189312875994 | -0.03792962114821252 | 0.10212835816748989
-0.03224189312875994 | -0.03792962114821252 | 0.10212835816748989 | 0.2994283622364291 | -0.5731537410775063:-0.03787979228527022 | -0.0425324054883085 | 0.10843069504075964
-0.03787979228527022 | -0.0425324054883085 | 0.10843069504075964 | 0.2994283622364291 | -0.5731537410775063:-0.0438867096513057 | -0.04731420709924539 | 0.11429341270706639
-0.0438867096513057 | -0.04731420709924539 | 0.11429341270706639 | 0.2994283622364291 | -0.5731537410775063:-0.05024193950303399 | -0.05226451151276357 | 0.11969892420990691
-0.05024193950303399 | -0.05226451151276357 | 0.11969892420990691 | 0.2994283622364291 | -0.5731537410775063:-0.05692423948558001 | -0.05737251406664945 | 0.12463073199160313
-0.05692423948558001 | -0.05737251406664945 | 0.12463073199160313 | 0.2994283622364291 | -0.5731537410775063:-0.06391187200571763 | -0.06262714141493708 | 0.12907344529126363
-0.06391187200571763 | -0.06262714141493708 | 0.12907344529126363 | 0.2994283622364291 | -0.5731537410775063:-0.07118264594255636 | -0.06801707321794126 | 0.13301279568853674
-0.07118264594255636 | -0.06801707321794126 | 0.13301279568853674 | 0.2994283622364291 | -0.5731537410775063:-0.0787139586149661 | -0.07353076398013303 | 0.13643565079140085
-0.0787139586149661 | -0.07353076398013303 | 0.13643565079140085 | 0.2994283622364291 | -0.5731537410775063:-0.08648283794481415 | -0.07915646500402884 | 0.1393300260686683
-0.08648283794481415 | -0.07915646500402884 | 0.1393300260686683 | -0.9004711357254858 | -0.5608744409938109:-0.09451440436785807 | -0.0760754253850251 | 0.14657094238321355
-0.09451440436785807 | -0.0760754253850251 | 0.14657094238321355 | -0.9004711357254858 | -0.5608744409938109:-0.10287835350497476 | -0.07235488328429707 | 0.15339895127297232
-0.10287835350497476 | -0.07235488328429707 | 0.15339895127297232 | -0.9004711357254858 | -0.5608744409938109:-0.1115592876858561 | -0.06801928943138469 | 0.159759085851777
-0.1115592876858561 | -0.06801928943138469 | 0.159759085851777 | -0.9004711357254858 | -0.5608744409938109:-0.12053985894613872 | -0.06309626412972302 | 0.16559849995083775
-0.12053985894613872 | -0.06309626412972302 | 0.16559849995083775 | -0.9004711357254858 | -0.5608744409938109:-0.12980085293625976 | -0.05761646787127983 | 0.17086670110440005
-0.12980085293625976 | -0.05761646787127983 | 0.17086670110440005 | -0.35961916524931725 | -0.9827259985924279:-0.1429203274060986 | -0.056444177943402174 | 0.17107889870354054
-0.1429203274060986 | -0.056444177943402174 | 0.17107889870354054 | -0.35961916524931725 | -0.9827259985924279:-0.15626223766115865 | -0.05514586049694836 | 0.17035854124487315
-0.15626223766115865 | -0.05514586049694836 | 0.17035854124487315 | -0.35961916524931725 | -0.9827259985924279:-0.16976476554708997 | -0.05374429645268908 | 0.16868344034741867
-0.16976476554708997 | -0.05374429645268908 | 0.16868344034741867 | -0.35961916524931725 | -0.9827259985924279:-0.18336477875541468 | -0.0522627840187142 | 0.1660358672192923
-0.18336477875541468 | -0.0522627840187142 | 0.1660358672192923 | -0.35961916524931725 | -0.9827259985924279:-0.196998103382374 | -0.05072503967138653 | 0.1624026269131278
-0.196998103382374 | -0.05072503967138653 | 0.1624026269131278 | -0.10993557801372211 | -0.02680823739078364:-0.20282032225881919 | -0.05124766396800773 | 0.16703017606121717
-0.20282032225881919 | -0.05124766396800773 | 0.16703017606121717 | -0.10993557801372211 | -0.02680823739078364:-0.20859882899248028 | -0.05170554600586019 | 0.17160676171135325
-0.20859882899248028 | -0.05170554600586019 | 0.17160676171135325 | -0.10993557801372211 | -0.02680823739078364:-0.2143339927415453 | -0.052099610556677334 | 0.1761324000931217
-0.2143339927415453 | -0.052099610556677334 | 0.1761324000931217 | -0.10993557801372211 | -0.02680823739078364:-0.2200261787326152 | -0.052430774141176695 | 0.18060711181392008
-0.2200261787326152 | -0.052430774141176695 | 0.18060711181392008 | -0.10993557801372211 | -0.02680823739078364:-0.22567574830577675 | -0.05269994508786224 | 0.18503092178182712
-0.22567574830577675 | -0.05269994508786224 | 0.18503092178182712 | 0.9692603419692698 | -0.20617104420276466:-0.23294007434298614 | -0.06306296292706648 | 0.18419261290008215
-0.23294007434298614 | -0.06306296292706648 | 0.18419261290008215 | 0.9692603419692698 | -0.20617104420276466:-0.24017873117774569 | -0.07356158156929071 | 0.1826054245481883
-0.24017873117774569 | -0.07356158156929071 | 0.1826054245481883 | 0.9692603419692698 | -0.20617104420276466:-0.24738220033755898 | -0.0841489620850302 | 0.18025699510748439
-0.24738220033755898 | -0.0841489620850302 | 0.18025699510748439 | 0.9692603419692698 | -0.20617104420276466:-0.2545408115019314 | -0.09477750319942446 | 0.17713794000882466
-0.2545408115019314 | -0.09477750319942446 | 0.17713794000882466 | 0.9692603419692698 | -0.20617104420276466:-0.26164478020196835 | -0.10539901737354596 | 0.17324189087574826
-0.26164478020196835 | -0.10539901737354596 | 0.17324189087574826 | 0.9692603419692698 | -0.20617104420276466:-0.2686842457946783 | -0.11596490843587626 | 0.16856552410011894
-0.2686842457946783 | -0.11596490843587626 | 0.16856552410011894 | 0.9692603419692698 | -0.20617104420276466:-0.275649309586508 | -0.12642635017497872 | 0.16310857881031726
-0.275649309586508 | -0.12642635017497872 | 0.16310857881031726 | 0.9692603419692698 | -0.20617104420276466:-0.2825300729810145 | -0.13673446530517364 | 0.15687386422541838
-0.2825300729810145 | -0.13673446530517364 | 0.15687386422541838 | 0.9692603419692698 | -0.20617104420276466:-0.28931667552623885 | -0.14684050421957817 | 0.1498672564219321
-0.28931667552623885 | -0.14684050421957817 | 0.1498672564219321 | 0.9692603419692698 | -0.20617104420276466:-0.2959993327384849 | -0.15669602294916674 | 0.14209768457250682
-0.2959993327384849 | -0.15669602294916674 | 0.14209768457250682 | 0.9692603419692698 | -0.20617104420276466:-0.3025683735806073 | -0.16625305975252314 | 0.1335771067483913
-0.3025683735806073 | -0.16625305975252314 | 0.1335771067483913 | 0.9692603419692698 | -0.20617104420276466:-0.3090142774747333 | -0.17546430976863592 | 0.12432047540937052
-0.3090142774747333 | -0.17546430976863592 | 0.12432047540937052 | 0.9692603419692698 | -0.20617104420276466:-0.3153277107315038 | -0.18428329717444214 | 0.11434569273619033
-0.3153277107315038 | -0.18428329717444214 | 0.11434569273619033 | 0.9692603419692698 | -0.20617104420276466:-0.3214995622803629 | -0.1926645442997419 | 0.10367355599113726
-0.3214995622803629 | -0.1926645442997419 | 0.10367355599113726 | 0.9692603419692698 | -0.20617104420276466:-0.32752097858827867 | -0.2005637371646456 | 0.09232769312229028
-0.32752097858827867 | -0.2005637371646456 | 0.09232769312229028 | 0.9692603419692698 | -0.20617104420276466:-0.3333833976573999 | -0.20793788691871296 | 0.08033448885602468
-0.3333833976573999 | -0.20793788691871296 | 0.08033448885602468 | 0.9692603419692698 | -0.20617104420276466:-0.3390785819955706 | -0.214745486676434 | 0.06772300155042377
-0.3390785819955706 | -0.214745486676434 | 0.06772300155042377 | 0.9692603419692698 | -0.20617104420276466:-0.344598650457387 | -0.22094666326061763 | 0.05452487110940041
-0.344598650457387 | -0.22094666326061763 | 0.05452487110940041 | 0.9692603419692698 | -0.20617104420276466:-0.3499361088574773 | -0.22650332338346058 | 0.04077421828336192
-0.3499361088574773 | -0.22650332338346058 | 0.04077421828336192 | 0.9692603419692698 | -0.20617104420276466:-0.35508387926197393 | -0.2313792938146335 | 0.026507535707178675
-0.35508387926197393 | -0.2313792938146335 | 0.026507535707178675 | -0.8009792339773463 | 0.9542277671274175:-0.3577572330805321 | -0.233250526469301 | 0.053358026476470144
-0.3577572330805321 | -0.233250526469301 | 0.053358026476470144 | -0.8009792339773463 | 0.9542277671274175:-0.3590516509822326 | -0.23398328260287027 | 0.08069955578370447
-0.3590516509822326 | -0.23398328260287027 | 0.08069955578370447 | -0.8009792339773463 | 0.9542277671274175:-0.3589325481790251 | -0.23354597612667938 | 0.1084089813906779
-0.3589325481790251 | -0.23354597612667938 | 0.1084089813906779 | -0.8009792339773463 | 0.9542277671274175:-0.35737201220239534 | -0.23191254705047903 | 0.13635940385065393
-0.35737201220239534 | -0.23191254705047903 | 0.13635940385065393 | -0.8009792339773463 | 0.9542277671274175:-0.3543490060015486 | -0.2290626442664374 | 0.16442078177101482
-0.3543490060015486 | -0.2290626442664374 | 0.16442078177101482 | -0.914666992167906 | -0.2621896543642057:-0.36091779035301563 | -0.22398022214506597 | 0.1721155957083873
-0.36091779035301563 | -0.22398022214506597 | 0.1721155957083873 | -0.914666992167906 | -0.2621896543642057:-0.36756850222531234 | -0.21842881914111345 | 0.17952550262554556
-0.36756850222531234 | -0.21842881914111345 | 0.17952550262554556 | -0.914666992167906 | -0.2621896543642057:-0.37429775112180685 | -0.21242139069086452 | 0.18662249572962875
-0.37429775112180685 | -0.21242139069086452 | 0.18662249572962875 | -0.914666992167906 | -0.2621896543642057:-0.38110170576340074 | -0.20597242851530861 | 0.1933792677714381
-0.38110170576340074 | -0.20597242851530861 | 0.1933792677714381 | -0.914666992167906 | -0.2621896543642057:-0.38797610559966245 | -0.19909792264843684 | 0.19976929917326913
-0.38797610559966245 | -0.19909792264843684 | 0.19976929917326913 | -0.30211123587021405 | 0.9353029263387251:-0.38217496481792423 | -0.198184553547315 | 0.223063206068975
-0.38217496481792423 | -0.198184553547315 | 0.223063206068975 | -0.30211123587021405 | 0.9353029263387251:-0.3751342735829173 | -0.19686212822013793 | 0.24623880306452683
-0.3751342735829173 | -0.19686212822013793 | 0.24623880306452683 | -0.30211123587021405 | 0.9353029263387251:-0.36685398022789784 | -0.19513014713093924 | 0.2692217784537103
-0.36685398022789784 | -0.19513014713093924 | 0.2692217784537103 | -0.30211123587021405 | 0.9353029263387251:-0.35733806703659887 | -0.19298941143635417 | 0.2919376467330892
-0.35733806703659887 | -0.19298941143635417 | 0.2919376467330892 | -0.30211123587021405 | 0.9353029263387251:-0.34659455844099796 | -0.19044202745241812 | 0.31431198843413277
-0.34659455844099796 | -0.19044202745241812 | 0.31431198843413277 | -0.30211123587021405 | 0.9353029263387251:-0.33463551648143053 | -0.18749140700824896 | 0.3362706900444934
-0.33463551648143053 | -0.18749140700824896 | 0.3362706900444934 | -0.30211123587021405 | 0.9353029263387251:-0.32147702356217067 | -0.18414226369177378 | 0.35774018328412893
-0.32147702356217067 | -0.18414226369177378 | 0.35774018328412893 | -0.30211123587021405 | 0.9353029263387251:-0.30713915257323343 | -0.18040060500484145 | 0.37864768300647
-0.30713915257323343 | -0.18040060500484145 | 0.37864768300647 | -0.30211123587021405 | 0.9353029263387251:-0.29164592448630877 | -0.17627372045709677 | 0.3989214230012159
-0.29164592448630877 | -0.17627372045709677 | 0.3989214230012159 | -0.30211123587021405 | 0.9353029263387251:-0.275025253569515 | -0.17177016563995195 | 0.41849088898399067
-0.275025253569515 | -0.17177016563995195 | 0.41849088898399067 | 0.34202704929920724 | 0.2688531386882591:-0.2718100389192486 | -0.18049168501062418 | 0.4228775244890226
-0.2718100389192486 | -0.18049168501062418 | 0.4228775244890226 | 0.34202704929920724 | 0.2688531386882591:-0.26846478709614274 | -0.18933388583601385 | 0.42703759337614144
-0.26846478709614274 | -0.18933388583601385 | 0.42703759337614144 | 0.34202704929920724 | 0.2688531386882591:-0.26499377519612466 | -0.19829183811334516 | 0.4309659061826956
-0.26499377519612466 | -0.19829183811334516 | 0.4309659061826956 | 0.34202704929920724 | 0.2688531386882591:-0.26140135532343933 | -0.20736051011273027 | 0.43465746455588317
-0.26140135532343933 | -0.20736051011273027 | 0.43465746455588317 | 0.34202704929920724 | 0.2688531386882591:-0.2576919512805169 | -0.21653477261330245 | 0.4381074637853324
-0.2576919512805169 | -0.21653477261330245 | 0.4381074637853324 | 0.3183321180709555 | 0.055043906651908836:-0.258572544633477 | -0.22529049306364435 | 0.4388393597520519
-0.258572544633477 | -0.22529049306364435 | 0.4388393597520519 | 0.3183321180709555 | 0.055043906651908836:-0.2594211915259663 | -0.23409398475186194 | 0.43937564903438897
-0.2594211915259663 | -0.23409398475186194 | 0.43937564903438897 | 0.3183321180709555 | 0.055043906651908836:-0.2602388968951175 | -0.24294082835105613 | 0.43971543303217153
-0.2602388968951175 | -0.24294082835105613 | 0.43971543303217153 | 0.3183321180709555 | 0.055043906651908836:-0.26102666345763126 | -0.2518266027596674 | 0.4398579088836101
-0.26102666345763126 | -0.2518266027596674 | 0.4398579088836101 | 0.3183321180709555 | 0.055043906651908836:-0.2617854914303841 | -0.2607468868591063 | 0.43980236904602954
-0.2617854914303841 | -0.2607468868591063 | 0.43980236904602954 | 0.8132867500968408 | -0.96124563285599:-0.284176242841486 | -0.2804734684860275 | 0.4188467248638137
-0.284176242841486 | -0.2804734684860275 | 0.4188467248638137 | 0.8132867500968408 | -0.96124563285599:-0.30561577219192415 | -0.29943349282087617 | 0.3958366478415698
-0.30561577219192415 | -0.29943349282087617 | 0.3958366478415698 | 0.8132867500968408 | -0.96124563285599:-0.32599611383381344 | -0.31753415344132563 | 0.37084590301817144
-0.32599611383381344 | -0.31753415344132563 | 0.37084590301817144 | 0.8132867500968408 | -0.96124563285599:-0.34521296241918975 | -0.33468553975593807 | 0.3439581169645969
-0.34521296241918975 | -0.33468553975593807 | 0.3439581169645969 | 0.8132867500968408 | -0.96124563285599:-0.3631661888350166 | -0.350801079796792 | 0.31526646832782035
-0.3631661888350166 | -0.350801079796792 | 0.31526646832782035 | 0.8132867500968408 | -0.96124563285599:-0.3797603393198017 | -0.3657979697282219 | 0.2848733319042651
-0.3797603393198017 | -0.3657979697282219 | 0.2848733319042651 | 0.8132867500968408 | -0.96124563285599:-0.39490511537759687 | -0.37959758802339216 | 0.25288987777128114
-0.39490511537759687 | -0.37959758802339216 | 0.25288987777128114 | 0.8132867500968408 | -0.96124563285599:-0.4085158321919735 | -0.392125892329771 | 0.21943562721517296
-0.4085158321919735 | -0.392125892329771 | 0.21943562721517296 | 0.8132867500968408 | -0.96124563285599:-0.4205138533401076 | -0.40331379712279514 | 0.18463796739604277
-0.4205138533401076 | -0.40331379712279514 | 0.18463796739604277 | 0.8132867500968408 | -0.96124563285599:-0.4308269997143199 | -0.4130975303339941 | 0.14863162688245168
-0.4308269997143199 | -0.4130975303339941 | 0.14863162688245168 | 0.8132867500968408 | -0.96124563285599:-0.4393899306755067 | -0.42141896723503613 | 0.11155811437190977
-0.4393899306755067 | -0.42141896723503613 | 0.11155811437190977 | 0.8132867500968408 | -0.96124563285599:-0.44614449558867264 | -0.42822593996215197 | 0.07356512308522056
-0.44614449558867264 | -0.42822593996215197 | 0.07356512308522056 | 0.8132867500968408 | -0.96124563285599:-0.4510400540250963 | -0.4334725211756947 | 0.03480590348369361
-0.4510400540250963 | -0.4334725211756947 | 0.03480590348369361 | 0.8132867500968408 | -0.96124563285599:-0.45403376305758414 | -0.4371192804667743 | -0.0045613928933896375
-0.45403376305758414 | -0.4371192804667743 | -0.0045613928933896375 | 0.8132867500968408 | -0.96124563285599:-0.455090830224556 | -0.43913351224621877 | -0.044374395537658984
-0.455090830224556 | -0.43913351224621877 | -0.044374395537658984 | 0.8132867500968408 | -0.96124563285599:-0.4541847308940419 | -0.4394894339803166 | -0.08446721997121287
-0.4541847308940419 | -0.4394894339803166 | -0.08446721997121287 | 0.8132867500968408 | -0.96124563285599:-0.4512973889201213 | -0.43816835377193897 | -0.12467119247261493
-0.4512973889201213 | -0.43816835377193897 | -0.12467119247261493 | 0.8132867500968408 | -0.96124563285599:-0.4464193196503956 | -0.43515880642441473 | -0.16481559127093348
-0.4464193196503956 | -0.43515880642441473 | -0.16481559127093348 | 0.8132867500968408 | -0.96124563285599:-0.43954973451367607 | -0.4304566572680564 | -0.20472840087024835
-0.43954973451367607 | -0.4304566572680564 | -0.20472840087024835 | 0.8132867500968408 | -0.96124563285599:-0.4306966065909066 | -0.4240651731751761 | -0.24423707610261403
-0.4306966065909066 | -0.4240651731751761 | -0.24423707610261403 | 0.8132867500968408 | -0.96124563285599:-0.41987669674888295 | -0.4159950603376892 | -0.2831693124588206
-0.41987669674888295 | -0.4159950603376892 | -0.2831693124588206 | 0.8132867500968408 | -0.96124563285599:-0.4071155400948818 | -0.40626446853178777 | -0.3213538192129626
-0.4071155400948818 | -0.40626446853178777 | -0.3213538192129626 | 0.8132867500968408 | -0.96124563285599:-0.3924473926897214 | -0.3948989617456924 | -0.3586210918392716
-0.3924473926897214 | -0.3948989617456924 | -0.3586210918392716 | 0.8132867500968408 | -0.96124563285599:-0.3759151386366497 | -0.3819314551984654 | -0.3948041802178963
-0.3759151386366497 | -0.3819314551984654 | -0.3948041802178963 | 0.8132867500968408 | -0.96124563285599:-0.357570157842666 | -0.36740211892998076 | -0.42973944914035656
-0.357570157842666 | -0.36740211892998076 | -0.42973944914035656 | -0.2963191272148502 | 0.30000885539778177:-0.36569431412975106 | -0.3755779297760249 | -0.42091041581952027
-0.36569431412975106 | -0.3755779297760249 | -0.42091041581952027 | -0.2963191272148502 | 0.30000885539778177:-0.3736954794573144 | -0.38363374205662737 | -0.4117653248032269
-0.3736954794573144 | -0.38363374205662737 | -0.4117653248032269 | -0.2963191272148502 | 0.30000885539778177:-0.3815677142199547 | -0.3915636674071017 | -0.4023082835384546
-0.3815677142199547 | -0.3915636674071017 | -0.4023082835384546 | -0.2963191272148502 | 0.30000885539778177:-0.38930516135577165 | -0.3993618973680064 | -0.3925436069313495
-0.38930516135577165 | -0.3993618973680064 | -0.3925436069313495 | -0.2963191272148502 | 0.30000885539778177:-0.39690204971096676 | -0.40702270673400065 | -0.3824758140002267
-0.39690204971096676 | -0.40702270673400065 | -0.3824758140002267 | -0.009902227760748561 | -0.44964632307532715:-0.3899916715163094 | -0.40908295020492247 | -0.39289706386192336
-0.3899916715163094 | -0.40908295020492247 | -0.39289706386192336 | -0.009902227760748561 | -0.44964632307532715:-0.38279053569815247 | -0.4111305243920391 | -0.40317967059732496
-0.38279053569815247 | -0.4111305243920391 | -0.40317967059732496 | -0.009902227760748561 | -0.44964632307532715:-0.37530197613718386 | -0.4131655489219419 | -0.41331564276714516
-0.37530197613718386 | -0.4131655489219419 | -0.41331564276714516 | -0.009902227760748561 | -0.44964632307532715:-0.36752953735557625 | -0.4151881368483643 | -0.4232970842869612
-0.36752953735557625 | -0.4151881368483643 | -0.4232970842869612 | -0.009902227760748561 | -0.44964632307532715:-0.3594769715832058 | -0.4171983947345943 | -0.4331161996622974
-0.3594769715832058 | -0.4171983947345943 | -0.4331161996622974 | -0.009902227760748561 | -0.44964632307532715:-0.3511482357029365 | -0.41919642273838775 | -0.44276529913464735
-0.3511482357029365 | -0.41919642273838775 | -0.44276529913464735 | -0.009902227760748561 | -0.44964632307532715:-0.34254748807740043 | -0.42118231469932255 | -0.4522368037358593
-0.34254748807740043 | -0.42118231469932255 | -0.4522368037358593 | -0.009902227760748561 | -0.44964632307532715:-0.3336790852600444 | -0.4231561582285366 | -0.46152325024838525
-0.3336790852600444 | -0.4231561582285366 | -0.46152325024838525 | -0.009902227760748561 | -0.44964632307532715:-0.3245475785930054 | -0.4251180348007928 | -0.4706172960689834
-0.3245475785930054 | -0.4251180348007928 | -0.4706172960689834 | -0.009902227760748561 | -0.44964632307532715:-0.3151577106944572 | -0.42706801984883214 | -0.4795117239734843
-0.3151577106944572 | -0.42706801984883214 | -0.4795117239734843 | 0.6954830946069936 | 0.9135076189179248:-0.33873090495756486 | -0.4117710517549007 | -0.48107175719732886
-0.33873090495756486 | -0.4117710517549007 | -0.48107175719732886 | 0.6954830946069936 | 0.9135076189179248:-0.36240032756103346 | -0.3963461464202105 | -0.48099484907149304
-0.36240032756103346 | -0.3963461464202105 | -0.48099484907149304 | 0.6954830946069936 | 0.9135076189179248:-0.38608882388879096 | -0.380852092968734 | -0.47926897652329714
-0.38608882388879096 | -0.380852092968734 | -0.47926897652329714 | 0.6954830946069936 | 0.9135076189179248:-0.40971862536589043 | -0.36534824636157737 | -0.475887928604239
-0.40971862536589043 | -0.36534824636157737 | -0.475887928604239 | 0.6954830946069936 | 0.9135076189179248:-0.43321162942729785 | -0.3498943152036773 | -0.47085135906886766
-0.43321162942729785 | -0.3498943152036773 | -0.47085135906886766 | 0.6954830946069936 | 0.9135076189179248:-0.45648968174950966 | -0.33455014745656086 | -0.46416481761244555
-0.45648968174950966 | -0.33455014745656086 | -0.46416481761244555 | 0.6954830946069936 | 0.9135076189179248:-0.47947485970957615 | -0.31937551484244153 | -0.4558397596034869
-0.47947485970957615 | -0.31937551484244153 | -0.4558397596034869 | 0.6954830946069936 | 0.9135076189179248:-0.5020897560307418 | -0.30442989673059984 | -0.44589353422632527
-0.5020897560307418 | -0.30442989673059984 | -0.44589353422632527 | 0.6954830946069936 | 0.9135076189179248:-0.5242577615721586 | -0.28977226429959657 | -0.4343493510282439
-0.5242577615721586 | -0.28977226429959657 | -0.4343493510282439 | 0.6954830946069936 | 0.9135076189179248:-0.5459033462221399 | -0.27546086576868234 | -0.4212362249450221
-0.5459033462221399 | -0.27546086576868234 | -0.4212362249450221 | 0.6954830946069936 | 0.9135076189179248:-0.5669523368606662 | -0.2615530134885624 | -0.4065888999578302
-0.5669523368606662 | -0.2615530134885624 | -0.4065888999578302 | 0.6954830946069936 | 0.9135076189179248:-0.5873321913661655 | -0.24810487367570033 | -0.39044775161292833
-0.5873321913661655 | -0.24810487367570033 | -0.39044775161292833 | 0.6954830946069936 | 0.9135076189179248:-0.6069722676553937 | -0.23517125956542273 | -0.37285866871323137
-0.6069722676553937 | -0.23517125956542273 | -0.37285866871323137 | 0.6954830946069936 | 0.9135076189179248:-0.6258040867622299 | -0.22280542874734977 | -0.3538729145673276
-0.6258040867622299 | -0.22280542874734977 | -0.3538729145673276 | 0.6954830946069936 | 0.9135076189179248:-0.6437615889819313 | -0.21105888543220175 | -0.3335469682566319
-0.6437615889819313 | -0.21105888543220175 | -0.3335469682566319 | 0.6954830946069936 | 0.9135076189179248:-0.6607813821318445 | -0.19998118838176993 | -0.3119423464547526
-0.6607813821318445 | -0.19998118838176993 | -0.3119423464547526 | 0.6954830946069936 | 0.9135076189179248:-0.6768029810071994 | -0.1896197652140046 | -0.2891254064046196
-0.6768029810071994 | -0.1896197652140046 | -0.2891254064046196 | 0.6954830946069936 | 0.9135076189179248:-0.6917690371417891 | -0.18001973377261749 | -0.26516713072816867
-0.6917690371417891 | -0.18001973377261749 | -0.26516713072816867 | 0.6954830946069936 | 0.9135076189179248:-0.7056255580176796 | -0.1712237312256235 | -0.2401428948101949
-0.7056255580176796 | -0.1712237312256235 | -0.2401428948101949 | 0.6954830946069936 | 0.9135076189179248:-0.7183221149055328 | -0.16327175152992623 | -0.21413221756208412
-0.7183221149055328 | -0.16327175152992623 | -0.21413221756208412 | 0.6954830946069936 | 0.9135076189179248:-0.729812038557462 | -0.15620099186933345 | -0.1872184964323309
-0.729812038557462 | -0.15620099186933345 | -0.1872184964323309 | 0.6954830946069936 | 0.9135076189179248:-0.740052602017812 | -0.15004570864135047 | -0.15948872758881194
-0.740052602017812 | -0.15004570864135047 | -0.15948872758881194 | 0.6954830946069936 | 0.9135076189179248:-0.7490051898627357 | -0.14483708353431268 | -0.13103321225247555
-0.7490051898627357 | -0.14483708353431268 | -0.13103321225247555 | 0.6954830946069936 | 0.9135076189179248:-0.756635453228327 | -0.14060310020036582 | -0.1019452502132987
-0.756635453228327 | -0.14060310020036582 | -0.1019452502132987 | 0.6954830946069936 | 0.9135076189179248:-0.762913450037253 | -0.13736843199200166 | -0.07232082160680076
-0.762913450037253 | -0.13736843199200166 | -0.07232082160680076 | 0.6954830946069936 | 0.9135076189179248:-0.7678137698871481 | -0.135154341190578 | -0.04225825807297312
-0.7678137698871481 | -0.135154341190578 | -0.04225825807297312 | 0.6954830946069936 | 0.9135076189179248:-0.7713156431183279 | -0.13397859011389812 | -0.011857904459007473
-0.7713156431183279 | -0.13397859011389812 | -0.011857904459007473 | 0.6954830946069936 | 0.9135076189179248:-0.7734030336353683 | -0.1338553644479532 | 0.01877822773744886
-0.7734030336353683 | -0.1338553644479532 | 0.01877822773744886 | 0.6954830946069936 | 0.9135076189179248:-0.7740647151147115 | -0.1347952091039133 | 0.04954681395674165
-0.7740647151147115 | -0.1347952091039133 | 0.04954681395674165 | 0.6954830946069936 | 0.9135076189179248:-0.7732943302901631 | -0.13680497685688664 | 0.08034357594295738
-0.7732943302901631 | -0.13680497685688664 | 0.08034357594295738 | -0.027573648797414974 | 0.5720227014102306:-0.7727310945815304 | -0.1370587543500008 | 0.1028870081864659
-0.7727310945815304 | -0.1370587543500008 | 0.1028870081864659 | -0.027573648797414974 | 0.5720227014102306:-0.771494242706332 | -0.1372774306313076 | 0.12546129942856288
-0.771494242706332 | -0.1372774306313076 | 0.12546129942856288 | -0.027573648797414974 | 0.5720227014102306:-0.7695818912041119 | -0.13746092716091596 | 0.14804571287522172
-0.7695818912041119 | -0.13746092716091596 | 0.14804571287522172 | -0.027573648797414974 | 0.5720227014102306:-0.7669928036810489 | -0.1376091962763084 | 0.1706194447313294
-0.7669928036810489 | -0.1376091962763084 | 0.1706194447313294 | -0.027573648797414974 | 0.5720227014102306:-0.7637263925153377 | -0.1377222212911633 | 0.19316164451059503
-0.7637263925153377 | -0.1377222212911633 | 0.19316164451059503 | -0.027573648797414974 | 0.5720227014102306:-0.759782719931259 | -0.13780001656378715 | 0.21565143536954068
-0.759782719931259 | -0.13780001656378715 | 0.21565143536954068 | -0.027573648797414974 | 0.5720227014102306:-0.7551624984426368 | -0.13784262753511456 | 0.2380679344462422
-0.7551624984426368 | -0.13784262753511456 | 0.2380679344462422 | -0.027573648797414974 | 0.5720227014102306:-0.7498670906667613 | -0.13785013073631802 | 0.26039027318453956
-0.7498670906667613 | -0.13785013073631802 | 0.26039027318453956 | -0.027573648797414974 | 0.5720227014102306:-0.7438985085104761 | -0.13782263376609905 | 0.28259761762451463
-0.7438985085104761 | -0.13782263376609905 | 0.28259761762451463 | -0.027573648797414974 | 0.5720227014102306:-0.7372594117307258 | -0.13776027523780954 | 0.304669188640152
-0.7372594117307258 | -0.13776027523780954 | 0.304669188640152 | 0.5442942501065913 | -0.7607990893659826:-0.7499262300038296 | -0.14634321982022414 | 0.2731927983853568
-0.7499262300038296 | -0.14634321982022414 | 0.2731927983853568 | 0.5442942501065913 | -0.7607990893659826:-0.7613832931534859 | -0.1540801845276647 | 0.24095308622623524
-0.7613832931534859 | -0.1540801845276647 | 0.24095308622623524 | 0.5442942501065913 | -0.7607990893659826:-0.7716001563141148 | -0.16094834354306187 | 0.20802025970059912
-0.7716001563141148 | -0.16094834354306187 | 0.20802025970059912 | 0.5442942501065913 | -0.7607990893659826:-0.780549139391546 | -0.1669268242267279 | 0.1744664074323552
-0.780549139391546 | -0.1669268242267279 | 0.1744664074323552 | 0.5442942501065913 | -0.7607990893659826:-0.7882054007324371 | -0.17199676205589043 | 0.1403653340225901
-0.7882054007324371 | -0.17199676205589043 | 0.1403653340225901 | 0.5442942501065913 | -0.7607990893659826:-0.794547004155362 | -0.17614135087549698 | 0.10579239052563327
-0.794547004155362 | -0.17614135087549698 | 0.10579239052563327 | 0.5442942501065913 | -0.7607990893659826:-0.7995549791769747 | -0.17934588833558962 | 0.07082430091240344
-0.7995549791769747 | -0.17934588833558962 | 0.07082430091240344 | 0.5442942501065913 | -0.7607990893659826:-0.8032133742829615 | -0.18159781640209616 | 0.03553898493290042
-0.8032133742829615 | -0.18159781640209616 | 0.03553898493290042 | 0.5442942501065913 | -0.7607990893659826:-0.8055093031100569 | -0.18288675683973565 | 1.5377798306737134E-5
-0.8055093031100569 | -0.18288675683973565 | 1.5377798306737134E-5 | 0.5442942501065913 | -0.7607990893659826:-0.8064329834224537 | -0.1832045415776662 | -0.03566675288926113
-0.8064329834224537 | -0.1832045415776662 | -0.03566675288926113 | 0.5442942501065913 | -0.7607990893659826:-0.805977768783066 | -0.18254523788083787 | -0.07142699252476259
-0.805977768783066 | -0.18254523788083787 | -0.07142699252476259 | 0.5442942501065913 | -0.7607990893659826:-0.8041401728376201 | -0.18090516826223535 | -0.10718446676588922
-0.8041401728376201 | -0.18090516826223535 | -0.10718446676588922 | 0.5442942501065913 | -0.7607990893659826:-0.8009198861469287 | -0.17828292508393417 | -0.14285803023179788
-0.8009198861469287 | -0.17828292508393417 | -0.14285803023179788 | 0.5442942501065913 | -0.7607990893659826:-0.7963197855209074 | -0.1746793798074222 | -0.17836645618694558
-0.7963197855209074 | -0.1746793798074222 | -0.17836645618694558 | 0.5442942501065913 | -0.7607990893659826:-0.790345935825087 | -0.1700976868662778 | -0.2136286267596912
-0.790345935825087 | -0.1700976868662778 | -0.2136286267596912 | -0.5926683051596795 | 0.8301229488265305:-0.7998804674931819 | -0.17669809740596065 | -0.17586447424134422
-0.7998804674931819 | -0.17669809740596065 | -0.17586447424134422 | -0.5926683051596795 | 0.8301229488265305:-0.8078290919853401 | -0.18218317402332218 | -0.13748013926425617
-0.8078290919853401 | -0.18218317402332218 | -0.13748013926425617 | -0.5926683051596795 | 0.8301229488265305:-0.8141656383548366 | -0.18653266807034186 | -0.09857607961887727
-0.8141656383548366 | -0.18653266807034186 | -0.09857607961887727 | -0.5926683051596795 | 0.8301229488265305:-0.8188682211119129 | -0.18972936519680417 | -0.05925449864407506
-0.8188682211119129 | -0.18972936519680417 | -0.05925449864407506 | -0.5926683051596795 | 0.8301229488265305:-0.8219193121988866 | -0.19175914082203604 | -0.019619068788562455
-0.8219193121988866 | -0.19175914082203604 | -0.019619068788562455 | -0.5926683051596795 | 0.8301229488265305:-0.8233058010195009 | -0.19261100714727064 | 0.020225349459928044
-0.8233058010195009 | -0.19261100714727064 | 0.020225349459928044 | -0.5926683051596795 | 0.8301229488265305:-0.8230190423404053 | -0.1922771515670263 | 0.060172992499961
-0.8230190423404053 | -0.1922771515670263 | 0.060172992499961 | -0.5926683051596795 | 0.8301229488265305:-0.821054891916134 | -0.19075296636189876 | 0.1001174816073176
-0.821054891916134 | -0.19075296636189876 | 0.1001174816073176 | -0.5926683051596795 | 0.8301229488265305:-0.817413729723512 | -0.1880370695791953 | 0.13995211319369227
-0.817413729723512 | -0.1880370695791953 | 0.13995211319369227 | -0.5926683051596795 | 0.8301229488265305:-0.8121004707254116 | -0.18413131703267993 | 0.17957015052862468
-0.8121004707254116 | -0.18413131703267993 | 0.17957015052862468 | -0.5926683051596795 | 0.8301229488265305:-0.8051245631189516 | -0.17904080537706335 | 0.21886511611566828
-0.8051245631189516 | -0.17904080537706335 | 0.21886511611566828 | -0.5926683051596795 | 0.8301229488265305:-0.7964999740577667 | -0.1727738662380034 | 0.2577310839115796
-0.7964999740577667 | -0.1727738662380034 | 0.2577310839115796 | -0.5926683051596795 | 0.8301229488265305:-0.7862451628727598 | -0.16534205140304437 | 0.29606297057733766
-0.7862451628727598 | -0.16534205140304437 | 0.29606297057733766 | -0.5926683051596795 | 0.8301229488265305:-0.7743830418509532 | -0.1567601091037858 | 0.3337568249521148
-0.7743830418509532 | -0.1567601091037858 | 0.3337568249521148 | -0.5926683051596795 | 0.8301229488265305:-0.7609409246659311 | -0.14704595144460342 | 0.3707101149458598
-0.7609409246659311 | -0.14704595144460342 | 0.3707101149458598 | 0.9445250778473122 | 0.7409838001024385:-0.7481847301354634 | -0.16465231269652492 | 0.39193305837928705
-0.7481847301354634 | -0.16465231269652492 | 0.39193305837928705 | 0.9445250778473122 | 0.7409838001024385:-0.7346467214504173 | -0.18326794753655662 | 0.41183945759949836
-0.7346467214504173 | -0.18326794753655662 | 0.41183945759949836 | 0.9445250778473122 | 0.7409838001024385:-0.7203774365818418 | -0.20283043613410712 | 0.430352233041007
-0.7203774365818418 | -0.20283043613410712 | 0.430352233041007 | 0.9445250778473122 | 0.7409838001024385:-0.7054302335121747 | -0.22327364543405537 | 0.44739923704077533
-0.7054302335121747 | -0.22327364543405537 | 0.44739923704077533 | 0.9445250778473122 | 0.7409838001024385:-0.6898610987481959 | -0.24452796662266962 | 0.46291353569803917
