0.0 | 0.0 | 0.0 | 0.6747684191767451 | -0.28834612985934416:-1.4408602626834002E-4 | -3.3732020688903575E-4 | 0.009993270450411042
-1.4408602626834002E-4 | -3.3732020688903575E-4 | 0.009993270450411042 | 0.6747684191767451 | -0.28834612985934416:-5.729131854586988E-4 | -0.001341700681685154 | 0.019846450810225312
-5.729131854586988E-4 | -0.001341700681685154 | 0.019846450810225312 | 0.6747684191767451 | -0.28834612985934416:-0.0012808157561765283 | -0.003000544311881237 | 0.02952127446149925
-0.0012808157561765283 | -0.003000544311881237 | 0.02952127446149925 | 0.6747684191767451 | -0.28834612985934416:-0.002261452535303936 | -0.005299656866617708 | 0.038980429672423836
-0.002261452535303936 | -0.005299656866617708 | 0.038980429672423836 | 0.6747684191767451 | -0.28834612985934416:-0.0035078289439008856 | -0.008223297538829666 | 0.04818763038885292
-0.0035078289439008856 | -0.008223297538829666 | 0.04818763038885292 | 0.6747684191767451 | -0.28834612985934416:-0.0050123201537268 | -0.011754231923919 | 0.05710768418246839
-0.0050123201537268 | -0.011754231923919 | 0.05710768418246839 | 0.6747684191767451 | -0.28834612985934416:-0.006766695180791035 | -0.01587378731104616 | 0.0657065572658638
-0.006766695180791035 | -0.01587378731104616 | 0.0657065572658638 | 0.6747684191767451 | -0.28834612985934416:-0.008762141891316143 | -0.0205619101606338 | 0.07395143649083435
-0.008762141891316143 | -0.0205619101606338 | 0.07395143649083435 | 0.6747684191767451 | -0.28834612985934416:-0.010989292864573147 | -0.02579722563941056 | 0.08181078825223354
-0.010989292864573147 | -0.02579722563941056 | 0.08181078825223354 | 0.6747684191767451 | -0.28834612985934416:-0.013438252056223295 | -0.03155709908228732 | 0.08925441422588587
-0.013438252056223295 | -0.03155709908228732 | 0.08925441422588587 | 0.6747684191767451 | -0.28834612985934416:-0.016098622205076324 | -0.03781769924856082 | 0.09625350387521858
-0.016098622205076324 | -0.03781769924856082 | 0.09625350387521858 | 0.6747684191767451 | -0.28834612985934416:-0.018959532925550984 | -0.04455406323837274 | 0.10278068366748905
-0.018959532925550984 | -0.04455406323837274 | 0.10278068366748905 | 0.6747684191767451 | -0.28834612985934416:-0.02200966942759934 | -0.05174016293401906 | 0.10881006294671602
-0.02200966942759934 | -0.05174016293401906 | 0.10881006294671602 | 0.6747684191767451 | -0.28834612985934416:-0.025237301805431572 | -0.059348972829608604 | 0.11431727641668199
-0.025237301805431572 | -0.059348972829608604 | 0.11431727641668199 | 0.6747684191767451 | -0.28834612985934416:-0.02863031483605316 | -0.06735253911169692 | 0.11927952319362789
-0.02863031483605316 | -0.06735253911169692 | 0.11927952319362789 | 0.6747684191767451 | -0.28834612985934416:-0.03217623822839935 | -0.07572204985289588 | 0.12367560239451936
-0.03217623822839935 | -0.07572204985289588 | 0.12367560239451936 | 0.6747684191767451 | -0.28834612985934416:-0.03586227726372293 | -0.08442790618003859 | 0.12748594523300638
-0.03586227726372293 | -0.08442790618003859 | 0.12748594523300638 | 0.6747684191767451 | -0.28834612985934416:-0.03967534376786047 | -0.09343979427831584 | 0.13069264360141575
-0.03967534376786047 | -0.09343979427831584 | 0.13069264360141575 | 0.4062216628582478 | -0.6542978848351293:-0.04607806633294664 | -0.10091970876434364 | 0.13382590005357864
-0.04607806633294664 | -0.10091970876434364 | 0.13382590005357864 | 0.4062216628582478 | -0.6542978848351293:-0.05275637779215209 | -0.10854145456786068 | 0.13635762031424425
-0.05275637779215209 | -0.10854145456786068 | 0.13635762031424425 | 0.4062216628582478 | -0.6542978848351293:-0.05968069724279895 | -0.11628718732493515 | 0.13827143078848803
-0.05968069724279895 | -0.11628718732493515 | 0.13827143078848803 | 0.4062216628582478 | -0.6542978848351293:-0.06682088200155628 | -0.12413869188442872 | 0.13955277823240753
-0.06682088200155628 | -0.12413869188442872 | 0.13955277823240753 | 0.4062216628582478 | -0.6542978848351293:-0.07414630376666798 | -0.1320774294026701 | 0.14018895176170343
-0.07414630376666798 | -0.1320774294026701 | 0.14018895176170343 | 0.4062216628582478 | -0.6542978848351293:-0.08162592516952605 | -0.14008458472172824 | 0.14016910070129684
-0.08162592516952605 | -0.14008458472172824 | 0.14016910070129684 | 0.4062216628582478 | -0.6542978848351293:-0.08922837655949045 | -0.1481411139343356 | 0.1394842482794929
-0.08922837655949045 | -0.1481411139343356 | 0.1394842482794929 | 0.4062216628582478 | -0.6542978848351293:-0.09692203286694634 | -0.15622779203913018 | 0.13812730117795713
-0.09692203286694634 | -0.15622779203913018 | 0.13812730117795713 | 0.4062216628582478 | -0.6542978848351293:-0.10467509039094547 | -0.16432526059062535 | 0.13609305495642632
-0.10467509039094547 | -0.16432526059062535 | 0.13609305495642632 | 0.4062216628582478 | -0.6542978848351293:-0.11245564335939795 | -0.17241407524926666 | 0.13337819537862305
-0.11245564335939795 | -0.17241407524926666 | 0.13337819537862305 | 0.4062216628582478 | -0.6542978848351293:-0.12023176011165093 | -0.180474753138002 | 0.12998129567327332
-0.12023176011165093 | -0.180474753138002 | 0.12998129567327332 | 0.4062216628582478 | -0.6542978848351293:-0.1279715587554131 | -0.1884878199130502 | 0.12590280977141122
-0.1279715587554131 | -0.1884878199130502 | 0.12590280977141122 | 0.4062216628582478 | -0.6542978848351293:-0.13564328215234966 | -0.1964338564579422 | 0.12114506156830629
-0.13564328215234966 | -0.1964338564579422 | 0.12114506156830629 | 0.4062216628582478 | -0.6542978848351293:-0.14321537208927704 | -0.20429354511145092 | 0.11571223026534705
-0.14321537208927704 | -0.20429354511145092 | 0.11571223026534705 | 0.4062216628582478 | -0.6542978848351293:-0.15065654249471305 | -0.21204771534171796 | 0.10961033185402735
-0.15065654249471305 | -0.21204771534171796 | 0.10961033185402735 | 0.4062216628582478 | -0.6542978848351293:-0.1579358515636009 | -0.21967738878072174 | 0.10284719681084731
-0.1579358515636009 | -0.21967738878072174 | 0.10284719681084731 | 0.4062216628582478 | -0.6542978848351293:-0.16502277265628962 | -0.2271638235351805 | 0.09543244407839868
-0.16502277265628962 | -0.2271638235351805 | 0.09543244407839868 | 0.4062216628582478 | -0.6542978848351293:-0.1718872638413389 | -0.23448855769208965 | 0.08737745141417896
-0.1718872638413389 | -0.23448855769208965 | 0.08737745141417896 | 0.4062216628582478 | -0.6542978848351293:-0.17849983595539154 | -0.24163345193932884 | 0.07869532219473774
-0.17849983595539154 | -0.24163345193932884 | 0.07869532219473774 | 0.4062216628582478 | -0.6542978848351293:-0.18483161905722456 | -0.2485807312240791 | 0.06940084876863262
-0.18483161905722456 | -0.2485807312240791 | 0.06940084876863262 | 0.4062216628582478 | -0.6542978848351293:-0.19085442715715173 | -0.255313025374293 | 0.0595104724572848
-0.19085442715715173 | -0.255313025374293 | 0.0595104724572848 | 0.4062216628582478 | -0.6542978848351293:-0.1965408211071762 | -0.2618134086110073 | 0.04904224030825466
-0.1965408211071762 | -0.2618134086110073 | 0.04904224030825466 | 0.4062216628582478 | -0.6542978848351293:-0.20186416954167763 | -0.26806543788196446 | 0.03801575871061047
-0.20186416954167763 | -0.26806543788196446 | 0.03801575871061047 | 0.4062216628582478 | -0.6542978848351293:-0.2067987077629856 | -0.27405318994979044 | 0.026452143987016452
-0.2067987077629856 | -0.27405318994979044 | 0.026452143987016452 | 0.4062216628582478 | -0.6542978848351293:-0.211319594470877 | -0.27976129717084586 | 0.014373970081837939
-0.211319594470877 | -0.27976129717084586 | 0.014373970081837939 | 0.08089138757716019 | -0.8334370715617712:-0.21560368899400606 | -0.2849933038822634 | 0.004509212669612239
-0.21560368899400606 | -0.2849933038822634 | 0.004509212669612239 | 0.08089138757716019 | -0.8334370715617712:-0.21943221226851728 | -0.2901338936421629 | -0.005729618622957844
-0.21943221226851728 | -0.2901338936421629 | -0.005729618622957844 | 0.08089138757716019 | -0.8334370715617712:-0.22278288294173798 | -0.295181336249037 | -0.01631900162270128
-0.22278288294173798 | -0.295181336249037 | -0.01631900162270128 | 0.08089138757716019 | -0.8334370715617712:-0.22563465506581704 | -0.30013401423353514 | -0.027234247285746527
-0.22563465506581704 | -0.30013401423353514 | -0.027234247285746527 | 0.08089138757716019 | -0.8334370715617712:-0.22796777345701624 | -0.30499042841112 | -0.03844956518123421
-0.22796777345701624 | -0.30499042841112 | -0.03844956518123421 | -0.6481212253116277 | 0.15753291796117552:-0.23186606719957936 | -0.3110129203701808 | -0.027182561188206833
-0.23186606719957936 | -0.3110129203701808 | -0.027182561188206833 | -0.6481212253116277 | 0.15753291796117552:-0.23563920177553488 | -0.3166291008730244 | -0.015504388575015238
-0.23563920177553488 | -0.3166291008730244 | -0.015504388575015238 | -0.6481212253116277 | 0.15753291796117552:-0.23928291328373863 | -0.32182011602360916 | -0.0034329408046556154
-0.23928291328373863 | -0.32182011602360916 | -0.0034329408046556154 | -0.6481212253116277 | 0.15753291796117552:-0.24279312385720342 | -0.3265678747593874 | 0.009013098125558727
-0.24279312385720342 | -0.3265678747593874 | 0.009013098125558727 | -0.6481212253116277 | 0.15753291796117552:-0.24616594845499762 | -0.3308550772479535 | 0.021814287819017508
-0.24616594845499762 | -0.3308550772479535 | 0.021814287819017508 | -0.6481212253116277 | 0.15753291796117552:-0.24939770131086814 | -0.3346652418882279 | 0.034950466598203
-0.24939770131086814 | -0.3346652418882279 | 0.034950466598203 | -0.6481212253116277 | 0.15753291796117552:-0.2524849020317488 | -0.33798273088705777 | 0.048400787548363855
-0.2524849020317488 | -0.33798273088705777 | 0.048400787548363855 | -0.6481212253116277 | 0.15753291796117552:-0.25542428133980977 | -0.3407927743842407 | 0.06214375542757011
-0.25542428133980977 | -0.3407927743842407 | 0.06214375542757011 | -0.6481212253116277 | 0.15753291796117552:-0.25821278645227963 | -0.3430814931011774 | 0.07615726438354731
-0.25821278645227963 | -0.3430814931011774 | 0.07615726438354731 | -0.6481212253116277 | 0.15753291796117552:-0.2608475860937922 | -0.344835919490615 | 0.0904186364170565
-0.2608475860937922 | -0.344835919490615 | 0.0904186364170565 | 0.8524881568153506 | 0.07096838507941894:-0.263870728909132 | -0.3527783783476597 | 0.0775353196865387
-0.263870728909132 | -0.3527783783476597 | 0.0775353196865387 | 0.8524881568153506 | 0.07096838507941894:-0.2669050377257953 | -0.36015748021281624 | 0.0641513586306326
-0.2669050377257953 | -0.36015748021281624 | 0.0641513586306326 | 0.8524881568153506 | 0.07096838507941894:-0.2699532065235557 | -0.36694468933075086 | 0.050293447397440794
-0.2699532065235557 | -0.36694468933075086 | 0.050293447397440794 | 0.8524881568153506 | 0.07096838507941894:-0.2730178114192592 | -0.37311280986285134 | 0.03598978628140248
-0.2730178114192592 | -0.37311280986285134 | 0.03598978628140248 | 0.8524881568153506 | 0.07096838507941894:-0.2761013046754126 | -0.37863605979438475 | 0.021270011992394977
-0.2761013046754126 | -0.37863605979438475 | 0.021270011992394977 | 0.8524881568153506 | 0.07096838507941894:-0.27920600901544645 | -0.38349014122660563 | 0.006165124471557704
-0.27920600901544645 | -0.38349014122660563 | 0.006165124471557704 | 0.8524881568153506 | 0.07096838507941894:-0.28233411225797234 | -0.38765230690163754 | -0.009292589559595221
-0.28233411225797234 | -0.38765230690163754 | -0.009292589559595221 | 0.8524881568153506 | 0.07096838507941894:-0.2854876622815947 | -0.3911014228172913 | -0.025069636123801864
-0.2854876622815947 | -0.3911014228172913 | -0.025069636123801864 | 0.8524881568153506 | 0.07096838507941894:-0.28866856233101323 | -0.39381802679861444 | -0.04113139638753971
-0.28866856233101323 | -0.39381802679861444 | -0.04113139638753971 | 0.8524881568153506 | 0.07096838507941894:-0.291878566674324 | -0.39578438290282136 | -0.05744221173097319
-0.291878566674324 | -0.39578438290282136 | -0.05744221173097319 | -0.5807827567397399 | 0.7836886849963776:-0.2964461094600832 | -0.4013366190964742 | -0.03480831823355324
-0.2964461094600832 | -0.4013366190964742 | -0.03480831823355324 | -0.5807827567397399 | 0.7836886849963776:-0.30009439607421484 | -0.4061972344895377 | -0.011624971932057804
-0.30009439607421484 | -0.4061972344895377 | -0.011624971932057804 | -0.5807827567397399 | 0.7836886849963776:-0.30279452628689185 | -0.41034410803135657 | 0.012046635645393877
-0.30279452628689185 | -0.41034410803135657 | 0.012046635645393877 | -0.5807827567397399 | 0.7836886849963776:-0.3045203190773531 | -0.41375710021970136 | 0.036143131835739695
-0.3045203190773531 | -0.41375710021970136 | 0.036143131835739695 | -0.5807827567397399 | 0.7836886849963776:-0.305248409119951 | -0.4164181273537011 | 0.06059915112161551
-0.305248409119951 | -0.4164181273537011 | 0.06059915112161551 | -0.49201160626594076 | 0.12783816076075705:-0.3076045128454563 | -0.4186326115806196 | 0.0734457059389726
-0.3076045128454563 | -0.4186326115806196 | 0.0734457059389726 | -0.49201160626594076 | 0.12783816076075705:-0.30984507608518363 | -0.4204745982716638 | 0.08646181296741062
-0.30984507608518363 | -0.4204745982716638 | 0.08646181296741062 | -0.49201160626594076 | 0.12783816076075705:-0.31196875726601725 | -0.42193806768522535 | 0.0996348727162184
-0.31196875726601725 | -0.42193806768522535 | 0.0996348727162184 | -0.49201160626594076 | 0.12783816076075705:-0.31397431652502483 | -0.4230173964089836 | 0.11295211060815635
-0.31397431652502483 | -0.4230173964089836 | 0.11295211060815635 | -0.49201160626594076 | 0.12783816076075705:-0.31586061669041854 | -0.42370736122376584 | 0.1264005898549314
-0.31586061669041854 | -0.42370736122376584 | 0.1264005898549314 | -0.49201160626594076 | 0.12783816076075705:-0.3176266241650847 | -0.4240031425939179 | 0.1399672243965142
-0.3176266241650847 | -0.4240031425939179 | 0.1399672243965142 | -0.49201160626594076 | 0.12783816076075705:-0.3192714097127123 | -0.4239003277841036 | 0.1536387918933757
-0.3192714097127123 | -0.4239003277841036 | 0.1536387918933757 | -0.49201160626594076 | 0.12783816076075705:-0.320794149146602 | -0.4233949136027739 | 0.16740194676075593
-0.320794149146602 | -0.4233949136027739 | 0.16740194676075593 | -0.49201160626594076 | 0.12783816076075705:-0.32219412392132973 | -0.4224833087727262 | 0.1812432332341336
-0.32219412392132973 | -0.4224833087727262 | 0.1812432332341336 | -0.49201160626594076 | 0.12783816076075705:-0.3234707216274817 | -0.4211623359296226 | 0.1951490984551434
-0.3234707216274817 | -0.4211623359296226 | 0.1951490984551434 | -0.49201160626594076 | 0.12783816076075705:-0.3246234363897802 | -0.41942923324937453 | 0.20910590556723463
-0.3246234363897802 | -0.41942923324937453 | 0.20910590556723463 | -0.49201160626594076 | 0.12783816076075705:-0.3256518691689738 | -0.41728165570581055 | 0.22309994681047218
-0.3256518691689738 | -0.41728165570581055 | 0.22309994681047218 | -0.49201160626594076 | 0.12783816076075705:-0.32655572796792853 | -0.41471767596013365 | 0.23711745660492944
-0.32655572796792853 | -0.41471767596013365 | 0.23711745660492944 | -0.49201160626594076 | 0.12783816076075705:-0.3273348279424386 | -0.4117357848840584 | 0.2511446246122526
-0.3273348279424386 | -0.4117357848840584 | 0.2511446246122526 | -0.49201160626594076 | 0.12783816076075705:-0.32798909141733823 | -0.40833489171863846 | 0.2651676087650383
-0.32798909141733823 | -0.40833489171863846 | 0.2651676087650383 | -0.49201160626594076 | 0.12783816076075705:-0.32851854780856016 | -0.40451432387126474 | 0.2791725482537908
-0.32851854780856016 | -0.40451432387126474 | 0.2791725482537908 | -0.49201160626594076 | 0.12783816076075705:-0.32892333345182934 | -0.4002738263533203 | 0.29314557646133643
-0.32892333345182934 | -0.4002738263533203 | 0.29314557646133643 | -0.49201160626594076 | 0.12783816076075705:-0.3292036913388259 | -0.39561356086142396 | 0.30707283383466777
-0.3292036913388259 | -0.39561356086142396 | 0.30707283383466777 | -0.49201160626594076 | 0.12783816076075705:-0.3293599707615691 | -0.3905341045053312 | 0.32094048068434855
-0.3293599707615691 | -0.3905341045053312 | 0.32094048068434855 | -0.49201160626594076 | 0.12783816076075705:-0.3293926268660208 | -0.3850364481858435 | 0.3347347099016922
-0.3293926268660208 | -0.3850364481858435 | 0.3347347099016922 | -0.49201160626594076 | 0.12783816076075705:-0.32930222011579247 | -0.3791219946263098 | 0.34844175958411405
-0.32930222011579247 | -0.3791219946263098 | 0.34844175958411405 | -0.49201160626594076 | 0.12783816076075705:-0.3290894156670099 | -0.3727925560615226 | 0.3620479255591409
-0.3290894156670099 | -0.3727925560615226 | 0.3620479255591409 | -0.49201160626594076 | 0.12783816076075705:-0.32875498265541836 | -0.3660503515880258 | 0.3755395737977629
-0.32875498265541836 | -0.3660503515880258 | 0.3755395737977629 | -0.49201160626594076 | 0.12783816076075705:-0.32829979339686943 | -0.3588980041801513 | 0.38890315270792186
-0.32829979339686943 | -0.3588980041801513 | 0.38890315270792186 | -0.49201160626594076 | 0.12783816076075705:-0.3277248225023577 | -0.35133853737621124 | 0.402125205299086
-0.3277248225023577 | -0.35133853737621124 | 0.402125205299086 | -0.49201160626594076 | 0.12783816076075705:-0.3270311459088866 | -0.34337537163956 | 0.4151923812090761
-0.3270311459088866 | -0.34337537163956 | 0.4151923812090761 | -0.49201160626594076 | 0.12783816076075705:-0.32621993982745323 | -0.3350123203994073 | 0.4280914485843912
-0.32621993982745323 | -0.3350123203994073 | 0.4280914485843912 | -0.49201160626594076 | 0.12783816076075705:-0.3252924796094945 | -0.3262535857765485 | 0.4408093058055229
-0.3252924796094945 | -0.3262535857765485 | 0.4408093058055229 | -0.49201160626594076 | 0.12783816076075705:-0.3242501385332339 | -0.3171037539992163 | 0.45333299304888186
-0.3242501385332339 | -0.3171037539992163 | 0.45333299304888186 | -0.49201160626594076 | 0.12783816076075705:-0.3230943865113538 | -0.3075677905146357 | 0.4656497036771583
-0.3230943865113538 | -0.3075677905146357 | 0.4656497036771583 | -0.9886681982439589 | -0.982630098088382:-0.3481991199511114 | -0.2857479979421882 | 0.46638618714282565
-0.3481991199511114 | -0.2857479979421882 | 0.46638618714282565 | -0.9886681982439589 | -0.982630098088382:-0.3733632000803695 | -0.26377595100388973 | 0.46476311801810155
-0.3733632000803695 | -0.26377595100388973 | 0.46476311801810155 | -0.9886681982439589 | -0.982630098088382:-0.39846658326143825 | -0.24177237171273447 | 0.4607642483058605
-0.39846658326143825 | -0.24177237171273447 | 0.4607642483058605 | -0.9886681982439589 | -0.982630098088382:-0.4233883587442939 | -0.21985915806540035 | 0.45438574669052656
-0.4233883587442939 | -0.21985915806540035 | 0.45438574669052656 | -0.9886681982439589 | -0.982630098088382:-0.4480073939915812 | -0.19815873760588687 | 0.4456363126677285
-0.4480073939915812 | -0.19815873760588687 | 0.4456363126677285 | -0.1913390666569359 | -0.9915540600795876:-0.4720296302643696 | -0.19487519967888645 | 0.4269260513793345
-0.4720296302643696 | -0.19487519967888645 | 0.4269260513793345 | -0.1913390666569359 | -0.9915540600795876:-0.4951734816490756 | -0.19174035856681115 | 0.406885225695806
-0.4951734816490756 | -0.19174035856681115 | 0.406885225695806 | -0.1913390666569359 | -0.9915540600795876:-0.5173667482939948 | -0.18876849805810636 | 0.38555776839225864
-0.5173667482939948 | -0.18876849805810636 | 0.38555776839225864 | -0.1913390666569359 | -0.9915540600795876:-0.5385394536536516 | -0.18597349101365523 | 0.3629916798221835
-0.5385394536536516 | -0.18597349101365523 | 0.3629916798221835 | -0.1913390666569359 | -0.9915540600795876:-0.5586240637566284 | -0.18336875649701767 | 0.33923890653161237
-0.5586240637566284 | -0.18336875649701767 | 0.33923890653161237 | 0.2887038651449816 | -0.17095088929082336:-0.5641372260930453 | -0.1891372252395911 | 0.3333394924622688
-0.5641372260930453 | -0.1891372252395911 | 0.3333394924622688 | 0.2887038651449816 | -0.17095088929082336:-0.5695855651601391 | -0.1948333716841475 | 0.32725939313695207
-0.5695855651601391 | -0.1948333716841475 | 0.32725939313695207 | 0.2887038651449816 | -0.17095088929082336:-0.5749672491594673 | -0.20045372884481694 | 0.3210006725506531
-0.5749672491594673 | -0.20045372884481694 | 0.3210006725506531 | 0.2887038651449816 | -0.17095088929082336:-0.580280471260302 | -0.2059948749393925 | 0.31456547055032047
-0.580280471260302 | -0.2059948749393925 | 0.31456547055032047 | 0.2887038651449816 | -0.17095088929082336:-0.5855234502593447 | -0.21145343447671294 | 0.30795600157954084
-0.5855234502593447 | -0.21145343447671294 | 0.30795600157954084 | -0.640069328166186 | -0.15029849885283375:-0.5904562775298636 | -0.202377336793365 | 0.31151945244601364
-0.5904562775298636 | -0.202377336793365 | 0.31151945244601364 | -0.640069328166186 | -0.15029849885283375:-0.5953979753317711 | -0.19313934173533198 | 0.3147479653985634
-0.5953979753317711 | -0.19313934173533198 | 0.3147479653985634 | -0.640069328166186 | -0.15029849885283375:-0.6003460912719092 | -0.18375097670830343 | 0.31763498491982745
-0.6003460912719092 | -0.18375097670830343 | 0.31763498491982745 | -0.640069328166186 | -0.15029849885283375:-0.6052981146285603 | -0.1742240125251513 | 0.32017438427142153
-0.6052981146285603 | -0.1742240125251513 | 0.32017438427142153 | -0.640069328166186 | -0.15029849885283375:-0.6102514800435443 | -0.16457044794309184 | 0.32236047443044313
-0.6102514800435443 | -0.16457044794309184 | 0.32236047443044313 | -0.1466088892807358 | -0.07422790669912316:-0.6139515201105574 | -0.16286709414195144 | 0.32260650062024254
-0.6139515201105574 | -0.16286709414195144 | 0.32260650062024254 | -0.1466088892807358 | -0.07422790669912316:-0.6176322014337146 | -0.16114577787139694 | 0.3228087229957701
-0.6176322014337146 | -0.16114577787139694 | 0.3228087229957701 | -0.1466088892807358 | -0.07422790669912316:-0.6212934982090559 | -0.15940711074956226 | 0.3229672161927084
-0.6212934982090559 | -0.15940711074956226 | 0.3229672161927084 | -0.1466088892807358 | -0.07422790669912316:-0.6249353840506942 | -0.15765169995788852 | 0.3230820596901083
-0.6249353840506942 | -0.15765169995788852 | 0.3230820596901083 | -0.1466088892807358 | -0.07422790669912316:-0.6285578320183376 | -0.15588014824267304 | 0.32315333775227373
-0.6285578320183376 | -0.15588014824267304 | 0.32315333775227373 | -0.1603440410046122 | -0.9671047293286021:-0.6459593147820613 | -0.15386946075985009 | 0.29475204218832474
-0.6459593147820613 | -0.15386946075985009 | 0.29475204218832474 | -0.1603440410046122 | -0.9671047293286021:-0.6619933566901892 | -0.15207176941270006 | 0.2654021903934769
-0.6619933566901892 | -0.15207176941270006 | 0.2654021903934769 | -0.1603440410046122 | -0.9671047293286021:-0.6766094870885198 | -0.1504958157697942 | 0.23517274509127617
-0.6766094870885198 | -0.1504958157697942 | 0.23517274509127617 | -0.1603440410046122 | -0.9671047293286021:-0.689760702765156 | -0.14914977659832118 | 0.2041354062169063
-0.689760702765156 | -0.14914977659832118 | 0.2041354062169063 | -0.1603440410046122 | -0.9671047293286021:-0.7014036100324006 | -0.1480412395902917 | 0.17236442850350997
-0.7014036100324006 | -0.1480412395902917 | 0.17236442850350997 | 0.5906184872513216 | 0.8153823113993692:-0.6964496053065403 | -0.15361144356560175 | 0.19706596900194384
-0.6964496053065403 | -0.15361144356560175 | 0.19706596900194384 | 0.5906184872513216 | 0.8153823113993692:-0.6904457453497628 | -0.15992333582513396 | 0.22144594956663255
-0.6904457453497628 | -0.15992333582513396 | 0.22144594956663255 | 0.5906184872513216 | 0.8153823113993692:-0.6834044368685781 | -0.16696916521873106 | 0.24543662774765096
-0.6834044368685781 | -0.16696916521873106 | 0.24543662774765096 | 0.5906184872513216 | 0.8153823113993692:-0.6753409961337482 | -0.17473906052603638 | 0.2689709608187485
-0.6753409961337482 | -0.17473906052603638 | 0.2689709608187485 | 0.5906184872513216 | 0.8153823113993692:-0.666273618381581 | -0.18322104980680365 | 0.2919827978140681
-0.666273618381581 | -0.18322104980680365 | 0.2919827978140681 | 0.3085028790326272 | -0.7936909630961153:-0.6794751430914516 | -0.18832808385577238 | 0.2633346093927713
-0.6794751430914516 | -0.18832808385577238 | 0.2633346093927713 | 0.3085028790326272 | -0.7936909630961153:-0.6915363292673931 | -0.19299964836800854 | 0.23400225989254153
-0.6915363292673931 | -0.19299964836800854 | 0.23400225989254153 | 0.3085028790326272 | -0.7936909630961153:-0.7024268650437833 | -0.1972235273599452 | 0.20403901026718074
-0.7024268650437833 | -0.1972235273599452 | 0.20403901026718074 | 0.3085028790326272 | -0.7936909630961153:-0.7121186575004828 | -0.20098835567460327 | 0.1734996530590429
-0.7121186575004828 | -0.20098835567460327 | 0.1734996530590429 | 0.3085028790326272 | -0.7936909630961153:-0.7205858977511852 | -0.20428364510842556 | 0.14244040444193118
-0.7205858977511852 | -0.20428364510842556 | 0.14244040444193118 | -0.7790707221801141 | 0.34067517616751464:-0.7201588094712221 | -0.19920037139320357 | 0.16304632890134485
-0.7201588094712221 | -0.19920037139320357 | 0.16304632890134485 | -0.7790707221801141 | 0.34067517616751464:-0.7193528063153494 | -0.19329230102727024 | 0.1834844914914413
-0.7193528063153494 | -0.19329230102727024 | 0.1834844914914413 | -0.7790707221801141 | 0.34067517616751464:-0.7181707390965428 | -0.18656471294175958 | 0.2037143202654974
-0.7181707390965428 | -0.18656471294175958 | 0.2037143202654974 | -0.7790707221801141 | 0.34067517616751464:-0.7166161889217761 | -0.17902456532439714 | 0.22369547480571583
-0.7166161889217761 | -0.17902456532439714 | 0.22369547480571583 | -0.7790707221801141 | 0.34067517616751464:-0.714693462518909 | -0.17068048650300227 | 0.24338792920165986
-0.714693462518909 | -0.17068048650300227 | 0.24338792920165986 | -0.7790707221801141 | 0.34067517616751464:-0.7124075860619499 | -0.16154276238511045 | 0.2627520545141593
-0.7124075860619499 | -0.16154276238511045 | 0.2627520545141593 | -0.7790707221801141 | 0.34067517616751464:-0.7097642975071494 | -0.15162332047887617 | 0.28174870055550727
-0.7097642975071494 | -0.15162332047887617 | 0.28174870055550727 | -0.7790707221801141 | 0.34067517616751464:-0.7067700374554278 | -0.14093571052737985 | 0.30033927681827777
-0.7067700374554278 | -0.14093571052737985 | 0.30033927681827777 | -0.7790707221801141 | 0.34067517616751464:-0.7034319385595538 | -0.12949508179539748 | 0.3184858323870152
-0.7034319385595538 | -0.12949508179539748 | 0.3184858323870152 | -0.7790707221801141 | 0.34067517616751464:-0.6997578134974987 | -0.11731815705422122 | 0.3361511346692829
-0.6997578134974987 | -0.11731815705422122 | 0.3361511346692829 | -0.3789913116718193 | 0.21044579846857325:-0.6980645659860727 | -0.11123114563052638 | 0.3466039704225068
-0.6980645659860727 | -0.11123114563052638 | 0.3466039704225068 | -0.3789913116718193 | 0.21044579846857325:-0.6962335902673402 | -0.10492632635914845 | 0.35693706303387884
-0.6962335902673402 | -0.10492632635914845 | 0.35693706303387884 | -0.3789913116718193 | 0.21044579846857325:-0.6942663283177595 | -0.09840592180577801 | 0.3671440085966715
-0.6942663283177595 | -0.09840592180577801 | 0.3671440085966715 | -0.3789913116718193 | 0.21044579846857325:-0.6921642965737007 | -0.09167229240789254 | 0.37721847051459534
-0.6921642965737007 | -0.09167229240789254 | 0.37721847051459534 | -0.3789913116718193 | 0.21044579846857325:-0.6899290850230386 | -0.0847279348424479 | 0.3871541831913703
-0.6899290850230386 | -0.0847279348424479 | 0.3871541831913703 | -0.3789913116718193 | 0.21044579846857325:-0.6875623562568904 | -0.07757548032150652 | 0.3969449556678093
-0.6875623562568904 | -0.07757548032150652 | 0.3969449556678093 | -0.3789913116718193 | 0.21044579846857325:-0.6850658444821747 | -0.07021769281709567 | 0.4065846752046589
-0.6850658444821747 | -0.07021769281709567 | 0.4065846752046589 | -0.3789913116718193 | 0.21044579846857325:-0.6824413544956016 | -0.06265746721647503 | 0.4160673108095523
-0.6824413544956016 | -0.06265746721647503 | 0.4160673108095523 | -0.3789913116718193 | 0.21044579846857325:-0.6796907606200051 | -0.05489782740919935 | 0.4253869167063762
-0.6796907606200051 | -0.05489782740919935 | 0.4253869167063762 | -0.3789913116718193 | 0.21044579846857325:-0.676816005603591 | -0.04694192430731192 | 0.43453763574550663
-0.676816005603591 | -0.04694192430731192 | 0.43453763574550663 | 0.6744830610523647 | 0.14664171350611643:-0.6752499804204888 | -0.061715368771373846 | 0.4387142122486125
-0.6752499804204888 | -0.061715368771373846 | 0.4387142122486125 | 0.6744830610523647 | 0.14664171350611643:-0.6736331313071275 | -0.07665490693963761 | 0.44237436382910644
-0.6736331313071275 | -0.07665490693963761 | 0.44237436382910644 | 0.6744830610523647 | 0.14664171350611643:-0.6719695644797028 | -0.09174253110549557 | 0.4455111737364703
-0.6719695644797028 | -0.09174253110549557 | 0.4455111737364703 | 0.6744830610523647 | 0.14664171350611643:-0.6702634384309505 | -0.10695997409711566 | 0.4481183985992274
-0.6702634384309505 | -0.10695997409711566 | 0.4481183985992274 | 0.6744830610523647 | 0.14664171350611643:-0.6685189586275158 | -0.12228873358306203 | 0.45019047807939927
-0.6685189586275158 | -0.12228873358306203 | 0.45019047807939927 | 0.6744830610523647 | 0.14664171350611643:-0.6667403721393228 | -0.13771009670510637 | 0.451722543602429
-0.6667403721393228 | -0.13771009670510637 | 0.451722543602429 | 0.6744830610523647 | 0.14664171350611643:-0.6649319622084207 | -0.1532051650047208 | 0.45271042615152624
-0.6649319622084207 | -0.1532051650047208 | 0.45271042615152624 | 0.6744830610523647 | 0.14664171350611643:-0.6630980427646733 | -0.1687548796093381 | 0.4531506631169364
-0.6630980427646733 | -0.1687548796093381 | 0.4531506631169364 | 0.6744830610523647 | 0.14664171350611643:-0.6612429528957051 | -0.18434004664423753 | 0.45304050419169783
-0.6612429528957051 | -0.18434004664423753 | 0.45304050419169783 | 0.6744830610523647 | 0.14664171350611643:-0.6593710512785975 | -0.19994136283570896 | 0.4523779163069719
-0.6593710512785975 | -0.19994136283570896 | 0.4523779163069719 | -0.630544796363051 | -0.5517076882454652:-0.6731976028129196 | -0.1859778376009018 | 0.4410329182146242
-0.6731976028129196 | -0.1859778376009018 | 0.4410329182146242 | -0.630544796363051 | -0.5517076882454652:-0.686705080842799 | -0.17234543346582143 | 0.42883955225252635
-0.686705080842799 | -0.17234543346582143 | 0.42883955225252635 | -0.630544796363051 | -0.5517076882454652:-0.6998693539497509 | -0.15907223255231884 | 0.4158168528804822
-0.6998693539497509 | -0.15907223255231884 | 0.4158168528804822 | -0.630544796363051 | -0.5517076882454652:-0.7126668365491042 | -0.14618571669804936 | 0.40198547698610554
-0.7126668365491042 | -0.14618571669804936 | 0.40198547698610554 | -0.630544796363051 | -0.5517076882454652:-0.725074535449366 | -0.1337127137021099 | 0.3873676682960294
-0.725074535449366 | -0.1337127137021099 | 0.3873676682960294 | -0.26693160863713605 | 0.11464868086609847:-0.7242825732646594 | -0.12878885159843634 | 0.39405693117078755
-0.7242825732646594 | -0.12878885159843634 | 0.39405693117078755 | -0.26693160863713605 | 0.11464868086609847:-0.7234336319501153 | -0.12376312262860267 | 0.40067890032344167
-0.7234336319501153 | -0.12376312262860267 | 0.40067890032344167 | -0.26693160863713605 | 0.11464868086609847:-0.7225282767190748 | -0.11863651699023592 | 0.40723157954899136
-0.7225282767190748 | -0.11863651699023592 | 0.40723157954899136 | -0.26693160863713605 | 0.11464868086609847:-0.7215670842249295 | -0.11341005478765709 | 0.41371299457883737
-0.7215670842249295 | -0.11341005478765709 | 0.41371299457883737 | -0.26693160863713605 | 0.11464868086609847:-0.7205506424019319 | -0.10808478563301804 | 0.4201211935347189
-0.7205506424019319 | -0.10808478563301804 | 0.4201211935347189 | 0.007489721489913448 | 0.47648431472363884:-0.7116814121844897 | -0.10844666313892048 | 0.4379524859840984
-0.7116814121844897 | -0.10844666313892048 | 0.4379524859840984 | 0.007489721489913448 | 0.47648431472363884:-0.7023566444415223 | -0.10881347888215487 | 0.4555903889864581
-0.7023566444415223 | -0.10881347888215487 | 0.4555903889864581 | 0.007489721489913448 | 0.47648431472363884:-0.6925808730072447 | -0.10918518639432051 | 0.4730230821471366
-0.6925808730072447 | -0.10918518639432051 | 0.4730230821471366 | 0.007489721489913448 | 0.47648431472363884:-0.6823589381890685 | -0.10956173414216153 | 0.4902388621695408
-0.6823589381890685 | -0.10956173414216153 | 0.4902388621695408 | 0.007489721489913448 | 0.47648431472363884:-0.6716959834869982 | -0.10994306557987699 | 0.5072261506832945
-0.6716959834869982 | -0.10994306557987699 | 0.5072261506832945 | 0.007489721489913448 | 0.47648431472363884:-0.6605974521185658 | -0.11032911920457877 | 0.5239735019767835
-0.6605974521185658 | -0.11032911920457877 | 0.5239735019767835 | 0.007489721489913448 | 0.47648431472363884:-0.6490690833518613 | -0.1107198286146911 | 0.5404696106293017
-0.6490690833518613 | -0.1107198286146911 | 0.5404696106293017 | 0.007489721489913448 | 0.47648431472363884:-0.6371169086498156 | -0.11111512257132716 | 0.5567033190383626
-0.6371169086498156 | -0.11111512257132716 | 0.5567033190383626 | 0.007489721489913448 | 0.47648431472363884:-0.6247472476284486 | -0.11151492506261462 | 0.5726636248375172
-0.6247472476284486 | -0.11151492506261462 | 0.5726636248375172 | 0.007489721489913448 | 0.47648431472363884:-0.6119667038323513 | -0.11191915537087027 | 0.5883396882003638
-0.6119667038323513 | -0.11191915537087027 | 0.5883396882003638 | -0.5684247895297776 | 0.5224808565927745:-0.5973140273678297 | -0.09531460648748435 | 0.6080851289206493
-0.5973140273678297 | -0.09531460648748435 | 0.6080851289206493 | -0.5684247895297776 | 0.5224808565927745:-0.5821263023759542 | -0.07812531666511546 | 0.6269808569397668
-0.5821263023759542 | -0.07812531666511546 | 0.6269808569397668 | -0.5684247895297776 | 0.5224808565927745:-0.5664262322966067 | -0.06037543731141426 | 0.6449949043755794
-0.5664262322966067 | -0.06037543731141426 | 0.6449949043755794 | -0.5684247895297776 | 0.5224808565927745:-0.5502373828455092 | -0.04209007758205274 | 0.6620966188226802
-0.5502373828455092 | -0.04209007758205274 | 0.6620966188226802 | -0.5684247895297776 | 0.5224808565927745:-0.533584145743319 | -0.023295265644591723 | 0.6782567150068388
-0.533584145743319 | -0.023295265644591723 | 0.6782567150068388 | -0.5684247895297776 | 0.5224808565927745:-0.5164917010721979 | -0.00401790841841887 | 0.6934473242709913
-0.5164917010721979 | -0.00401790841841887 | 0.6934473242709913 | -0.5684247895297776 | 0.5224808565927745:-0.4989859783210733 | 0.015714250143837205 | 0.7076420418124627
