0.0 | 0.0 | 0.0 | -0.8834266023463855 | 0.4094008803080873:2.0448649500565895E-4 | 4.4156967691011406E-4 | 0.009988153057186991
2.0448649500565895E-4 | 4.4156967691011406E-4 | 0.009988153057186991 | -0.8834266023463855 | 0.4094008803080873:8.124946931007892E-4 | 0.0017555491929051037 | 0.01980575419934756
8.124946931007892E-4 | 0.0017555491929051037 | 0.01980575419934756 | -0.8834266023463855 | 0.4094008803080873:0.0018145052477061456 | 0.003922918360407812 | 0.029384820626364605
0.0018145052477061456 | 0.003922918360407812 | 0.029384820626364605 | -0.8834266023463855 | 0.4094008803080873:0.0031992565815052937 | 0.006920854319263037 | 0.03865929332951308
0.0031992565815052937 | 0.006920854319263037 | 0.03865929332951308 | 0.18801698553557844 | -0.18687115850232083:0.0035289995291462517 | 0.008155628495538858 | 0.048197583912168565
0.0035289995291462517 | 0.008155628495538858 | 0.048197583912168565 | 0.18801698553557844 | -0.18687115850232083:0.003675039221581281 | 0.009196708448102497 | 0.05767571026497828
0.003675039221581281 | 0.009196708448102497 | 0.05767571026497828 | 0.18801698553557844 | -0.18687115850232083:0.003639605173494105 | 0.010046401432172058 | 0.06708904565905696
0.003639605173494105 | 0.010046401432172058 | 0.06708904565905696 | 0.18801698553557844 | -0.18687115850232083:0.003424963308359324 | 0.010707050877735935 | 0.07643304865615008
0.003424963308359324 | 0.010707050877735935 | 0.07643304865615008 | 0.18801698553557844 | -0.18687115850232083:0.0030334148310523605 | 0.01118103526438563 | 0.08570326322658395
0.0030334148310523605 | 0.01118103526438563 | 0.08570326322658395 | 0.18801698553557844 | -0.18687115850232083:0.002467295107936647 | 0.011470767003485038 | 0.09489531884568392
0.002467295107936647 | 0.011470767003485038 | 0.09489531884568392 | 0.18801698553557844 | -0.18687115850232083:0.0017289725545466261 | 0.011578691327797985 | 0.10400493056896043
0.0017289725545466261 | 0.011578691327797985 | 0.10400493056896043 | 0.18801698553557844 | -0.18687115850232083:8.20847530981713E-4 | 0.011507285188690153 | 0.11302789908636468
8.20847530981713E-4 | 0.011507285188690153 | 0.11302789908636468 | 0.18801698553557844 | -0.18687115850232083:-2.546487548771015E-4 | 0.011259056161022518 | 0.12196011075591029
-2.546487548771015E-4 | 0.011259056161022518 | 0.12196011075591029 | 0.18801698553557844 | -0.18687115850232083:-0.0014950553362197208 | 0.010836541355846108 | 0.13079753761696278
-0.0014950553362197208 | 0.010836541355846108 | 0.13079753761696278 | -0.12171412689075023 | 0.8510014421427985:0.0043363520783796655 | 0.012402252443740713 | 0.13932352382378743
0.0043363520783796655 | 0.012402252443740713 | 0.13932352382378743 | -0.12171412689075023 | 0.8510014421427985:0.010885833071670358 | 0.014064216654648187 | 0.14747369330266746
0.010885833071670358 | 0.014064216654648187 | 0.14747369330266746 | -0.12171412689075023 | 0.8510014421427985:0.018128133208555483 | 0.015819035378234036 | 0.15520299420601935
0.018128133208555483 | 0.015819035378234036 | 0.15520299420601935 | -0.12171412689075023 | 0.8510014421427985:0.02603559849090909 | 0.017662961046932657 | 0.16246803552598665
0.02603559849090909 | 0.017662961046932657 | 0.16246803552598665 | -0.12171412689075023 | 0.8510014421427985:0.03457827588832735 | 0.01959191115847403 | 0.16922720582980433
0.03457827588832735 | 0.01959191115847403 | 0.16922720582980433 | -0.12171412689075023 | 0.8510014421427985:0.04372401919987556 | 0.021601483078434236 | 0.17544078616171288
0.04372401919987556 | 0.021601483078434236 | 0.17544078616171288 | -0.12171412689075023 | 0.8510014421427985:0.05343859993220382 | 0.02368696957851235 | 0.18107105688402902
0.05343859993220382 | 0.02368696957851235 | 0.18107105688402902 | -0.12171412689075023 | 0.8510014421427985:0.06368582287064589 | 0.025843375064929064 | 0.18608239824649875
0.06368582287064589 | 0.025843375064929064 | 0.18608239824649875 | -0.12171412689075023 | 0.8510014421427985:0.07442764601197466 | 0.028065432450159133 | 0.19044138448988246
0.07442764601197466 | 0.028065432450159133 | 0.19044138448988246 | -0.12171412689075023 | 0.8510014421427985:0.08562430452036934 | 0.03034762062013563 | 0.1941168713068233
0.08562430452036934 | 0.03034762062013563 | 0.1941168713068233 | -0.12171412689075023 | 0.8510014421427985:0.09723443836186574 | 0.03268418244811766 | 0.1970800765003755
0.09723443836186574 | 0.03268418244811766 | 0.1970800765003755 | -0.12171412689075023 | 0.8510014421427985:0.10921522326711142 | 0.035069143305576866 | 0.19930465369809403
0.10921522326711142 | 0.035069143305576866 | 0.19930465369809403 | -0.12171412689075023 | 0.8510014421427985:0.1215225046676428 | 0.03749633001974506 | 0.2007667589972395
0.1215225046676428 | 0.03749633001974506 | 0.2007667589972395 | -0.12171412689075023 | 0.8510014421427985:0.13411093424713272 | 0.039959390226878444 | 0.201445110434459
0.13411093424713272 | 0.039959390226878444 | 0.201445110434459 | -0.12171412689075023 | 0.8510014421427985:0.14693410874613866 | 0.04245181206981352 | 0.20132104019112962
0.14693410874613866 | 0.04245181206981352 | 0.20132104019112962 | -0.12171412689075023 | 0.8510014421427985:0.1599447106567966 | 0.044966944188043645 | 0.20037853946344608
0.1599447106567966 | 0.044966944188043645 | 0.20037853946344608 | -0.12171412689075023 | 0.8510014421427985:0.17309465044266248 | 0.047498015948311434 | 0.19860429594421314
0.17309465044266248 | 0.047498015948311434 | 0.19860429594421314 | -0.12171412689075023 | 0.8510014421427985:0.18633520991848673 | 0.05003815786359617 | 0.19598772388113073
0.18633520991848673 | 0.05003815786359617 | 0.19598772388113073 | -0.12171412689075023 | 0.8510014421427985:0.1996171864251215 | 0.052580422148384265 | 0.1925209866940989
0.1996171864251215 | 0.052580422148384265 | 0.1925209866940989 | -0.12171412689075023 | 0.8510014421427985:0.21289103743598403 | 0.05511780335822836 | 0.18819901215170987
0.21289103743598403 | 0.05511780335822836 | 0.18819901215170987 | -0.12171412689075023 | 0.8510014421427985:0.22610702523353265 | 0.05764325906184181 | 0.18301950012455137
0.22610702523353265 | 0.05764325906184181 | 0.18301950012455137 | -0.12171412689075023 | 0.8510014421427985:0.2392153612970409 | 0.060149730494324205 | 0.17698292295021645
0.2392153612970409 | 0.060149730494324205 | 0.17698292295021645 | -0.12171412689075023 | 0.8510014421427985:0.2521663500465512 | 0.06263016314057857 | 0.1700925184619715
0.2521663500465512 | 0.06263016314057857 | 0.1700925184619715 | -0.12171412689075023 | 0.8510014421427985:0.26491053159227684 | 0.06507752719855496 | 0.1623542757497871
0.26491053159227684 | 0.06507752719855496 | 0.1623542757497871 | -0.12171412689075023 | 0.8510014421427985:0.2773988231438267 | 0.06748483787263679 | 0.15377691373893665
0.2773988231438267 | 0.06748483787263679 | 0.15377691373893665 | 0.5113553157541066 | -0.7264484852399207:0.27722980736753167 | 0.06485537240862928 | 0.16887010156078386
0.27722980736753167 | 0.06485537240862928 | 0.16887010156078386 | 0.5113553157541066 | -0.7264484852399207:0.27633003054542327 | 0.06173999690061896 | 0.1840741884225512
0.27633003054542327 | 0.06173999690061896 | 0.1840741884225512 | 0.5113553157541066 | -0.7264484852399207:0.2746913120434158 | 0.05813203772708481 | 0.19933871087465604
0.2746913120434158 | 0.05813203772708481 | 0.19933871087465604 | 0.5113553157541066 | -0.7264484852399207:0.2723077824581983 | 0.054026443408867475 | 0.21461262880653287
0.2723077824581983 | 0.054026443408867475 | 0.21461262880653287 | 0.5113553157541066 | -0.7264484852399207:0.26917590194483054 | 0.04941979943645525 | 0.22984447828977572
0.26917590194483054 | 0.04941979943645525 | 0.22984447828977572 | 0.5113553157541066 | -0.7264484852399207:0.2652944719980024 | 0.04431033849780208 | 0.24498252505044782
0.2652944719980024 | 0.04431033849780208 | 0.24498252505044782 | 0.5113553157541066 | -0.7264484852399207:0.2606646406932027 | 0.03869794610588495 | 0.25997491816525375
0.2606646406932027 | 0.03869794610588495 | 0.25997491816525375 | 0.5113553157541066 | -0.7264484852399207:0.25528990141028984 | 0.03258416163667771 | 0.2747698435785608
0.25528990141028984 | 0.03258416163667771 | 0.2747698435785608 | 0.5113553157541066 | -0.7264484852399207:0.24917608507802136 | 0.0259721747995732 | 0.28931567704039995
0.24917608507802136 | 0.0259721747995732 | 0.28931567704039995 | 0.5113553157541066 | -0.7264484852399207:0.24233134599399353 | 0.01886681757350317 | 0.3035611360696997
0.24233134599399353 | 0.01886681757350317 | 0.3035611360696997 | 0.5113553157541066 | -0.7264484852399207:0.2347661412900095 | 0.011274551653060239 | 0.3174554305520365
0.2347661412900095 | 0.011274551653060239 | 0.3174554305520365 | 0.5113553157541066 | -0.7264484852399207:0.2264932041282659 | 0.003203451459790063 | 0.3309484115871033
0.2264932041282659 | 0.003203451459790063 | 0.3309484115871033 | 0.5113553157541066 | -0.7264484852399207:0.2175275107287371 | -0.0053368172155224824 | 0.3439907182079054
0.2175275107287371 | -0.0053368172155224824 | 0.3439907182079054 | 0.5113553157541066 | -0.7264484852399207:0.2078862413428082 | -0.014335022863328106 | 0.35653392160132036
0.2078862413428082 | -0.014335022863328106 | 0.35653392160132036 | 0.5113553157541066 | -0.7264484852399207:0.1975887353024941 | -0.023778398112141608 | 0.3685306664681587
0.1975887353024941 | -0.023778398112141608 | 0.3685306664681587 | 0.5113553157541066 | -0.7264484852399207:0.18665644028846184 | -0.033652673695429014 | 0.379934809170134
0.18665644028846184 | -0.033652673695429014 | 0.379934809170134 | 0.5113553157541066 | -0.7264484852399207:0.17511285597350845 | -0.04394211642267154 | 0.39070155232121273
0.17511285597350845 | -0.04394211642267154 | 0.39070155232121273 | 0.5113553157541066 | -0.7264484852399207:0.16298347221111786 | -0.054629571039453484 | 0.4007875754915826
0.16298347221111786 | -0.054629571039453484 | 0.4007875754915826 | 0.5113553157541066 | -0.7264484852399207:0.15029570195121167 | -0.06569650585249043 | 0.4101511617040501
0.15029570195121167 | -0.06569650585249043 | 0.4101511617040501 | 0.5113553157541066 | -0.7264484852399207:0.13707880907715708 | -0.07712306198693525 | 0.41875231941480884
0.13707880907715708 | -0.07712306198693525 | 0.41875231941480884 | 0.5113553157541066 | -0.7264484852399207:0.12336383136953533 | -0.08888810613509496 | 0.42655289968344334
0.12336383136953533 | -0.08888810613509496 | 0.42655289968344334 | 0.5113553157541066 | -0.7264484852399207:0.10918349881303335 | -0.10096928664787451 | 0.4335167082504121
0.10918349881303335 | -0.10096928664787451 | 0.4335167082504121 | 0.5113553157541066 | -0.7264484852399207:0.09457214747306963 | -0.1133430928128501 | 0.4396096122543778
0.09457214747306963 | -0.1133430928128501 | 0.4396096122543778 | 0.5113553157541066 | -0.7264484852399207:0.07956562917849652 | -0.1259849171558795 | 0.44479964133629224
0.07956562917849652 | -0.1259849171558795 | 0.44479964133629224 | 0.5113553157541066 | -0.7264484852399207:0.06420121725571093 | -0.1388691205965908 | 0.4490570828922529
0.06420121725571093 | -0.1388691205965908 | 0.4490570828922529 | 0.5113553157541066 | -0.7264484852399207:0.04851750856795434 | -0.15196910028196925 | 0.45235457125271594
0.04851750856795434 | -0.15196910028196925 | 0.45235457125271594 | 0.5113553157541066 | -0.7264484852399207:0.03255432212137066 | -0.1652573599165934 | 0.45466717058164186
0.03255432212137066 | -0.1652573599165934 | 0.45466717058164186 | 0.5113553157541066 | -0.7264484852399207:0.016352594506413354 | -0.17870558240286538 | 0.455972451305513
0.016352594506413354 | -0.17870558240286538 | 0.455972451305513 | 0.5113553157541066 | -0.7264484852399207:-4.572755030984865E-5 | -0.1922847045998487 | 0.45625055989895635
-4.572755030984865E-5 | -0.1922847045998487 | 0.45625055989895635 | 0.5113553157541066 | -0.7264484852399207:-0.016597797242962287 | -0.20596499400507096 | 0.4554842818706568
-0.016597797242962287 | -0.20596499400507096 | 0.4554842818706568 | -0.6641921398987167 | 0.16343534358644507:-0.01294947102260302 | -0.19263378822975286 | 0.46681100529765374
-0.01294947102260302 | -0.19263378822975286 | 0.46681100529765374 | -0.6641921398987167 | 0.16343534358644507:-0.009173232760772976 | -0.17876191510947503 | 0.4776734900356452
-0.009173232760772976 | -0.17876191510947503 | 0.4776734900356452 | -0.6641921398987167 | 0.16343534358644507:-0.005273343984979917 | -0.16436641293729903 | 0.488046885896658
-0.005273343984979917 | -0.16436641293729903 | 0.488046885896658 | -0.6641921398987167 | 0.16343534358644507:-0.001254310379362522 | -0.1494653230789562 | 0.4979070687167031
-0.001254310379362522 | -0.1494653230789562 | 0.4979070687167031 | -0.6641921398987167 | 0.16343534358644507:0.002879125833828766 | -0.1340776596901041 | 0.507230680587277
0.002879125833828766 | -0.1340776596901041 | 0.507230680587277 | -0.6641921398987167 | 0.16343534358644507:0.0071219938605260324 | -0.11822337799768023 | 0.5159951687427231
0.0071219938605260324 | -0.11822337799768023 | 0.5159951687427231 | -0.6641921398987167 | 0.16343534358644507:0.011469102635187411 | -0.1019233412003171 | 0.5241788230523348
0.011469102635187411 | -0.1019233412003171 | 0.5241788230523348 | -0.6641921398987167 | 0.16343534358644507:0.01591504944104649 | -0.08519928604439952 | 0.5317608120683985
0.01591504944104649 | -0.08519928604439952 | 0.5317608120683985 | -0.6641921398987167 | 0.16343534358644507:0.020454228835800947 | -0.06807378713386791 | 0.5387212175837526
0.020454228835800947 | -0.06807378713386791 | 0.5387212175837526 | -0.6641921398987167 | 0.16343534358644507:0.02508084186791848 | -0.05057022003329381 | 0.5450410676547861
0.02508084186791848 | -0.05057022003329381 | 0.5450410676547861 | 0.1854870062866285 | -0.7331014063243202:0.005150134826180874 | -0.056081742588090844 | 0.5495988660736337
0.005150134826180874 | -0.056081742588090844 | 0.5495988660736337 | 0.1854870062866285 | -0.7331014063243202:-0.015095769850992369 | -0.06167197798195012 | 0.5533210963220903
-0.015095769850992369 | -0.06167197798195012 | 0.5533210963220903 | 0.1854870062866285 | -0.7331014063243202:-0.03562241452448944 | -0.06733233851486675 | 0.5561903532494163
-0.03562241452448944 | -0.06733233851486675 | 0.5561903532494163 | 0.1854870062866285 | -0.7331014063243202:-0.0563945608922225 | -0.07305403128858723 | 0.5581907860203508
-0.0563945608922225 | -0.07305403128858723 | 0.5581907860203508 | 0.1854870062866285 | -0.7331014063243202:-0.07737625659628833 | -0.07882807490575461 | 0.5593081319117026
-0.07737625659628833 | -0.07882807490575461 | 0.5593081319117026 | 0.1854870062866285 | -0.7331014063243202:-0.09853090308034318 | -0.08464531649929086 | 0.5595297470926539
-0.09853090308034318 | -0.08464531649929086 | 0.5595297470926539 | 0.1854870062866285 | -0.7331014063243202:-0.1198213245707116 | -0.09049644906021825 | 0.5588446343437887
-0.1198213245707116 | -0.09049644906021825 | 0.5588446343437887 | 0.1854870062866285 | -0.7331014063243202:-0.14120983805333687 | -0.09637202903174646 | 0.5572434676755584
-0.14120983805333687 | -0.09637202903174646 | 0.5572434676755584 | 0.1854870062866285 | -0.7331014063243202:-0.16265832411762027 | -0.10226249413716504 | 0.5547186138123585
-0.16265832411762027 | -0.10226249413716504 | 0.5547186138123585 | 0.1854870062866285 | -0.7331014063243202:-0.18412829853731516 | -0.1081581814088195 | 0.5512641505139584
-0.18412829853731516 | -0.1081581814088195 | 0.5512641505139584 | 0.1854870062866285 | -0.7331014063243202:-0.20558098445797945 | -0.11404934538526534 | 0.5468758817116779
-0.20558098445797945 | -0.11404934538526534 | 0.5468758817116779 | 0.1854870062866285 | -0.7331014063243202:-0.2269773850600565 | -0.1199261764435593 | 0.5415513494422726
-0.2269773850600565 | -0.1199261764435593 | 0.5415513494422726 | 0.1854870062866285 | -0.7331014063243202:-0.24827835656644837 | -0.12577881923355116 | 0.5352898425681367
-0.24827835656644837 | -0.12577881923355116 | 0.5352898425681367 | 0.1854870062866285 | -0.7331014063243202:-0.2694446814634279 | -0.13159739118104508 | 0.5280924022779097
-0.2694446814634279 | -0.13159739118104508 | 0.5280924022779097 | 0.1854870062866285 | -0.7331014063243202:-0.29043714180399505 | -0.13737200102669256 | 0.5199618243672752
-0.29043714180399505 | -0.13737200102669256 | 0.5199618243672752 | 0.14173313256656717 | -0.20672896252291362:-0.2976673344980263 | -0.14195052722927892 | 0.5192273486179069
-0.2976673344980263 | -0.14195052722927892 | 0.5192273486179069 | 0.14173313256656717 | -0.20672896252291362:-0.3049038169404712 | -0.14653776357545922 | 0.5183271324830692
-0.3049038169404712 | -0.14653776357545922 | 0.5183271324830692 | 0.14173313256656717 | -0.20672896252291362:-0.31214412740300723 | -0.15113198339663114 | 0.5172614051497568
-0.31214412740300723 | -0.15113198339663114 | 0.5172614051497568 | 0.14173313256656717 | -0.20672896252291362:-0.3193858178491853 | -0.15573146963030737 | 0.5160304415344896
-0.3193858178491853 | -0.15573146963030737 | 0.5160304415344896 | 0.14173313256656717 | -0.20672896252291362:-0.3266264543763846 | -0.16033451512095365 | 0.5146345618199284
-0.3266264543763846 | -0.16033451512095365 | 0.5146345618199284 | 0.5121635912423903 | -0.4233658687435231:-0.33933492861589 | -0.17447690841559904 | 0.5062851044248582
-0.33933492861589 | -0.17447690841559904 | 0.5062851044248582 | 0.5121635912423903 | -0.4233658687435231:-0.3518972958719848 | -0.18846521576182962 | 0.497210819686309
-0.3518972958719848 | -0.18846521576182962 | 0.497210819686309 | 0.5121635912423903 | -0.4233658687435231:-0.3642958195371464 | -0.20227776957127475 | 0.48741769103193633
-0.3642958195371464 | -0.20227776957127475 | 0.48741769103193633 | 0.5121635912423903 | -0.4233658687435231:-0.3765129022858935 | -0.21589305832868622 | 0.4769127767942152
-0.3765129022858935 | -0.21589305832868622 | 0.4769127767942152 | 0.5121635912423903 | -0.4233658687435231:-0.3885311118395043 | -0.22928975786207673 | 0.46570420128298906
-0.3885311118395043 | -0.22928975786207673 | 0.46570420128298906 | 0.5121635912423903 | -0.4233658687435231:-0.40033320645589177 | -0.24244676229954898 | 0.45380114436984087
-0.40033320645589177 | -0.24244676229954898 | 0.45380114436984087 | 0.5121635912423903 | -0.4233658687435231:-0.41190216011097425 | -0.2553432146718482 | 0.4412138296035977
-0.41190216011097425 | -0.2553432146718482 | 0.4412138296035977 | 0.5121635912423903 | -0.4233658687435231:-0.42322118733844616 | -0.26795853712032613 | 0.4279535108783321
-0.42322118733844616 | -0.26795853712032613 | 0.4279535108783321 | 0.5121635912423903 | -0.4233658687435231:-0.43427376769547066 | -0.28027246067073186 | 0.4140324576768464
-0.43427376769547066 | -0.28027246067073186 | 0.4140324576768464 | 0.5121635912423903 | -0.4233658687435231:-0.4450436698224389 | -0.2922650545339671 | 0.3994639389143728
-0.4450436698224389 | -0.2922650545339671 | 0.3994639389143728 | 0.5121635912423903 | -0.4233658687435231:-0.45551497506564004 | -0.3039167548957833 | 0.38426220540912936
-0.45551497506564004 | -0.3039167548957833 | 0.38426220540912936 | 0.5121635912423903 | -0.4233658687435231:-0.46567210063238296 | -0.31520839315820126 | 0.3684424710077323
-0.46567210063238296 | -0.31520839315820126 | 0.3684424710077323 | 0.5121635912423903 | -0.4233658687435231:-0.47549982224887305 | -0.32612122359635265 | 0.35202089239535184
-0.47549982224887305 | -0.32612122359635265 | 0.35202089239535184 | 0.5121635912423903 | -0.4233658687435231:-0.48498329629191717 | -0.3366369503953335 | 0.3350145476219737
-0.48498329629191717 | -0.3366369503953335 | 0.3350145476219737 | 0.5121635912423903 | -0.4233658687435231:-0.49410808136635165 | -0.34673775403267193 | 0.3174414133775443
-0.49410808136635165 | -0.34673775403267193 | 0.3174414133775443 | 0.5121635912423903 | -0.4233658687435231:-0.5028601593009285 | -0.356406316972949 | 0.2993203410505174
-0.5028601593009285 | -0.356406316972949 | 0.2993203410505174 | 0.5121635912423903 | -0.4233658687435231:-0.511225955536267 | -0.36562584864221925 | 0.2806710316054293
-0.511225955536267 | -0.36562584864221925 | 0.2806710316054293 | 0.5121635912423903 | -0.4233658687435231:-0.5191923588793914 | -0.3743801096509003 | 0.26151400931681223
-0.5191923588793914 | -0.3743801096509003 | 0.26151400931681223 | 0.5121635912423903 | -0.4233658687435231:-0.5267467406002813 | -0.38265343523494444 | 0.24187059439778835
-0.5267467406002813 | -0.38265343523494444 | 0.24187059439778835 | 0.5121635912423903 | -0.4233658687435231:-0.5338769728468478 | -0.3904307578861985 | 0.22176287456325383
-0.5338769728468478 | -0.3904307578861985 | 0.22176287456325383 | 0.5121635912423903 | -0.4233658687435231:-0.5405714463556954 | -0.39769762914409057 | 0.20121367556840397
-0.5405714463556954 | -0.39769762914409057 | 0.20121367556840397 | 0.5121635912423903 | -0.4233658687435231:-0.5468190874370631 | -0.4044402405219252 | 0.18024653076495412
-0.5468190874370631 | -0.4044402405219252 | 0.18024653076495412 | 0.5121635912423903 | -0.4233658687435231:-0.552609374213338 | -0.4106454435423199 | 0.1588856497180018
-0.552609374213338 | -0.4106454435423199 | 0.1588856497180018 | 0.5121635912423903 | -0.4233658687435231:-0.5579323520915889 | -0.4163007688575675 | 0.13715588592798866
-0.5579323520915889 | -0.4163007688575675 | 0.13715588592798866 | 0.5121635912423903 | -0.4233658687435231:-0.5627786484516459 | -0.42139444443196794 | 0.11508270370286056
-0.5627786484516459 | -0.42139444443196794 | 0.11508270370286056 | 0.5121635912423903 | -0.4233658687435231:-0.5671394865323061 | -0.42591541276450684 | 0.09269214422650407
-0.5671394865323061 | -0.42591541276450684 | 0.09269214422650407 | 0.5121635912423903 | -0.4233658687435231:-0.5710066984993611 | -0.42985334713151246 | 0.07001079087060447
-0.5710066984993611 | -0.42985334713151246 | 0.07001079087060447 | 0.5121635912423903 | -0.4233658687435231:-0.5743727376802656 | -0.43319866683033226 | 0.047065733797502673
-0.5743727376802656 | -0.43319866683033226 | 0.047065733797502673 | 0.5121635912423903 | -0.4233658687435231:-0.5772306899513655 | -0.43594255140637905 | 0.02388453390268097
-0.5772306899513655 | -0.43594255140637905 | 0.02388453390268097 | 0.5121635912423903 | -0.4233658687435231:-0.5795742842647584 | -0.4380769538472631 | 4.951861459190354E-4
-0.5795742842647584 | -0.4380769538472631 | 4.951861459190354E-4 | 0.578210534248498 | -0.9720693595146919:-0.580475626025315 | -0.43955667439847623 | -0.04046390492987939
-0.580475626025315 | -0.43955667439847623 | -0.04046390492987939 | 0.578210534248498 | -0.9720693595146919:-0.5793507840154035 | -0.43983028323163254 | -0.08159411516334814
-0.5793507840154035 | -0.43983028323163254 | -0.08159411516334814 | 0.578210534248498 | -0.9720693595146919:-0.5761887280592717 | -0.4388892672734652 | -0.1227579233261693
-0.5761887280592717 | -0.4388892672734652 | -0.1227579233261693 | 0.578210534248498 | -0.9720693595146919:-0.5709854047579253 | -0.4367292486574179 | -0.1638168487055296
-0.5709854047579253 | -0.4367292486574179 | -0.1638168487055296 | 0.578210534248498 | -0.9720693595146919:-0.5637437858860483 | -0.43335002048058513 | -0.20463193320925654
-0.5637437858860483 | -0.43335002048058513 | -0.20463193320925654 | 0.578210534248498 | -0.9720693595146919:-0.5544738920098791 | -0.4287555678724644 | -0.24506422686771145
-0.5544738920098791 | -0.4287555678724644 | -0.24506422686771145 | 0.578210534248498 | -0.9720693595146919:-0.5431927911884387 | -0.4229540742686595 | -0.28497527500835673
-0.5431927911884387 | -0.4229540742686595 | -0.28497527500835673 | 0.578210534248498 | -0.9720693595146919:-0.5299245727090707 | -0.4159579128354345 | -0.3242276053714477
-0.5299245727090707 | -0.4159579128354345 | -0.3242276053714477 | 0.578210534248498 | -0.9720693595146919:-0.5147002958971694 | -0.4077836230437164 | -0.36268521343394866
-0.5147002958971694 | -0.4077836230437164 | -0.36268521343394866 | 0.578210534248498 | -0.9720693595146919:-0.49755791412858663 | -0.3984518724439887 | -0.40021404421366924
-0.49755791412858663 | -0.3984518724439887 | -0.40021404421366924 | 0.6006831940403576 | 0.47571196623917245:-0.5088826966528934 | -0.3875231916070305 | -0.4013634183823811
-0.5088826966528934 | -0.3875231916070305 | -0.4013634183823811 | 0.6006831940403576 | 0.47571196623917245:-0.5202384965902915 | -0.3765125812023804 | -0.4018988940668322
-0.5202384965902915 | -0.3765125812023804 | -0.4018988940668322 | 0.6006831940403576 | 0.47571196623917245:-0.53161009685126 | -0.36543952457266826 | -0.4018159900931906
-0.53161009685126 | -0.36543952457266826 | -0.4018159900931906 | 0.6006831940403576 | 0.47571196623917245:-0.5429821576489786 | -0.35432367183719293 | -0.4011112371461465
-0.5429821576489786 | -0.35432367183719293 | -0.4011112371461465 | 0.6006831940403576 | 0.47571196623917245:-0.5543392425433424 | -0.3431848071670416 | -0.39978218631725326
-0.5543392425433424 | -0.3431848071670416 | -0.39978218631725326 | -0.9582476145427559 | -0.4296887792242381:-0.5476650669201568 | -0.3630513406306157 | -0.39592124311497656
-0.5476650669201568 | -0.3630513406306157 | -0.39592124311497656 | -0.9582476145427559 | -0.4296887792242381:-0.5410538898948047 | -0.3827553231217635 | -0.3909401204051619
-0.5410538898948047 | -0.3827553231217635 | -0.3909401204051619 | -0.9582476145427559 | -0.4296887792242381:-0.5345306959002407 | -0.4022413254864361 | -0.3848468187139318
-0.5345306959002407 | -0.4022413254864361 | -0.3848468187139318 | -0.9582476145427559 | -0.4296887792242381:-0.5281202782760026 | -0.4214542601758424 | -0.3776526660498405
-0.5281202782760026 | -0.4214542601758424 | -0.3776526660498405 | -0.9582476145427559 | -0.4296887792242381:-0.5218471645745772 | -0.4403395483935917 | -0.36937229708660624
-0.5218471645745772 | -0.4403395483935917 | -0.36937229708660624 | -0.9582476145427559 | -0.4296887792242381:-0.5157355424598826 | -0.4588432861636029 | -0.36002362225244156
-0.5157355424598826 | -0.4588432861636029 | -0.36002362225244156 | -0.9582476145427559 | -0.4296887792242381:-0.5098091864246079 | -0.4769124088109855 | -0.3496277868040707
-0.5098091864246079 | -0.4769124088109855 | -0.3496277868040707 | -0.9582476145427559 | -0.4296887792242381:-0.504091385550911 | -0.4944948533527658 | -0.3382091199939623
-0.504091385550911 | -0.4944948533527658 | -0.3382091199939623 | -0.9582476145427559 | -0.4296887792242381:-0.4986048725358181 | -0.5115397183013108 | -0.32579507446951794
-0.4986048725358181 | -0.5115397183013108 | -0.32579507446951794 | -0.9582476145427559 | -0.4296887792242381:-0.49337175419890755 | -0.527997420391138 | -0.31241615607270745
-0.49337175419890755 | -0.527997420391138 | -0.31241615607270745 | -0.9582476145427559 | -0.4296887792242381:-0.48841344368558737 | -0.5438198477486544 | -0.2981058442379876
-0.48841344368558737 | -0.5438198477486544 | -0.2981058442379876 | -0.9582476145427559 | -0.4296887792242381:-0.48375059457410785 | -0.5589605090350851 | -0.2829005032147194
-0.48375059457410785 | -0.5589605090350851 | -0.2829005032147194 | -0.9582476145427559 | -0.4296887792242381:-0.47940303708888976 | -0.5733746781047273 | -0.266839284368519
-0.47940303708888976 | -0.5733746781047273 | -0.266839284368519 | -0.9582476145427559 | -0.4296887792242381:-0.47538971661640517 | -0.5870195337340505 | -0.24996401984284944
-0.47538971661640517 | -0.5870195337340505 | -0.24996401984284944 | -0.9582476145427559 | -0.4296887792242381:-0.4717286347130454 | -0.5998542939917684 | -0.23231910788860688
-0.4717286347130454 | -0.5998542939917684 | -0.23231910788860688 | -0.9582476145427559 | -0.4296887792242381:-0.46843679278693884 | -0.611840344836061 | -0.21395139019477583
-0.46843679278693884 | -0.611840344836061 | -0.21395139019477583 | -0.9582476145427559 | -0.4296887792242381:-0.46553013862775217 | -0.6229413625422175 | -0.19491002157748838
-0.46553013862775217 | -0.6229413625422175 | -0.19491002157748838 | -0.9582476145427559 | -0.4296887792242381:-0.46302351594993496 | -0.6331234295824721 | -0.17524633240812548
-0.46302351594993496 | -0.6331234295824721 | -0.17524633240812548 | -0.9582476145427559 | -0.4296887792242381:-0.4609306171060048 | -0.6423551435992394 | -0.15501368418318862
-0.4609306171060048 | -0.6423551435992394 | -0.15501368418318862 | -0.9582476145427559 | -0.4296887792242381:-0.45926393911688024 | -0.6506077191335891 | -0.13426731865952135
-0.45926393911688024 | -0.6506077191335891 | -0.13426731865952135 | -0.9582476145427559 | -0.4296887792242381:-0.45803474315645687 | -0.6578550817923734 | -0.11306420099804271
-0.45803474315645687 | -0.6578550817923734 | -0.11306420099804271 | -0.9582476145427559 | -0.4296887792242381:-0.4572530176173224 | -0.6640739545599779 | -0.09146285737748272
-0.4572530176173224 | -0.6640739545599779 | -0.09146285737748272 | -0.9582476145427559 | -0.4296887792242381:-0.4569274448737559 | -0.6692439359840989 | -0.06952320755637231
-0.4569274448737559 | -0.6692439359840989 | -0.06952320755637231 | -0.9582476145427559 | -0.4296887792242381:-0.4570653718472286 | -0.6733475699891116 | -0.047306392877082715
-0.4570653718472286 | -0.6733475699891116 | -0.047306392877082715 | -0.9582476145427559 | -0.4296887792242381:-0.4576727844682047 | -0.676370407095618 | -0.02487460021958654
-0.4576727844682047 | -0.676370407095618 | -0.02487460021958654 | -0.18780289775339987 | 0.08247996060880491:-0.4587702850488746 | -0.6780891797207715 | -0.016672036424793646
-0.4587702850488746 | -0.6780891797207715 | -0.016672036424793646 | -0.18780289775339987 | 0.08247996060880491:-0.45982371926745813 | -0.6797159843981788 | -0.008430595843456956
-0.45982371926745813 | -0.6797159843981788 | -0.008430595843456956 | -0.18780289775339987 | 0.08247996060880491:-0.46083295693144066 | -0.6812504361718723 | -1.51692953725302E-4
-0.46083295693144066 | -0.6812504361718723 | -1.51692953725302E-4 | -0.18780289775339987 | 0.08247996060880491:-0.46179787493497315 | -0.6826921670383186 | 0.008163257263689161
-0.46179787493497315 | -0.6826921670383186 | 0.008163257263689161 | -0.18780289775339987 | 0.08247996060880491:-0.46271835723312194 | -0.68404082588048 | 0.01651283951701643
-0.46271835723312194 | -0.68404082588048 | 0.01651283951701643 | -0.18780289775339987 | 0.08247996060880491:-0.46359429481554315 | -0.6852960784007465 | 0.02489563839341713
-0.46359429481554315 | -0.6852960784007465 | 0.02489563839341713 | -0.18780289775339987 | 0.08247996060880491:-0.46442558567972725 | -0.6864576070527519 | 0.033310238547468174
-0.46442558567972725 | -0.6864576070527519 | 0.033310238547468174 | -0.18780289775339987 | 0.08247996060880491:-0.4652121348036218 | -0.6875251109720892 | 0.0417552248880817
-0.4652121348036218 | -0.6875251109720892 | 0.0417552248880817 | -0.18780289775339987 | 0.08247996060880491:-0.4659538541178563 | -0.6884983059059593 | 0.05022918276394961
-0.4659538541178563 | -0.6884983059059593 | 0.05022918276394961 | -0.18780289775339987 | 0.08247996060880491:-0.4666506624773916 | -0.6893769241417758 | 0.05873069814743204
-0.4666506624773916 | -0.6893769241417758 | 0.05873069814743204 | -0.18780289775339987 | 0.08247996060880491:-0.4673024856326933 | -0.6901607144346826 | 0.06725835781696787
-0.4673024856326933 | -0.6901607144346826 | 0.06725835781696787 | -0.18780289775339987 | 0.08247996060880491:-0.467909256200457 | -0.6908494419340627 | 0.07581074953794698
-0.467909256200457 | -0.6908494419340627 | 0.07581074953794698 | -0.18780289775339987 | 0.08247996060880491:-0.46847091363382987 | -0.6914428881090231 | 0.08438646224208313
-0.46847091363382987 | -0.6914428881090231 | 0.08438646224208313 | -0.18780289775339987 | 0.08247996060880491:-0.46898740419214135 | -0.6919408506728644 | 0.09298408620529486
-0.46898740419214135 | -0.6919408506728644 | 0.09298408620529486 | -0.18780289775339987 | 0.08247996060880491:-0.4694586809101864 | -0.6923431435065766 | 0.10160221322405505
-0.4694586809101864 | -0.6923431435065766 | 0.10160221322405505 | -0.18780289775339987 | 0.08247996060880491:-0.46988470356706813 | -0.6926495965813189 | 0.11023943679028037
-0.46988470356706813 | -0.6926495965813189 | 0.11023943679028037 | -0.18780289775339987 | 0.08247996060880491:-0.4702654386545504 | -0.6928600558799971 | 0.1188943522646646
-0.4702654386545504 | -0.6928600558799971 | 0.1188943522646646 | -0.18780289775339987 | 0.08247996060880491:-0.47060085934499796 | -0.6929743833177895 | 0.12756555704859807
-0.47060085934499796 | -0.6929743833177895 | 0.12756555704859807 | -0.18780289775339987 | 0.08247996060880491:-0.4708909454588337 | -0.6929924566618482 | 0.13625165075451307
-0.4708909454588337 | -0.6929924566618482 | 0.13625165075451307 | -0.18780289775339987 | 0.08247996060880491:-0.47113568343161205 | -0.6929141694499776 | 0.1449512353747977
-0.47113568343161205 | -0.6929141694499776 | 0.1449512353747977 | -0.18780289775339987 | 0.08247996060880491:-0.4713350662806164 | -0.6927394309084676 | 0.15366291544920685
-0.4713350662806164 | -0.6927394309084676 | 0.15366291544920685 | -0.18780289775339987 | 0.08247996060880491:-0.4714890935710514 | -0.6924681658689593 | 0.1623852982307703
-0.4714890935710514 | -0.6924681658689593 | 0.1623852982307703 | -0.18780289775339987 | 0.08247996060880491:-0.47159777138185177 | -0.6921003146845095 | 0.17111699385026924
-0.47159777138185177 | -0.6921003146845095 | 0.17111699385026924 | -0.18780289775339987 | 0.08247996060880491:-0.4716611122710006 | -0.691635833144673 | 0.1798566154791601
-0.4716611122710006 | -0.691635833144673 | 0.1798566154791601 | -0.18780289775339987 | 0.08247996060880491:-0.47167913524051386 | -0.6910746923898046 | 0.18860277949113424
-0.47167913524051386 | -0.6910746923898046 | 0.18860277949113424 | 0.5584936565251835 | 0.6543935406035903:-0.46666338942523566 | -0.6972261668885409 | 0.1848798127619986
-0.46666338942523566 | -0.6972261668885409 | 0.1848798127619986 | 0.5584936565251835 | 0.6543935406035903:-0.46176068250338176 | -0.703267764169837 | 0.18081432661240626
-0.46176068250338176 | -0.703267764169837 | 0.18081432661240626 | 0.5584936565251835 | 0.6543935406035903:-0.45698256097715273 | -0.7091897178734001 | 0.17641306015534042
-0.45698256097715273 | -0.7091897178734001 | 0.17641306015534042 | 0.5584936565251835 | 0.6543935406035903:-0.4523403413824738 | -0.7149824467116659 | 0.17168342346928966
-0.4523403413824738 | -0.7149824467116659 | 0.17168342346928966 | 0.5584936565251835 | 0.6543935406035903:-0.447845087703854 | -0.7206365739476581 | 0.1666334843650219
-0.447845087703854 | -0.7206365739476581 | 0.1666334843650219 | -0.32235823283486575 | -0.9422490842806235:-0.4564550489189827 | -0.7189808539022025 | 0.15718308941346493
