0.0 | 0.0 | 0.0 | 0.8755874941761059 | 0.5678421231293562:2.8361091142670196E-4 | -4.3765391211803006E-4 | 0.009986391936236403
2.8361091142670196E-4 | -4.3765391211803006E-4 | 0.009986391936236403 | 0.8755874941761059 | 0.5678421231293562:0.0011266938775830683 | -0.0017398429065778043 | 0.019791753524300154
0.0011266938775830683 | -0.0017398429065778043 | 0.019791753524300154 | 0.8755874941761059 | 0.5678421231293562:0.002515471553095604 | -0.003887054477392571 | 0.02933790400412664
0.002515471553095604 | -0.003887054477392571 | 0.02933790400412664 | 0.8755874941761059 | 0.5678421231293562:0.0044333745333586805 | -0.006855419824267406 | 0.038548966746206156
0.0044333745333586805 | -0.006855419824267406 | 0.038548966746206156 | 0.8755874941761059 | 0.5678421231293562:0.006861147457131041 | -0.010616870597217387 | 0.04735168342411851
0.006861147457131041 | -0.010616870597217387 | 0.04735168342411851 | 0.8755874941761059 | 0.5678421231293562:0.009776964695235221 | -0.015139310731203226 | 0.0556757141495417
0.009776964695235221 | -0.015139310731203226 | 0.0556757141495417 | 0.8755874941761059 | 0.5678421231293562:0.013156555088268313 | -0.020386802563581163 | 0.06345392260878152
0.013156555088268313 | -0.020386802563581163 | 0.06345392260878152 | 0.8755874941761059 | 0.5678421231293562:0.016973335170286437 | -0.026319766385750176 | 0.07062264530327433
0.016973335170286437 | -0.026319766385750176 | 0.07062264530327433 | 0.8755874941761059 | 0.5678421231293562:0.021198550291662566 | -0.03289519254231066 | 0.07712194406225753
0.021198550291662566 | -0.03289519254231066 | 0.07712194406225753 | 0.8755874941761059 | 0.5678421231293562:0.025801423032791523 | -0.040066865156356934 | 0.08289584106363318
0.025801423032791523 | -0.040066865156356934 | 0.08289584106363318 | 0.8755874941761059 | 0.5678421231293562:0.03074930828107321 | -0.04778559652833336 | 0.08789253566873556
0.03074930828107321 | -0.04778559652833336 | 0.08789253566873556 | 0.8755874941761059 | 0.5678421231293562:0.03600785432668338 | -0.05599947122822391 | 0.09206460244799886
0.03600785432668338 | -0.05599947122822391 | 0.09206460244799886 | 0.8755874941761059 | 0.5678421231293562:0.041541169318071 | -0.06465409887678986 | 0.09536916984716282
0.041541169318071 | -0.06465409887678986 | 0.09536916984716282 | 0.8755874941761059 | 0.5678421231293562:0.04731199240592557 | -0.07369287459114293 | 0.09776807901739626
0.04731199240592557 | -0.07369287459114293 | 0.09776807901739626 | 0.8755874941761059 | 0.5678421231293562:0.05328186889455094 | -0.08305724605319353 | 0.09922802240731465
0.05328186889455094 | -0.08305724605319353 | 0.09922802240731465 | 0.8755874941761059 | 0.5678421231293562:0.05941132871217242 | -0.09268698614643167 | 0.09972066179006112
0.05941132871217242 | -0.09268698614643167 | 0.09972066179006112 | 0.8755874941761059 | 0.5678421231293562:0.0656600675066889 | -0.10252047009711784 | 0.09922272547416555
0.0656600675066889 | -0.10252047009711784 | 0.09922272547416555 | 0.8755874941761059 | 0.5678421231293562:0.07198712967075793 | -0.11249495605025395 | 0.09771608452253644
0.07198712967075793 | -0.11249495605025395 | 0.09771608452253644 | -0.9014550744833567 | 0.6998963365589292:0.07934490238106551 | -0.11342296989593548 | 0.10515209795975844
0.07934490238106551 | -0.11342296989593548 | 0.10515209795975844 | -0.9014550744833567 | 0.6998963365589292:0.08710231154511583 | -0.11372988951511376 | 0.11241255681460349
0.08710231154511583 | -0.11372988951511376 | 0.11241255681460349 | -0.9014550744833567 | 0.6998963365589292:0.09525184397112196 | -0.1134250654652682 | 0.1194375354565198
0.09525184397112196 | -0.1134250654652682 | 0.1194375354565198 | -0.9014550744833567 | 0.6998963365589292:0.10378328228632494 | -0.11252134456773133 | 0.12616814313119362
0.10378328228632494 | -0.11252134456773133 | 0.12616814313119362 | -0.9014550744833567 | 0.6998963365589292:0.1126837649737199 | -0.11103499955613128 | 0.13254682908632298
0.1126837649737199 | -0.11103499955613128 | 0.13254682908632298 | -0.9014550744833567 | 0.6998963365589292:0.12193785861218276 | -0.10898564282739587 | 0.13851767981894936
0.12193785861218276 | -0.10898564282739587 | 0.13851767981894936 | -0.9014550744833567 | 0.6998963365589292:0.13152764191761301 | -0.10639612478515348 | 0.1440267071814716
0.13152764191761301 | -0.10639612478515348 | 0.1440267071814716 | -0.9014550744833567 | 0.6998963365589292:0.14143280113617962 | -0.10329241732640426 | 0.14902212613176236
0.14143280113617962 | -0.10329241732640426 | 0.14902212613176236 | -0.9014550744833567 | 0.6998963365589292:0.1516307362964231 | -0.09970348308061006 | 0.15345462096561802
0.1516307362964231 | -0.09970348308061006 | 0.15345462096561802 | -0.9014550744833567 | 0.6998963365589292:0.16209667778501569 | -0.09566113106569984 | 0.1572775989268207
0.16209667778501569 | -0.09566113106569984 | 0.1572775989268207 | -0.8623984944715004 | 0.6444984101527307:0.17235297917950376 | -0.09152462674378414 | 0.16074714041634408
0.17235297917950376 | -0.09152462674378414 | 0.16074714041634408 | -0.8623984944715004 | 0.6444984101527307:0.18281247158964087 | -0.087007794575781 | 0.16360054868045548
0.18281247158964087 | -0.087007794575781 | 0.16360054868045548 | -0.8623984944715004 | 0.6444984101527307:0.19345002276082868 | -0.08214448114582984 | 0.1658036755005976
0.19345002276082868 | -0.08214448114582984 | 0.1658036755005976 | -0.8623984944715004 | 0.6444984101527307:0.20423913402927862 | -0.07697041457486886 | 0.16732527310899004
0.20423913402927862 | -0.07697041457486886 | 0.16732527310899004 | -0.8623984944715004 | 0.6444984101527307:0.21515205963422224 | -0.07152304804778531 | 0.16813713765958926
0.21515205963422224 | -0.07152304804778531 | 0.16813713765958926 | 0.3929342908750091 | 0.9171766351352082:0.22822709595420054 | -0.07671463935960743 | 0.16064461093582594
0.22822709595420054 | -0.07671463935960743 | 0.16064461093582594 | 0.3929342908750091 | 0.9171766351352082:0.2410568708680101 | -0.08181612259912896 | 0.1521215852245703
0.2410568708680101 | -0.08181612259912896 | 0.1521215852245703 | 0.3929342908750091 | 0.9171766351352082:0.2535777912467254 | -0.0868000942809033 | 0.1425797376708
0.2535777912467254 | -0.0868000942809033 | 0.1425797376708 | 0.3929342908750091 | 0.9171766351352082:0.26572696275574126 | -0.09163940785175928 | 0.13203511071203478
0.26572696275574126 | -0.09163940785175928 | 0.13203511071203478 | 0.3929342908750091 | 0.9171766351352082:0.2774424302035734 | -0.09630727719701371 | 0.12050805545959253
0.2774424302035734 | -0.09630727719701371 | 0.12050805545959253 | 0.7573552377352823 | 0.12516668923935792:0.2841488325146626 | -0.10296787473000624 | 0.11751045646021652
0.2841488325146626 | -0.10296787473000624 | 0.11751045646021652 | 0.7573552377352823 | 0.12516668923935792:0.29078965834281423 | -0.10957970601271505 | 0.11407611167762699
0.29078965834281423 | -0.10957970601271505 | 0.11407611167762699 | 0.7573552377352823 | 0.12516668923935792:0.29736172832600793 | -0.11612009901174458 | 0.11020682816602623
0.29736172832600793 | -0.11612009901174458 | 0.11020682816602623 | 0.7573552377352823 | 0.12516668923935792:0.3038618811280571 | -0.12256650356025922 | 0.10590553232923039
0.3038618811280571 | -0.12256650356025922 | 0.10590553232923039 | 0.7573552377352823 | 0.12516668923935792:0.310286981889095 | -0.12889654233700032 | 0.10117626036618521
0.310286981889095 | -0.12889654233700032 | 0.10117626036618521 | 0.7573552377352823 | 0.12516668923935792:0.3166339305624053 | -0.1350880612039136 | 0.09602414644880497
0.3166339305624053 | -0.1350880612039136 | 0.09602414644880497 | 0.7573552377352823 | 0.12516668923935792:0.32289967012225507 | -0.14111917880867075 | 0.09045540867127233
0.32289967012225507 | -0.14111917880867075 | 0.09045540867127233 | 0.7573552377352823 | 0.12516668923935792:0.3290811946277197 | -0.14696833536045162 | 0.08447733281378778
0.3290811946277197 | -0.14696833536045162 | 0.08447733281378778 | 0.7573552377352823 | 0.12516668923935792:0.3351755571278767 | -0.15261434048963007 | 0.0780982539674211
0.3351755571278767 | -0.15261434048963007 | 0.0780982539674211 | 0.7573552377352823 | 0.12516668923935792:0.34117987739418076 | -0.1580364201043718 | 0.07132753607030118
0.34117987739418076 | -0.1580364201043718 | 0.07132753607030118 | 0.7573552377352823 | 0.12516668923935792:0.34709134946621223 | -0.16321426215969748 | 0.06417554940885406
0.34709134946621223 | -0.16321426215969748 | 0.06417554940885406 | 0.7573552377352823 | 0.12516668923935792:0.35290724899747605 | -0.16812806125720403 | 0.05665364614112356
0.35290724899747605 | -0.16812806125720403 | 0.05665364614112356 | 0.7573552377352823 | 0.12516668923935792:0.35862494038838655 | -0.1727585619964005 | 0.048774133902432126
0.35862494038838655 | -0.1727585619964005 | 0.048774133902432126 | 0.7573552377352823 | 0.12516668923935792:0.3642418836940511 | -0.17708710100152292 | 0.040550247556700114
0.3642418836940511 | -0.17708710100152292 | 0.040550247556700114 | 0.7573552377352823 | 0.12516668923935792:0.3697556412949865 | -0.18109564755067975 | 0.031996119159699354
0.3697556412949865 | -0.18109564755067975 | 0.031996119159699354 | 0.7573552377352823 | 0.12516668923935792:0.37516388431941117 | -0.18476684273727706 | 0.023126746203312898
0.37516388431941117 | -0.18476684273727706 | 0.023126746203312898 | 0.7573552377352823 | 0.12516668923935792:0.3804643988062857 | -0.18808403709689614 | 0.013957958212526655
0.3804643988062857 | -0.18808403709689614 | 0.013957958212526655 | 0.7573552377352823 | 0.12516668923935792:0.38565509159885814 | -0.19103132663605837 | 0.004506381769381562
0.38565509159885814 | -0.19103132663605837 | 0.004506381769381562 | 0.7573552377352823 | 0.12516668923935792:0.39073399595901215 | -0.19359358720272457 | -0.005210595959493247
0.39073399595901215 | -0.19359358720272457 | -0.005210595959493247 | 0.7573552377352823 | 0.12516668923935792:0.39569927689326967 | -0.1957565071418097 | -0.01517486511298305
0.39569927689326967 | -0.1957565071418097 | -0.01517486511298305 | 0.20972337014556475 | 0.14397474716765135:0.40056419086487516 | -0.19805845778910225 | -0.02032849966193595
0.40056419086487516 | -0.19805845778910225 | -0.02032849966193595 | 0.20972337014556475 | 0.14397474716765135:0.4053395950068932 | -0.2002787543235769 | -0.02559960579878151
0.4053395950068932 | -0.2002787543235769 | -0.02559960579878151 | 0.20972337014556475 | 0.14397474716765135:0.41002475819990103 | -0.20241583611050729 | -0.03098542473980359
0.41002475819990103 | -0.20241583611050729 | -0.03098542473980359 | 0.20972337014556475 | 0.14397474716765135:0.4146189771808064 | -0.2044681878440473 | -0.03648318617949986
0.4146189771808064 | -0.2044681878440473 | -0.03648318617949986 | 0.20972337014556475 | 0.14397474716765135:0.4191215764711895 | -0.2064343393989292 | -0.04209010909311317
0.4191215764711895 | -0.2064343393989292 | -0.04209010909311317 | -0.7603946482775652 | 0.4661806603679448:0.42294349080584404 | -0.2102377998851077 | -0.04446980697642644
0.42294349080584404 | -0.2102377998851077 | -0.04446980697642644 | -0.7603946482775652 | 0.4661806603679448:0.4266542973967198 | -0.21412248169447068 | -0.046806917835874096
0.4266542973967198 | -0.21412248169447068 | -0.046806917835874096 | -0.7603946482775652 | 0.4661806603679448:0.43025532905400254 | -0.21808735011426883 | -0.04909454593809137
0.43025532905400254 | -0.21808735011426883 | -0.04909454593809137 | -0.7603946482775652 | 0.4661806603679448:0.4337481051221861 | -0.22213105468958716 | -0.051325867980973605
0.4337481051221861 | -0.22213105468958716 | -0.051325867980973605 | -0.7603946482775652 | 0.4661806603679448:0.43713432924646156 | -0.2262519326064858 | -0.053494152093911396
0.43713432924646156 | -0.2262519326064858 | -0.053494152093911396 | -0.7603946482775652 | 0.4661806603679448:0.4404158866399097 | -0.23044801289319672 | -0.05559277658845829
0.4404158866399097 | -0.23044801289319672 | -0.05559277658845829 | -0.7603946482775652 | 0.4661806603679448:0.443594840860019 | -0.23471702142636275 | -0.05761524841242949
0.443594840860019 | -0.23471702142636275 | -0.05761524841242949 | -0.7603946482775652 | 0.4661806603679448:0.446673430104239 | -0.23905638672737695 | -0.05955522126135637
0.446673430104239 | -0.23905638672737695 | -0.05955522126135637 | -0.7603946482775652 | 0.4661806603679448:0.44965406303537137 | -0.24346324653204654 | -0.061406513302278753
0.44965406303537137 | -0.24346324653204654 | -0.061406513302278753 | -0.7603946482775652 | 0.4661806603679448:0.452539314148769 | -0.2479344551149314 | -0.0631631244659987
0.452539314148769 | -0.2479344551149314 | -0.0631631244659987 | 0.30424192380709925 | -0.23135413394814552:0.4574697394282623 | -0.24922574638210726 | -0.0622578217599532
0.4574697394282623 | -0.24922574638210726 | -0.0622578217599532 | 0.30424192380709925 | -0.23135413394814552:0.4623543698895709 | -0.25049901006473085 | -0.06129589438266336
0.4623543698895709 | -0.25049901006473085 | -0.06129589438266336 | 0.30424192380709925 | -0.23135413394814552:0.46719267740630244 | -0.25175572184546446 | -0.06027773244922674
0.46719267740630244 | -0.25175572184546446 | -0.06027773244922674 | 0.30424192380709925 | -0.23135413394814552:0.47198413891110746 | -0.2529973432381585 | -0.059203761059601234
0.47198413891110746 | -0.2529973432381585 | -0.059203761059601234 | 0.30424192380709925 | -0.23135413394814552:0.4767282368679737 | -0.25422532104097684 | -0.05807443982767335
0.4767282368679737 | -0.25422532104097684 | -0.05807443982767335 | 0.30424192380709925 | -0.23135413394814552:0.4814244597360755 | -0.2554410867997916 | -0.05689026239753403
0.4814244597360755 | -0.2554410867997916 | -0.05689026239753403 | 0.30424192380709925 | -0.23135413394814552:0.48607230242503263 | -0.2566460562819639 | -0.055651755947254244
0.48607230242503263 | -0.2566460562819639 | -0.055651755947254244 | 0.30424192380709925 | -0.23135413394814552:0.4906712667415043 | -0.2578416289607137 | -0.05435948068052099
0.4906712667415043 | -0.2578416289607137 | -0.05435948068052099 | 0.30424192380709925 | -0.23135413394814552:0.49522086182700065 | -0.25902918751014603 | -0.05301402930643562
0.49522086182700065 | -0.25902918751014603 | -0.05301402930643562 | 0.30424192380709925 | -0.23135413394814552:0.49972060458683387 | -0.2602100973111341 | -0.05161602650781649
0.49972060458683387 | -0.2602100973111341 | -0.05161602650781649 | -0.7477056446454078 | -0.7822879916505905:0.5048200853066938 | -0.26396804797824025 | -0.02245190455754109
0.5048200853066938 | -0.26396804797824025 | -0.02245190455754109 | -0.7477056446454078 | -0.7822879916505905:0.508732868359008 | -0.26661814933862615 | 0.007234462186398005
0.508732868359008 | -0.26661814933862615 | 0.007234462186398005 | -0.7477056446454078 | -0.7822879916505905:0.5114327896003807 | -0.26813348676651394 | 0.037349932332379154
0.5114327896003807 | -0.26813348676651394 | 0.037349932332379154 | -0.7477056446454078 | -0.7822879916505905:0.5128976626695625 | -0.26849090316339996 | 0.06779890232464325
0.5128976626695625 | -0.26849090316339996 | 0.06779890232464325 | -0.7477056446454078 | -0.7822879916505905:0.5131093853512887 | -0.26767110670271776 | 0.09848363276594352
0.5131093853512887 | -0.26767110670271776 | 0.09848363276594352 | -0.7477056446454078 | -0.7822879916505905:0.5120540316838671 | -0.2656587651132991 | 0.12930458354041452
0.5120540316838671 | -0.2656587651132991 | 0.12930458354041452 | -0.7477056446454078 | -0.7822879916505905:0.5097219294701922 | -0.2624425861543287 | 0.1601607565580725
0.5097219294701922 | -0.2624425861543287 | 0.1601607565580725 | -0.7477056446454078 | -0.7822879916505905:0.5061077229030921 | -0.25801538398298973 | 0.19095004491691991
0.5061077229030921 | -0.25801538398298973 | 0.19095004491691991 | -0.7477056446454078 | -0.7822879916505905:0.5012104200680909 | -0.2523741311653982 | 0.22156958725741038
0.5012104200680909 | -0.2523741311653982 | 0.22156958725741038 | -0.7477056446454078 | -0.7822879916505905:0.4950334251393258 | -0.2455199961315664 | 0.2519161260670284
0.4950334251393258 | -0.2455199961315664 | 0.2519161260670284 | -0.9074092723902276 | 0.17940548498648412:0.50058710775658 | -0.23535387675376462 | 0.2600119209758871
0.50058710775658 | -0.23535387675376462 | 0.2600119209758871 | -0.9074092723902276 | 0.17940548498648412:0.5061921149737572 | -0.22473936072485756 | 0.26760903617028386
0.5061921149737572 | -0.22473936072485756 | 0.26760903617028386 | -0.9074092723902276 | 0.17940548498648412:0.5118441110808618 | -0.21369960058623683 | 0.27468301124716543
0.5118441110808618 | -0.21369960058623683 | 0.27468301124716543 | -0.9074092723902276 | 0.17940548498648412:0.5175385103833428 | -0.20225902209637603 | 0.2812105477856255
0.5175385103833428 | -0.20225902209637603 | 0.2812105477856255 | -0.9074092723902276 | 0.17940548498648412:0.5232704890397102 | -0.1904432660456976 | 0.2871695763563409
0.5232704890397102 | -0.1904432660456976 | 0.2871695763563409 | 0.3577934118820334 | -0.9178856353965663:0.5127413263081024 | -0.19671551743646631 | 0.3092572831036611
0.5127413263081024 | -0.19671551743646631 | 0.3092572831036611 | 0.3577934118820334 | -0.9178856353965663:0.5010993968039408 | -0.2034024980550413 | 0.3308199066247397
0.5010993968039408 | -0.2034024980550413 | 0.3308199066247397 | 0.3577934118820334 | -0.9178856353965663:0.48836719620224045 | -0.21049625424751994 | 0.3517929109982507
0.48836719620224045 | -0.21049625424751994 | 0.3517929109982507 | 0.3577934118820334 | -0.9178856353965663:0.4745704904709811 | -0.21798754504084172 | 0.3721129203710527
0.4745704904709811 | -0.21798754504084172 | 0.3721129203710527 | 0.3577934118820334 | -0.9178856353965663:0.4597382584880556 | -0.22586586282719523 | 0.3917179094495502
0.4597382584880556 | -0.22586586282719523 | 0.3917179094495502 | 0.3577934118820334 | -0.9178856353965663:0.44390262513731926 | -0.23411945778948606 | 0.4105473905663928
0.44390262513731926 | -0.23411945778948606 | 0.4105473905663928 | 0.3577934118820334 | -0.9178856353965663:0.42709878507242394 | -0.2427353659992768 | 0.4285425967800922
0.42709878507242394 | -0.2427353659992768 | 0.4285425967800922 | 0.3577934118820334 | -0.9178856353965663:0.40936491736338354 | -0.2516994411080873 | 0.44564666047717516
0.40936491736338354 | -0.2516994411080873 | 0.44564666047717516 | 0.3577934118820334 | -0.9178856353965663:0.3907420912666595 | -0.26099638954288196 | 0.4618047869598776
0.3907420912666595 | -0.26099638954288196 | 0.4618047869598776 | 0.3577934118820334 | -0.9178856353965663:0.3712741633843706 | -0.2706098091067304 | 0.47696442251726623
0.3712741633843706 | -0.2706098091067304 | 0.47696442251726623 | 0.3577934118820334 | -0.9178856353965663:0.3510076665024542 | -0.28052223087597383 | 0.49107541649386555
0.3510076665024542 | -0.28052223087597383 | 0.49107541649386555 | 0.3577934118820334 | -0.9178856353965663:0.3299916904208686 | -0.2907151642761434 | 0.5040901768874271
0.3299916904208686 | -0.2907151642761434 | 0.5040901768874271 | 0.3577934118820334 | -0.9178856353965663:0.30827775511126987 | -0.30116914520985105 | 0.5159638190262541
0.30827775511126987 | -0.30116914520985105 | 0.5159638190262541 | 0.3577934118820334 | -0.9178856353965663:0.2859196765589971 | -0.31186378710145846 | 0.5266543068965124
0.2859196765589971 | -0.31186378710145846 | 0.5266543068965124 | 0.3577934118820334 | -0.9178856353965663:0.26297342566638093 | -0.32277783471525723 | 0.5361225867111123
0.26297342566638093 | -0.32277783471525723 | 0.5361225867111123 | 0.3577934118820334 | -0.9178856353965663:0.2394969806138576 | -0.3338892205960349 | 0.5443327123340165
0.2394969806138576 | -0.3338892205960349 | 0.5443327123340165 | 0.3577934118820334 | -0.9178856353965663:0.2155501730932059 | -0.34517512397385985 | 0.5512519621970462
0.2155501730932059 | -0.34517512397385985 | 0.5512519621970462 | 0.3577934118820334 | -0.9178856353965663:0.19119452884420696 | -0.356612031967952 | 0.5568509473705667
0.19119452884420696 | -0.356612031967952 | 0.5568509473705667 | 0.3577934118820334 | -0.9178856353965663:0.1664931029418284 | -0.36817580291829444 | 0.561103710474443
0.1664931029418284 | -0.36817580291829444 | 0.561103710474443 | 0.3577934118820334 | -0.9178856353965663:0.14151031029507521 | -0.3798417316677032 | 0.5639878151417239
0.14151031029507521 | -0.3798417316677032 | 0.5639878151417239 | 0.3577934118820334 | -0.9178856353965663:0.11631175183212861 | -0.39158461661180866 | 0.5654844257740308
0.11631175183212861 | -0.39158461661180866 | 0.5654844257740308 | 0.3577934118820334 | -0.9178856353965663:0.09096403685782661 | -0.4033788283295756 | 0.5655783773551235
0.09096403685782661 | -0.4033788283295756 | 0.5655783773551235 | 0.3577934118820334 | -0.9178856353965663:0.06553460208005646 | -0.41519837960264283 | 0.5642582351169416
0.06553460208005646 | -0.41519837960264283 | 0.5642582351169416 | 0.3577934118820334 | -0.9178856353965663:0.04009152781064529 | -0.4270169966280797 | 0.561516343880907
0.04009152781064529 | -0.4270169966280797 | 0.561516343880907 | 0.3577934118820334 | -0.9178856353965663:0.014703351853746938 | -0.43880819122585635 | 0.557348866926187
0.014703351853746938 | -0.43880819122585635 | 0.557348866926187 | 0.5634637798591116 | -0.7442179825923236:-0.0055962260495192595 | -0.45619441052415866 | 0.5471676669022649
-0.0055962260495192595 | -0.45619441052415866 | 0.5471676669022649 | 0.5634637798591116 | -0.7442179825923236:-0.025564882637254982 | -0.473329819101977 | 0.5356755442807035
-0.025564882637254982 | -0.473329819101977 | 0.5356755442807035 | 0.5634637798591116 | -0.7442179825923236:-0.045150611522352335 | -0.49017498439659235 | 0.5228900147837869
-0.045150611522352335 | -0.49017498439659235 | 0.5228900147837869 | 0.5634637798591116 | -0.7442179825923236:-0.06430205689857615 | -0.5066909184114969 | 0.5088318668378804
-0.06430205689857615 | -0.5066909184114969 | 0.5088318668378804 | 0.5634637798591116 | -0.7442179825923236:-0.08296864432289652 | -0.5228391772886027 | 0.4935251232303983
-0.08296864432289652 | -0.5228391772886027 | 0.4935251232303983 | 0.5634637798591116 | -0.7442179825923236:-0.10110070983377994 | -0.5385819597363088 | 0.4769969945399346
-0.10110070983377994 | -0.5385819597363088 | 0.4769969945399346 | 0.5634637798591116 | -0.7442179825923236:-0.11864962708018822 | -0.5538822040656939 | 0.4592778244515685
-0.11864962708018822 | -0.5538822040656939 | 0.4592778244515685 | 0.5634637798591116 | -0.7442179825923236:-0.13556793214140583 | -0.5687036835906802 | 0.4404010270894787
-0.13556793214140583 | -0.5687036835906802 | 0.4404010270894787 | 0.5634637798591116 | -0.7442179825923236:-0.15180944572365007 | -0.5830111001523797 | 0.42040301651861256
-0.15180944572365007 | -0.5830111001523797 | 0.42040301651861256 | 0.5634637798591116 | -0.7442179825923236:-0.1673293924262964 | -0.5967701755326011 | 0.3993231285867296
-0.1673293924262964 | -0.5967701755326011 | 0.3993231285867296 | 0.5634637798591116 | -0.7442179825923236:-0.1820845167780334 | -0.6099477405269802 | 0.37720353529674
-0.1820845167780334 | -0.6099477405269802 | 0.37720353529674 | 0.5634637798591116 | -0.7442179825923236:-0.19603319575146116 | -0.6225118214540792 | 0.3540891519178331
-0.19603319575146116 | -0.6225118214540792 | 0.3540891519178331 | 0.5634637798591116 | -0.7442179825923236:-0.20913554747352947 | -0.634431723883381 | 0.33002753706159993
-0.20913554747352947 | -0.634431723883381 | 0.33002753706159993 | 0.5634637798591116 | -0.7442179825923236:-0.22135353585893114 | -0.6456781133721243 | 0.30506878596665743
-0.22135353585893114 | -0.6456781133721243 | 0.30506878596665743 | 0.5634637798591116 | -0.7442179825923236:-0.23265107090370662 | -0.6562230930083466 | 0.2792654172518283
-0.23265107090370662 | -0.6562230930083466 | 0.2792654172518283 | -0.4292879899903832 | 0.8375727375979298:-0.22090153865426032 | -0.6522431712704773 | 0.3037769074554326
-0.22090153865426032 | -0.6522431712704773 | 0.3037769074554326 | -0.4292879899903832 | 0.8375727375979298:-0.20808823373789664 | -0.6476945125351179 | 0.32774917545792803
-0.20808823373789664 | -0.6476945125351179 | 0.32774917545792803 | -0.4292879899903832 | 0.8375727375979298:-0.19423307003617651 | -0.642587881980063 | 0.351122295827313
-0.19423307003617651 | -0.642587881980063 | 0.351122295827313 | -0.4292879899903832 | 0.8375727375979298:-0.17936062153723498 | -0.6369354186033362 | 0.37383749284822443
-0.17936062153723498 | -0.6369354186033362 | 0.37383749284822443 | -0.4292879899903832 | 0.8375727375979298:-0.16349807129157057 | -0.6307506106881533 | 0.3958372902023122
-0.16349807129157057 | -0.6307506106881533 | 0.3958372902023122 | -0.4292879899903832 | 0.8375727375979298:-0.14667515374261342 | -0.6240482678411823 | 0.41706565774396864
-0.14667515374261342 | -0.6240482678411823 | 0.41706565774396864 | -0.4292879899903832 | 0.8375727375979298:-0.12892409057041476 | -0.6168444896711449 | 0.4374681550021613
-0.12892409057041476 | -0.6168444896711449 | 0.4374681550021613 | -0.4292879899903832 | 0.8375727375979298:-0.11027952020302934 | -0.6091566311829908 | 0.4569920710475479
-0.11027952020302934 | -0.6091566311829908 | 0.4569920710475479 | -0.4292879899903832 | 0.8375727375979298:-0.09077842116580825 | -0.6010032649711405 | 0.47558656037316993
-0.09077842116580825 | -0.6010032649711405 | 0.47558656037316993 | -0.4292879899903832 | 0.8375727375979298:-0.07046002945393326 | -0.5924041403031737 | 0.49320277444703464
-0.07046002945393326 | -0.5924041403031737 | 0.49320277444703464 | 0.9168869565583915 | -0.8366219576669243:-0.09012890599615986 | -0.6161777676122355 | 0.4635310279942111
-0.09012890599615986 | -0.6161777676122355 | 0.4635310279942111 | 0.9168869565583915 | -0.8366219576669243:-0.1085450212845771 | -0.6386080215366832 | 0.43189708586294984
-0.1085450212845771 | -0.6386080215366832 | 0.43189708586294984 | 0.9168869565583915 | -0.8366219576669243:-0.12562498264591682 | -0.6596010224230682 | 0.39841598424257896
-0.12562498264591682 | -0.6596010224230682 | 0.39841598424257896 | 0.9168869565583915 | -0.8366219576669243:-0.14129041224979488 | -0.6790682006474285 | 0.3632108094507167
-0.14129041224979488 | -0.6790682006474285 | 0.3632108094507167 | 0.9168869565583915 | -0.8366219576669243:-0.15546828950922276 | -0.6969266826573275 | 0.32641222835881223
-0.15546828950922276 | -0.6969266826573275 | 0.32641222835881223 | 0.9168869565583915 | -0.8366219576669243:-0.1680912725067003 | -0.7130996547821908 | 0.2881579858564578
-0.1680912725067003 | -0.7130996547821908 | 0.2881579858564578 | 0.9168869565583915 | -0.8366219576669243:-0.1790979970566653 | -0.7275167032431682 | 0.2485923713622462
-0.1790979970566653 | -0.7275167032431682 | 0.2485923713622462 | 0.9168869565583915 | -0.8366219576669243:-0.18843335210614498 | -0.7401141288907667 | 0.20786565652124978
-0.18843335210614498 | -0.7401141288907667 | 0.20786565652124978 | 0.9168869565583915 | -0.8366219576669243:-0.19604873027181924 | -0.7508352353012384 | 0.16613350635257973
-0.19604873027181924 | -0.7508352353012384 | 0.16613350635257973 | 0.9168869565583915 | -0.8366219576669243:-0.2019022524136247 | -0.759630588971838 | 0.1235563662243706
-0.2019022524136247 | -0.759630588971838 | 0.1235563662243706 | 0.9168869565583915 | -0.8366219576669243:-0.20595896525116686 | -0.7664582504688013 | 0.08029882713792347
-0.20595896525116686 | -0.7664582504688013 | 0.08029882713792347 | 0.9168869565583915 | -0.8366219576669243:-0.2081910111395615 | -0.771283975501099 | 0.036528971896501616
-0.2081910111395615 | -0.771283975501099 | 0.036528971896501616 | 0.9168869565583915 | -0.8366219576669243:-0.2085777692358839 | -0.7740813850160819 | -0.007582295182253063
-0.2085777692358839 | -0.7740813850160819 | -0.007582295182253063 | 0.9168869565583915 | -0.8366219576669243:-0.20710596740459408 | -0.774832103540561 | -0.05186193227915936
-0.20710596740459408 | -0.774832103540561 | -0.05186193227915936 | 0.9168869565583915 | -0.8366219576669243:-0.2037697643307581 | -0.7735258651208738 | -0.09613545501925813
-0.2037697643307581 | -0.7735258651208738 | -0.09613545501925813 | 0.9168869565583915 | -0.8366219576669243:-0.19857080143246364 | -0.7701605863491423 | -0.14022763950874406
-0.19857080143246364 | -0.7701605863491423 | -0.14022763950874406 | 0.9168869565583915 | -0.8366219576669243:-0.19151822428805332 | -0.7647424060980015 | -0.18396323058364317
-0.19151822428805332 | -0.7647424060980015 | -0.18396323058364317 | 0.9168869565583915 | -0.8366219576669243:-0.18262867341961808 | -0.7572856917233111 | -0.2271676523646491
-0.18262867341961808 | -0.7572856917233111 | -0.2271676523646491 | 0.9168869565583915 | -0.8366219576669243:-0.17192624440030357 | -0.7478130116325872 | -0.26966771819905233
-0.17192624440030357 | -0.7478130116325872 | -0.26966771819905233 | 0.9168869565583915 | -0.8366219576669243:-0.15944241737983944 | -0.7363550742553855 | -0.3112923370684726
-0.15944241737983944 | -0.7363550742553855 | -0.3112923370684726 | 0.9168869565583915 | -0.8366219576669243:-0.14521595624872674 | -0.7229506335907203 | -0.35187321355171264
-0.14521595624872674 | -0.7229506335907203 | -0.35187321355171264 | 0.9168869565583915 | -0.8366219576669243:-0.12929277778718884 | -0.7076463616444713 | -0.39124553845402943
-0.12929277778718884 | -0.7076463616444713 | -0.39124553845402943 | 0.9168869565583915 | -0.8366219576669243:-0.11172579126895954 | -0.6904966882066219 | -0.4292486672485225
-0.11172579126895954 | -0.6904966882066219 | -0.4292486672485225 | 0.9168869565583915 | -0.8366219576669243:-0.0925747091123803 | -0.6715636085532211 | -0.46572678352122665
-0.0925747091123803 | -0.6715636085532211 | -0.46572678352122665 | 0.9168869565583915 | -0.8366219576669243:-0.07190582929113631 | -0.6509164597906718 | -0.5005295446690639
-0.07190582929113631 | -0.6509164597906718 | -0.5005295446690639 | 0.9168869565583915 | -0.8366219576669243:-0.04979179033401948 | -0.6286316666899552 | -0.533512707168839
-0.04979179033401948 | -0.6286316666899552 | -0.533512707168839 | 0.9168869565583915 | -0.8366219576669243:-0.026311299856928372 | -0.6047924579847788 | -0.5645387288154389
-0.026311299856928372 | -0.6047924579847788 | -0.5645387288154389 | 0.9168869565583915 | -0.8366219576669243:-0.0015488376802217374 | -0.5794885542302808 | -0.593477345418151
-0.0015488376802217374 | -0.5794885542302808 | -0.593477345418151 | 0.9168869565583915 | -0.8366219576669243:0.024405665309746638 | -0.5528158284371258 | -0.6202061195452266
0.024405665309746638 | -0.5528158284371258 | -0.6202061195452266 | 0.9168869565583915 | -0.8366219576669243:0.05145717129503424 | -0.5248759408090109 | -0.6446109590178963
0.05145717129503424 | -0.5248759408090109 | -0.6446109590178963 | 0.9168869565583915 | -0.8366219576669243:0.07950590130064938 | -0.4957759490196878 | -0.6665866029756771
0.07950590130064938 | -0.4957759490196878 | -0.6665866029756771 | 0.9168869565583915 | -0.8366219576669243:0.10844772116298174 | -0.46562789556740825 | -0.686037073464508
0.10844772116298174 | -0.46562789556740825 | -0.686037073464508 | 0.9168869565583915 | -0.8366219576669243:0.1381745461612951 | -0.4345483738409399 | -0.7028760906372433
0.1381745461612951 | -0.4345483738409399 | -0.7028760906372433 | 0.9168869565583915 | -0.8366219576669243:0.16857476270302385 | -0.40265807462021996 | -0.7170274498022771
0.16857476270302385 | -0.40265807462021996 | -0.7170274498022771 | 0.9168869565583915 | -0.8366219576669243:0.1995336653818356 | -0.3700813148172415 | -0.728425358709206
0.1995336653818356 | -0.3700813148172415 | -0.728425358709206 | -0.8791105234805332 | 0.1628449171266546:0.1941003521158109 | -0.4024910594994111 | -0.7144084906452903
0.1941003521158109 | -0.4024910594994111 | -0.7144084906452903 | -0.8791105234805332 | 0.1628449171266546:0.18877857575811774 | -0.4343038823044978 | -0.6988924229553461
0.18877857575811774 | -0.4343038823044978 | -0.6988924229553461 | -0.8791105234805332 | 0.1628449171266546:0.18358083625158628 | -0.4654519793110623 | -0.6819039802963509
0.18358083625158628 | -0.4654519793110623 | -0.6819039802963509 | -0.8791105234805332 | 0.1628449171266546:0.17851939911474446 | -0.4958687394967427 | -0.6634731746089386
0.17851939911474446 | -0.4958687394967427 | -0.6634731746089386 | -0.8791105234805332 | 0.1628449171266546:0.1736062687760267 | -0.5254888899878267 | -0.6436331484469164
0.1736062687760267 | -0.5254888899878267 | -0.6436331484469164 | 0.19229247876640398 | -0.9530816158630344:0.20467238615831107 | -0.5202010742596883 | -0.6407884173010139
0.20467238615831107 | -0.5202010742596883 | -0.6407884173010139 | 0.19229247876640398 | -0.9530816158630344:0.23561539409091026 | -0.5149207230311816 | -0.6363953099182282
0.23561539409091026 | -0.5149207230311816 | -0.6363953099182282 | 0.19229247876640398 | -0.9530816158630344:0.2663601199020391 | -0.5096631257333684 | -0.6304592738419714
0.2663601199020391 | -0.5096631257333684 | -0.6304592738419714 | 0.19229247876640398 | -0.9530816158630344:0.29683165098883535 | -0.5044435367294966 | -0.6229895812661397
0.29683165098883535 | -0.5044435367294966 | -0.6229895812661397 | 0.19229247876640398 | -0.9530816158630344:0.32695552259028204 | -0.4992771373802327 | -0.6139993151357572
0.32695552259028204 | -0.4992771373802327 | -0.6139993151357572 | 0.0021142878902928874 | 0.029216724568001062:0.3266055188672681 | -0.5000502850700457 | -0.6155607142772279
0.3266055188672681 | -0.5000502850700457 | -0.6155607142772279 | 0.0021142878902928874 | 0.029216724568001062:0.326246268002123 | -0.5008147791285751 | -0.6171122439329384
0.326246268002123 | -0.5008147791285751 | -0.6171122439329384 | 0.0021142878902928874 | 0.029216724568001062:0.3258778677467262 | -0.5015707064726769 | -0.6186539731191303
0.3258778677467262 | -0.5015707064726769 | -0.6186539731191303 | 0.0021142878902928874 | 0.029216724568001062:0.3255004147980429 | -0.5023181531444578 | -0.6201859702990724
0.3255004147980429 | -0.5023181531444578 | -0.6201859702990724 | 0.0021142878902928874 | 0.029216724568001062:0.3251140048094925 | -0.5030572043200863 | -0.6217083033870026
0.3251140048094925 | -0.5030572043200863 | -0.6217083033870026 | 0.960158550117679 | 0.3830963291923484:0.31319285004025943 | -0.4733905482360541 | -0.6522734395386198
0.31319285004025943 | -0.4733905482360541 | -0.6522734395386198 | 0.960158550117679 | 0.3830963291923484:0.3006911378406798 | -0.4422339372370345 | -0.6811792627047932
