0.0 | 0.0 | 0.0 | 0.26504046923350644 | -0.2609834627726142:-1.3047657030920665E-4 | -1.325163558691944E-4 | 0.00999827061446266
-1.3047657030920665E-4 | -1.325163558691944E-4 | 0.00999827061446266 | 0.26504046923350644 | -0.2609834627726142:-5.191841405714322E-4 | -5.273463358470565E-4 | 0.019886235281476684
-5.191841405714322E-4 | -5.273463358470565E-4 | 0.019886235281476684 | 0.26504046923350644 | -0.2609834627726142:-0.001161947190236615 | -0.0011803165077965971 | 0.029654782627234415
-0.001161947190236615 | -0.0011803165077965971 | 0.029654782627234415 | 0.26504046923350644 | -0.2609834627726142:-0.0020544702520053333 | -0.002087130207882426 | 0.03929500562920268
-0.0020544702520053333 | -0.002087130207882426 | 0.03929500562920268 | 0.26504046923350644 | -0.2609834627726142:-0.003192341832911018 | -0.0032433715081479075 | 0.04879820389816075
-0.003192341832911018 | -0.0032433715081479075 | 0.04879820389816075 | 0.26504046923350644 | -0.2609834627726142:-0.004571038340232356 | -0.00464450918983883 | 0.05815588583287945
-0.004571038340232356 | -0.00464450918983883 | 0.05815588583287945 | 0.26504046923350644 | -0.2609834627726142:-0.006185928010518114 | -0.006285900720717219 | 0.06735977064818649
-0.006185928010518114 | -0.006285900720717219 | 0.06735977064818649 | 0.26504046923350644 | -0.2609834627726142:-0.008032274840028528 | -0.008162796234642222 | 0.07640179027720095
-0.008032274840028528 | -0.008162796234642222 | 0.07640179027720095 | 0.26504046923350644 | -0.2609834627726142:-0.010105242514919465 | -0.010270342511710995 | 0.08527409114855827
-0.010105242514919465 | -0.010270342511710995 | 0.08527409114855827 | 0.26504046923350644 | -0.2609834627726142:-0.012399898339518087 | -0.0126035869572787 | 0.09396903583948185
-0.012399898339518087 | -0.0126035869572787 | 0.09396903583948185 | 0.26504046923350644 | -0.2609834627726142:-0.014911217161061294 | -0.015157481578196519 | 0.1024792046055949
-0.014911217161061294 | -0.015157481578196519 | 0.1024792046055949 | 0.26504046923350644 | -0.2609834627726142:-0.017634085289291265 | -0.01792688695462985 | 0.11079739678840073
-0.017634085289291265 | -0.01792688695462985 | 0.11079739678840073 | 0.26504046923350644 | -0.2609834627726142:-0.020563304409325425 | -0.02090657620584624 | 0.11891663210139236
-0.020563304409325425 | -0.02090657620584624 | 0.11891663210139236 | 0.26504046923350644 | -0.2609834627726142:-0.023693595486241698 | -0.024091238948379834 | 0.1268301517957876
-0.023693595486241698 | -0.024091238948379834 | 0.1268301517957876 | 0.26504046923350644 | -0.2609834627726142:-0.027019602659843323 | -0.027475485245008757 | 0.13453141970691773
-0.027019602659843323 | -0.027475485245008757 | 0.13453141970691773 | 0.5591266131735739 | 0.7968288595588406:-0.023004283616282456 | -0.033144317505439336 | 0.14295821389658814
-0.023004283616282456 | -0.033144317505439336 | 0.14295821389658814 | 0.5591266131735739 | 0.7968288595588406:-0.01832442960858055 | -0.039255611525169654 | 0.15096374646829536
-0.01832442960858055 | -0.039255611525169654 | 0.15096374646829536 | 0.5591266131735739 | 0.7968288595588406:-0.013005381392823229 | -0.045792672786888255 | 0.1584915970115095
-0.013005381392823229 | -0.045792672786888255 | 0.1584915970115095 | 0.5591266131735739 | 0.7968288595588406:-0.007075313918327164 | -0.05273678483060262 | 0.16548751855623922
-0.007075313918327164 | -0.05273678483060262 | 0.16548751855623922 | 0.5591266131735739 | 0.7968288595588406:-5.651131639171358E-4 | -0.06006729294742752 | 0.17189963449728074
-5.651131639171358E-4 | -0.06006729294742752 | 0.17189963449728074 | 0.6399368032686443 | 0.9832726220392858:0.008134276539969315 | -0.06847952609686514 | 0.17733547919789427
0.008134276539969315 | -0.06847952609686514 | 0.17733547919789427 | 0.6399368032686443 | 0.9832726220392858:0.01743912022857977 | -0.07727185590362895 | 0.18186632557317584
0.01743912022857977 | -0.07727185590362895 | 0.18186632557317584 | 0.6399368032686443 | 0.9832726220392858:0.027289560440441868 | -0.08640661070609412 | 0.1854298827944798
0.027289560440441868 | -0.08640661070609412 | 0.1854298827944798 | 0.6399368032686443 | 0.9832726220392858:0.0376219152354281 | -0.09584353981404581 | 0.18796932382115417
0.0376219152354281 | -0.09584353981404581 | 0.18796932382115417 | 0.6399368032686443 | 0.9832726220392858:0.048369025127611834 | -0.1055400343500783 | 0.18943359495303858
0.048369025127611834 | -0.1055400343500783 | 0.18943359495303858 | -0.5809657251263198 | -0.9944040547672837:0.04010253518666932 | -0.10349421986164242 | 0.20139733840848306
0.04010253518666932 | -0.10349421986164242 | 0.20139733840848306 | -0.5809657251263198 | -0.9944040547672837:0.03089960621077818 | -0.10086944615042603 | 0.21295904440344282
0.03089960621077818 | -0.10086944615042603 | 0.21295904440344282 | -0.5809657251263198 | -0.9944040547672837:0.020782196368103117 | -0.09767752516654715 | 0.2240308672066198
0.020782196368103117 | -0.09767752516654715 | 0.2240308672066198 | -0.5809657251263198 | -0.9944040547672837:0.009777822181051284 | -0.0939335403445467 | 0.23452683018453646
0.009777822181051284 | -0.0939335403445467 | 0.23452683018453646 | -0.5809657251263198 | -0.9944040547672837:-0.002080575096979856 | -0.08965577505729128 | 0.24436327224102827
-0.002080575096979856 | -0.08965577505729128 | 0.24436327224102827 | -0.6556774536754029 | -0.19922198411490233:-0.004671609133777212 | -0.08391664779988917 | 0.25416069363400906
-0.004671609133777212 | -0.08391664779988917 | 0.25416069363400906 | -0.6556774536754029 | -0.19922198411490233:-0.007426850804787983 | -0.07760714594382456 | 0.26373810569470724
-0.007426850804787983 | -0.07760714594382456 | 0.26373810569470724 | -0.6556774536754029 | -0.19922198411490233:-0.010343140403643484 | -0.07073745595331093 | 0.27306644612456044
-0.010343140403643484 | -0.07073745595331093 | 0.27306644612456044 | -0.6556774536754029 | -0.19922198411490233:-0.013416953691440322 | -0.06331897085824245 | 0.2821172230218849
-0.013416953691440322 | -0.06331897085824245 | 0.2821172230218849 | -0.6556774536754029 | -0.19922198411490233:-0.016644410714793497 | -0.055364262076690984 | 0.29086256493012197
-0.016644410714793497 | -0.055364262076690984 | 0.29086256493012197 | -0.6556774536754029 | -0.19922198411490233:-0.020021285153262246 | -0.046887049471281195 | 0.29927526945557226
-0.020021285153262246 | -0.046887049471281195 | 0.29927526945557226 | -0.6556774536754029 | -0.19922198411490233:-0.0235430141770078 | -0.03790216970141147 | 0.30732885039146307
-0.0235430141770078 | -0.03790216970141147 | 0.30732885039146307 | -0.6556774536754029 | -0.19922198411490233:-0.02720470879497408 | -0.02842554293520383 | 0.31499758328793437
-0.02720470879497408 | -0.02842554293520383 | 0.31499758328793437 | -0.6556774536754029 | -0.19922198411490233:-0.03100116467334675 | -0.018474137986880912 | 0.3222565494103824
-0.03100116467334675 | -0.018474137986880912 | 0.3222565494103824 | -0.6556774536754029 | -0.19922198411490233:-0.034926873403543834 | -0.00806593594695526 | 0.3290816780314616
-0.034926873403543834 | -0.00806593594695526 | 0.3290816780314616 | -0.5522691143735088 | 0.5366030813392353:-0.026610559067945766 | 0.0010437416276447564 | 0.33666631638975986
-0.026610559067945766 | 0.0010437416276447564 | 0.33666631638975986 | -0.5522691143735088 | 0.5366030813392353:-0.017918097222204665 | 0.0105414295629922 | 0.34371265968874454
-0.017918097222204665 | 0.0105414295629922 | 0.34371265968874454 | -0.5522691143735088 | 0.5366030813392353:-0.008867913108963121 | 0.020408638840737403 | 0.35019110924711416
-0.008867913108963121 | 0.020408638840737403 | 0.35019110924711416 | -0.5522691143735088 | 0.5366030813392353:5.205899272065495E-4 | 0.03062585496869774 | 0.3560733814230099
5.205899272065495E-4 | 0.03062585496869774 | 0.3560733814230099 | -0.5522691143735088 | 0.5366030813392353:0.010227076753820175 | 0.041172584800547085 | 0.36133256940455105
0.010227076753820175 | 0.041172584800547085 | 0.36133256940455105 | -0.9795417683443302 | 0.07218366251649111:0.011723768681900337 | 0.0598415943609627 | 0.36511926934604766
0.011723768681900337 | 0.0598415943609627 | 0.36511926934604766 | -0.9795417683443302 | 0.07218366251649111:0.013251000553932024 | 0.07896623286988236 | 0.3678612147841722
0.013251000553932024 | 0.07896623286988236 | 0.3678612147841722 | -0.9795417683443302 | 0.07218366251649111:0.01480424105469752 | 0.09848567654209983 | 0.36952434585939464
0.01480424105469752 | 0.09848567654209983 | 0.36952434585939464 | -0.9795417683443302 | 0.07218366251649111:0.016378809262885957 | 0.11833698379027702 | 0.3700782272210681
0.016378809262885957 | 0.11833698379027702 | 0.3700782272210681 | -0.9795417683443302 | 0.07218366251649111:0.017969890663070864 | 0.13845530962866182 | 0.36949616677760666
0.017969890663070864 | 0.13845530962866182 | 0.36949616677760666 | -0.9795417683443302 | 0.07218366251649111:0.01957255358347315 | 0.15877412616436137 | 0.3677553218602494
0.01957255358347315 | 0.15877412616436137 | 0.3677553218602494 | -0.9795417683443302 | 0.07218366251649111:0.021181766005867936 | 0.17922544845517496 | 0.36483679251130674
0.021181766005867936 | 0.17922544845517496 | 0.36483679251130674 | -0.9795417683443302 | 0.07218366251649111:0.022792412693151187 | 0.19974006500057695 | 0.36072570164841267
0.022792412693151187 | 0.19974006500057695 | 0.36072570164841267 | -0.9795417683443302 | 0.07218366251649111:0.024399312579405363 | 0.22024777212223556 | 0.35541126189743544
0.024399312579405363 | 0.22024777212223556 | 0.35541126189743544 | -0.9795417683443302 | 0.07218366251649111:0.025997236366791125 | 0.24067761148248734 | 0.34888682892813705
0.025997236366791125 | 0.24067761148248734 | 0.34888682892813705 | -0.10845791619599932 | -0.7227489415297603:0.01360433004698275 | 0.24585258409004784 | 0.353007866781077
0.01360433004698275 | 0.24585258409004784 | 0.353007866781077 | -0.10845791619599932 | -0.7227489415297603:9.015532302299257E-4 | 0.25104224973462186 | 0.3565889215389646
9.015532302299257E-4 | 0.25104224973462186 | 0.3565889215389646 | -0.10845791619599932 | -0.7227489415297603:-0.012087373038949918 | 0.25624342600914785 | 0.3596136904979108
-0.012087373038949918 | 0.25624342600914785 | 0.3596136904979108 | -0.10845791619599932 | -0.7227489415297603:-0.02533800481320655 | 0.26145281576235463 | 0.3620669582350171
-0.02533800481320655 | 0.26145281576235463 | 0.3620669582350171 | -0.10845791619599932 | -0.7227489415297603:-0.03882522385081223 | 0.266667014345959 | 0.3639346259749896
-0.03882522385081223 | 0.266667014345959 | 0.3639346259749896 | -0.10845791619599932 | -0.7227489415297603:-0.0525232872775734 | 0.27188251702549315 | 0.3652037387828191
-0.0525232872775734 | 0.27188251702549315 | 0.3652037387828191 | -0.10845791619599932 | -0.7227489415297603:-0.06640587820982657 | 0.277095726540999 | 0.36586251054787233
-0.06640587820982657 | 0.277095726540999 | 0.36586251054787233 | -0.10845791619599932 | -0.7227489415297603:-0.08044615724520171 | 0.28230296080367445 | 0.3659003467287203
-0.08044615724520171 | 0.28230296080367445 | 0.3659003467287203 | -0.10845791619599932 | -0.7227489415297603:-0.09461681472704653 | 0.2875004607144267 | 0.36530786483182176
-0.09461681472704653 | 0.2875004607144267 | 0.36530786483182176 | -0.10845791619599932 | -0.7227489415297603:-0.10889012368776974 | 0.29268439809018276 | 0.3640769126012131
-0.10889012368776974 | 0.29268439809018276 | 0.3640769126012131 | -0.10845791619599932 | -0.7227489415297603:-0.12323799337587982 | 0.2978508836837226 | 0.36220058390015275
-0.12323799337587982 | 0.2978508836837226 | 0.36220058390015275 | -0.10845791619599932 | -0.7227489415297603:-0.13763202327116753 | 0.30299597528274447 | 0.3596732322697065
-0.13763202327116753 | 0.30299597528274447 | 0.3596732322697065 | -0.10845791619599932 | -0.7227489415297603:-0.15204355749230625 | 0.308115685873827 | 0.3564904821531094
-0.15204355749230625 | 0.308115685873827 | 0.3564904821531094 | -0.10845791619599932 | -0.7227489415297603:-0.16644373950111913 | 0.3132059918569512 | 0.3526492377786212
-0.16644373950111913 | 0.3132059918569512 | 0.3526492377786212 | -0.10845791619599932 | -0.7227489415297603:-0.18080356700789357 | 0.3182628412962418 | 0.34814768969760834
-0.18080356700789357 | 0.3182628412962418 | 0.34814768969760834 | -0.6796385884189395 | -0.9770395322790157:-0.1989812001524338 | 0.3331392127438981 | 0.331114301252601
-0.1989812001524338 | 0.3331392127438981 | 0.331114301252601 | -0.6796385884189395 | -0.9770395322790157:-0.21640946458965304 | 0.34750215418230157 | 0.3124789355568858
-0.21640946458965304 | 0.34750215418230157 | 0.3124789355568858 | -0.6796385884189395 | -0.9770395322790157:-0.23299878861707368 | 0.36128869305396627 | 0.29229257594064606
-0.23299878861707368 | 0.36128869305396627 | 0.29229257594064606 | -0.6796385884189395 | -0.9770395322790157:-0.24866217791613177 | 0.37443752141400033 | 0.27061362743572204
-0.24866217791613177 | 0.37443752141400033 | 0.27061362743572204 | -0.6796385884189395 | -0.9770395322790157:-0.2633156218255279 | 0.38688928189034044 | 0.2475077189272561
-0.2633156218255279 | 0.38688928189034044 | 0.2475077189272561 | -0.5592813299115256 | 0.4313935655893033:-0.2604461887695346 | 0.3971576041959226 | 0.2443705516587471
-0.2604461887695346 | 0.3971576041959226 | 0.2443705516587471 | -0.5592813299115256 | 0.4313935655893033:-0.25758391123009217 | 0.40735744701802723 | 0.24081571258369294
-0.25758391123009217 | 0.40735744701802723 | 0.24081571258369294 | -0.5592813299115256 | 0.4313935655893033:-0.25473996288398126 | 0.417474960299419 | 0.2368442000130031
-0.25473996288398126 | 0.417474960299419 | 0.2368442000130031 | -0.5592813299115256 | 0.4313935655893033:-0.25192548939584736 | 0.4274963133124636 | 0.23245776199173207
-0.25192548939584736 | 0.4274963133124636 | 0.23245776199173207 | -0.5592813299115256 | 0.4313935655893033:-0.2491515896101948 | 0.4374077191424366 | 0.22765889387237692
-0.2491515896101948 | 0.4374077191424366 | 0.22765889387237692 | -0.5592813299115256 | 0.4313935655893033:-0.24642929686157133 | 0.447195459034206 | 0.22245083465381654
-0.24642929686157133 | 0.447195459034206 | 0.22245083465381654 | -0.5592813299115256 | 0.4313935655893033:-0.24376956043204778 | 0.45684590656441326 | 0.21683756209719007
-0.24376956043204778 | 0.45684590656441326 | 0.21683756209719007 | -0.5592813299115256 | 0.4313935655893033:-0.24118322718469187 | 0.4663455516017523 | 0.21082378663184542
-0.24118322718469187 | 0.4663455516017523 | 0.21082378663184542 | -0.5592813299115256 | 0.4313935655893033:-0.23868102340133301 | 0.47568102401847767 | 0.20441494406619398
-0.23868102340133301 | 0.47568102401847767 | 0.20441494406619398 | -0.5592813299115256 | 0.4313935655893033:-0.2362735368524076 | 0.48483911711687 | 0.19761718712007692
-0.2362735368524076 | 0.48483911711687 | 0.19761718712007692 | 0.29537777395851106 | -0.03228138436680883:-0.23835675665919887 | 0.48543800220354605 | 0.20588852571419736
-0.23835675665919887 | 0.48543800220354605 | 0.20588852571419736 | 0.29537777395851106 | -0.03228138436680883:-0.24043830808565936 | 0.4858564407999868 | 0.21419852368282122
-0.24043830808565936 | 0.4858564407999868 | 0.21419852368282122 | 0.29537777395851106 | -0.03228138436680883:-0.24251845262756522 | 0.48609397178764446 | 0.22254334262937903
-0.24251845262756522 | 0.48609397178764446 | 0.22254334262937903 | 0.29537777395851106 | -0.03228138436680883:-0.24459744166998032 | 0.48615020700833256 | 0.23091915018907017
-0.24459744166998032 | 0.48615020700833256 | 0.23091915018907017 | 0.29537777395851106 | -0.03228138436680883:-0.24667551655869957 | 0.4860248308154773 | 0.23932212123564156
-0.24667551655869957 | 0.4860248308154773 | 0.23932212123564156 | 0.2775836804553977 | 0.8323941779991442:-0.23783068552991526 | 0.4859381872171298 | 0.25783624344206757
-0.23783068552991526 | 0.4859381872171298 | 0.25783624344206757 | 0.2775836804553977 | 0.8323941779991442:-0.2281322767174414 | 0.4855375454161823 | 0.27605547553831755
-0.2281322767174414 | 0.4855375454161823 | 0.27605547553831755 | 0.2775836804553977 | 0.8323941779991442:-0.2175907051310304 | 0.48482633835461364 | 0.29393468961059455
-0.2175907051310304 | 0.48482633835461364 | 0.29393468961059455 | 0.2775836804553977 | 0.8323941779991442:-0.20621851104653377 | 0.4838087080766922 | 0.3114292190781214
-0.20621851104653377 | 0.4838087080766922 | 0.3114292190781214 | 0.2775836804553977 | 0.8323941779991442:-0.19403033830203587 | 0.4824894992850286 | 0.3284949690005803
-0.19403033830203587 | 0.4824894992850286 | 0.3284949690005803 | 0.2775836804553977 | 0.8323941779991442:-0.181042907515649 | 0.4808742511944111 | 0.34508852513982546
-0.181042907515649 | 0.4808742511944111 | 0.34508852513982546 | 0.2775836804553977 | 0.8323941779991442:-0.16727498429389343 | 0.47896918770465113 | 0.3611672615203467
-0.16727498429389343 | 0.47896918770465113 | 0.3611672615203467 | 0.2775836804553977 | 0.8323941779991442:-0.1527473425109127 | 0.476781205917451 | 0.3766894462371404
-0.1527473425109127 | 0.476781205917451 | 0.3766894462371404 | 0.2775836804553977 | 0.8323941779991442:-0.13748272274987894 | 0.4743178630260374 | 0.3916143452643688
-0.13748272274987894 | 0.4743178630260374 | 0.3916143452643688 | 0.2775836804553977 | 0.8323941779991442:-0.12150578600879136 | 0.47158736160998416 | 0.4059023240234332
-0.12150578600879136 | 0.47158736160998416 | 0.4059023240234332 | 0.2775836804553977 | 0.8323941779991442:-0.1048430627834609 | 0.46859853337118196 | 0.4195149464749228
-0.1048430627834609 | 0.46859853337118196 | 0.4195149464749228 | 0.2775836804553977 | 0.8323941779991442:-0.08752289765074472 | 0.4653608213504157 | 0.4324150715050976
-0.08752289765074472 | 0.4653608213504157 | 0.4324150715050976 | 0.2775836804553977 | 0.8323941779991442:-0.06957538948509168 | 0.46188426066735033 | 0.4445669463844588
-0.06957538948509168 | 0.46188426066735033 | 0.4445669463844588 | 0.2775836804553977 | 0.8323941779991442:-0.05103232745106112 | 0.45817945783005243 | 0.4559362970830527
-0.05103232745106112 | 0.45817945783005243 | 0.4559362970830527 | 0.2775836804553977 | 0.8323941779991442:-0.03192712292380584 | 0.4542575686632233 | 0.46649041523503243
-0.03192712292380584 | 0.4542575686632233 | 0.46649041523503243 | -0.5730985159890694 | -0.7397194845203381:-0.0489264760934045 | 0.4699324343955702 | 0.45420578734384875
-0.0489264760934045 | 0.4699324343955702 | 0.45420578734384875 | -0.5730985159890694 | -0.7397194845203381:-0.06552641184855901 | 0.4852913511582564 | 0.44075021536258774
-0.06552641184855901 | 0.4852913511582564 | 0.44075021536258774 | -0.5730985159890694 | -0.7397194845203381:-0.0816794124080591 | 0.5002974232201396 | 0.4261457443607064
-0.0816794124080591 | 0.5002974232201396 | 0.4261457443607064 | -0.5730985159890694 | -0.7397194845203381:-0.09733879012160962 | 0.5149143512315284 | 0.41041751848237595
-0.09733879012160962 | 0.5149143512315284 | 0.41041751848237595 | -0.5730985159890694 | -0.7397194845203381:-0.11245881280707337 | 0.5291065300805258 | 0.39359372984016616
-0.11245881280707337 | 0.5291065300805258 | 0.39359372984016616 | 0.6633271298320103 | -0.7246036466271011:-0.12789933979254897 | 0.5183160869417875 | 0.4085913407856516
-0.12789933979254897 | 0.5183160869417875 | 0.4085913407856516 | 0.6633271298320103 | -0.7246036466271011:-0.14392815779214985 | 0.5069412924949965 | 0.4226926229301533
-0.14392815779214985 | 0.5069412924949965 | 0.4226926229301533 | 0.6633271298320103 | -0.7246036466271011:-0.16051227465845308 | 0.49501190280133756 | 0.43585204707671465
-0.16051227465845308 | 0.49501190280133756 | 0.43585204707671465 | 0.6633271298320103 | -0.7246036466271011:-0.17761688846912627 | 0.4825593652326283 | 0.448026357513843
-0.17761688846912627 | 0.4825593652326283 | 0.448026357513843 | 0.6633271298320103 | -0.7246036466271011:-0.19520547696084378 | 0.46961673883498634 | 0.45917470479922784
-0.19520547696084378 | 0.46961673883498634 | 0.45917470479922784 | -0.42720713865916604 | 0.04846724319148499:-0.19500858371546315 | 0.48151920754756716 | 0.45157654039134343
-0.19500858371546315 | 0.48151920754756716 | 0.45157654039134343 | -0.42720713865916604 | 0.04846724319148499:-0.19481695390664377 | 0.49327782480568416 | 0.4436598822470046
-0.19481695390664377 | 0.49327782480568416 | 0.4436598822470046 | -0.42720713865916604 | 0.04846724319148499:-0.19463164769685548 | 0.5048842184242908 | 0.43542807944064066
-0.19463164769685548 | 0.5048842184242908 | 0.43542807944064066 | -0.42720713865916604 | 0.04846724319148499:-0.1944537131988966 | 0.5163301100688145 | 0.42688469430719067
-0.1944537131988966 | 0.5163301100688145 | 0.42688469430719067 | -0.42720713865916604 | 0.04846724319148499:-0.19428418592184116 | 0.5276073202703344 | 0.41803349958527747
-0.19428418592184116 | 0.5276073202703344 | 0.41803349958527747 | -0.42720713865916604 | 0.04846724319148499:-0.19412408822646832 | 0.5387077733573022 | 0.40887847545010203
-0.19412408822646832 | 0.5387077733573022 | 0.40887847545010203 | -0.42720713865916604 | 0.04846724319148499:-0.19397442879042615 | 0.5496235023016744 | 0.3994238064386053
-0.19397442879042615 | 0.5496235023016744 | 0.3994238064386053 | -0.42720713865916604 | 0.04846724319148499:-0.19383620208336083 | 0.5603466534772963 | 0.3896738782690434
-0.19383620208336083 | 0.5603466534772963 | 0.3896738782690434 | -0.42720713865916604 | 0.04846724319148499:-0.19371038785224748 | 0.5708694913285015 | 0.379633274557456
-0.19371038785224748 | 0.5708694913285015 | 0.379633274557456 | -0.42720713865916604 | 0.04846724319148499:-0.19359795061713925 | 0.5811844029469704 | 0.3693067734334292
-0.19359795061713925 | 0.5811844029469704 | 0.3693067734334292 | -0.42720713865916604 | 0.04846724319148499:-0.19349983917756397 | 0.5912839025548777 | 0.3586993440576123
-0.19349983917756397 | 0.5912839025548777 | 0.3586993440576123 | -0.42720713865916604 | 0.04846724319148499:-0.19341698612975655 | 0.6011606358924766 | 0.34781614304346675
-0.19341698612975655 | 0.6011606358924766 | 0.34781614304346675 | -0.42720713865916604 | 0.04846724319148499:-0.19335030739496517 | 0.6108073845083126 | 0.33666251078575016
-0.19335030739496517 | 0.6108073845083126 | 0.33666251078575016 | -0.42720713865916604 | 0.04846724319148499:-0.19330070175898584 | 0.6202170699503036 | 0.3252439676983556
-0.19330070175898584 | 0.6202170699503036 | 0.3252439676983556 | -0.42720713865916604 | 0.04846724319148499:-0.1932690504231509 | 0.6293827578560105 | 0.3135662103639447
-0.1932690504231509 | 0.6293827578560105 | 0.3135662103639447 | -0.42720713865916604 | 0.04846724319148499:-0.19325621656693315 | 0.6382976619404843 | 0.3016351075981021
-0.19325621656693315 | 0.6382976619404843 | 0.3016351075981021 | -0.42720713865916604 | 0.04846724319148499:-0.1932630449223467 | 0.6469551478801066 | 0.28945669643061933
-0.1932630449223467 | 0.6469551478801066 | 0.28945669643061933 | -0.42720713865916604 | 0.04846724319148499:-0.19329036136031164 | 0.6553487370909252 | 0.27703717800646643
-0.19329036136031164 | 0.6553487370909252 | 0.27703717800646643 | -0.42720713865916604 | 0.04846724319148499:-0.1933389724891441 | 0.6634721104000505 | 0.264382913409257
-0.1933389724891441 | 0.6634721104000505 | 0.264382913409257 | -0.42720713865916604 | 0.04846724319148499:-0.19340966526532988 | 0.6713191116087387 | 0.25150041940977985
-0.19340966526532988 | 0.6713191116087387 | 0.25150041940977985 | -0.42720713865916604 | 0.04846724319148499:-0.19350320661671816 | 0.6788837509458858 | 0.2383963641424245
-0.19350320661671816 | 0.6788837509458858 | 0.2383963641424245 | -0.42720713865916604 | 0.04846724319148499:-0.19362034307828324 | 0.6861602084105556 | 0.22507756271213708
-0.19362034307828324 | 0.6861602084105556 | 0.22507756271213708 | -0.42720713865916604 | 0.04846724319148499:-0.19376180044058167 | 0.6931428370025401 | 0.21155097273474155
-0.19376180044058167 | 0.6931428370025401 | 0.21155097273474155 | -0.42720713865916604 | 0.04846724319148499:-0.1939282834110383 | 0.6998261658396885 | 0.19782368981329057
-0.1939282834110383 | 0.6998261658396885 | 0.19782368981329057 | -0.42720713865916604 | 0.04846724319148499:-0.19412047528816778 | 0.7062049031609732 | 0.18390294295335963
-0.19412047528816778 | 0.7062049031609732 | 0.18390294295335963 | -0.42720713865916604 | 0.04846724319148499:-0.1943390376488381 | 0.71227393921437 | 0.16979608991996997
-0.1943390376488381 | 0.71227393921437 | 0.16979608991996997 | -0.42720713865916604 | 0.04846724319148499:-0.19458461004871097 | 0.718028349028522 | 0.15551061253895426
-0.19458461004871097 | 0.718028349028522 | 0.15551061253895426 | -0.42720713865916604 | 0.04846724319148499:-0.19485780973590927 | 0.7234633950673555 | 0.14105411194569228
-0.19485780973590927 | 0.7234633950673555 | 0.14105411194569228 | -0.42720713865916604 | 0.04846724319148499:-0.1951592313780388 | 0.728574529766874 | 0.1264343037838742
-0.1951592313780388 | 0.728574529766874 | 0.1264343037838742 | -0.42720713865916604 | 0.04846724319148499:-0.1954894468026236 | 0.7333573979533767 | 0.11165901335725437
-0.1954894468026236 | 0.7333573979533767 | 0.11165901335725437 | -0.42720713865916604 | 0.04846724319148499:-0.19584900475103595 | 0.7378078391423344 | 0.09673617073719498
-0.19584900475103595 | 0.7378078391423344 | 0.09673617073719498 | -0.42720713865916604 | 0.04846724319148499:-0.19623843064599633 | 0.7419218897174744 | 0.08167380582880668
-0.19623843064599633 | 0.7419218897174744 | 0.08167380582880668 | -0.42720713865916604 | 0.04846724319148499:-0.19665822637268526 | 0.7456957849893655 | 0.06648004339861302
-0.19665822637268526 | 0.7456957849893655 | 0.06648004339861302 | -0.42720713865916604 | 0.04846724319148499:-0.19710887007354394 | 0.7491259611331103 | 0.05116309806647479
-0.19710887007354394 | 0.7491259611331103 | 0.05116309806647479 | -0.42720713865916604 | 0.04846724319148499:-0.19759081595678296 | 0.7522090570046558 | 0.03573126926475112
-0.19759081595678296 | 0.7522090570046558 | 0.03573126926475112 | 0.3842147692154614 | -0.0895573440505264:-0.19837617262938068 | 0.7535211282199157 | 0.04942919183471872
-0.19837617262938068 | 0.7535211282199157 | 0.04942919183471872 | 0.3842147692154614 | -0.0895573440505264:-0.19921813141233358 | 0.7545453971534215 | 0.06318285825496872
-0.19921813141233358 | 0.7545453971534215 | 0.06318285825496872 | 0.3842147692154614 | -0.0895573440505264:-0.20011712556316752 | 0.7552803965030463 | 0.0769856582707078
-0.20011712556316752 | 0.7552803965030463 | 0.0769856582707078 | 0.3842147692154614 | -0.0895573440505264:-0.20107355286090467 | 0.755724806341469 | 0.09083095164251631
-0.20107355286090467 | 0.755724806341469 | 0.09083095164251631 | 0.3842147692154614 | -0.0895573440505264:-0.20208777553907709 | 0.7558774544818121 | 0.10471207156190587
-0.20208777553907709 | 0.7558774544818121 | 0.10471207156190587 | 0.5154679941882085 | 0.22457394466576508:-0.20121632879044782 | 0.7549366076741606 | 0.1267552387565516
-0.20121632879044782 | 0.7549366076741606 | 0.1267552387565516 | 0.5154679941882085 | 0.22457394466576508:-0.2000880701173422 | 0.7533986571540794 | 0.14880935702838372
-0.2000880701173422 | 0.7533986571540794 | 0.14880935702838372 | 0.5154679941882085 | 0.22457394466576508:-0.1987025750481699 | 0.7512624523784623 | 0.17085473707651033
-0.1987025750481699 | 0.7512624523784623 | 0.17085473707651033 | 0.5154679941882085 | 0.22457394466576508:-0.19705966143981613 | 0.7485273976992133 | 0.1928716450016097
-0.19705966143981613 | 0.7485273976992133 | 0.1928716450016097 | 0.5154679941882085 | 0.22457394466576508:-0.19515938977759362 | 0.7451934532999971 | 0.21484032096505956
-0.19515938977759362 | 0.7451934532999971 | 0.21484032096505956 | 0.18216293553864182 | 0.1290132604668932:-0.19421090532112828 | 0.745067005934196 | 0.22343108237365783
-0.19421090532112828 | 0.745067005934196 | 0.22343108237365783 | 0.18216293553864182 | 0.1290132604668932:-0.19319850057599908 | 0.7448385974421612 | 0.23202830337480407
-0.19319850057599908 | 0.7448385974421612 | 0.23202830337480407 | 0.18216293553864182 | 0.1290132604668932:-0.1921221369999877 | 0.7445082827851834 | 0.24063023067972722
-0.1921221369999877 | 0.7445082827851834 | 0.24063023067972722 | 0.18216293553864182 | 0.1290132604668932:-0.19098179002389415 | 0.7440761355053596 | 0.24923511646648677
-0.19098179002389415 | 0.7440761355053596 | 0.24923511646648677 | 0.18216293553864182 | 0.1290132604668932:-0.18977744895541093 | 0.743542247602683 | 0.2578412186282506
-0.18977744895541093 | 0.743542247602683 | 0.2578412186282506 | 0.18216293553864182 | 0.1290132604668932:-0.18850911688207006 | 0.7429067294108194 | 0.26644680101887275
-0.18850911688207006 | 0.7429067294108194 | 0.26644680101887275 | 0.18216293553864182 | 0.1290132604668932:-0.18717681057331959 | 0.7421697094713622 | 0.27505013369577114
-0.18717681057331959 | 0.7421697094713622 | 0.27505013369577114 | 0.18216293553864182 | 0.1290132604668932:-0.18578056038165514 | 0.7413313344068087 | 0.2836494931601763
-0.18578056038165514 | 0.7413313344068087 | 0.2836494931601763 | 0.18216293553864182 | 0.1290132604668932:-0.18432041014293432 | 0.7403917687920867 | 0.29224316259464445
-0.18432041014293432 | 0.7403917687920867 | 0.29224316259464445 | 0.18216293553864182 | 0.1290132604668932:-0.18279641707580296 | 0.7393511950248097 | 0.3008294320979843
-0.18279641707580296 | 0.7393511950248097 | 0.3008294320979843 | 0.9321245671512295 | 0.89420119548834:-0.16801396815557723 | 0.7261355010960884 | 0.3435422648615045
-0.16801396815557723 | 0.7261355010960884 | 0.3435422648615045 | 0.9321245671512295 | 0.89420119548834:-0.15132593537661165 | 0.7108914744227732 | 0.38497138447513635
-0.15132593537661165 | 0.7108914744227732 | 0.38497138447513635 | 0.9321245671512295 | 0.89420119548834:-0.1327927333554193 | 0.693677967929311 | 0.4249346747166527
-0.1327927333554193 | 0.693677967929311 | 0.4249346747166527 | 0.9321245671512295 | 0.89420119548834:-0.1124829950208941 | 0.6745625308987471 | 0.4632556218755397
-0.1124829950208941 | 0.6745625308987471 | 0.4632556218755397 | 0.9321245671512295 | 0.89420119548834:-0.09047330118803032 | 0.653621145443978 | 0.49976410242096847
-0.09047330118803032 | 0.653621145443978 | 0.49976410242096847 | -0.6168268516954978 | 0.3347310014901137:-0.08260953525693893 | 0.6701128338502542 | 0.48181863548482795
-0.08260953525693893 | 0.6701128338502542 | 0.48181863548482795 | -0.6168268516954978 | 0.3347310014901137:-0.0750379719096621 | 0.6860592791285001 | 0.4631938856294866
-0.0750379719096621 | 0.6860592791285001 | 0.4631938856294866 | -0.6168268516954978 | 0.3347310014901137:-0.06777067048495411 | 0.7014380926285639 | 0.44391172617473273
-0.06777067048495411 | 0.7014380926285639 | 0.44391172617473273 | -0.6168268516954978 | 0.3347310014901137:-0.060819304062732726 | 0.7162275811450343 | 0.4239949805069827
-0.060819304062732726 | 0.7162275811450343 | 0.4239949805069827 | -0.6168268516954978 | 0.3347310014901137:-0.05419514287929417 | 0.7304067779557073 | 0.4034673923979142
-0.05419514287929417 | 0.7304067779557073 | 0.4034673923979142 | -0.6168268516954978 | 0.3347310014901137:-0.047909038289354555 | 0.7439554728718463 | 0.3823535950378769
-0.047909038289354555 | 0.7439554728718463 | 0.3823535950378769 | -0.6168268516954978 | 0.3347310014901137:-0.04197140729661086 | 0.756854241259731 | 0.3606790788275447
-0.04197140729661086 | 0.756854241259731 | 0.3606790788275447 | -0.6168268516954978 | 0.3347310014901137:-0.03639221767368639 | 0.7690844719943613 | 0.33847015797282154
-0.03639221767368639 | 0.7690844719943613 | 0.33847015797282154 | -0.6168268516954978 | 0.3347310014901137:-0.031180973691590452 | 0.7806283943074845 | 0.3157539359296919
-0.031180973691590452 | 0.7806283943074845 | 0.3157539359296919 | -0.6168268516954978 | 0.3347310014901137:-0.026346702477781037 | 0.7914691034940091 | 0.2925582697469835
-0.026346702477781037 | 0.7914691034940091 | 0.2925582697469835 | -0.10878958776204595 | 0.3154953343034075:-0.021836775816161946 | 0.7945121246640383 | 0.28916110701684516
-0.021836775816161946 | 0.7945121246640383 | 0.28916110701684516 | -0.10878958776204595 | 0.3154953343034075:-0.017372657930817326 | 0.7975248349826813 | 0.2856640762124485
-0.017372657930817326 | 0.7975248349826813 | 0.2856640762124485 | -0.10878958776204595 | 0.3154953343034075:-0.012956199438750815 | 0.8005067415903966 | 0.2820681361003068
-0.012956199438750815 | 0.8005067415903966 | 0.2820681361003068 | -0.10878958776204595 | 0.3154953343034075:-0.008589231797536456 | 0.8034573566593792 | 0.27837428076395554
-0.008589231797536456 | 0.8034573566593792 | 0.27837428076395554 | -0.10878958776204595 | 0.3154953343034075:-0.004273566733242973 | 0.8063761976067809 | 0.2745835391754028
-0.004273566733242973 | 0.8063761976067809 | 0.2745835391754028 | 0.1477176096208206 | 0.7991841373346387:0.0069487532305139155 | 0.8057249736879157 | 0.28096635525276525
0.0069487532305139155 | 0.8057249736879157 | 0.28096635525276525 | 0.1477176096208206 | 0.7991841373346387:0.018436469147392387 | 0.8050090329397932 | 0.2868952467953889
0.018436469147392387 | 0.8050090329397932 | 0.2868952467953889 | 0.1477176096208206 | 0.7991841373346387:0.030171177260669424 | 0.8042318734706271 | 0.2923585579501591
0.030171177260669424 | 0.8042318734706271 | 0.2923585579501591 | 0.1477176096208206 | 0.7991841373346387:0.04213398678324154 | 0.8033970848918983 | 0.2973454164093283
0.04213398678324154 | 0.8033970848918983 | 0.2973454164093283 | 0.1477176096208206 | 0.7991841373346387:0.054305552526678014 | 0.8025083423792125 | 0.3018457542643205
0.054305552526678014 | 0.8025083423792125 | 0.3018457542643205 | 0.6209085142952526 | 0.6311145637570359:0.06468914785386204 | 0.7940522289015348 | 0.32526707282043077
0.06468914785386204 | 0.7940522289015348 | 0.32526707282043077 | 0.6209085142952526 | 0.6311145637570359:0.07581466494943001 | 0.7848431973231698 | 0.34810627251187043
0.07581466494943001 | 0.7848431973231698 | 0.34810627251187043 | 0.6209085142952526 | 0.6311145637570359:0.08766339566913217 | 0.7748990479611422 | 0.3703153736622795
0.08766339566913217 | 0.7748990479611422 | 0.3703153736622795 | 0.6209085142952526 | 0.6311145637570359:0.10021508136650681 | 0.7642391232623424 | 0.3918475626376008
0.10021508136650681 | 0.7642391232623424 | 0.3918475626376008 | 0.6209085142952526 | 0.6311145637570359:0.1134479519473004 | 0.752884270943639 | 0.4126572916158793
