0.0 | 0.0 | 0.0 | -0.7860850611134766 | 0.8264951965649538:4.128109231609961E-4 | 3.929413414304195E-4 | 0.009983746002574076
4.128109231609961E-4 | 3.929413414304195E-4 | 0.009983746002574076 | -0.7860850611134766 | 0.8264951965649538:0.0016396814806665192 | 0.001562031639791961 | 0.019770723350404973
0.0016396814806665192 | 0.001562031639791961 | 0.019770723350404973 | -0.7860850611134766 | 0.8264951965649538:0.003659495921278241 | 0.0034890447051662 | 0.029267457314353436
0.003659495921278241 | 0.0034890447051662 | 0.029267457314353436 | -0.7860850611134766 | 0.8264951965649538:0.0064462495509808385 | 0.006151046905029434 | 0.038383393761087736
0.0064462495509808385 | 0.006151046905029434 | 0.038383393761087736 | -0.7860850611134766 | 0.8264951965649538:0.009969242743065317 | 0.009520572780979841 | 0.04703135232859455
0.009969242743065317 | 0.009520572780979841 | 0.04703135232859455 | -0.8167191899253208 | 0.8135253306211538:0.01415669462988162 | 0.013651070442862068 | 0.05511632414312098
0.01415669462988162 | 0.013651070442862068 | 0.05511632414312098 | -0.8167191899253208 | 0.8135253306211538:0.01899407766636503 | 0.01844617695854156 | 0.06256261283079997
0.01899407766636503 | 0.01844617695854156 | 0.06256261283079997 | -0.8167191899253208 | 0.8135253306211538:0.024438131745881997 | 0.02386402651157027 | 0.06929407041343028
0.024438131745881997 | 0.02386402651157027 | 0.06929407041343028 | -0.8167191899253208 | 0.8135253306211538:0.03044185055466056 | 0.029858887821322733 | 0.07523966397909548
0.03044185055466056 | 0.029858887821322733 | 0.07523966397909548 | -0.8167191899253208 | 0.8135253306211538:0.03695476962677055 | 0.03638144625896467 | 0.08033382195290023
0.03695476962677055 | 0.03638144625896467 | 0.08033382195290023 | -0.8167191899253208 | 0.8135253306211538:0.043923268681663685 | 0.043379100914557545 | 0.08451675037397088
0.043923268681663685 | 0.043379100914557545 | 0.08451675037397088 | -0.8167191899253208 | 0.8135253306211538:0.051290886727994034 | 0.05079627511650997 | 0.08773471803057398
0.051290886727994034 | 0.05079627511650997 | 0.08773471803057398 | -0.8167191899253208 | 0.8135253306211538:0.05899864837749241 | 0.058574738861507325 | 0.0899403094510719
0.05899864837749241 | 0.058574738861507325 | 0.0899403094510719 | -0.8167191899253208 | 0.8135253306211538:0.06698539977956819 | 0.0666539415767845 | 0.09109264489697366
0.06698539977956819 | 0.0666539415767845 | 0.09109264489697366 | -0.8167191899253208 | 0.8135253306211538:0.07518815256112021 | 0.07497135360723894 | 0.09115756665492691
0.07518815256112021 | 0.07497135360723894 | 0.09115756665492691 | -0.8167191899253208 | 0.8135253306211538:0.08354243413679019 | 0.08346281479745271 | 0.09010779107651334
0.08354243413679019 | 0.08346281479745271 | 0.09010779107651334 | -0.8167191899253208 | 0.8135253306211538:0.09198264274259838 | 0.09206288852322847 | 0.087923025967523
0.09198264274259838 | 0.09206288852322847 | 0.087923025967523 | -0.8167191899253208 | 0.8135253306211538:0.10044240554053496 | 0.10070521951873418 | 0.08459005308139256
0.10044240554053496 | 0.10070521951873418 | 0.08459005308139256 | -0.8167191899253208 | 0.8135253306211538:0.10885493814320457 | 0.10932289384376453 | 0.08010277562405621
0.10885493814320457 | 0.10932289384376453 | 0.08010277562405621 | -0.8167191899253208 | 0.8135253306211538:0.11715340391595574 | 0.11784879934090063 | 0.07446223082900394
0.11715340391595574 | 0.11784879934090063 | 0.07446223082900394 | -0.8167191899253208 | 0.8135253306211538:0.12527127142897976 | 0.12621598494439765 | 0.06767656781123921
0.12527127142897976 | 0.12621598494439765 | 0.06767656781123921 | -0.8167191899253208 | 0.8135253306211538:0.1331426684535013 | 0.13435801722134155 | 0.05976099105651822
0.1331426684535013 | 0.13435801722134155 | 0.05976099105651822 | -0.8167191899253208 | 0.8135253306211538:0.140702730924273 | 0.14220933255085216 | 0.05073767004715868
0.140702730924273 | 0.14220933255085216 | 0.05073767004715868 | -0.8167191899253208 | 0.8135253306211538:0.14788794532493998 | 0.1497055833787117 | 0.040635615667262925
0.14788794532493998 | 0.1497055833787117 | 0.040635615667262925 | -0.8167191899253208 | 0.8135253306211538:0.15463648299327692 | 0.15678397702257768 | 0.029490524167892218
0.15463648299327692 | 0.15678397702257768 | 0.029490524167892218 | -0.593122945703948 | 0.5872833778755298:0.16073561546532167 | 0.16310650747300792 | 0.020987709072957328
0.16073561546532167 | 0.16310650747300792 | 0.020987709072957328 | -0.593122945703948 | 0.5872833778755298:0.16653626353362472 | 0.16913740157099433 | 0.011798209269791693
0.16653626353362472 | 0.16913740157099433 | 0.011798209269791693 | -0.593122945703948 | 0.5872833778755298:0.17200959623048817 | 0.17484719194611997 | 0.0019458527887148414
0.17200959623048817 | 0.17484719194611997 | 0.0019458527887148414 | -0.593122945703948 | 0.5872833778755298:0.1771277915681546 | 0.18020739802308272 | -0.008543362137353405
0.1771277915681546 | 0.18020739802308272 | -0.008543362137353405 | -0.593122945703948 | 0.5872833778755298:0.18186410955812482 | 0.18519060097783124 | -0.019641348688437477
0.18186410955812482 | 0.18519060097783124 | -0.019641348688437477 | -0.593122945703948 | 0.5872833778755298:0.1861929620123628 | 0.18977051551329116 | -0.031318017773683815
0.1861929620123628 | 0.18977051551329116 | -0.031318017773683815 | -0.593122945703948 | 0.5872833778755298:0.19008997898899738 | 0.19392205831236153 | -0.0435413688084656
0.19008997898899738 | 0.19392205831236153 | -0.0435413688084656 | -0.593122945703948 | 0.5872833778755298:0.1935320717537401 | 0.1976214130344598 | -0.05627758470494526
0.1935320717537401 | 0.1976214130344598 | -0.05627758470494526 | -0.593122945703948 | 0.5872833778755298:0.19649749213705903 | 0.20084609173067802 | -0.06949113082145031
0.19649749213705903 | 0.20084609173067802 | -0.06949113082145031 | -0.593122945703948 | 0.5872833778755298:0.19896588817613114 | 0.2035749925616015 | -0.08314485760945067
0.19896588817613114 | 0.2035749925616015 | -0.08314485760945067 | 0.9177648381531611 | 0.06679682998418168:0.20343234566261215 | 0.2120890890933569 | -0.07614744382297811
0.20343234566261215 | 0.2120890890933569 | -0.07614744382297811 | 0.9177648381531611 | 0.06679682998418168:0.2078711820077559 | 0.2202991002737198 | -0.06855471082893971
0.2078711820077559 | 0.2202991002737198 | -0.06855471082893971 | 0.9177648381531611 | 0.06679682998418168:0.2122856136748852 | 0.22816743939947948 | -0.06038230679248535
0.2122856136748852 | 0.22816743939947948 | -0.06038230679248535 | 0.9177648381531611 | 0.06679682998418168:0.21667878092566628 | 0.2356574469218513 | -0.05164807092419266
0.21667878092566628 | 0.2356574469218513 | -0.05164807092419266 | 0.9177648381531611 | 0.06679682998418168:0.22105373929930394 | 0.24273350957022588 | -0.04237197538428861
0.22105373929930394 | 0.24273350957022588 | -0.04237197538428861 | -0.2320079756186788 | -0.6234074853681313:0.22684810384917053 | 0.2471207715074395 | -0.03904717546184189
0.22684810384917053 | 0.2471207715074395 | -0.03904717546184189 | -0.2320079756186788 | -0.6234074853681313:0.2325161467445538 | 0.2514881465451455 | -0.03550388747671129
0.2325161467445538 | 0.2514881465451455 | -0.03550388747671129 | -0.2320079756186788 | -0.6234074853681313:0.23804852218281436 | 0.25583979658140077 | -0.0317468894496683
0.23804852218281436 | 0.25583979658140077 | -0.0317468894496683 | -0.2320079756186788 | -0.6234074853681313:0.24343609638150987 | 0.26017980051906076 | -0.02778138486192061
0.24343609638150987 | 0.26017980051906076 | -0.02778138486192061 | -0.2320079756186788 | -0.6234074853681313:0.24866996282904896 | 0.2645121485933801 | -0.023612991841252318
0.24866996282904896 | 0.2645121485933801 | -0.023612991841252318 | -0.2320079756186788 | -0.6234074853681313:0.25374145707353524 | 0.2688407368674657 | -0.019247731770733578
0.25374145707353524 | 0.2688407368674657 | -0.019247731770733578 | -0.2320079756186788 | -0.6234074853681313:0.2586421710320046 | 0.27316936190232965 | -0.014692017341142338
0.2586421710320046 | 0.27316936190232965 | -0.014692017341142338 | -0.2320079756186788 | -0.6234074853681313:0.2633639668030785 | 0.27750171560799686 | -0.009952640068824348
0.2633639668030785 | 0.27750171560799686 | -0.009952640068824348 | -0.2320079756186788 | -0.6234074853681313:0.26789898996687267 | 0.28184138028181227 | -0.005036757301256745
0.26789898996687267 | 0.28184138028181227 | -0.005036757301256745 | -0.2320079756186788 | -0.6234074853681313:0.2722396823568394 | 0.28619182383979425 | 4.812126690734164E-5
0.2722396823568394 | 0.28619182383979425 | 4.812126690734164E-5 | -0.2320079756186788 | -0.6234074853681313:0.27637879428907475 | 0.29055639524654975 | 0.005294147544062433
0.27637879428907475 | 0.29055639524654975 | 0.005294147544062433 | -0.2320079756186788 | -0.6234074853681313:0.28030939623547724 | 0.29493832014897325 | 0.010693149434445992
0.28030939623547724 | 0.29493832014897325 | 0.010693149434445992 | -0.2320079756186788 | -0.6234074853681313:0.2840248899280189 | 0.2993406967186072 | 0.016236645649408632
0.2840248899280189 | 0.2993406967186072 | 0.016236645649408632 | -0.2320079756186788 | -0.6234074853681313:0.28751901888227227 | 0.3037664917072229 | 0.02191586091268416
0.28751901888227227 | 0.3037664917072229 | 0.02191586091268416 | -0.2320079756186788 | -0.6234074853681313:0.2907858783292223 | 0.308218536719866 | 0.02772174153485185
0.2907858783292223 | 0.308218536719866 | 0.02772174153485185 | -0.2320079756186788 | -0.6234074853681313:0.29381992454526973 | 0.31269952470925944 | 0.03364497133187927
0.29381992454526973 | 0.31269952470925944 | 0.03364497133187927 | -0.2320079756186788 | -0.6234074853681313:0.2966159835712876 | 0.31721200669513117 | 0.03967598786236726
0.2966159835712876 | 0.31721200669513117 | 0.03967598786236726 | -0.2320079756186788 | -0.6234074853681313:0.29916925931239113 | 0.32175838871171436 | 0.04580499895788803
0.29916925931239113 | 0.32175838871171436 | 0.04580499895788803 | -0.2320079756186788 | -0.6234074853681313:0.3014753410111233 | 0.32634092898629774 | 0.05202199952060882
0.3014753410111233 | 0.32634092898629774 | 0.05202199952060882 | -0.2320079756186788 | -0.6234074853681313:0.30353021008754233 | 0.3309617353513996 | 0.05831678856223377
0.30353021008754233 | 0.3309617353513996 | 0.05831678856223377 | -0.2320079756186788 | -0.6234074853681313:0.3053302463406862 | 0.3356227628927879 | 0.06467898645816827
0.3053302463406862 | 0.3356227628927879 | 0.06467898645816827 | -0.2320079756186788 | -0.6234074853681313:0.3068722335067626 | 0.34032581183523547 | 0.07109805239071765
0.3068722335067626 | 0.34032581183523547 | 0.07109805239071765 | -0.2320079756186788 | -0.6234074853681313:0.30815336417033556 | 0.3450725256675291 | 0.07756330195507899
0.30815336417033556 | 0.3450725256675291 | 0.07756330195507899 | -0.2320079756186788 | -0.6234074853681313:0.3091712440256611 | 0.34986438950799936 | 0.08406392490185222
0.3091712440256611 | 0.34986438950799936 | 0.08406392490185222 | -0.2320079756186788 | -0.6234074853681313:0.30992389548627663 | 0.35470272871138775 | 0.09058900298981887
0.30992389548627663 | 0.35470272871138775 | 0.09058900298981887 | 0.865729746625379 | -0.8856476744256174:0.3082421395904742 | 0.35425214792300075 | 0.12076511902335518
0.3082421395904742 | 0.35425214792300075 | 0.12076511902335518 | 0.865729746625379 | -0.8856476744256174:0.3051280683016824 | 0.3523991145768388 | 0.15108174892600412
0.3051280683016824 | 0.3523991145768388 | 0.15108174892600412 | 0.865729746625379 | -0.8856476744256174:0.3005680452442334 | 0.3491274020417574 | 0.18140256460095738
0.3005680452442334 | 0.3491274020417574 | 0.18140256460095738 | 0.865729746625379 | -0.8856476744256174:0.2945551823140278 | 0.34442733856443297 | 0.21158934207900515
0.2945551823140278 | 0.34442733856443297 | 0.21158934207900515 | 0.865729746625379 | -0.8856476744256174:0.28708943304213363 | 0.3382959126697216 | 0.241502614356496
0.28708943304213363 | 0.3382959126697216 | 0.241502614356496 | 0.865729746625379 | -0.8856476744256174:0.27817765348356005 | 0.33073684701500206 | 0.2710023333934237
0.27817765348356005 | 0.33073684701500206 | 0.2710023333934237 | 0.865729746625379 | -0.8856476744256174:0.26783363028535234 | 0.3217606402928652 | 0.2999485381504292
0.26783363028535234 | 0.3217606402928652 | 0.2999485381504292 | 0.865729746625379 | -0.8856476744256174:0.25607807574093755 | 0.3113845769253043 | 0.3282020255171374
0.25607807574093755 | 0.3113845769253043 | 0.3282020255171374 | 0.865729746625379 | -0.8856476744256174:0.24293858979108407 | 0.29963270444223156 | 0.35562502097226867
0.24293858979108407 | 0.29963270444223156 | 0.35562502097226867 | 0.865729746625379 | -0.8856476744256174:0.22844958908496693 | 0.2865357785869733 | 0.3820818458184432
0.22844958908496693 | 0.2865357785869733 | 0.3820818458184432 | 0.7580718456196358 | -0.7503858470491611:0.2154580333764482 | 0.2742676051226187 | 0.4045225123118339
0.2154580333764482 | 0.2742676051226187 | 0.4045225123118339 | 0.7580718456196358 | -0.7503858470491611:0.20149593993516746 | 0.26099827499728434 | 0.4260998181540483
0.20149593993516746 | 0.26099827499728434 | 0.4260998181540483 | 0.7580718456196358 | -0.7503858470491611:0.18659520064703372 | 0.24675841538546806 | 0.4467275252084635
0.18659520064703372 | 0.24675841538546806 | 0.4467275252084635 | 0.7580718456196358 | -0.7503858470491611:0.17079139335876725 | 0.23158242276921825 | 0.4663218230280455
0.17079139335876725 | 0.23158242276921825 | 0.4663218230280455 | 0.7580718456196358 | -0.7503858470491611:0.15412367852615105 | 0.2155083645409821 | 0.48480164589273755
0.15412367852615105 | 0.2155083645409821 | 0.48480164589273755 | 0.7580718456196358 | -0.7503858470491611:0.13663468277802338 | 0.19857786722120885 | 0.5020889810409166
0.13663468277802338 | 0.19857786722120885 | 0.5020889810409166 | 0.7580718456196358 | -0.7503858470491611:0.11837036979939697 | 0.18083599167766096 | 0.5181091670117963
0.11837036979939697 | 0.18083599167766096 | 0.5181091670117963 | 0.7580718456196358 | -0.7503858470491611:0.09937989897994015 | 0.1623310957774322 | 0.532791181051441
0.09937989897994015 | 0.1623310957774322 | 0.532791181051441 | 0.7580718456196358 | -0.7503858470491611:0.07971547231527154 | 0.14311468494496893 | 0.5460679145741993
0.07971547231527154 | 0.14311468494496893 | 0.5460679145741993 | 0.7580718456196358 | -0.7503858470491611:0.05943217008799451 | 0.12324125114013995 | 0.5578764357137764
0.05943217008799451 | 0.12324125114013995 | 0.5578764357137764 | 0.7580718456196358 | -0.7503858470491611:0.03858777589293183 | 0.10276810080915055 | 0.5681582380437202
0.03858777589293183 | 0.10276810080915055 | 0.5681582380437202 | 0.7580718456196358 | -0.7503858470491611:0.01724259160665298 | 0.08175517239800811 | 0.5768594745955742
0.01724259160665298 | 0.08175517239800811 | 0.5768594745955742 | 0.7580718456196358 | -0.7503858470491611:-0.004540757065226941 | 0.060264844052984046 | 0.5839311763541613
-0.004540757065226941 | 0.060264844052984046 | 0.5839311763541613 | 0.7580718456196358 | -0.7503858470491611:-0.02669752379817858 | 0.03836173216511796 | 0.589329454463396
-0.02669752379817858 | 0.03836173216511796 | 0.589329454463396 | 0.7580718456196358 | -0.7503858470491611:-0.04916105292262607 | 0.016112481446104 | 0.5930156854322064
-0.04916105292262607 | 0.016112481446104 | 0.5930156854322064 | 0.7580718456196358 | -0.7503858470491611:-0.07186299804127749 | -0.006414452749094579 | 0.5949566786886802
-0.07186299804127749 | -0.006414452749094579 | 0.5949566786886802 | 0.7580718456196358 | -0.7503858470491611:-0.0947335472455837 | -0.029149029112240044 | 0.5951248258910251
-0.0947335472455837 | -0.029149029112240044 | 0.5951248258910251 | 0.7580718456196358 | -0.7503858470491611:-0.11770165416539946 | -0.052019851320579846 | 0.5934982314662367
-0.11770165416539946 | -0.052019851320579846 | 0.5934982314662367 | 0.7580718456196358 | -0.7503858470491611:-0.14069527406703664 | -0.07495440444042245 | 0.5900608239112959
-0.14069527406703664 | -0.07495440444042245 | 0.5900608239112959 | 0.7580718456196358 | -0.7503858470491611:-0.163641604198542 | -0.09787929599367473 | 0.5848024474570224
-0.163641604198542 | -0.09787929599367473 | 0.5848024474570224 | 0.7580718456196358 | -0.7503858470491611:-0.18646732756747042 | -0.12072050087061825 | 0.5777189337611137
-0.18646732756747042 | -0.12072050087061825 | 0.5777189337611137 | 0.7580718456196358 | -0.7503858470491611:-0.20909885932553784 | -0.14340360925987383 | 0.5688121533644317
-0.20909885932553784 | -0.14340360925987383 | 0.5688121533644317 | 0.7580718456196358 | -0.7503858470491611:-0.23146259492641263 | -0.16585407675703223 | 0.5580900467126177
-0.23146259492641263 | -0.16585407675703223 | 0.5580900467126177 | 0.7580718456196358 | -0.7503858470491611:-0.25348515921760395 | -0.18799747580674442 | 0.5455666346138344
-0.25348515921760395 | -0.18799747580674442 | 0.5455666346138344 | 0.7580718456196358 | -0.7503858470491611:-0.2750936556247616 | -0.20975974762912308 | 0.5312620080723605
-0.2750936556247616 | -0.20975974762912308 | 0.5312620080723605 | 0.7580718456196358 | -0.7503858470491611:-0.2962159145870249 | -0.23106745378032123 | 0.5152022975066686
-0.2962159145870249 | -0.23106745378032123 | 0.5152022975066686 | 0.7580718456196358 | -0.7503858470491611:-0.31678074040495474 | -0.25184802649870797 | 0.4974196214295006
-0.31678074040495474 | -0.25184802649870797 | 0.4974196214295006 | 0.7580718456196358 | -0.7503858470491611:-0.33671815566837715 | -0.2720300169927441 | 0.47795201473583404
-0.33671815566837715 | -0.2720300169927441 | 0.47795201473583404 | 0.7580718456196358 | -0.7503858470491611:-0.3559596424399061 | -0.291543340833778 | 0.4568433368123621
-0.3559596424399061 | -0.291543340833778 | 0.4568433368123621 | 0.7580718456196358 | -0.7503858470491611:-0.3744383793810968 | -0.3103195196270807 | 0.434143159749226
-0.3744383793810968 | -0.3103195196270807 | 0.434143159749226 | 0.7580718456196358 | -0.7503858470491611:-0.39208947402191363 | -0.3282919181470625 | 0.4099066370004891
-0.39208947402191363 | -0.3282919181470625 | 0.4099066370004891 | 0.7580718456196358 | -0.7503858470491611:-0.4088501893906926 | -0.34539597613799344 | 0.38419435290461834
-0.4088501893906926 | -0.34539597613799344 | 0.38419435290461834 | 0.7580718456196358 | -0.7503858470491611:-0.4246601642405743 | -0.3615694339994473 | 0.35707215353939503
-0.4246601642405743 | -0.3615694339994473 | 0.35707215353939503 | 0.7580718456196358 | -0.7503858470491611:-0.4394616261298978 | -0.37675255159611076 | 0.3286109594472464
-0.4394616261298978 | -0.37675255159611076 | 0.3286109594472464 | 0.7580718456196358 | -0.7503858470491611:-0.45319959663768294 | -0.3908883194545236 | 0.29888656082664866
-0.45319959663768294 | -0.3908883194545236 | 0.29888656082664866 | 0.7580718456196358 | -0.7503858470491611:-0.46582208802155733 | -0.40392266163453705 | 0.2679793958429286
-0.46582208802155733 | -0.40392266163453705 | 0.2679793958429286 | 0.7580718456196358 | -0.7503858470491611:-0.4772802906536153 | -0.41580462959080045 | 0.23597431276723313
-0.4772802906536153 | -0.41580462959080045 | 0.23597431276723313 | 0.7580718456196358 | -0.7503858470491611:-0.48752875060025325 | -0.42648658636934833 | 0.20296031670544323
-0.48752875060025325 | -0.42648658636934833 | 0.20296031670544323 | 0.7580718456196358 | -0.7503858470491611:-0.49652553674433086 | -0.43592438051610394 | 0.16903030172929334
-0.49652553674433086 | -0.43592438051610394 | 0.16903030172929334 | 0.7580718456196358 | -0.7503858470491611:-0.504232396882415 | -0.4440775091079221 | 0.13428076926980737
-0.504232396882415 | -0.4440775091079221 | 0.13428076926980737 | 0.7580718456196358 | -0.7503858470491611:-0.5106149022659405 | -0.45090926935240816 | 0.09881153367794582
-0.5106149022659405 | -0.45090926935240816 | 0.09881153367794582 | 0.7580718456196358 | -0.7503858470491611:-0.5156425800929139 | -0.456386898240174 | 0.06272541589941127
-0.5156425800929139 | -0.456386898240174 | 0.06272541589941127 | 0.7580718456196358 | -0.7503858470491611:-0.5192890334961415 | -0.4604816997721155 | 0.026127926249284172
-0.5192890334961415 | -0.4604816997721155 | 0.026127926249284172 | 0.7580718456196358 | -0.7503858470491611:-0.5215320486146817 | -0.4631691593248881 | -0.010873062692244417
-0.5215320486146817 | -0.4631691593248881 | -0.010873062692244417 | 0.7580718456196358 | -0.7503858470491611:-0.5223536883772688 | -0.464429044759493 | -0.04816765200955331
-0.5223536883772688 | -0.464429044759493 | -0.04816765200955331 | 0.7580718456196358 | -0.7503858470491611:-0.5217403726696324 | -0.46424549392108005 | -0.08564426012443249
-0.5217403726696324 | -0.46424549392108005 | -0.08564426012443249 | 0.7580718456196358 | -0.7503858470491611:-0.5196829446018079 | -0.46260708822210717 | -0.12318997310452673
-0.5196829446018079 | -0.46260708822210717 | -0.12318997310452673 | 0.7580718456196358 | -0.7503858470491611:-0.5161767226365761 | -0.45950691204619254 | -0.16069090047816204
-0.5161767226365761 | -0.45950691204619254 | -0.16069090047816204 | 0.7580718456196358 | -0.7503858470491611:-0.5112215383859313 | -0.45494259775580215 | -0.19803253540838384
-0.5112215383859313 | -0.45494259775580215 | -0.19803253540838384 | 0.7580718456196358 | -0.7503858470491611:-0.504821759928813 | -0.44891635613350367 | -0.2351001180645973
-0.504821759928813 | -0.44891635613350367 | -0.2351001180645973 | 0.7580718456196358 | -0.7503858470491611:-0.49698630055005566 | -0.4414349921334937 | -0.2717790010197696
-0.49698630055005566 | -0.4414349921334937 | -0.2717790010197696 | 0.7580718456196358 | -0.7503858470491611:-0.4877286128475742 | -0.43250990586753346 | -0.3079550154942048
-0.4877286128475742 | -0.43250990586753346 | -0.3079550154942048 | 0.7580718456196358 | -0.7503858470491611:-0.47706666820190247 | -0.4221570787969391 | -0.3435148372640562
-0.47706666820190247 | -0.4221570787969391 | -0.3435148372640562 | 0.7580718456196358 | -0.7503858470491611:-0.46502292164934633 | -0.4103970451499297 | -0.3783463510532883
-0.46502292164934633 | -0.4103970451499297 | -0.3783463510532883 | 0.7580718456196358 | -0.7503858470491611:-0.4516242622469379 | -0.39725484863111626 | -0.41233901223251124
-0.4516242622469379 | -0.39725484863111626 | -0.41233901223251124 | -0.23889247776851907 | -0.048590005083292365:-0.4523058606193077 | -0.40364473530606304 | -0.41017794275813557
-0.4523058606193077 | -0.40364473530606304 | -0.41017794275813557 | -0.23889247776851907 | -0.048590005083292365:-0.4529725501722267 | -0.41001125869214894 | -0.40791345104801735
-0.4529725501722267 | -0.41001125869214894 | -0.40791345104801735 | -0.23889247776851907 | -0.048590005083292365:-0.45362485462632607 | -0.41635281396134394 | -0.40554599562931415
-0.45362485462632607 | -0.41635281396134394 | -0.40554599562931415 | -0.23889247776851907 | -0.048590005083292365:-0.4542632932974009 | -0.42266780807462023 | -0.4030760583867661
-0.4542632932974009 | -0.42266780807462023 | -0.4030760583867661 | -0.23889247776851907 | -0.048590005083292365:-0.45488838106554175 | -0.42895466003258265 | -0.400504144298651
-0.45488838106554175 | -0.42895466003258265 | -0.400504144298651 | 0.4350516387090544 | 0.09552652177808829:-0.458424435019924 | -0.42159880692594776 | -0.40897548591684085
-0.458424435019924 | -0.42159880692594776 | -0.40897548591684085 | 0.4350516387090544 | 0.09552652177808829:-0.46199110791704445 | -0.41401509092833166 | -0.4172772445094459
-0.46199110791704445 | -0.41401509092833166 | -0.4172772445094459 | 0.4350516387090544 | 0.09552652177808829:-0.4655876961155756 | -0.40620751614337797 | -0.42540332969705474
-0.4655876961155756 | -0.40620751614337797 | -0.42540332969705474 | 0.4350516387090544 | 0.09552652177808829:-0.46921346116991103 | -0.398180237700992 | -0.4333477586342269
-0.46921346116991103 | -0.398180237700992 | -0.4333477586342269 | 0.4350516387090544 | 0.09552652177808829:-0.4728676304968884 | -0.3899375588477639 | -0.44110465972342183
-0.4728676304968884 | -0.3899375588477639 | -0.44110465972342183 | 0.4350516387090544 | 0.09552652177808829:-0.4765493980598805 | -0.38148392795653885 | -0.44866827624645467
-0.4765493980598805 | -0.38148392795653885 | -0.44866827624645467 | 0.4350516387090544 | 0.09552652177808829:-0.48025792506977183 | -0.3728239354572822 | -0.4560329699117158
-0.48025792506977183 | -0.3728239354572822 | -0.4560329699117158 | 0.4350516387090544 | 0.09552652177808829:-0.48399234070235586 | -0.3639623106914156 | -0.4631932243155852
-0.48399234070235586 | -0.3639623106914156 | -0.4631932243155852 | 0.4350516387090544 | 0.09552652177808829:-0.4877517428316489 | -0.35490391869183413 | -0.47014364831642297
-0.4877517428316489 | -0.35490391869183413 | -0.47014364831642297 | 0.4350516387090544 | 0.09552652177808829:-0.49153519877864404 | -0.3456537568908311 | -0.4768789793196486
-0.49153519877864404 | -0.3456537568908311 | -0.4768789793196486 | 0.4350516387090544 | 0.09552652177808829:-0.4953417460749989 | -0.3362169517581952 | -0.48339408647246174
-0.4953417460749989 | -0.3362169517581952 | -0.48339408647246174 | 0.4350516387090544 | 0.09552652177808829:-0.49917039324115287 | -0.32659875537175864 | -0.48968397376676087
-0.49917039324115287 | -0.32659875537175864 | -0.48968397376676087 | 0.4350516387090544 | 0.09552652177808829:-0.5030201205783751 | -0.31680454192270524 | -0.4957437830489706
-0.5030201205783751 | -0.31680454192270524 | -0.4957437830489706 | 0.4350516387090544 | 0.09552652177808829:-0.5068898809742208 | -0.30683980415796563 | -0.5015687969354552
-0.5068898809742208 | -0.30683980415796563 | -0.5015687969354552 | 0.4350516387090544 | 0.09552652177808829:-0.5107786007208865 | -0.2967101497620517 | -0.5071544416322951
-0.5107786007208865 | -0.2967101497620517 | -0.5071544416322951 | 0.10439609912986536 | -0.22360223336613294:-0.5064961170294264 | -0.2948952992370999 | -0.5158380438357604
-0.5064961170294264 | -0.2948952992370999 | -0.5158380438357604 | 0.10439609912986536 | -0.22360223336613294:-0.5020862299026341 | -0.2930192107006553 | -0.5244691160865678
-0.5020862299026341 | -0.2930192107006553 | -0.5244691160865678 | 0.10439609912986536 | -0.22360223336613294:-0.4975497872680794 | -0.29108229043444744 | -0.5330454410739911
-0.4975497872680794 | -0.29108229043444744 | -0.5330454410739911 | 0.10439609912986536 | -0.22360223336613294:-0.4928876645343596 | -0.2890849574408687 | -0.5415648215011064
-0.4928876645343596 | -0.2890849574408687 | -0.5415648215011064 | 0.10439609912986536 | -0.22360223336613294:-0.4881007642457025 | -0.2870276432841905 | -0.5500250804104407
-0.4881007642457025 | -0.2870276432841905 | -0.5500250804104407 | 0.10439609912986536 | -0.22360223336613294:-0.4831900157346869 | -0.284910791930864 | -0.5584240615037519
-0.4831900157346869 | -0.284910791930864 | -0.5584240615037519 | 0.10439609912986536 | -0.22360223336613294:-0.478156374773139 | -0.2827348595889312 | -0.5667596294559933
-0.478156374773139 | -0.2827348595889312 | -0.5667596294559933 | 0.10439609912986536 | -0.22360223336613294:-0.47300082322123416 | -0.2805003145465781 | -0.5750296702234339
-0.47300082322123416 | -0.2805003145465781 | -0.5750296702234339 | 0.10439609912986536 | -0.22360223336613294:-0.46772436867491507 | -0.27820763700986273 | -0.5832320913459732
-0.46772436867491507 | -0.27820763700986273 | -0.5832320913459732 | 0.10439609912986536 | -0.22360223336613294:-0.46232804411163464 | -0.27585731893963406 | -0.5913648222436407
-0.46232804411163464 | -0.27585731893963406 | -0.5913648222436407 | 0.10439609912986536 | -0.22360223336613294:-0.45681290753451265 | -0.273449863887679 | -0.5994258145073008
-0.45681290753451265 | -0.273449863887679 | -0.5994258145073008 | 0.10439609912986536 | -0.22360223336613294:-0.4511800416149594 | -0.2709857868321244 | -0.607413042183576
-0.4511800416149594 | -0.2709857868321244 | -0.607413042183576 | 0.10439609912986536 | -0.22360223336613294:-0.4454305533338232 | -0.26846561401211577 | -0.6153245020539897
-0.4454305533338232 | -0.26846561401211577 | -0.6153245020539897 | 0.10439609912986536 | -0.22360223336613294:-0.43956557362110615 | -0.2658898827618046 | -0.6231582139083502
-0.43956557362110615 | -0.2658898827618046 | -0.6231582139083502 | 0.10439609912986536 | -0.22360223336613294:-0.4335862569943423 | -0.26325914134367157 | -0.6309122208123803
-0.4335862569943423 | -0.26325914134367157 | -0.6309122208123803 | 0.10439609912986536 | -0.22360223336613294:-0.42749378119563275 | -0.26057394878120554 | -0.6385845893696129
-0.42749378119563275 | -0.26057394878120554 | -0.6385845893696129 | 0.10439609912986536 | -0.22360223336613294:-0.42128934682748564 | -0.25783487469098354 | -0.6461734099775587
-0.42128934682748564 | -0.25783487469098354 | -0.6461734099775587 | 0.10439609912986536 | -0.22360223336613294:-0.4149741769874069 | -0.25504249911414156 | -0.6536767970781631
-0.4149741769874069 | -0.25504249911414156 | -0.6536767970781631 | 0.10439609912986536 | -0.22360223336613294:-0.40854951690138464 | -0.25219741234730897 | -0.661092889402562
-0.40854951690138464 | -0.25219741234730897 | -0.661092889402562 | 0.10439609912986536 | -0.22360223336613294:-0.4020166335562969 | -0.2493002147729957 | -0.668419850210155
-0.4020166335562969 | -0.2493002147729957 | -0.668419850210155 | -0.10331482508259637 | 0.7932601970726589:-0.42910066681201187 | -0.25330881564177865 | -0.6520966253963232
-0.42910066681201187 | -0.25330881564177865 | -0.6520966253963232 | -0.10331482508259637 | 0.7932601970726589:-0.45556150344553714 | -0.257234803994395 | -0.6346362471382367
-0.45556150344553714 | -0.257234803994395 | -0.6346362471382367 | -0.10331482508259637 | 0.7932601970726589:-0.4813518806998367 | -0.2610720049101882 | -0.6160635407147463
-0.4813518806998367 | -0.2610720049101882 | -0.6160635407147463 | -0.10331482508259637 | 0.7932601970726589:-0.5064255395971848 | -0.26481436856390417 | -0.5964053374228642
-0.5064255395971848 | -0.26481436856390417 | -0.5964053374228642 | -0.10331482508259637 | 0.7932601970726589:-0.5307373085797487 | -0.2684559812320835 | -0.5756904319946852
-0.5307373085797487 | -0.2684559812320835 | -0.5756904319946852 | -0.16194167235112822 | 0.7713627613055676:-0.553605511516654 | -0.27367686639840905 | -0.5537568539741713
-0.553605511516654 | -0.27367686639840905 | -0.5537568539741713 | -0.16194167235112822 | 0.7713627613055676:-0.575640755463759 | -0.27872350063912066 | -0.5308554777260648
-0.575640755463759 | -0.27872350063912066 | -0.5308554777260648 | -0.16194167235112822 | 0.7713627613055676:-0.5968037389845371 | -0.2835875305940405 | -0.5070200112712033
-0.5968037389845371 | -0.2835875305940405 | -0.5070200112712033 | -0.16194167235112822 | 0.7713627613055676:-0.6170564990886547 | -0.28826087677874135 | -0.4822858313136038
-0.6170564990886547 | -0.28826087677874135 | -0.4822858313136038 | -0.16194167235112822 | 0.7713627613055676:-0.6363624786864719 | -0.29273574797686663 | -0.4566899266462485
-0.6363624786864719 | -0.29273574797686663 | -0.4566899266462485 | -0.16194167235112822 | 0.7713627613055676:-0.6546865917051363 | -0.29700465515297836 | -0.43027083873201466
-0.6546865917051363 | -0.29700465515297836 | -0.43027083873201466 | -0.16194167235112822 | 0.7713627613055676:-0.6719952857546438 | -0.3010604248620883 | -0.40306859956164853
-0.6719952857546438 | -0.3010604248620883 | -0.40306859956164853 | -0.16194167235112822 | 0.7713627613055676:-0.6882566022363683 | -0.30489621213288487 | -0.37512466689524526
-0.6882566022363683 | -0.30489621213288487 | -0.37512466689524526 | -0.16194167235112822 | 0.7713627613055676:-0.7034402337911203 | -0.30850551280259353 | -0.34648185699806255
-0.7034402337911203 | -0.30850551280259353 | -0.34648185699806255 | -0.16194167235112822 | 0.7713627613055676:-0.7175175789884172 | -0.31188217528235285 | -0.31718427498563617
-0.7175175789884172 | -0.31188217528235285 | -0.31718427498563617 | 0.9699939392955481 | 0.5931264770369993:-0.7283860807108589 | -0.2966845771530302 | -0.31108276380028865
-0.7283860807108589 | -0.2966845771530302 | -0.31108276380028865 | 0.9699939392955481 | 0.5931264770369993:-0.7390508248201826 | -0.28176705428187887 | -0.3039125557622775
-0.7390508248201826 | -0.28176705428187887 | -0.3039125557622775 | 0.9699939392955481 | 0.5931264770369993:-0.7494799857384997 | -0.2671824145415709 | -0.29569350377683
-0.7494799857384997 | -0.2671824145415709 | -0.29569350377683 | 0.9699939392955481 | 0.5931264770369993:-0.7596423810132613 | -0.25298249780240667 | -0.2864490318328219
-0.7596423810132613 | -0.25298249780240667 | -0.2864490318328219 | 0.9699939392955481 | 0.5931264770369993:-0.7695075787958388 | -0.23921799849061465 | -0.2762060658265728
-0.7695075787958388 | -0.23921799849061465 | -0.2762060658265728 | -0.12560280297472515 | 0.5773053018834422:-0.7784666320307352 | -0.24136691182354753 | -0.25281382057031543
-0.7784666320307352 | -0.24136691182354753 | -0.25281382057031543 | -0.12560280297472515 | 0.5773053018834422:-0.7867448404757305 | -0.24336740747716412 | -0.22911392385828577
-0.7867448404757305 | -0.24336740747716412 | -0.22911392385828577 | -0.12560280297472515 | 0.5773053018834422:-0.7943323440768708 | -0.2452172862835411 | -0.2051276244466873
-0.7943323440768708 | -0.2452172862835411 | -0.2051276244466873 | -0.12560280297472515 | 0.5773053018834422:-0.8012199292598794 | -0.24691448858043508 | -0.18087649322268362
-0.8012199292598794 | -0.24691448858043508 | -0.18087649322268362 | -0.12560280297472515 | 0.5773053018834422:-0.8073990385759089 | -0.2484570963765549 | -0.15638240232739342
-0.8073990385759089 | -0.2484570963765549 | -0.15638240232739342 | -0.8378949697445002 | 0.9054042043208399:-0.8145052587339947 | -0.2552065934201764 | -0.10933011892553779
-0.8145052587339947 | -0.2552065934201764 | -0.10933011892553779 | -0.8378949697445002 | 0.9054042043208399:-0.8194564754091047 | -0.2599823816767213 | -0.06168412190950079
-0.8194564754091047 | -0.2599823816767213 | -0.06168412190950079 | -0.8378949697445002 | 0.9054042043208399:-0.8222283251409195 | -0.26275801249175856 | -0.013626798937817597
-0.8222283251409195 | -0.26275801249175856 | -0.013626798937817597 | -0.8378949697445002 | 0.9054042043208399:-0.8228048623669437 | -0.2635147832085174 | 0.03465732100150909
-0.8228048623669437 | -0.2635147832085174 | 0.03465732100150909 | -0.8378949697445002 | 0.9054042043208399:-0.8211786442048279 | -0.26224183070721807 | 0.08298228779916528
