0.0 | 0.0 | 0.0 | 0.5168576017614763 | -0.042514365773970164:-2.125006892621332E-5 | -2.5840003637034314E-4 | 0.009996638327746702
-2.125006892621332E-5 | -2.5840003637034314E-4 | 0.009996638327746702 | 0.5168576017614763 | -0.042514365773970164:-8.453271793521453E-5 | -0.0010280875809740575 | 0.019873245586603257
-8.453271793521453E-5 | -0.0010280875809740575 | 0.019873245586603257 | 0.35890707288364143 | 0.4920001801678493:6.026662418914026E-4 | -0.0020664363646951678 | 0.029622897143114647
6.026662418914026E-4 | -0.0020664363646951678 | 0.029622897143114647 | 0.35890707288364143 | 0.4920001801678493:0.0017646350279188405 | -0.003446298191217556 | 0.0392133079440584
0.0017646350279188405 | -0.003446298191217556 | 0.0392133079440584 | 0.35890707288364143 | 0.4920001801678493:0.0033917609117126296 | -0.005160949304700457 | 0.048619294205043545
0.0033917609117126296 | -0.005160949304700457 | 0.048619294205043545 | 0.35890707288364143 | 0.4920001801678493:0.0054736935220034335 | -0.007203121441756055 | 0.05781631806723578
0.0054736935220034335 | -0.007203121441756055 | 0.05781631806723578 | 0.35890707288364143 | 0.4920001801678493:0.00799936926236429 | -0.009565019385807894 | 0.06678051699823667
0.00799936926236429 | -0.009565019385807894 | 0.06678051699823667 | -0.8361550752400759 | -0.47750376843806364:0.007272046422190016 | -0.00769376395193011 | 0.07652650244275472
0.007272046422190016 | -0.00769376395193011 | 0.07652650244275472 | -0.8361550752400759 | -0.47750376843806364:0.006086380835141649 | -0.005024691062675446 | 0.08612186093472501
0.006086380835141649 | -0.005024691062675446 | 0.08612186093472501 | -0.8361550752400759 | -0.47750376843806364:0.004450657045121174 | -0.0015708654410289125 | 0.09550136969308237
0.004450657045121174 | -0.0015708654410289125 | 0.09550136969308237 | -0.8361550752400759 | -0.47750376843806364:0.002375153893437995 | 0.0026511256778822823 | 0.10460120074949264
0.002375153893437995 | 0.0026511256778822823 | 0.10460120074949264 | -0.8361550752400759 | -0.47750376843806364:-1.2791189100306438E-4 | 0.00762126651587991 | 0.11335915185904699
-1.2791189100306438E-4 | 0.00762126651587991 | 0.11335915185904699 | -0.8361550752400759 | -0.47750376843806364:-0.003044448162244244 | 0.013316217496943672 | 0.12171486965108591
-0.003044448162244244 | 0.013316217496943672 | 0.12171486965108591 | -0.8361550752400759 | -0.47750376843806364:-0.0063585556305656085 | 0.019709430329851174 | 0.129610064393325
-0.0063585556305656085 | 0.019709430329851174 | 0.129610064393325 | -0.8361550752400759 | -0.47750376843806364:-0.01005260166586168 | 0.02677127296318982 | 0.13698871577389615
-0.01005260166586168 | 0.02677127296318982 | 0.13698871577389615 | -0.8361550752400759 | -0.47750376843806364:-0.014107299344692268 | 0.0344691639229201 | 0.1437972691387306
-0.014107299344692268 | 0.0344691639229201 | 0.1437972691387306 | -0.8361550752400759 | -0.47750376843806364:-0.018501791441804485 | 0.042767715519555605 | 0.14998482165579619
-0.018501791441804485 | 0.042767715519555605 | 0.14998482165579619 | -0.8361550752400759 | -0.47750376843806364:-0.023213739055115926 | 0.051628885390610946 | 0.1555032979129467
-0.023213739055115926 | 0.051628885390610946 | 0.1555032979129467 | -0.8361550752400759 | -0.47750376843806364:-0.02821941454234809 | 0.06101213582429388 | 0.16030761449244646
-0.02821941454234809 | 0.06101213582429388 | 0.16030761449244646 | -0.8361550752400759 | -0.47750376843806364:-0.033493798437723765 | 0.07087460029252046 | 0.16435583310247126
-0.033493798437723765 | 0.07087460029252046 | 0.16435583310247126 | -0.8361550752400759 | -0.47750376843806364:-0.03901068000840971 | 0.08117125660524316 | 0.1676093018839766
-0.03901068000840971 | 0.08117125660524316 | 0.1676093018839766 | -0.8361550752400759 | -0.47750376843806364:-0.04474276110270842 | 0.09185510608382508 | 0.17003278455010307
-0.04474276110270842 | 0.09185510608382508 | 0.17003278455010307 | -0.4004518198683089 | -0.9774705175360834:-0.05504254687848367 | 0.09908974598867365 | 0.17247203886123597
-0.05504254687848367 | 0.09908974598867365 | 0.17247203886123597 | -0.4004518198683089 | -0.9774705175360834:-0.06573840596335442 | 0.10646530327101705 | 0.174004196813347
-0.06573840596335442 | 0.10646530327101705 | 0.174004196813347 | -0.4004518198683089 | -0.9774705175360834:-0.0767696460979937 | 0.11395756369084653 | 0.17459508428039605
-0.0767696460979937 | 0.11395756369084653 | 0.17459508428039605 | -0.4004518198683089 | -0.9774705175360834:-0.08807354246497484 | 0.12154143204930533 | 0.17421505734081544
-0.08807354246497484 | 0.12154143204930533 | 0.17421505734081544 | -0.4004518198683089 | -0.9774705175360834:-0.09958561755020778 | 0.12919104560220643 | 0.1728391273330634
-0.09958561755020778 | 0.12919104560220643 | 0.1728391273330634 | 0.1055452358172102 | -0.5171795414631088:-0.10737612929184104 | 0.13239193012676576 | 0.17636715047169504
-0.10737612929184104 | 0.13239193012676576 | 0.17636715047169504 | 0.1055452358172102 | -0.5171795414631088:-0.11536208376214108 | 0.13550430893158993 | 0.179588757375567
-0.11536208376214108 | 0.13550430893158993 | 0.179588757375567 | 0.1055452358172102 | -0.5171795414631088:-0.1235312842850288 | 0.13853112996015715 | 0.18249669435103266
-0.1235312842850288 | 0.13853112996015715 | 0.18249669435103266 | 0.1055452358172102 | -0.5171795414631088:-0.13187134754825336 | 0.14147537569279967 | 0.18508417454439252
-0.13187134754825336 | 0.14147537569279967 | 0.18508417454439252 | 0.1055452358172102 | -0.5171795414631088:-0.14036971919209473 | 0.14434006002270205 | 0.18734488147913364
-0.14036971919209473 | 0.14434006002270205 | 0.18734488147913364 | 0.1055452358172102 | -0.5171795414631088:-0.14901368941466053 | 0.1471282251267172 | 0.18927297209413396
-0.14901368941466053 | 0.1471282251267172 | 0.18927297209413396 | 0.1055452358172102 | -0.5171795414631088:-0.1577904085795825 | 0.1498429383339096 | 0.19086307928521418
-0.1577904085795825 | 0.1498429383339096 | 0.19086307928521418 | 0.1055452358172102 | -0.5171795414631088:-0.166686902812065 | 0.1524872889947031 | 0.19211031395277978
-0.166686902812065 | 0.1524872889947031 | 0.19211031395277978 | 0.1055452358172102 | -0.5171795414631088:-0.1756900895693958 | 0.15506438535348166 | 0.19301026655870057
-0.1756900895693958 | 0.15506438535348166 | 0.19301026655870057 | 0.1055452358172102 | -0.5171795414631088:-0.18478679317219093 | 0.1575773514274572 | 0.19355900819594307
-0.18478679317219093 | 0.1575773514274572 | 0.19355900819594307 | 0.6378439561973583 | 0.8505910473434914:-0.18009211837340944 | 0.15468479292044401 | 0.21073924382505727
-0.18009211837340944 | 0.15468479292044401 | 0.21073924382505727 | 0.6378439561973583 | 0.8505910473434914:-0.1744358559521526 | 0.1510661103482016 | 0.22782188675773352
-0.1744358559521526 | 0.1510661103482016 | 0.22782188675773352 | 0.6378439561973583 | 0.8505910473434914:-0.1678176705417127 | 0.1467197779011038 | 0.24472481045258654
-0.1678176705417127 | 0.1467197779011038 | 0.24472481045258654 | 0.6378439561973583 | 0.8505910473434914:-0.16024156257692423 | 0.1416475179384642 | 0.2613657248506813
-0.16024156257692423 | 0.1416475179384642 | 0.2613657248506813 | 0.6378439561973583 | 0.8505910473434914:-0.1517158659992357 | 0.13585430478673954 | 0.2776625222290905
-0.1517158659992357 | 0.13585430478673954 | 0.2776625222290905 | -0.4186496951334091 | 0.8727977316365219:-0.14224264801067843 | 0.1443331806324193 | 0.2864680217291342
-0.14224264801067843 | 0.1443331806324193 | 0.2864680217291342 | -0.4186496951334091 | 0.8727977316365219:-0.13214434921294682 | 0.15307786968946013 | 0.2946718577449765
-0.13214434921294682 | 0.15307786968946013 | 0.2946718577449765 | -0.4186496951334091 | 0.8727977316365219:-0.12145097932258908 | 0.16207485262634158 | 0.30222905604576766
-0.12145097932258908 | 0.16207485262634158 | 0.30222905604576766 | -0.4186496951334091 | 0.8727977316365219:-0.1101949908068871 | 0.17130941430108315 | 0.30909657485719766
-0.1101949908068871 | 0.17130941430108315 | 0.30909657485719766 | -0.4186496951334091 | 0.8727977316365219:-0.09841117280301681 | 0.1807656930668773 | 0.3152334588355332
-0.09841117280301681 | 0.1807656930668773 | 0.3152334588355332 | -0.4186496951334091 | 0.8727977316365219:-0.08613653761129392 | 0.19042673371300056 | 0.32060098595561204
-0.08613653761129392 | 0.19042673371300056 | 0.32060098595561204 | -0.4186496951334091 | 0.8727977316365219:-0.07341020014554722 | 0.2002745438617204 | 0.32516280688927246
-0.07341020014554722 | 0.2002745438617204 | 0.32516280688927246 | -0.4186496951334091 | 0.8727977316365219:-0.06027325074226608 | 0.21029015363275372 | 0.3288850764753999
-0.06027325074226608 | 0.21029015363275372 | 0.3288850764753999 | -0.4186496951334091 | 0.8727977316365219:-0.04676862174748653 | 0.22045367837824248 | 0.3317365769084155
-0.04676862174748653 | 0.22045367837824248 | 0.3317365769084155 | -0.4186496951334091 | 0.8727977316365219:-0.0329409483163956 | 0.2307443842832635 | 0.33368883229856294
-0.0329409483163956 | 0.2307443842832635 | 0.33368883229856294 | -0.4186496951334091 | 0.8727977316365219:-0.018836423875306707 | 0.24114075661955958 | 0.33471621428470577
-0.018836423875306707 | 0.24114075661955958 | 0.33471621428470577 | -0.4186496951334091 | 0.8727977316365219:-0.004502650708954725 | 0.2516205704335146 | 0.3347960384084452
-0.004502650708954725 | 0.2516205704335146 | 0.3347960384084452 | -0.4186496951334091 | 0.8727977316365219:0.010011513852048015 | 0.26216096344338435 | 0.3339086509870395
0.010011513852048015 | 0.26216096344338435 | 0.3339086509870395 | -0.4186496951334091 | 0.8727977316365219:0.024656115158279146 | 0.27273851091546675 | 0.3320375062519645
0.024656115158279146 | 0.27273851091546675 | 0.3320375062519645 | -0.4186496951334091 | 0.8727977316365219:0.03938026238875114 | 0.2833293022842591 | 0.32916923354967054
0.03938026238875114 | 0.2833293022842591 | 0.32916923354967054 | -0.4186496951334091 | 0.8727977316365219:0.054132292616413835 | 0.2939090192776872 | 0.3252936944312559
0.054132292616413835 | 0.2939090192776872 | 0.3252936944312559 | -0.4186496951334091 | 0.8727977316365219:0.0688599372839036 | 0.3044530153052696 | 0.3204040294882713
0.0688599372839036 | 0.3044530153052696 | 0.3204040294882713 | -0.4186496951334091 | 0.8727977316365219:0.08351049057687066 | 0.31493639586450506 | 0.3144966948225303
0.08351049057687066 | 0.31493639586450506 | 0.3144966948225303 | -0.4186496951334091 | 0.8727977316365219:0.09803097917909742 | 0.32533409971897687 | 0.3075714880686107
0.09803097917909742 | 0.32533409971897687 | 0.3075714880686107 | -0.4186496951334091 | 0.8727977316365219:0.11236833289191583 | 0.3356209806004946 | 0.2996315639186715
0.11236833289191583 | 0.3356209806004946 | 0.2996315639186715 | 0.08705151059059246 | 0.33703845060155535:0.11878401249319692 | 0.3381797028952942 | 0.30261271710869053
0.11878401249319692 | 0.3381797028952942 | 0.30261271710869053 | 0.08705151059059246 | 0.33703845060155535:0.12529342694455092 | 0.3406718214212816 | 0.30545533208978703
0.12529342694455092 | 0.3406718214212816 | 0.30545533208978703 | 0.08705151059059246 | 0.33703845060155535:0.13189308538480615 | 0.34309865349432656 | 0.30815700902208754
0.13189308538480615 | 0.34309865349432656 | 0.30815700902208754 | 0.08705151059059246 | 0.33703845060155535:0.13857945949971695 | 0.3454615220958175 | 0.3107154406464332
0.13857945949971695 | 0.3454615220958175 | 0.3107154406464332 | 0.08705151059059246 | 0.33703845060155535:0.14534898552457287 | 0.3477617553981833 | 0.31312841258491453
0.14534898552457287 | 0.3477617553981833 | 0.31312841258491453 | 0.08705151059059246 | 0.33703845060155535:0.15219806624142596 | 0.3500006862912901 | 0.315393803601415
0.15219806624142596 | 0.3500006862912901 | 0.315393803601415 | 0.08705151059059246 | 0.33703845060155535:0.15912307297029793 | 0.35217965190989275 | 0.3175095858224939
0.15912307297029793 | 0.35217965190989275 | 0.3175095858224939 | 0.08705151059059246 | 0.33703845060155535:0.16612034755373628 | 0.35429999316230365 | 0.3194738249189335
0.16612034755373628 | 0.35429999316230365 | 0.3194738249189335 | 0.08705151059059246 | 0.33703845060155535:0.17318620433409437 | 0.3563630542604539 | 0.32128468024827406
0.17318620433409437 | 0.3563630542604539 | 0.32128468024827406 | 0.08705151059059246 | 0.33703845060155535:0.18031693212293232 | 0.3583701822514911 | 0.3229404049587057
0.18031693212293232 | 0.3583701822514911 | 0.3229404049587057 | 0.08705151059059246 | 0.33703845060155535:0.18750879616192462 | 0.3603227265510913 | 0.32443934605466396
0.18750879616192462 | 0.3603227265510913 | 0.32443934605466396 | 0.08705151059059246 | 0.33703845060155535:0.19475804007468756 | 0.3622220384786452 | 0.3257799444244789
0.19475804007468756 | 0.3622220384786452 | 0.3257799444244789 | 0.08705151059059246 | 0.33703845060155535:0.20206088780893938 | 0.3640694707944565 | 0.32696073483045396
0.20206088780893938 | 0.3640694707944565 | 0.32696073483045396 | 0.08705151059059246 | 0.33703845060155535:0.20941354556841452 | 0.36586637723911863 | 0.32798034586177494
0.20941354556841452 | 0.36586637723911863 | 0.32798034586177494 | 0.08705151059059246 | 0.33703845060155535:0.2168122037339706 | 0.3676141120752252 | 0.32883749985060007
0.2168122037339706 | 0.3676141120752252 | 0.32883749985060007 | -0.8919516149135029 | 0.5718052456724032:0.22757765857118473 | 0.38517842674724 | 0.3084136104887598
0.22757765857118473 | 0.38517842674724 | 0.3084136104887598 | -0.8919516149135029 | 0.5718052456724032:0.23778285215628325 | 0.40189435181448374 | 0.28669915663170187
0.23778285215628325 | 0.40189435181448374 | 0.28669915663170187 | -0.8919516149135029 | 0.5718052456724032:0.24738515390851465 | 0.4176942242241264 | 0.263747454974137
0.24738515390851465 | 0.4176942242241264 | 0.263747454974137 | -0.8919516149135029 | 0.5718052456724032:0.2563435815566025 | 0.43251284342110274 | 0.23961669232590666
0.2563435815566025 | 0.43251284342110274 | 0.23961669232590666 | -0.8919516149135029 | 0.5718052456724032:0.26461895625285103 | 0.4462877171984623 | 0.2143697523989445
0.26461895625285103 | 0.4462877171984623 | 0.2143697523989445 | -0.04086811316839767 | 0.8333371411563881:0.2754159958491814 | 0.45021516506430537 | 0.20382964936505132
0.2754159958491814 | 0.45021516506430537 | 0.20382964936505132 | -0.04086811316839767 | 0.8333371411563881:0.2858059692308943 | 0.45408935318476473 | 0.19272868021390366
0.2858059692308943 | 0.45408935318476473 | 0.19272868021390366 | -0.04086811316839767 | 0.8333371411563881:0.29576079175317105 | 0.4579092256814423 | 0.18108396242081426
0.29576079175317105 | 0.4579092256814423 | 0.18108396242081426 | -0.04086811316839767 | 0.8333371411563881:0.3052531534564311 | 0.4616737598740315 | 0.16891398461319795
0.3052531534564311 | 0.4616737598740315 | 0.16891398461319795 | -0.04086811316839767 | 0.8333371411563881:0.3142565839284559 | 0.46538196953286715 | 0.1562385691855681
0.3142565839284559 | 0.46538196953286715 | 0.1562385691855681 | 0.7800803060875721 | -0.5634709695955207:0.31143566933984146 | 0.46221987445367674 | 0.18436024556471864
0.31143566933984146 | 0.46221987445367674 | 0.18436024556471864 | 0.7800803060875721 | -0.5634709695955207:0.3077646937945828 | 0.45787771936823063 | 0.21242051108464466
0.3077646937945828 | 0.45787771936823063 | 0.21242051108464466 | 0.7800803060875721 | -0.5634709695955207:0.30324292381534734 | 0.45235300870907835 | 0.24034248275992454
0.30324292381534734 | 0.45235300870907835 | 0.24034248275992454 | 0.7800803060875721 | -0.5634709695955207:0.29787203732011536 | 0.44564657967435295 | 0.26804898920744336
0.29787203732011536 | 0.44564657967435295 | 0.26804898920744336 | 0.7800803060875721 | -0.5634709695955207:0.2916561314513326 | 0.4377626173741689 | 0.2954627913634802
0.2916561314513326 | 0.4377626173741689 | 0.2954627913634802 | -0.03323878233452815 | -0.3689522570296997:0.2880511939748813 | 0.44113452011151466 | 0.3020376464844503
0.2880511939748813 | 0.44113452011151466 | 0.3020376464844503 | -0.03323878233452815 | -0.3689522570296997:0.28427061596176006 | 0.44449177263166817 | 0.3085488288232128
0.28427061596176006 | 0.44449177263166817 | 0.3085488288232128 | -0.03323878233452815 | -0.3689522570296997:0.2803159861069551 | 0.4478345406190165 | 0.3149920727924034
0.2803159861069551 | 0.4478345406190165 | 0.3149920727924034 | -0.03323878233452815 | -0.3689522570296997:0.2761889869958347 | 0.45116297820786855 | 0.32136315993515296
0.2761889869958347 | 0.45116297820786855 | 0.32136315993515296 | -0.03323878233452815 | -0.3689522570296997:0.271891393743811 | 0.4544772281339817 | 0.327657920781391
0.271891393743811 | 0.4544772281339817 | 0.327657920781391 | -0.03323878233452815 | -0.3689522570296997:0.26742507260473847 | 0.45777742188862547 | 0.33387223666852606
0.26742507260473847 | 0.45777742188862547 | 0.33387223666852606 | -0.03323878233452815 | -0.3689522570296997:0.2627919795488971 | 0.4610636798751315 | 0.3400020415261089
0.2627919795488971 | 0.4610636798751315 | 0.3400020415261089 | -0.03323878233452815 | -0.3689522570296997:0.25799415881135523 | 0.4643361115678388 | 0.346043323624059
0.25799415881135523 | 0.4643361115678388 | 0.346043323624059 | -0.03323878233452815 | -0.3689522570296997:0.25303374141154933 | 0.46759481567335115 | 0.3519921272840847
0.25303374141154933 | 0.46759481567335115 | 0.3519921272840847 | -0.03323878233452815 | -0.3689522570296997:0.2479129436448977 | 0.47083988029406143 | 0.3578445545538891
0.2479129436448977 | 0.47083988029406143 | 0.3578445545538891 | -0.5009800260262587 | -0.8006932875207349:0.2351768021097813 | 0.48233831405754657 | 0.3575740446863698
0.2351768021097813 | 0.48233831405754657 | 0.3575740446863698 | -0.5009800260262587 | -0.8006932875207349:0.22238295788996787 | 0.4938480246500738 | 0.35646959142351875
0.22238295788996787 | 0.4938480246500738 | 0.35646959142351875 | -0.5009800260262587 | -0.8006932875207349:0.20956728640218714 | 0.5053469871808964 | 0.35452582753501005
0.20956728640218714 | 0.5053469871808964 | 0.35452582753501005 | -0.5009800260262587 | -0.8006932875207349:0.1967659461785587 | 0.5168129690594654 | 0.35173954519347106
0.1967659461785587 | 0.5168129690594654 | 0.35173954519347106 | -0.5009800260262587 | -0.8006932875207349:0.18401528407573853 | 0.5282235890971023 | 0.34810971495898
0.18401528407573853 | 0.5282235890971023 | 0.34810971495898 | 0.23993764226180003 | -0.49657985250053516:0.17606657452810381 | 0.5267229408629461 | 0.36073915566709047
0.17606657452810381 | 0.5267229408629461 | 0.36073915566709047 | 0.23993764226180003 | -0.49657985250053516:0.1677514203072521 | 0.5250214905108663 | 0.37318368684925574
0.1677514203072521 | 0.5250214905108663 | 0.37318368684925574 | 0.23993764226180003 | -0.49657985250053516:0.15907430852685778 | 0.5231215499149897 | 0.3854295490781219
0.15907430852685778 | 0.5231215499149897 | 0.3854295490781219 | 0.23993764226180003 | -0.49657985250053516:0.15004012573819736 | 0.5210256226536814 | 0.39746314555420525
0.15004012573819736 | 0.5210256226536814 | 0.39746314555420525 | 0.23993764226180003 | -0.49657985250053516:0.1406541526381444 | 0.518736401557792 | 0.4092710558615522
0.1406541526381444 | 0.518736401557792 | 0.4092710558615522 | 0.23993764226180003 | -0.49657985250053516:0.13092205840989646 | 0.5162567660799802 | 0.4208400495085449
0.13092205840989646 | 0.5162567660799802 | 0.4208400495085449 | 0.23993764226180003 | -0.49657985250053516:0.12084989470343288 | 0.5135897794883348 | 0.432157099242378
0.12084989470343288 | 0.5135897794883348 | 0.432157099242378 | 0.23993764226180003 | -0.49657985250053516:0.11044408926297322 | 0.5107386858878336 | 0.4432093941258657
0.11044408926297322 | 0.5107386858878336 | 0.4432093941258657 | 0.23993764226180003 | -0.49657985250053516:0.09971143920895642 | 0.5077069070731532 | 0.4539843523656515
0.09971143920895642 | 0.5077069070731532 | 0.4539843523656515 | 0.23993764226180003 | -0.49657985250053516:0.08865910398237453 | 0.5044980392165641 | 0.46446963388105544
0.08865910398237453 | 0.5044980392165641 | 0.46446963388105544 | 0.23993764226180003 | -0.49657985250053516:0.0772945979594688 | 0.5011158493947399 | 0.4746531526031781
0.0772945979594688 | 0.5011158493947399 | 0.4746531526031781 | 0.23993764226180003 | -0.49657985250053516:0.06562578274512632 | 0.4975642719584066 | 0.48452308849408965
0.06562578274512632 | 0.4975642719584066 | 0.48452308849408965 | 0.23993764226180003 | -0.49657985250053516:0.0536608591534673 | 0.49384740474894073 | 0.4940678992763168
0.0536608591534673 | 0.49384740474894073 | 0.4940678992763168 | 0.23993764226180003 | -0.49657985250053516:0.04140835888441252 | 0.48996950516605153 | 0.5032763318630948
0.04140835888441252 | 0.48996950516605153 | 0.5032763318630948 | 0.23993764226180003 | -0.49657985250053516:0.02887713590518004 | 0.4859349860908395 | 0.5121374334801594
0.02887713590518004 | 0.4859349860908395 | 0.5121374334801594 | 0.23993764226180003 | -0.49657985250053516:0.016076357545914632 | 0.481748411668633 | 0.5206405624702626
0.016076357545914632 | 0.481748411668633 | 0.5206405624702626 | 0.23993764226180003 | -0.49657985250053516:0.0030154953188308298 | 0.4774144929560791 | 0.5287753987717494
0.0030154953188308298 | 0.4774144929560791 | 0.5287753987717494 | 0.23993764226180003 | -0.49657985250053516:-0.01029568452957541 | 0.47293808343705734 | 0.5365319540630793
-0.01029568452957541 | 0.47293808343705734 | 0.5365319540630793 | 0.23993764226180003 | -0.49657985250053516:-0.023847130723449794 | 0.4683241744120963 | 0.5439005815653459
-0.023847130723449794 | 0.4683241744120963 | 0.5439005815653459 | 0.23993764226180003 | -0.49657985250053516:-0.03762851690975033 | 0.4635778902660661 | 0.5508719854952062
-0.03762851690975033 | 0.4635778902660661 | 0.5508719854952062 | 0.23993764226180003 | -0.49657985250053516:-0.051629251847524316 | 0.4587044836189449 | 0.5574372301611419
-0.051629251847524316 | 0.4587044836189449 | 0.5574372301611419 | 0.23993764226180003 | -0.49657985250053516:-0.06583848982408824 | 0.4537093303645747 | 0.5635877486960084
-0.06583848982408824 | 0.4537093303645747 | 0.5635877486960084 | 0.23993764226180003 | -0.49657985250053516:-0.080245141287687 | 0.44859792460245274 | 0.5693153514195757
-0.080245141287687 | 0.44859792460245274 | 0.5693153514195757 | 0.23993764226180003 | -0.49657985250053516:-0.09483788368610213 | 0.4433758734675308 | 0.574612233824709
-0.09483788368610213 | 0.4433758734675308 | 0.574612233824709 | 0.23993764226180003 | -0.49657985250053516:-0.10960517250058288 | 0.43804889186318263 | 0.5794709841815262
-0.10960517250058288 | 0.43804889186318263 | 0.5794709841815262 | 0.9921005693120026 | 0.17185804517200354:-0.10481860028425416 | 0.410253765452687 | 0.6035707398189487
-0.10481860028425416 | 0.410253765452687 | 0.6035707398189487 | 0.9921005693120026 | 0.17185804517200354:-0.09981435115617465 | 0.3811746463045438 | 0.6262719128162288
-0.09981435115617465 | 0.3811746463045438 | 0.6262719128162288 | 0.9921005693120026 | 0.17185804517200354:-0.09460482927442726 | 0.3508813287586605 | 0.6475039216861944
-0.09460482927442726 | 0.3508813287586605 | 0.6475039216861944 | 0.9921005693120026 | 0.17185804517200354:-0.08920307430732421 | 0.31944736851111344 | 0.6671998613542129
-0.08920307430732421 | 0.31944736851111344 | 0.6671998613542129 | 0.9921005693120026 | 0.17185804517200354:-0.08362272733895981 | 0.2869498908240331 | 0.6852967078023013
-0.08362272733895981 | 0.2869498908240331 | 0.6852967078023013 | -0.8520261515468848 | 0.7124639316021497:-0.05982101457069522 | 0.3169414633312613 | 0.6772842807123851
-0.05982101457069522 | 0.3169414633312613 | 0.6772842807123851 | -0.8520261515468848 | 0.7124639316021497:-0.03628420176335645 | 0.3466490327313352 | 0.6670959140639354
-0.03628420176335645 | 0.3466490327313352 | 0.6670959140639354 | -0.8520261515468848 | 0.7124639316021497:-0.01309236062196728 | 0.3759765643351898 | 0.6547508150171808
-0.01309236062196728 | 0.3759765643351898 | 0.6547508150171808 | -0.8520261515468848 | 0.7124639316021497:0.009675157294963377 | 0.4048287290704806 | 0.6402754326388376
0.009675157294963377 | 0.4048287290704806 | 0.6402754326388376 | -0.8520261515468848 | 0.7124639316021497:0.03193999044442464 | 0.4331112274490323 | 0.6237034012707312
0.03193999044442464 | 0.4331112274490323 | 0.6237034012707312 | -0.8520261515468848 | 0.7124639316021497:0.05362503467984858 | 0.4607311110825876 | 0.6050754593027534
0.05362503467984858 | 0.4607311110825876 | 0.6050754593027534 | -0.8520261515468848 | 0.7124639316021497:0.07465470722653667 | 0.48759710064469175 | 0.5844393435782891
0.07465470722653667 | 0.48759710064469175 | 0.5844393435782891 | -0.8520261515468848 | 0.7124639316021497:0.09495520634493193 | 0.5136198991879297 | 0.5618496597438067
0.09495520634493193 | 0.5136198991879297 | 0.5618496597438067 | -0.8520261515468848 | 0.7124639316021497:0.11445476578909819 | 0.5387124997404484 | 0.537367728936438
0.11445476578909819 | 0.5387124997404484 | 0.537367728936438 | -0.8520261515468848 | 0.7124639316021497:0.13308390318469954 | 0.5627904861243849 | 0.5110614112843166
0.13308390318469954 | 0.5627904861243849 | 0.5110614112843166 | -0.8520261515468848 | 0.7124639316021497:0.15077566147078336 | 0.5857723259611305 | 0.4830049067736013
0.15077566147078336 | 0.5857723259611305 | 0.4830049067736013 | -0.8520261515468848 | 0.7124639316021497:0.16746584257247932 | 0.607579654853744 | 0.45327853411377106
0.16746584257247932 | 0.607579654853744 | 0.45327853411377106 | -0.8520261515468848 | 0.7124639316021497:0.18309323249739684 | 0.6281375507662261 | 0.421968488307634
0.18309323249739684 | 0.6281375507662261 | 0.421968488307634 | -0.8520261515468848 | 0.7124639316021497:0.19759981707694152 | 0.6473747976515511 | 0.38916657770562324
0.19759981707694152 | 0.6473747976515511 | 0.38916657770562324 | -0.8520261515468848 | 0.7124639316021497:0.21093098760472095 | 0.6652241374161036 | 0.354969941393918
0.21093098760472095 | 0.6652241374161036 | 0.354969941393918 | -0.8520261515468848 | 0.7124639316021497:0.22303573565785761 | 0.6816225093467807 | 0.31948074783341696
0.22303573565785761 | 0.6816225093467807 | 0.31948074783341696 | -0.8520261515468848 | 0.7124639316021497:0.23386683642288197 | 0.696511276168664 | 0.2828058757305172
0.23386683642288197 | 0.696511276168664 | 0.2828058757305172 | -0.8520261515468848 | 0.7124639316021497:0.24338101988617566 | 0.7098364359456468 | 0.24505657818180993
0.24338101988617566 | 0.7098364359456468 | 0.24505657818180993 | -0.8520261515468848 | 0.7124639316021497:0.2515391292893341 | 0.7215488190833952 | 0.20634813119200146
0.2515391292893341 | 0.7215488190833952 | 0.20634813119200146 | -0.8520261515468848 | 0.7124639316021497:0.2583062662921787 | 0.7316042697437197 | 0.16679946771798626
0.2583062662921787 | 0.7316042697437197 | 0.16679946771798626 | -0.8520261515468848 | 0.7124639316021497:0.2636519223304692 | 0.739963811031231 | 0.12653279844195708
0.2636519223304692 | 0.739963811031231 | 0.12653279844195708 | -0.8520261515468848 | 0.7124639316021497:0.26755009570137034 | 0.746593793367154 | 0.08567322052186199
0.26755009570137034 | 0.746593793367154 | 0.08567322052186199 | -0.8520261515468848 | 0.7124639316021497:0.26997939395724124 | 0.751466025521438 | 0.04434831560946151
0.26997939395724124 | 0.751466025521438 | 0.04434831560946151 | -0.8520261515468848 | 0.7124639316021497:0.2709231212373915 | 0.7545578878316803 | 0.0026877384629386825
0.2709231212373915 | 0.7545578878316803 | 0.0026877384629386825 | -0.8520261515468848 | 0.7124639316021497:0.27036935021753905 | 0.7558524271970981 | -0.039177202485745966
0.27036935021753905 | 0.7558524271970981 | -0.039177202485745966 | 0.7108029995062211 | -0.9914395558114077:0.2713074621726541 | 0.7586154579044617 | 0.0011200785724838624
0.2713074621726541 | 0.7586154579044617 | 0.0011200785724838624 | 0.7108029995062211 | -0.9914395558114077:0.27023325047115065 | 0.7599251396930953 | 0.04158431473062052
0.27023325047115065 | 0.7599251396930953 | 0.04158431473062052 | 0.7108029995062211 | -0.9914395558114077:0.26713886186401226 | 0.7597732437881675 | 0.0820615295457614
0.26713886186401226 | 0.7597732437881675 | 0.0820615295457614 | 0.7108029995062211 | -0.9914395558114077:0.2620242659839498 | 0.7581571354711798 | 0.12239704038265842
0.2620242659839498 | 0.7581571354711798 | 0.12239704038265842 | 0.7108029995062211 | -0.9914395558114077:0.25489728396352795 | 0.7550798053402588 | 0.16243606223559226
0.25489728396352795 | 0.7550798053402588 | 0.16243606223559226 | 0.7108029995062211 | -0.9914395558114077:0.24577358609639433 | 0.7505498784172389 | 0.20202431374542584
0.24577358609639433 | 0.7505498784172389 | 0.20202431374542584 | 0.7108029995062211 | -0.9914395558114077:0.23467665848320074 | 0.7445816010170461 | 0.24100862300696235
0.23467665848320074 | 0.7445816010170461 | 0.24100862300696235 | 0.7108029995062211 | -0.9914395558114077:0.22163773872742354 | 0.7371948053831971 | 0.2792375307593673
0.22163773872742354 | 0.7371948053831971 | 0.2792375307593673 | 0.7108029995062211 | -0.9914395558114077:0.20669572086966426 | 0.7284148521820697 | 0.3165618885595194
0.20669572086966426 | 0.7284148521820697 | 0.3165618885595194 | 0.7108029995062211 | -0.9914395558114077:0.1898970298717373 | 0.7182725510366978 | 0.3528354495546324
0.1898970298717373 | 0.7182725510366978 | 0.3528354495546324 | 0.7108029995062211 | -0.9914395558114077:0.17129546608347468 | 0.7068040593685438 | 0.3879154494970365
0.17129546608347468 | 0.7068040593685438 | 0.3879154494970365 | 0.7108029995062211 | -0.9914395558114077:0.15095202024500765 | 0.6940507599022467 | 0.42166317567905054
0.15095202024500765 | 0.6940507599022467 | 0.42166317567905054 | 0.7108029995062211 | -0.9914395558114077:0.1289346596951617 | 0.6800591172737285 | 0.4539445215113318
0.1289346596951617 | 0.6800591172737285 | 0.4539445215113318 | 0.7108029995062211 | -0.9914395558114077:0.10531808657176356 | 0.6648805142652634 | 0.48463052452136424
0.10531808657176356 | 0.6648805142652634 | 0.48463052452136424 | 0.7108029995062211 | -0.9914395558114077:0.08018346890180261 | 0.6485710682730996 | 0.5135978856120218
0.08018346890180261 | 0.6485710682730996 | 0.5135978856120218 | 0.39937615383262726 | -0.29326625832629616:0.07260285181896364 | 0.6394827399146692 | 0.5286364851793479
0.07260285181896364 | 0.6394827399146692 | 0.5286364851793479 | 0.39937615383262726 | -0.29326625832629616:0.064787832038947 | 0.6300615402324183 | 0.5433945818411203
0.064787832038947 | 0.6300615402324183 | 0.5433945818411203 | 0.39937615383262726 | -0.29326625832629616:0.056742587717625526 | 0.6203131568772022 | 0.5578610738059027
0.056742587717625526 | 0.6203131568772022 | 0.5578610738059027 | 0.39937615383262726 | -0.29326625832629616:0.04847147425058829 | 0.6102435196762173 | 0.5720250484737051
0.04847147425058829 | 0.6102435196762173 | 0.5720250484737051 | 0.39937615383262726 | -0.29326625832629616:0.03997902107645501 | 0.5998587963697304 | 0.5858757903675738
0.03997902107645501 | 0.5998587963697304 | 0.5858757903675738 | 0.39937615383262726 | -0.29326625832629616:0.031269928360909915 | 0.5891653881836305 | 0.5994027889115472
0.031269928360909915 | 0.5891653881836305 | 0.5994027889115472 | 0.39937615383262726 | -0.29326625832629616:0.02234906356415145 | 0.5781699252415393 | 0.6125957460499691
0.02234906356415145 | 0.5781699252415393 | 0.6125957460499691 | 0.39937615383262726 | -0.29326625832629616:0.013221457894404764 | 0.5668792618200627 | 0.6254445837033913
0.013221457894404764 | 0.5668792618200627 | 0.6254445837033913 | 0.39937615383262726 | -0.29326625832629616:0.0038923026503301372 | 0.5553004714508631 | 0.6379394510562477
0.0038923026503301372 | 0.5553004714508631 | 0.6379394510562477 | 0.39937615383262726 | -0.29326625832629616:-0.005633054544881944 | 0.543440841873533 | 0.6500707316718035
-0.005633054544881944 | 0.543440841873533 | 0.6500707316718035 | 0.3169664790853466 | 0.632198792580029:0.01521200337166917 | 0.5340310417834786 | 0.6596368555529182
0.01521200337166917 | 0.5340310417834786 | 0.6596368555529182 | 0.3169664790853466 | 0.632198792580029:0.036381538877169106 | 0.5244424830745942 | 0.6683907574460406
0.036381538877169106 | 0.5244424830745942 | 0.6683907574460406 | 0.3169664790853466 | 0.632198792580029:0.057849278272747995 | 0.5146883217111196 | 0.6763182297727823
0.057849278272747995 | 0.5146883217111196 | 0.6763182297727823 | 0.3169664790853466 | 0.632198792580029:0.07958847150694304 | 0.5047819600667367 | 0.683406145110105
0.07958847150694304 | 0.5047819600667367 | 0.683406145110105 | 0.3169664790853466 | 0.632198792580029:0.10157192819363203 | 0.4947370290335158 | 0.6896424759606887
0.10157192819363203 | 0.4947370290335158 | 0.6896424759606887 | 0.3169664790853466 | 0.632198792580029:0.12377205425793925 | 0.484567369804239 | 0.6950163130141931
0.12377205425793925 | 0.484567369804239 | 0.6950163130141931 | 0.3169664790853466 | 0.632198792580029:0.14616088915930447 | 0.47428701535288553 | 0.6995178818747263
0.14616088915930447 | 0.47428701535288553 | 0.6995178818747263 | 0.3169664790853466 | 0.632198792580029:0.16871014364012815 | 0.46391017163936965 | 0.7031385582325242
0.16871014364012815 | 0.46391017163936965 | 0.7031385582325242 | 0.3169664790853466 | 0.632198792580029:0.1913912379478102 | 0.45345119856426663 | 0.7058708814593331
0.1913912379478102 | 0.45345119856426663 | 0.7058708814593331 | 0.3169664790853466 | 0.632198792580029:0.21417534047736098 | 0.4429245906999739 | 0.707708566609611
0.21417534047736098 | 0.4429245906999739 | 0.707708566609611 | 0.3169664790853466 | 0.632198792580029:0.2370334067813502 | 0.4323449578249523 | 0.7086465148118037
0.2370334067813502 | 0.4323449578249523 | 0.7086465148118037 | 0.3169664790853466 | 0.632198792580029:0.2599362188934222 | 0.42172700528762164 | 0.7086808220360155
0.2599362188934222 | 0.42172700528762164 | 0.7086808220360155 | 0.3169664790853466 | 0.632198792580029:0.28285442491132073 | 0.41108551422732376 | 0.7078087862266784
