0.0 | 0.0 | 0.0 | -0.3154452160200347 | -0.945772434596662:-4.7265119578186325E-4 | 1.5771606880132794E-4 | 0.009987578609891782
-4.7265119578186325E-4 | 1.5771606880132794E-4 | 0.009987578609891782 | -0.3154452160200347 | -0.945772434596662:-0.00187869797350957 | 6.272810651851701E-4 | 0.019801187145966556
-0.00187869797350957 | 6.272810651851701E-4 | 0.019801187145966556 | -0.3154452160200347 | -0.945772434596662:-0.004196998452873842 | 0.0014022149314146803 | 0.02936951477761749
-0.004196998452873842 | 0.0014022149314146803 | 0.02936951477761749 | -0.3154452160200347 | -0.945772434596662:-0.007402148317454529 | 0.002474599979279346 | 0.03862329586077626
-0.007402148317454529 | 0.002474599979279346 | 0.03862329586077626 | -0.3154452160200347 | -0.945772434596662:-0.011464633784907563 | 0.0038351298527332656 | 0.04749556989862444
-0.011464633784907563 | 0.0038351298527332656 | 0.04749556989862444 | -0.3154452160200347 | -0.945772434596662:-0.016350997879095355 | 0.005473163016125437 | 0.05592193012661506
-0.016350997879095355 | 0.005473163016125437 | 0.05592193012661506 | -0.3154452160200347 | -0.945772434596662:-0.022024019291613267 | 0.007376780536046068 | 0.06384076000615885
-0.022024019291613267 | 0.007376780536046068 | 0.06384076000615885 | -0.3154452160200347 | -0.945772434596662:-0.028442903087698534 | 0.009532847913620524 | 0.07119345695803103
-0.028442903087698534 | 0.009532847913620524 | 0.07119345695803103 | -0.3154452160200347 | -0.945772434596662:-0.03556348248168534 | 0.01192708071375781 | 0.07792464271479327
-0.03556348248168534 | 0.01192708071375781 | 0.07792464271479327 | -0.3154452160200347 | -0.945772434596662:-0.043338430880051265 | 0.014544113728421681 | 0.0839823597211441
-0.043338430880051265 | 0.014544113728421681 | 0.0839823597211441 | -0.3154452160200347 | -0.945772434596662:-0.0517174833657352 | 0.01736757340247086 | 0.08931825306194574
-0.0517174833657352 | 0.01736757340247086 | 0.08931825306194574 | -0.3154452160200347 | -0.945772434596662:-0.060647666775839604 | 0.0203801532430109 | 0.09388773744956536
-0.060647666775839604 | 0.0203801532430109 | 0.09388773744956536 | -0.3154452160200347 | -0.945772434596662:-0.0700735375060923 | 0.023563691926536623 | 0.09765014885494483
-0.0700735375060923 | 0.023563691926536623 | 0.09765014885494483 | -0.3154452160200347 | -0.945772434596662:-0.07993742615956284 | 0.02689925381242453 | 0.10056888042031342
-0.07993742615956284 | 0.02689925381242453 | 0.10056888042031342 | -0.3154452160200347 | -0.945772434596662:-0.09017968814412014 | 0.03036721156657407 | 0.10261150234551464
-0.09017968814412014 | 0.03036721156657407 | 0.10261150234551464 | -0.3154452160200347 | -0.945772434596662:-0.10073895931299148 | 0.03394733059518551 | 0.10374986549436582
-0.10073895931299148 | 0.03394733059518551 | 0.10374986549436582 | -0.3154452160200347 | -0.945772434596662:-0.11155241573554198 | 0.037618854985820405 | 0.10396018852214173
-0.11155241573554198 | 0.037618854985820405 | 0.10396018852214173 | -0.3154452160200347 | -0.945772434596662:-0.122556036681017 | 0.04136059465099717 | 0.10322312838000824
-0.122556036681017 | 0.04136059465099717 | 0.10322312838000824 | -0.3911183629419417 | -0.8502737440397012:-0.13319128463758267 | 0.04555830169482811 | 0.10198955918370878
-0.13319128463758267 | 0.04555830169482811 | 0.10198955918370878 | -0.3911183629419417 | -0.8502737440397012:-0.14389552932337712 | 0.04980358538121288 | 0.09985771326813042
-0.14389552932337712 | 0.04980358538121288 | 0.09985771326813042 | -0.3911183629419417 | -0.8502737440397012:-0.15461359311924872 | 0.05407105449926353 | 0.09682170221453368
-0.15461359311924872 | 0.05407105449926353 | 0.09682170221453368 | -0.3911183629419417 | -0.8502737440397012:-0.165290183145119 | 0.05833522892662624 | 0.09287938107329086
-0.165290183145119 | 0.05833522892662624 | 0.09287938107329086 | -0.3911183629419417 | -0.8502737440397012:-0.17587008748035093 | 0.06257062997397489 | 0.08803233786646292
-0.17587008748035093 | 0.06257062997397489 | 0.08803233786646292 | -0.3911183629419417 | -0.8502737440397012:-0.18629836972041103 | 0.06675187008010697 | 0.08228587125488684
-0.18629836972041103 | 0.06675187008010697 | 0.08228587125488684 | -0.3911183629419417 | -0.8502737440397012:-0.19652056130651152 | 0.07085374159694313 | 0.07564895653431325
-0.19652056130651152 | 0.07085374159694313 | 0.07564895653431325 | -0.3911183629419417 | -0.8502737440397012:-0.20648285107621422 | 0.07485130440862187 | 0.0681342001564178
-0.20648285107621422 | 0.07485130440862187 | 0.0681342001564178 | -0.3911183629419417 | -0.8502737440397012:-0.21613227149564418 | 0.07871997213440757 | 0.059757783000991216
-0.21613227149564418 | 0.07871997213440757 | 0.059757783000991216 | -0.3911183629419417 | -0.8502737440397012:-0.22541688104795554 | 0.08243559667127923 | 0.05053939265519558
-0.22541688104795554 | 0.08243559667127923 | 0.05053939265519558 | -0.3911183629419417 | -0.8502737440397012:-0.2342859422679835 | 0.08597455083881753 | 0.04050214498440763
-0.2342859422679835 | 0.08597455083881753 | 0.04050214498440763 | -0.3911183629419417 | -0.8502737440397012:-0.24269009492952165 | 0.089313808896332 | 0.02967249530676641
-0.24269009492952165 | 0.089313808896332 | 0.02967249530676641 | -0.3911183629419417 | -0.8502737440397012:-0.2505815239093594 | 0.09243102471004808 | 0.018080139510078475
-0.2505815239093594 | 0.09243102471004808 | 0.018080139510078475 | -0.3911183629419417 | -0.8502737440397012:-0.25791412127102253 | 0.09530460735657656 | 0.005757905475098468
-0.25791412127102253 | 0.09530460735657656 | 0.005757905475098468 | -0.3911183629419417 | -0.8502737440397012:-0.26464364213103364 | 0.09791379395779248 | -0.007258364806610462
-0.26464364213103364 | 0.09791379395779248 | -0.007258364806610462 | -0.3911183629419417 | -0.8502737440397012:-0.2707278538913789 | 0.10023871955162555 | -0.02092994200909981
-0.2707278538913789 | 0.10023871955162555 | -0.02092994200909981 | -0.3911183629419417 | -0.8502737440397012:-0.27612667844368044 | 0.10226048381308356 | -0.035215344709985
-0.27612667844368044 | 0.10226048381308356 | -0.035215344709985 | -0.3911183629419417 | -0.8502737440397012:-0.2808023269732578 | 0.10396121445006479 | -0.0500704826368521
-0.2808023269732578 | 0.10396121445006479 | -0.0500704826368521 | -0.3911183629419417 | -0.8502737440397012:-0.2847194270147364 | 0.1053241271091333 | -0.06544880745017867
-0.2847194270147364 | 0.1053241271091333 | -0.06544880745017867 | -0.3911183629419417 | -0.8502737440397012:-0.2878451414351124 | 0.10633358163740181 | -0.08130147057330261
-0.2878451414351124 | 0.10633358163740181 | -0.08130147057330261 | -0.3911183629419417 | -0.8502737440397012:-0.2901492790450426 | 0.10697513455796148 | -0.097577487563967
-0.2901492790450426 | 0.10697513455796148 | -0.097577487563967 | -0.3911183629419417 | -0.8502737440397012:-0.2916043965646695 | 0.10723558762788143 | -0.11422390850740438
-0.2916043965646695 | 0.10723558762788143 | -0.11422390850740438 | -0.3911183629419417 | -0.8502737440397012:-0.2921858916962652 | 0.10710303235964136 | -0.13118599389787033
-0.2921858916962652 | 0.10710303235964136 | -0.13118599389787033 | -0.3911183629419417 | -0.8502737440397012:-0.2918720870824947 | 0.10656689039892808 | -0.1484073954640328
-0.2918720870824947 | 0.10656689039892808 | -0.1484073954640328 | -0.3911183629419417 | -0.8502737440397012:-0.29064430495594973 | 0.10561794966398264 | -0.16583034138363573
-0.29064430495594973 | 0.10561794966398264 | -0.16583034138363573 | -0.3911183629419417 | -0.8502737440397012:-0.28848693231276723 | 0.10424839616410564 | -0.18339582532443943
-0.28848693231276723 | 0.10424839616410564 | -0.18339582532443943 | -0.3911183629419417 | -0.8502737440397012:-0.2853874764705919 | 0.10245184142746555 | -0.20104379874159495
-0.2853874764705919 | 0.10245184142746555 | -0.20104379874159495 | -0.3911183629419417 | -0.8502737440397012:-0.2813366108986859 | 0.10022334548099354 | -0.2187133658563183
-0.2813366108986859 | 0.10022334548099354 | -0.2187133658563183 | -0.3911183629419417 | -0.8502737440397012:-0.2763282112357066 | 0.09755943533783706 | -0.23634298073702997
-0.2763282112357066 | 0.09755943533783706 | -0.23634298073702997 | -0.3911183629419417 | -0.8502737440397012:-0.2703593814383325 | 0.094458118960568 | -0.2538706459019779
-0.2703593814383325 | 0.094458118960568 | -0.2538706459019779 | -0.14885059248483423 | -0.9565680972337824:-0.2620387886782236 | 0.0940591209570949 | -0.271511245404987
-0.2620387886782236 | 0.0940591209570949 | -0.271511245404987 | -0.14885059248483423 | -0.9565680972337824:-0.25263366001142273 | 0.09348211832860143 | -0.28889017702266445
-0.25263366001142273 | 0.09348211832860143 | -0.28889017702266445 | -0.14885059248483423 | -0.9565680972337824:-0.24215305567098078 | 0.09272835482251862 | -0.30594057362613153
-0.24215305567098078 | 0.09272835482251862 | -0.30594057362613153 | -0.14885059248483423 | -0.9565680972337824:-0.23060993765011872 | 0.0917996820548792 | -0.32259601483380895
-0.23060993765011872 | 0.0917996820548792 | -0.32259601483380895 | -0.14885059248483423 | -0.9565680972337824:-0.21802113916105093 | 0.0906985556082267 | -0.3387907530645553
-0.21802113916105093 | 0.0906985556082267 | -0.3387907530645553 | -0.14885059248483423 | -0.9565680972337824:-0.20440732169220155 | 0.08942802919118886 | -0.3544599372232131
-0.20440732169220155 | 0.08942802919118886 | -0.3544599372232131 | -0.14885059248483423 | -0.9565680972337824:-0.18979291983922408 | 0.0879917468844873 | -0.3695398333417861
-0.18979291983922408 | 0.0879917468844873 | -0.3695398333417861 | -0.14885059248483423 | -0.9565680972337824:-0.1742060741201712 | 0.08639393350363544 | -0.3839680415119391
-0.1742060741201712 | 0.08639393350363544 | -0.3839680415119391 | -0.14885059248483423 | -0.9565680972337824:-0.15767855201942638 | 0.08463938311397268 | -0.3976837084587599
-0.15767855201942638 | 0.08463938311397268 | -0.3976837084587599 | -0.14885059248483423 | -0.9565680972337824:-0.14024565753831908 | 0.08273344573890329 | -0.41062773512176154
-0.14024565753831908 | 0.08273344573890329 | -0.41062773512176154 | -0.14885059248483423 | -0.9565680972337824:-0.12194612956268536 | 0.08068201230732353 | -0.4227429786267973
-0.12194612956268536 | 0.08068201230732353 | -0.4227429786267973 | -0.14885059248483423 | -0.9565680972337824:-0.10282202938880936 | 0.0784914978911404 | -0.43397444805193475
-0.10282202938880936 | 0.0784914978911404 | -0.43397444805193475 | -0.14885059248483423 | -0.9565680972337824:-0.08291861777941989 | 0.07616882328855734 | -0.44426949341125876
-0.08291861777941989 | 0.07616882328855734 | -0.44426949341125876 | -0.14885059248483423 | -0.9565680972337824:-0.06228422195014538 | 0.07372139501336594 | -0.453577987303003
-0.06228422195014538 | 0.07372139501336594 | -0.453577987303003 | -0.14885059248483423 | -0.9565680972337824:-0.04097009291450604 | 0.0711570837548754 | -0.46185249869229494
-0.04097009291450604 | 0.0711570837548754 | -0.46185249869229494 | 0.8722879992923536 | -0.9986459821054263:-0.01824824171706574 | 0.09225892113518563 | -0.46498815661615733
-0.01824824171706574 | 0.09225892113518563 | -0.46498815661615733 | 0.8722879992923536 | -0.9986459821054263:0.004812677576985891 | 0.11369072628131605 | -0.46596616948395386
0.004812677576985891 | 0.11369072628131605 | -0.46596616948395386 | 0.8722879992923536 | -0.9986459821054263:0.028095762668934654 | 0.13535155661971743 | -0.46473928082395766
0.028095762668934654 | 0.13535155661971743 | -0.46473928082395766 | 0.8722879992923536 | -0.9986459821054263:0.05148120416390789 | 0.1571376832503848 | -0.4612715068147306
0.05148120416390789 | 0.1571376832503848 | -0.4612715068147306 | 0.8722879992923536 | -0.9986459821054263:0.07484691574561353 | 0.17894313459014288 | -0.45553844723425296
0.07484691574561353 | 0.17894313459014288 | -0.45553844723425296 | 0.8722879992923536 | -0.9986459821054263:0.09806918054493963 | 0.20066025550507716 | -0.447527534737179
0.09806918054493963 | 0.20066025550507716 | -0.447527534737179 | 0.8722879992923536 | -0.9986459821054263:0.12102331024881074 | 0.22218027894861958 | -0.4372382209474033
0.12102331024881074 | 0.22218027894861958 | -0.4372382209474033 | 0.8722879992923536 | -0.9986459821054263:0.14358431342710531 | 0.24339390705458008 | -0.4246820981888675
0.14358431342710531 | 0.24339390705458008 | -0.4246820981888675 | 0.8722879992923536 | -0.9986459821054263:0.16562756950538216 | 0.26419189858328185 | -0.4098829560188939
0.16562756950538216 | 0.26419189858328185 | -0.4098829560188939 | 0.8722879992923536 | -0.9986459821054263:0.18702950477990576 | 0.28446565958403003 | -0.39287677207349603
0.18702950477990576 | 0.28446565958403003 | -0.39287677207349603 | 0.8722879992923536 | -0.9986459821054263:0.2076682668588301 | 0.3041078341186756 | -0.3737116370814171
0.2076682668588301 | 0.3041078341186756 | -0.3737116370814171 | 0.8722879992923536 | -0.9986459821054263:0.22742439391983105 | 0.323012891888947 | -0.3524476142511084
0.22742439391983105 | 0.323012891888947 | -0.3524476142511084 | 0.8722879992923536 | -0.9986459821054263:0.2461814751994993 | 0.34107770962460116 | -0.3291565335809956
0.2461814751994993 | 0.34107770962460116 | -0.3291565335809956 | 0.8722879992923536 | -0.9986459821054263:0.2638267991734011 | 0.3582021431200486 | -0.3039217219860255
0.2638267991734011 | 0.3582021431200486 | -0.3039217219860255 | 0.8722879992923536 | -0.9986459821054263:0.28025198594777656 | 0.37428958685387936 | -0.276837670471366
0.28025198594777656 | 0.37428958685387936 | -0.276837670471366 | 0.6603636490541274 | 0.8339577534070299:0.2712498594810864 | 0.38644482466275054 | -0.27810083141939224
0.2712498594810864 | 0.38644482466275054 | -0.27810083141939224 | 0.6603636490541274 | 0.8339577534070299:0.2621039123646014 | 0.3986769345260557 | -0.27854773438307845
0.2621039123646014 | 0.3986769345260557 | -0.27854773438307845 | 0.6603636490541274 | 0.8339577534070299:0.25285127651729855 | 0.41095723619044744 | -0.2781652975425999
0.25285127651729855 | 0.41095723619044744 | -0.2781652975425999 | 0.6603636490541274 | 0.8339577534070299:0.2435297587287879 | 0.4232564645539991 | -0.2769431911076623
0.2435297587287879 | 0.4232564645539991 | -0.2769431911076623 | 0.6603636490541274 | 0.8339577534070299:0.23417771230458495 | 0.43554487044610113 | -0.27487389194253176
0.23417771230458495 | 0.43554487044610113 | -0.27487389194253176 | -0.20772402780425825 | 0.14169372391097346:0.23397460695138594 | 0.4359872798303872 | -0.2831916524702063
0.23397460695138594 | 0.4359872798303872 | -0.2831916524702063 | -0.20772402780425825 | 0.14169372391097346:0.23367931434743117 | 0.43628771399960087 | -0.29153681587027513
0.23367931434743117 | 0.43628771399960087 | -0.29153681587027513 | -0.20772402780425825 | 0.14169372391097346:0.23329181568035562 | 0.4364461985303567 | -0.2999061969586361
0.23329181568035562 | 0.4364461985303567 | -0.2999061969586361 | -0.20772402780425825 | 0.14169372391097346:0.23281212045121968 | 0.4364627998894868 | -0.3082966258223738
0.23281212045121968 | 0.4364627998894868 | -0.3082966258223738 | -0.20772402780425825 | 0.14169372391097346:0.23224026619998472 | 0.4363376250416522 | -0.316704948414424
0.23224026619998472 | 0.4363376250416522 | -0.316704948414424 | 0.8000597263772187 | -0.03440891168426474:0.2343916051660173 | 0.451810290021605 | -0.30070188464337555
0.2343916051660173 | 0.451810290021605 | -0.30070188464337555 | 0.8000597263772187 | -0.03440891168426474:0.2365013506719249 | 0.4666796798253454 | -0.2839387467745631
0.2365013506719249 | 0.4666796798253454 | -0.2839387467745631 | 0.8000597263772187 | -0.03440891168426474:0.23856810851224708 | 0.4809093948533505 | -0.2664400434440939
0.23856810851224708 | 0.4809093948533505 | -0.2664400434440939 | 0.8000597263772187 | -0.03440891168426474:0.2405905303456226 | 0.49446410295424315 | -0.24823198194714635
0.2405905303456226 | 0.49446410295424315 | -0.24823198194714635 | 0.8000597263772187 | -0.03440891168426474:0.24256731696800582 | 0.5073096161783628 | -0.22934241899426588
0.24256731696800582 | 0.5073096161783628 | -0.22934241899426588 | 0.8000597263772187 | -0.03440891168426474:0.2444972214823009 | 0.519412965193693 | -0.20980080810336688
0.2444972214823009 | 0.519412965193693 | -0.20980080810336688 | 0.8000597263772187 | -0.03440891168426474:0.2463790523584155 | 0.5307424712217728 | -0.18963814373956644
0.2463790523584155 | 0.5307424712217728 | -0.18963814373956644 | 0.8000597263772187 | -0.03440891168426474:0.24821167637792918 | 0.5412678153565498 | -0.1688869023207289
0.24821167637792918 | 0.5412678153565498 | -0.1688869023207289 | 0.8000597263772187 | -0.03440891168426474:0.24999402145782756 | 0.5509601051346849 | -0.14758098021223276
0.24999402145782756 | 0.5509601051346849 | -0.14758098021223276 | 0.8000597263772187 | -0.03440891168426474:0.2517250793480188 | 0.559791938231557 | -0.1257556288397481
0.2517250793480188 | 0.559791938231557 | -0.1257556288397481 | 0.8924302061647174 | 0.4733041564223517:0.25075853735863873 | 0.5682111933890859 | -0.10722371615577941
0.25075853735863873 | 0.5682111933890859 | -0.10722371615577941 | 0.8924302061647174 | 0.4733041564223517:0.25021261562272334 | 0.5757864911855499 | -0.08819612158692536
0.25021261562272334 | 0.5757864911855499 | -0.08819612158692536 | 0.8924302061647174 | 0.4733041564223517:0.2501011189988245 | 0.5824913160095484 | -0.06872219915206657
0.2501011189988245 | 0.5824913160095484 | -0.06872219915206657 | 0.8924302061647174 | 0.4733041564223517:0.25043658997246254 | 0.5883014878243138 | -0.0488530403612657
0.25043658997246254 | 0.5883014878243138 | -0.0488530403612657 | 0.8924302061647174 | 0.4733041564223517:0.2512302643522393 | 0.5931952490286356 | -0.028641328446649794
0.2512302643522393 | 0.5931952490286356 | -0.028641328446649794 | 0.8924302061647174 | 0.4733041564223517:0.25249203081333027 | 0.5971533441799615 | -0.008141187307177944
0.25249203081333027 | 0.5971533441799615 | -0.008141187307177944 | 0.8924302061647174 | 0.4733041564223517:0.2542303944139439 | 0.6001590923326319 | 0.012591974379233761
0.2542303944139439 | 0.6001590923326319 | 0.012591974379233761 | 0.8924302061647174 | 0.4733041564223517:0.25645244419833757 | 0.6021984517666858 | 0.03350162340868934
0.25645244419833757 | 0.6021984517666858 | 0.03350162340868934 | 0.8924302061647174 | 0.4733041564223517:0.25916382498767154 | 0.6032600769054746 | 0.054530266189342314
0.25916382498767154 | 0.6032600769054746 | 0.054530266189342314 | 0.8924302061647174 | 0.4733041564223517:0.26236871344738977 | 0.6033353672439858 | 0.07561961627315839
0.26236871344738977 | 0.6033353672439858 | 0.07561961627315839 | 0.8924302061647174 | 0.4733041564223517:0.26606979850701395 | 0.602418508133475 | 0.09671076478050722
0.26606979850701395 | 0.602418508133475 | 0.09671076478050722 | 0.8924302061647174 | 0.4733041564223517:0.27026826619522026 | 0.6005065032925785 | 0.1177443532084439
0.27026826619522026 | 0.6005065032925785 | 0.1177443532084439 | 0.8924302061647174 | 0.4733041564223517:0.27496378893991213 | 0.5975991989396476 | 0.13866074810678342
0.27496378893991213 | 0.5975991989396476 | 0.13866074810678342 | 0.8924302061647174 | 0.4733041564223517:0.2801545193697139 | 0.5936992994659569 | 0.15940021710106933
0.2801545193697139 | 0.5936992994659569 | 0.15940021710106933 | 0.8924302061647174 | 0.4733041564223517:0.2858370886399536 | 0.5888123745946174 | 0.1799031057377256
0.2858370886399536 | 0.5888123745946174 | 0.1799031057377256 | 0.8924302061647174 | 0.4733041564223517:0.2920066092927984 | 0.5829468579952142 | 0.20011001462475697
0.2920066092927984 | 0.5829468579952142 | 0.20011001462475697 | 0.8924302061647174 | 0.4733041564223517:0.2986566826478081 | 0.576114037349452 | 0.21996197634067016
0.2986566826478081 | 0.576114037349452 | 0.21996197634067016 | 0.8924302061647174 | 0.4733041564223517:0.3057794107057997 | 0.5683280358883245 | 0.23940063158542735
0.3057794107057997 | 0.5683280358883245 | 0.23940063158542735 | 0.8924302061647174 | 0.4733041564223517:0.3133654125356329 | 0.5596057854464469 | 0.25836840404963546
0.3133654125356329 | 0.5596057854464469 | 0.25836840404963546 | 0.8924302061647174 | 0.4733041564223517:0.32140384510034115 | 0.5499669911041281 | 0.2768086734823356
0.32140384510034115 | 0.5499669911041281 | 0.2768086734823356 | 0.8924302061647174 | 0.4733041564223517:0.3298824284660131 | 0.5394340875124293 | 0.29466594644318533
0.3298824284660131 | 0.5394340875124293 | 0.29466594644318533 | 0.8924302061647174 | 0.4733041564223517:0.33878747532398457 | 0.5280321870208553 | 0.3118860242319901
0.33878747532398457 | 0.5280321870208553 | 0.3118860242319901 | 0.8924302061647174 | 0.4733041564223517:0.348103924744287 | 0.5157890197512991 | 0.3284161674969024
0.348103924744287 | 0.5157890197512991 | 0.3284161674969024 | 0.8924302061647174 | 0.4733041564223517:0.35781538006594893 | 0.5027348657853388 | 0.34420525703262506
0.35781538006594893 | 0.5027348657853388 | 0.34420525703262506 | 0.8924302061647174 | 0.4733041564223517:0.36790415081766836 | 0.48890247965506006 | 0.35920395029120833
0.36790415081766836 | 0.48890247965506006 | 0.35920395029120833 | 0.8924302061647174 | 0.4733041564223517:0.37835129855065963 | 0.4743270073499346 | 0.3733648331407675
0.37835129855065963 | 0.4743270073499346 | 0.3733648331407675 | 0.8924302061647174 | 0.4733041564223517:0.3891366864540875 | 0.45904589607402 | 0.3866425664214006
0.3891366864540875 | 0.45904589607402 | 0.3866425664214006 | 0.8924302061647174 | 0.4733041564223517:0.400239032612526 | 0.44309879700892907 | 0.3989940268628853
0.400239032612526 | 0.44309879700892907 | 0.3989940268628853 | 0.8924302061647174 | 0.4733041564223517:0.41163596675432146 | 0.4265274613581056 | 0.4103784419452907
0.41163596675432146 | 0.4265274613581056 | 0.4103784419452907 | 0.8924302061647174 | 0.4733041564223517:0.42330409032961835 | 0.4093756299675917 | 0.42075751830125796
0.42330409032961835 | 0.4093756299675917 | 0.42075751830125796 | 0.6906612356377289 | -0.7266615432257149:0.40879075957396616 | 0.3961105880116449 | 0.45144715154094683
0.40879075957396616 | 0.3961105880116449 | 0.45144715154094683 | 0.6906612356377289 | -0.7266615432257149:0.39310937983342775 | 0.38171923241365135 | 0.4812014059751011
0.39310937983342775 | 0.38171923241365135 | 0.4812014059751011 | 0.6906612356377289 | -0.7266615432257149:0.3762938738114183 | 0.3662323105080745 | 0.5099337446061849
0.3762938738114183 | 0.3662323105080745 | 0.5099337446061849 | 0.6906612356377289 | -0.7266615432257149:0.3583815019925485 | 0.3496837820520611 | 0.5375599488513672
0.3583815019925485 | 0.3496837820520611 | 0.5375599488513672 | 0.6906612356377289 | -0.7266615432257149:0.3394127722004505 | 0.33211073754153375 | 0.5639983661998311
0.3394127722004505 | 0.33211073754153375 | 0.5639983661998311 | 0.2088811233284258 | -0.7602981820918249:0.3187334042306498 | 0.32736463551496087 | 0.5819922137849556
0.3187334042306498 | 0.32736463551496087 | 0.5819922137849556 | 0.2088811233284258 | -0.7602981820918249:0.29729669914456114 | 0.32239781539740164 | 0.5991689498774289
0.29729669914456114 | 0.32239781539740164 | 0.5991689498774289 | 0.2088811233284258 | -0.7602981820918249:0.27513410923784587 | 0.3172188209929203 | 0.615494034290661
0.27513410923784587 | 0.3172188209929203 | 0.615494034290661 | 0.2088811233284258 | -0.7602981820918249:0.2522785296930312 | 0.31183659866501756 | 0.6309342733479957
0.2522785296930312 | 0.31183659866501756 | 0.6309342733479957 | 0.2088811233284258 | -0.7602981820918249:0.22876424319097133 | 0.30626048246338655 | 0.6454578838169702
0.22876424319097133 | 0.30626048246338655 | 0.6454578838169702 | 0.08969389414903639 | 0.6364510871840008:0.2500586069171291 | 0.3043730613065847 | 0.6413476330427175
0.2500586069171291 | 0.3043730613065847 | 0.6413476330427175 | 0.08969389414903639 | 0.6364510871840008:0.27126962796926435 | 0.3024845270623615 | 0.636509478665392
0.27126962796926435 | 0.3024845270623615 | 0.636509478665392 | 0.08969389414903639 | 0.6364510871840008:0.29237218469351944 | 0.30059853552941007 | 0.6309449771933058
0.29237218469351944 | 0.30059853552941007 | 0.6309449771933058 | 0.08969389414903639 | 0.6364510871840008:0.31334119312080944 | 0.29871873808076543 | 0.6246565802917163
0.31334119312080944 | 0.29871873808076543 | 0.6246565802917163 | 0.08969389414903639 | 0.6364510871840008:0.3341516382204386 | 0.29684877726698744 | 0.6176476330594469
0.3341516382204386 | 0.29684877726698744 | 0.6176476330594469 | 0.5410164390776984 | -0.0025359168856133874:0.3351134160268092 | 0.28090702016359614 | 0.6274423069988639
0.3351134160268092 | 0.28090702016359614 | 0.6274423069988639 | 0.5410164390776984 | -0.0025359168856133874:0.3360633486106117 | 0.26464493554465207 | 0.6368056344122959
0.3360633486106117 | 0.26464493554465207 | 0.6368056344122959 | 0.5410164390776984 | -0.0025359168856133874:0.3370015981215282 | 0.24807485365383286 | 0.6457274322335331
0.3370015981215282 | 0.24807485365383286 | 0.6457274322335331 | 0.5410164390776984 | -0.0025359168856133874:0.3379283271022384 | 0.231209414850575 | 0.6541978866438265
0.3379283271022384 | 0.231209414850575 | 0.6541978866438265 | 0.5410164390776984 | -0.0025359168856133874:0.33884369844495765 | 0.21406155824637807 | 0.6622075620426845
0.33884369844495765 | 0.21406155824637807 | 0.6622075620426845 | -0.8801315783905428 | -0.45123111495129264:0.324991104071076 | 0.2436956875005336 | 0.6615530735151484
0.324991104071076 | 0.2436956875005336 | 0.6615530735151484 | -0.8801315783905428 | -0.45123111495129264:0.31113423399316 | 0.27334842089708644 | 0.6592521890931631
0.31113423399316 | 0.27334842089708644 | 0.6592521890931631 | -0.8801315783905428 | -0.45123111495129264:0.2973115207037935 | 0.302945112729482 | 0.655301884536009
0.2973115207037935 | 0.302945112729482 | 0.655301884536009 | -0.8801315783905428 | -0.45123111495129264:0.2835614574079486 | 0.3324109010834775 | 0.6497034604645813
0.2835614574079486 | 0.3324109010834775 | 0.6497034604645813 | -0.8801315783905428 | -0.45123111495129264:0.2699224955655062 | 0.36167090746400277 | 0.6424625545093612
0.2699224955655062 | 0.36167090746400277 | 0.6424625545093612 | -0.8801315783905428 | -0.45123111495129264:0.25643294229565683 | 0.39065043694844803 | 0.6335891417739337
0.25643294229565683 | 0.39065043694844803 | 0.6335891417739337 | -0.8801315783905428 | -0.45123111495129264:0.24313085792106648 | 0.4192751783244404 | 0.6230975235985117
0.24313085792106648 | 0.4192751783244404 | 0.6230975235985117 | -0.8801315783905428 | -0.45123111495129264:0.23005395392935135 | 0.4474714036705194 | 0.6110063046395764
0.23005395392935135 | 0.4474714036705194 | 0.6110063046395764 | -0.8801315783905428 | -0.45123111495129264:0.21723949162829292 | 0.47516616683920176 | 0.5973383583133387
0.21723949162829292 | 0.47516616683920176 | 0.5973383583133387 | -0.8801315783905428 | -0.45123111495129264:0.2047241817694534 | 0.5022875003051723 | 0.5821207806821329
0.2047241817694534 | 0.5022875003051723 | 0.5821207806821329 | -0.8801315783905428 | -0.45123111495129264:0.19254408541216605 | 0.5287646098453536 | 0.5653848328940567
0.19254408541216605 | 0.5287646098453536 | 0.5653848328940567 | -0.8801315783905428 | -0.45123111495129264:0.18073451629668824 | 0.5545280665236447 | 0.5471658723170245
0.18073451629668824 | 0.5545280665236447 | 0.5471658723170245 | -0.8801315783905428 | -0.45123111495129264:0.16932994499120468 | 0.5795099954600502 | 0.5275032725388815
0.16932994499120468 | 0.5795099954600502 | 0.5275032725388815 | -0.8801315783905428 | -0.45123111495129264:0.15836390507267062 | 0.6036442608726631 | 0.5064403324351616
0.15836390507267062 | 0.6036442608726631 | 0.5064403324351616 | -0.8801315783905428 | -0.45123111495129264:0.14786890159608923 | 0.6268666468907895 | 0.4840241745355609
0.14786890159608923 | 0.6268666468907895 | 0.4840241745355609 | -0.8801315783905428 | -0.45123111495129264:0.13787632210065226 | 0.6491150336488261 | 0.46030563294887017
0.13787632210065226 | 0.6491150336488261 | 0.46030563294887017 | -0.8801315783905428 | -0.45123111495129264:0.12841635039451127 | 0.6703295681829786 | 0.43533913113428113
0.12841635039451127 | 0.6703295681829786 | 0.43533913113428113 | -0.8801315783905428 | -0.45123111495129264:0.11951788335247926 | 0.6904528296667962 | 0.4091825498341546
0.11951788335247926 | 0.6904528296667962 | 0.4091825498341546 | -0.8801315783905428 | -0.45123111495129264:0.11120845095295273 | 0.7094299885365913 | 0.38189708550980583
0.11120845095295273 | 0.7094299885365913 | 0.38189708550980583 | -0.8801315783905428 | -0.45123111495129264:0.10351413977178403 | 0.7272089590739341 | 0.3535470996473258
0.10351413977178403 | 0.7272089590739341 | 0.3535470996473258 | -0.92949126942491 | 0.18649107762202033:0.10672908727919683 | 0.7445328254798582 | 0.3191235257469902
0.10672908727919683 | 0.7445328254798582 | 0.3191235257469902 | -0.92949126942491 | 0.18649107762202033:0.10961926654931631 | 0.7602532998903726 | 0.28381614348686135
0.10961926654931631 | 0.7602532998903726 | 0.28381614348686135 | -0.92949126942491 | 0.18649107762202033:0.11217630398761003 | 0.7743268589814392 | 0.24770373327272566
0.11217630398761003 | 0.7743268589814392 | 0.24770373327272566 | -0.92949126942491 | 0.18649107762202033:0.11439259185681294 | 0.7867137453586395 | 0.21086728475833638
0.11439259185681294 | 0.7867137453586395 | 0.21086728475833638 | -0.92949126942491 | 0.18649107762202033:0.11626130885902697 | 0.797378074569906 | 0.17338980724558262
0.11626130885902697 | 0.797378074569906 | 0.17338980724558262 | -0.92949126942491 | 0.18649107762202033:0.11777643883785416 | 0.806287932869516 | 0.13535613478654618
0.11777643883785416 | 0.806287932869516 | 0.13535613478654618 | -0.92949126942491 | 0.18649107762202033:0.11893278755282921 | 0.8134154654849937 | 0.09685272645996612
0.11893278755282921 | 0.8134154654849937 | 0.09685272645996612 | -0.92949126942491 | 0.18649107762202033:0.11972599748329671 | 0.8187369551614267 | 0.057967462306539375
0.11972599748329671 | 0.8187369551614267 | 0.057967462306539375 | -0.92949126942491 | 0.18649107762202033:0.12015256062355562 | 0.8222328907818337 | 0.01878943541803224
0.12015256062355562 | 0.8222328907818337 | 0.01878943541803224 | -0.92949126942491 | 0.18649107762202033:0.1202098292360887 | 0.8238880258861911 | -0.020591259315278165
0.1202098292360887 | 0.8238880258861911 | -0.020591259315278165 | -0.9516640719293044 | 0.5485729230831287:0.11876363140115842 | 0.823625551825188 | -0.06315718068207765
0.11876363140115842 | 0.823625551825188 | -0.06315718068207765 | -0.9516640719293044 | 0.5485729230831287:0.11614423444407507 | 0.8213144168229576 | -0.10568943678479847
0.11614423444407507 | 0.8213144168229576 | -0.10568943678479847 | -0.9516640719293044 | 0.5485729230831287:0.11235354753447879 | 0.8169549193198691 | -0.14805618311864954
0.11235354753447879 | 0.8169549193198691 | -0.14805618311864954 | -0.9516640719293044 | 0.5485729230831287:0.1073971799333826 | 0.8105537777631753 | -0.19012563883757316
0.1073971799333826 | 0.8105537777631753 | -0.19012563883757316 | -0.9516640719293044 | 0.5485729230831287:0.10128443383155883 | 0.8021241281500195 | -0.23176650515376274
0.10128443383155883 | 0.8021241281500195 | -0.23176650515376274 | 0.7349403452678887 | 0.8465956014883125:0.0928147470640397 | 0.8116283480260194 | -0.20663576307723552
0.0928147470640397 | 0.8116283480260194 | -0.20663576307723552 | 0.7349403452678887 | 0.8465956014883125:0.08541429903896969 | 0.8202007234879218 | -0.1807844086861241
0.08541429903896969 | 0.8202007234879218 | -0.1807844086861241 | 0.7349403452678887 | 0.8465956014883125:0.07911353688196598 | 0.8278135117882357 | -0.15429304848330894
0.07911353688196598 | 0.8278135117882357 | -0.15429304848330894 | 0.7349403452678887 | 0.8465956014883125:0.07393939875724342 | 0.8344419713948739 | -0.12724463753762905
0.07393939875724342 | 0.8344419713948739 | -0.12724463753762905 | 0.7349403452678887 | 0.8465956014883125:0.06991521566693137 | 0.8400644521475584 | -0.09972421318279068
0.06991521566693137 | 0.8400644521475584 | -0.09972421318279068 | 0.7349403452678887 | 0.8465956014883125:0.06706062498782828 | 0.8446624753627958 | -0.07181862122062377
0.06706062498782828 | 0.8446624753627958 | -0.07181862122062377 | 0.7349403452678887 | 0.8465956014883125:0.06539149605220729 | 0.8482208036046899 | -0.043616235529221115
0.06539149605220729 | 0.8482208036046899 | -0.043616235529221115 | 0.7349403452678887 | 0.8465956014883125:0.06491986803933614 | 0.850727499873102 | -0.015206671999289156
0.06491986803933614 | 0.850727499873102 | -0.015206671999289156 | 0.7349403452678887 | 0.8465956014883125:0.06565390040350749 | 0.8521739759957967 | 0.013319502258161364
0.06565390040350749 | 0.8521739759957967 | 0.013319502258161364 | 0.7349403452678887 | 0.8465956014883125:0.06759783602275604 | 0.8525550300471707 | 0.04187106347305658
0.06759783602275604 | 0.8525550300471707 | 0.04187106347305658 | 0.7349403452678887 | 0.8465956014883125:0.07075197721025361 | 0.851868872652318 | 0.07035642857325719
0.07075197721025361 | 0.851868872652318 | 0.07035642857325719 | 0.7349403452678887 | 0.8465956014883125:0.07511267468751015 | 0.850117142072321 | 0.09868395435397836
0.07511267468751015 | 0.850117142072321 | 0.09868395435397836 | 0.7349403452678887 | 0.8465956014883125:0.08067232957559511 | 0.8473049080038066 | 0.1267622374693751
0.08067232957559511 | 0.8473049080038066 | 0.1267622374693751 | 0.7349403452678887 | 0.8465956014883125:0.08741940841721174 | 0.8434406640634364 | 0.1545004142524462
0.08741940841721174 | 0.8434406640634364 | 0.1545004142524462 | 0.7349403452678887 | 0.8465956014883125:0.09533847119914896 | 0.838536308965331 | 0.18180845936907453
0.09533847119914896 | 0.838536308965331 | 0.18180845936907453 | 0.7349403452678887 | 0.8465956014883125:0.10441021230144898 | 0.8326071164373303 | 0.20859748231506714
0.10441021230144898 | 0.8326071164373303 | 0.20859748231506714 | 0.7349403452678887 | 0.8465956014883125:0.11461151425659821 | 0.825671693959265 | 0.23478002077132487
