0.0 | 0.0 | 0.0 | 0.8571292013939771 | -0.8878628182389161:-4.4337812759104257E-4 | -4.284334236792642E-4 | 0.009980974934216015
-4.4337812759104257E-4 | -4.284334236792642E-4 | 0.009980974934216015 | 0.8574003035480975 | 0.8475004098459333:-4.2444638902161417E-5 | -0.001703028634189252 | 0.019826948628665998
-4.2444638902161417E-5 | -0.001703028634189252 | 0.019826948628665998 | 0.8574003035480975 | 0.8475004098459333:0.0011845263634451752 | -0.0038076759403098404 | 0.029432089668045815
0.0011845263634451752 | -0.0038076759403098404 | 0.029432089668045815 | 0.8574003035480975 | 0.8475004098459333:0.003213528342882322 | -0.0067204031149159515 | 0.03869345998334371
0.003213528342882322 | -0.0067204031149159515 | 0.03869345998334371 | 0.8574003035480975 | 0.8475004098459333:0.00601502897182627 | -0.0104135719141627 | 0.047511600217853556
0.00601502897182627 | -0.0104135719141627 | 0.047511600217853556 | 0.8574003035480975 | 0.8475004098459333:0.009554204195672066 | -0.01485410287585709 | 0.05579109000611243
0.009554204195672066 | -0.01485410287585709 | 0.05579109000611243 | 0.8574003035480975 | 0.8475004098459333:0.01379119825207777 | -0.020003726968204516 | 0.06344108064300075
0.01379119825207777 | -0.020003726968204516 | 0.06344108064300075 | 0.8574003035480975 | 0.8475004098459333:0.018681408072868846 | -0.0258192625485838 | 0.07037579777805503
0.018681408072868846 | -0.0258192625485838 | 0.07037579777805503 | 0.8574003035480975 | 0.8475004098459333:0.024175790397267985 | -0.032252915988650654 | 0.07651501193688875
0.024175790397267985 | -0.032252915988650654 | 0.07651501193688875 | 0.8574003035480975 | 0.8475004098459333:0.030221189835165446 | -0.03925260422727961 | 0.08178447484666845
0.030221189835165446 | -0.03925260422727961 | 0.08178447484666845 | 0.8574003035480975 | 0.8475004098459333:0.03676068603808655 | -0.04676229742693039 | 0.08611631972499534
0.03676068603808655 | -0.04676229742693039 | 0.08611631972499534 | 0.8574003035480975 | 0.8475004098459333:0.043733958063650796 | -0.05472237983228223 | 0.08944942388041788
0.043733958063650796 | -0.05472237983228223 | 0.08944942388041788 | 0.8574003035480975 | 0.8475004098459333:0.051077663956870106 | -0.06307002686262808 | 0.09172973216725189
0.051077663956870106 | -0.06307002686262808 | 0.09172973216725189 | 0.8574003035480975 | 0.8475004098459333:0.05872583351878036 | -0.0717395964117844 | 0.09291054003650445
0.05872583351878036 | -0.0717395964117844 | 0.09291054003650445 | 0.8574003035480975 | 0.8475004098459333:0.06661027218977594 | -0.08066303228129179 | 0.09295273512756164
0.06661027218977594 | -0.08066303228129179 | 0.09295273512756164 | 0.8574003035480975 | 0.8475004098459333:0.07466097394171262 | -0.08977027763458367 | 0.09182499655097776
0.07466097394171262 | -0.08977027763458367 | 0.09182499655097776 | 0.8574003035480975 | 0.8475004098459333:0.08280654104941021 | -0.09898969633163612 | 0.0895039512202751
0.08280654104941021 | -0.09898969633163612 | 0.0895039512202751 | 0.8574003035480975 | 0.8475004098459333:0.0909746085986286 | -0.10824849998543096 | 0.08597428679918795
0.0909746085986286 | -0.10824849998543096 | 0.08597428679918795 | 0.8574003035480975 | 0.8475004098459333:0.09909227158387368 | -0.11747317857332806 | 0.0812288210393366
0.09909227158387368 | -0.11747317857332806 | 0.0812288210393366 | 0.8574003035480975 | 0.8475004098459333:0.10708651245543677 | -0.12658993243811345 | 0.07526852749100588
0.10708651245543677 | -0.12658993243811345 | 0.07526852749100588 | 0.8574003035480975 | 0.8475004098459333:0.11488462699076196 | -0.1355251035249445 | 0.0681025177755814
0.11488462699076196 | -0.1355251035249445 | 0.0681025177755814 | 0.8574003035480975 | 0.8475004098459333:0.12241464639041766 | -0.14420560372153535 | 0.059747980811429846
0.12241464639041766 | -0.14420560372153535 | 0.059747980811429846 | 0.8574003035480975 | 0.8475004098459333:0.12960575353341297 | -0.15255933819951517 | 0.05023007958468373
0.12960575353341297 | -0.15255933819951517 | 0.05023007958468373 | 0.8574003035480975 | 0.8475004098459333:0.1363886913701291 | -0.1605156216947332 | 0.039581806251702156
0.1363886913701291 | -0.1605156216947332 | 0.039581806251702156 | 0.8574003035480975 | 0.8475004098459333:0.1426961614834361 | -0.16800558571313617 | 0.02784379655008129
0.1426961614834361 | -0.16800558571313617 | 0.02784379655008129 | 0.8574003035480975 | 0.8475004098459333:0.1484632109093591 | -0.17496257470638188 | 0.015064104679206824
0.1484632109093591 | -0.17496257470638188 | 0.015064104679206824 | 0.8574003035480975 | 0.8475004098459333:0.1536276053775687 | -0.18132252932727955 | 0.0012979399887267373
0.1536276053775687 | -0.18132252932727955 | 0.0012979399887267373 | 0.8574003035480975 | 0.8475004098459333:0.1581301872086649 | -0.18702435494909553 | -0.013392633016754196
0.1581301872086649 | -0.18702435494909553 | -0.013392633016754196 | 0.8574003035480975 | 0.8475004098459333:0.16191521618927496 | -0.19201027371431278 | -0.028939029686678497
0.16191521618927496 | -0.19201027371431278 | -0.028939029686678497 | 0.8574003035480975 | 0.8475004098459333:0.16493069183696907 | -0.19622615846721647 | -0.045266513424145005
0.16493069183696907 | -0.19622615846721647 | -0.045266513424145005 | 0.8574003035480975 | 0.8475004098459333:0.16712865556446843 | -0.19962184702020558 | -0.06229459510940849
0.16712865556446843 | -0.19962184702020558 | -0.06229459510940849 | 0.8574003035480975 | 0.8475004098459333:0.16846547135609047 | -0.2021514353055247 | -0.07993746164685045
0.16846547135609047 | -0.2021514353055247 | -0.07993746164685045 | 0.8574003035480975 | 0.8475004098459333:0.16890208367834347 | -0.20377354807174353 | -0.09810443141173675
0.16890208367834347 | -0.20377354807174353 | -0.09810443141173675 | 0.8574003035480975 | 0.8475004098459333:0.16840425146054683 | -0.20445158589715362 | -0.11670043426070542
0.16840425146054683 | -0.20445158589715362 | -0.11670043426070542 | 0.8574003035480975 | 0.8475004098459333:0.1669427570997355 | -0.204153947409897 | -0.1356265136688417
0.1669427570997355 | -0.204153947409897 | -0.1356265136688417 | 0.8574003035480975 | 0.8475004098459333:0.164493589566427 | -0.2028542257264334 | -0.1547803484667768
0.164493589566427 | -0.2028542257264334 | -0.1547803484667768 | -0.7631141153025527 | -0.3888505936134623:0.17115721795431993 | -0.21339633268092228 | -0.14700027961885664
0.17115721795431993 | -0.21339633268092228 | -0.14700027961885664 | -0.7631141153025527 | -0.3888505936134623:0.17768141141052007 | -0.22370717420798414 | -0.1384052072577614
0.17768141141052007 | -0.22370717420798414 | -0.1384052072577614 | -0.7631141153025527 | -0.3888505936134623:0.18404468160296128 | -0.23374407310347056 | -0.1290074148489629
0.18404468160296128 | -0.23374407310347056 | -0.1290074148489629 | -0.7631141153025527 | -0.3888505936134623:0.19022588290145315 | -0.24346497802619727 | -0.11882177651220371
0.19022588290145315 | -0.24346497802619727 | -0.11882177651220371 | -0.7631141153025527 | -0.3888505936134623:0.19620427209141544 | -0.2528285815287683 | -0.10786571196247918
0.19620427209141544 | -0.2528285815287683 | -0.10786571196247918 | -0.7631141153025527 | -0.3888505936134623:0.20195956676429105 | -0.261794435613961 | -0.09615913502914705
0.20195956676429105 | -0.261794435613961 | -0.09615913502914705 | -0.7631141153025527 | -0.3888505936134623:0.20747200225060425 | -0.27032306455043464 | -0.08372439591988984
0.20747200225060425 | -0.27032306455043464 | -0.08372439591988984 | -0.7631141153025527 | -0.3888505936134623:0.21272238696602574 | -0.2783760746898807 | -0.07058621740950959
0.21272238696602574 | -0.2783760746898807 | -0.07058621740950959 | -0.7631141153025527 | -0.3888505936134623:0.21769215604542413 | -0.2859162610365624 | -0.05677162514627575
0.21769215604542413 | -0.2859162610365624 | -0.05677162514627575 | -0.7631141153025527 | -0.3888505936134623:0.22236342314475444 | -0.29290771032953966 | -0.042309872280762134
0.22236342314475444 | -0.29290771032953966 | -0.042309872280762134 | -0.16480848506632295 | 0.24534691468503333:0.22563201451828263 | -0.29823575134071767 | -0.04334465293996578
0.22563201451828263 | -0.29823575134071767 | -0.04334465293996578 | -0.16480848506632295 | 0.24534691468503333:0.22884187025365854 | -0.30352799289725674 | -0.044373327197143764
0.22884187025365854 | -0.30352799289725674 | -0.044373327197143764 | -0.16480848506632295 | 0.24534691468503333:0.2319935550092831 | -0.3087848109864595 | -0.0453952896978331
0.2319935550092831 | -0.3087848109864595 | -0.0453952896978331 | -0.16480848506632295 | 0.24534691468503333:0.23508763817313394 | -0.3140065708569608 | -0.04640994327712697
0.23508763817313394 | -0.3140065708569608 | -0.04640994327712697 | -0.16480848506632295 | 0.24534691468503333:0.23812469373525857 | -0.3191936271791729 | -0.04741669907598528
0.23812469373525857 | -0.3191936271791729 | -0.04741669907598528 | -0.36596404754346823 | 0.5803370258150569:0.24035530208186628 | -0.3247870744648136 | -0.04918331807378157
0.24035530208186628 | -0.3247870744648136 | -0.04918331807378157 | -0.36596404754346823 | 0.5803370258150569:0.24248157962257544 | -0.33037643449540255 | -0.05091870527021941
0.24248157962257544 | -0.33037643449540255 | -0.05091870527021941 | -0.36596404754346823 | 0.5803370258150569:0.2445048172544686 | -0.33596163104160226 | -0.052618907912543644
0.2445048172544686 | -0.33596163104160226 | -0.052618907912543644 | -0.36596404754346823 | 0.5803370258150569:0.2464264458991403 | -0.3415424920777017 | -0.05428002610563093
0.2464264458991403 | -0.3415424920777017 | -0.05428002610563093 | -0.36596404754346823 | 0.5803370258150569:0.24824803424139397 | -0.34711875121521807 | -0.05589821964230357
0.24824803424139397 | -0.34711875121521807 | -0.05589821964230357 | -0.36596404754346823 | 0.5803370258150569:0.2499712862481358 | -0.3526900492756049 | -0.05746971470080886
0.2499712862481358 | -0.3526900492756049 | -0.05746971470080886 | -0.36596404754346823 | 0.5803370258150569:0.2515980384727978 | -0.3582559359988302 | -0.0589908104000787
0.2515980384727978 | -0.3582559359988302 | -0.0589908104000787 | -0.36596404754346823 | 0.5803370258150569:0.2531302571508789 | -0.36381587188434494 | -0.060457885203664574
0.2531302571508789 | -0.36381587188434494 | -0.060457885203664574 | -0.36596404754346823 | 0.5803370258150569:0.25457003509249 | -0.3693692301608511 | -0.06186740316353023
0.25457003509249 | -0.3693692301608511 | -0.06186740316353023 | -0.36596404754346823 | 0.5803370258150569:0.25591958837799567 | -0.3749152988811062 | -0.06321591999518206
0.25591958837799567 | -0.3749152988811062 | -0.06321591999518206 | 0.18841437564081454 | -0.5865327223546755:0.26081323029036163 | -0.3787270420478315 | -0.059911981103123235
0.26081323029036163 | -0.3787270420478315 | -0.059911981103123235 | 0.18841437564081454 | -0.5865327223546755:0.2655987076493336 | -0.38251878074408197 | -0.05644748447276349
0.2655987076493336 | -0.38251878074408197 | -0.05644748447276349 | 0.18841437564081454 | -0.5865327223546755:0.27026986376342244 | -0.3862930487659373 | -0.05282588252460085
0.27026986376342244 | -0.3862930487659373 | -0.05282588252460085 | 0.18841437564081454 | -0.5865327223546755:0.27482067373752805 | -0.39005233335968015 | -0.04905087907980876
0.27482067373752805 | -0.39005233335968015 | -0.04905087907980876 | 0.18841437564081454 | -0.5865327223546755:0.27924525289935254 | -0.3937990725415421 | -0.045126423508825786
0.27924525289935254 | -0.3937990725415421 | -0.045126423508825786 | -0.9954941674909368 | -0.9159037429308352:0.28309491274442067 | -0.3997591239778515 | -0.012801642601105057
0.28309491274442067 | -0.3997591239778515 | -0.012801642601105057 | -0.9954941674909368 | -0.9159037429308352:0.285412757485318 | -0.4040629522605972 | 0.020265033857588932
0.285412757485318 | -0.4040629522605972 | 0.020265033857588932 | -0.9954941674909368 | -0.9159037429308352:0.2861551952348709 | -0.406659240815884 | 0.05391161989030979
0.2861551952348709 | -0.406659240815884 | 0.05391161989030979 | -0.9954941674909368 | -0.9159037429308352:0.2852867615253665 | -0.40750536737078846 | 0.08797055812533505
0.2852867615253665 | -0.40750536737078846 | 0.08797055812533505 | -0.9954941674909368 | -0.9159037429308352:0.282780401438 | -0.40656773270978164 | 0.12226960725183067
0.282780401438 | -0.40656773270978164 | 0.12226960725183067 | -0.9954941674909368 | -0.9159037429308352:0.27861770616294024 | -0.4038220406955979 | 0.15663276142949667
0.27861770616294024 | -0.4038220406955979 | 0.15663276142949667 | -0.9954941674909368 | -0.9159037429308352:0.27278910252678656 | -0.39925352783912516 | 0.1908811966285029
0.27278910252678656 | -0.39925352783912516 | 0.1908811966285029 | -0.9954941674909368 | -0.9159037429308352:0.26529399428157774 | -0.3928571409787409 | 0.22483423872424446
0.26529399428157774 | -0.3928571409787409 | 0.22483423872424446 | -0.9954941674909368 | -0.9159037429308352:0.25614085421308097 | -0.38463766191309645 | 0.25831034804781494
0.25614085421308097 | -0.38463766191309645 | 0.25831034804781494 | -0.9954941674909368 | -0.9159037429308352:0.24534726639453375 | -0.3746097781205613 | 0.29112811499821833
0.24534726639453375 | -0.3746097781205613 | 0.29112811499821833 | -0.9954941674909368 | -0.9159037429308352:0.23293991818377435 | -0.3627980989925348 | 0.3231072612566436
0.23293991818377435 | -0.3627980989925348 | 0.3231072612566436 | -0.9954941674909368 | -0.9159037429308352:0.21895454183546725 | -0.34923711730426277 | 0.35406964110689176
0.21895454183546725 | -0.34923711730426277 | 0.35406964110689176 | -0.9954941674909368 | -0.9159037429308352:0.20343580587432086 | -0.33397111594483064 | 0.38384023735940065
0.20343580587432086 | -0.33397111594483064 | 0.38384023735940065 | -0.9954941674909368 | -0.9159037429308352:0.18643715664840954 | -0.31705402022546636 | 0.41224814639922425
0.18643715664840954 | -0.31705402022546636 | 0.41224814639922425 | -0.9954941674909368 | -0.9159037429308352:0.16802061075255814 | -0.29854919638097144 | 0.43912754693061085
0.16802061075255814 | -0.29854919638097144 | 0.43912754693061085 | -0.9954941674909368 | -0.9159037429308352:0.1482564992786468 | -0.2785291971712809 | 0.4643186470721483
0.1482564992786468 | -0.2785291971712809 | 0.4643186470721483 | -0.9954941674909368 | -0.9159037429308352:0.12722316511145593 | -0.25707545577732205 | 0.48766860456631855
0.12722316511145593 | -0.25707545577732205 | 0.48766860456631855 | -0.9954941674909368 | -0.9159037429308352:0.10500661474369721 | -0.23427792946607084 | 0.5090324150050969
0.10500661474369721 | -0.23427792946607084 | 0.5090324150050969 | -0.9954941674909368 | -0.9159037429308352:0.08170012633101287 | -0.21023469477232837 | 0.5282737631381531
0.08170012633101287 | -0.21023469477232837 | 0.5282737631381531 | -0.9954941674909368 | -0.9159037429308352:0.05740381594565491 | -0.18505149620818173 | 0.545265832521368
0.05740381594565491 | -0.18505149620818173 | 0.545265832521368 | -0.9954941674909368 | -0.9159037429308352:0.03222416421483665 | -0.15884125076352618 | 0.5598920689796918
0.03222416421483665 | -0.15884125076352618 | 0.5598920689796918 | -0.9954941674909368 | -0.9159037429308352:0.006273505745651775 | -0.13172351070161525 | 0.5720468935986913
0.006273505745651775 | -0.13172351070161525 | 0.5720468935986913 | -0.9954941674909368 | -0.9159037429308352:-0.020330516058725934 | -0.103823887380738 | 0.5816363612221345
-0.020330516058725934 | -0.103823887380738 | 0.5816363612221345 | -0.9954941674909368 | -0.9159037429308352:-0.04746552599756981 | -0.075273439045759 | 0.5885787607172395
-0.04746552599756981 | -0.075273439045759 | 0.5885787607172395 | -0.9954941674909368 | -0.9159037429308352:-0.07500502291754074 | -0.04620802573044358 | 0.5928051535732903
-0.07500502291754074 | -0.04620802573044358 | 0.5928051535732903 | 0.3158548321653427 | 0.9557176635355431:-0.04695267989668217 | -0.05593537679890659 | 0.5988859229741719
-0.04695267989668217 | -0.05593537679890659 | 0.5988859229741719 | 0.3158548321653427 | 0.9557176635355431:-0.01845800875627468 | -0.06581596524076261 | 0.603429743806533
-0.01845800875627468 | -0.06581596524076261 | 0.603429743806533 | 0.3158548321653427 | 0.9557176635355431:0.010401096819569133 | -0.0758243489643533 | 0.6064054617941519
0.010401096819569133 | -0.0758243489643533 | 0.6064054617941519 | 0.3158548321653427 | 0.9557176635355431:0.0395449554078251 | -0.08593445934641153 | 0.6077863925420228
0.0395449554078251 | -0.08593445934641153 | 0.6077863925420228 | 0.3158548321653427 | 0.9557176635355431:0.0688923330698703 | -0.0961196781132152 | 0.6075504291252614
0.0688923330698703 | -0.0961196781132152 | 0.6075504291252614 | -0.011197377727836466 | -0.3600368445230753:0.0583004875739217 | -0.09636916369726833 | 0.612493454146259
0.0583004875739217 | -0.09636916369726833 | 0.612493454146259 | -0.011197377727836466 | -0.3600368445230753:0.047550960661977726 | -0.09660790801151364 | 0.6172137604723762
0.047550960661977726 | -0.09660790801151364 | 0.6172137604723762 | -0.011197377727836466 | -0.3600368445230753:0.03664906213143304 | -0.09683613289086423 | 0.6217075994941492
0.03664906213143304 | -0.09683613289086423 | 0.6217075994941492 | -0.011197377727836466 | -0.3600368445230753:0.025600172196959647 | -0.09705406181871012 | 0.625971351244992
0.025600172196959647 | -0.09705406181871012 | 0.625971351244992 | -0.011197377727836466 | -0.3600368445230753:0.01440973854864147 | -0.09726191984146837 | 0.6300015253878435
0.01440973854864147 | -0.09726191984146837 | 0.6300015253878435 | 0.7065761247619899 | 0.9879696076893953:0.045569086906462886 | -0.12013267181243847 | 0.6282478374078106
0.045569086906462886 | -0.12013267181243847 | 0.6282478374078106 | 0.7065761247619899 | 0.9879696076893953:0.07673338107090544 | -0.14304414707831725 | 0.6240736616040543
0.07673338107090544 | -0.14304414707831725 | 0.6240736616040543 | 0.7065761247619899 | 0.9879696076893953:0.10777717420687871 | -0.16590684619034235 | 0.6174703394718453
0.10777717420687871 | -0.16590684619034235 | 0.6174703394718453 | 0.7065761247619899 | 0.9879696076893953:0.1385744157649711 | -0.18863066196745493 | 0.6084391440672476
0.1385744157649711 | -0.18863066196745493 | 0.6084391440672476 | 0.7065761247619899 | 0.9879696076893953:0.1689989769822251 | -0.21112525418786987 | 0.5969913425164393
0.1689989769822251 | -0.21112525418786987 | 0.5969913425164393 | 0.7065761247619899 | 0.9879696076893953:0.19892517920009567 | -0.23330042703888054 | 0.5831482164292439
0.19892517920009567 | -0.23330042703888054 | 0.5831482164292439 | 0.7065761247619899 | 0.9879696076893953:0.22822832276373894 | -0.2550665077295591 | 0.5669410400137522
0.22822832276373894 | -0.2550665077295591 | 0.5669410400137522 | 0.7065761247619899 | 0.9879696076893953:0.25678521426189604 | -0.2763347246644834 | 0.548411015867508
0.25678521426189604 | -0.2763347246644834 | 0.548411015867508 | 0.7065761247619899 | 0.9879696076893953:0.28447468987128666 | -0.2970175835766433 | 0.527609168599497
0.28447468987128666 | -0.2970175835766433 | 0.527609168599497 | 0.7065761247619899 | 0.9879696076893953:0.3111781325833256 | -0.31702924002460975 | 0.5045961966150792
0.3111781325833256 | -0.31702924002460975 | 0.5045961966150792 | 0.7065761247619899 | 0.9879696076893953:0.33677998111430796 | -0.33628586667253657 | 0.4794422825726343
0.33677998111430796 | -0.33628586667253657 | 0.4794422825726343 | 0.7065761247619899 | 0.9879696076893953:0.36116822833259477 | -0.35470601379166666 | 0.4522268631949231
0.36116822833259477 | -0.35470601379166666 | 0.4522268631949231 | 0.7065761247619899 | 0.9879696076893953:0.38423490707786456 | -0.37221096144870813 | 0.42303835928977307
0.38423490707786456 | -0.37221096144870813 | 0.42303835928977307 | 0.7065761247619899 | 0.9879696076893953:0.40587656129783767 | -0.3887250618794198 | 0.39197386700245573
0.40587656129783767 | -0.3887250618794198 | 0.39197386700245573 | 0.7065761247619899 | 0.9879696076893953:0.4259947004868003 | -0.4041760705850628 | 0.35913881148568194
0.4259947004868003 | -0.4041760705850628 | 0.35913881148568194 | -0.6797625145894413 | -0.3678560593422162:0.4209660904133905 | -0.3935122225699921 | 0.3821602157472803
0.4209660904133905 | -0.3935122225699921 | 0.3821602157472803 | -0.6797625145894413 | -0.3678560593422162:0.4154701011710422 | -0.3819955300826585 | 0.40478534397166044
0.4154701011710422 | -0.3819955300826585 | 0.40478534397166044 | -0.6797625145894413 | -0.3678560593422162:0.40951382458633034 | -0.3696382156079494 | 0.42697258507907776
0.40951382458633034 | -0.3696382156079494 | 0.42697258507907776 | -0.6797625145894413 | -0.3678560593422162:0.4031051966417287 | -0.35645407277010577 | 0.4486808782684051
0.4031051966417287 | -0.35645407277010577 | 0.4486808782684051 | -0.6797625145894413 | -0.3678560593422162:0.39625298572046574 | -0.3424584458813378 | 0.4698697889244343
0.39625298572046574 | -0.3424584458813378 | 0.4698697889244343 | -0.6797625145894413 | -0.3678560593422162:0.38896677934177504 | -0.32766820668237173 | 0.4904995834400694
0.38896677934177504 | -0.32766820668237173 | 0.4904995834400694 | -0.6797625145894413 | -0.3678560593422162:0.3812569694120711 | -0.31210172831993077 | 0.5105313028218568
0.3812569694120711 | -0.31210172831993077 | 0.5105313028218568 | -0.6797625145894413 | -0.3678560593422162:0.37313473602017666 | -0.29577885661081993 | 0.5299268349497872
0.37313473602017666 | -0.29577885661081993 | 0.5299268349497872 | -0.6797625145894413 | -0.3678560593422162:0.3646120298070663 | -0.27872087864686534 | 0.5486489853650376
0.3646120298070663 | -0.27872087864686534 | 0.5486489853650376 | -0.6797625145894413 | -0.3678560593422162:0.3557015529430636 | -0.26095048879942695 | 0.566661546462143
0.3557015529430636 | -0.26095048879942695 | 0.566661546462143 | -0.6797625145894413 | -0.3678560593422162:0.3464167387477275 | -0.24249175218657726 | 0.5839293649652078
0.3464167387477275 | -0.24249175218657726 | 0.5839293649652078 | -0.6797625145894413 | -0.3678560593422162:0.33677172998994465 | -0.22337006567024176 | 0.6004184075711159
0.33677172998994465 | -0.22337006567024176 | 0.6004184075711159 | -0.6797625145894413 | -0.3678560593422162:0.32678135590789026 | -0.20361211645472466 | 0.6160958246460169
0.32678135590789026 | -0.20361211645472466 | 0.6160958246460169 | -0.6797625145894413 | -0.3678560593422162:0.31646110799067984 | -0.18324583836203345 | 0.6309300118651926
0.31646110799067984 | -0.18324583836203345 | 0.6309300118651926 | -0.6797625145894413 | -0.3678560593422162:0.3058271145655631 | -0.16230036586314256 | 0.6448906696901133
0.3058271145655631 | -0.16230036586314256 | 0.6448906696901133 | 0.40623217124261823 | 0.9393666570023258:0.3368361550861323 | -0.17600695249490883 | 0.6286888771960264
0.3368361550861323 | -0.17600695249490883 | 0.6286888771960264 | 0.40623217124261823 | 0.9393666570023258:0.3671297576195336 | -0.18942122064441946 | 0.6106783697160552
0.3671297576195336 | -0.18942122064441946 | 0.6106783697160552 | 0.40623217124261823 | 0.9393666570023258:0.39661856612778124 | -0.2025041624291255 | 0.5908970313567643
0.39661856612778124 | -0.2025041624291255 | 0.5908970313567643 | 0.40623217124261823 | 0.9393666570023258:0.4252150159877992 | -0.2152174907360731 | 0.5693880320592086
0.4252150159877992 | -0.2152174907360731 | 0.5693880320592086 | 0.40623217124261823 | 0.9393666570023258:0.4528335970704269 | -0.22752375401912772 | 0.5461997248506627
0.4528335970704269 | -0.22752375401912772 | 0.5461997248506627 | 0.40623217124261823 | 0.9393666570023258:0.4793911115290115 | -0.2393864489666342 | 0.5213855275459167
0.4793911115290115 | -0.2393864489666342 | 0.5213855275459167 | 0.40623217124261823 | 0.9393666570023258:0.504806925529504 | -0.2507701307040193 | 0.4950037892249526
0.504806925529504 | -0.2507701307040193 | 0.4950037892249526 | 0.40623217124261823 | 0.9393666570023258:0.529003214171901 | -0.2616405202032652 | 0.46711764185860005
0.529003214171901 | -0.2616405202032652 | 0.46711764185860005 | 0.40623217124261823 | 0.9393666570023258:0.5519051988725572 | -0.2719646085791041 | 0.43779483749750625
0.5519051988725572 | -0.2719646085791041 | 0.43779483749750625 | 0.40623217124261823 | 0.9393666570023258:0.5734413764991082 | -0.28171075796119993 | 0.40710757148213617
0.5734413764991082 | -0.28171075796119993 | 0.40710757148213617 | 0.38997642255656717 | -0.7406132760422819:0.5599685576774824 | -0.2905214856798466 | 0.42384420706157044
0.5599685576774824 | -0.2905214856798466 | 0.42384420706157044 | 0.38997642255656717 | -0.7406132760422819:0.5458238736837693 | -0.2996735170265552 | 0.43992862446541636
0.5458238736837693 | -0.2996735170265552 | 0.43992862446541636 | 0.38997642255656717 | -0.7406132760422819:0.5310317054204887 | -0.3091545357919756 | 0.455326701422031
0.5310317054204887 | -0.3091545357919756 | 0.455326701422031 | 0.38997642255656717 | -0.7406132760422819:0.5156177926977961 | -0.3189514968884737 | 0.470005496450959
0.5156177926977961 | -0.3189514968884737 | 0.470005496450959 | 0.38997642255656717 | -0.7406132760422819:0.4996091874197752 | -0.3290506503432695 | 0.4839333179738432
0.4996091874197752 | -0.3290506503432695 | 0.4839333179738432 | 0.38997642255656717 | -0.7406132760422819:0.48303420407377473 | -0.33943756673469494 | 0.4970797910265077
0.48303420407377473 | -0.33943756673469494 | 0.4970797910265077 | 0.38997642255656717 | -0.7406132760422819:0.4659223676215589 | -0.35009716402105795 | 0.5094159214390288
0.4659223676215589 | -0.35009716402105795 | 0.5094159214390288 | 0.38997642255656717 | -0.7406132760422819:0.44830435889614506 | -0.36101373570842554 | 0.5209141573557048
0.44830435889614506 | -0.36101373570842554 | 0.5209141573557048 | 0.38997642255656717 | -0.7406132760422819:0.43021195761293995 | -0.37217098030154716 | 0.5315484479723338
0.43021195761293995 | -0.37217098030154716 | 0.5315484479723338 | 0.38997642255656717 | -0.7406132760422819:0.4116779831083761 | -0.38355203197937016 | 0.5412942993738667
0.4116779831083761 | -0.38355203197937016 | 0.5412942993738667 | -0.5235122548438478 | -0.9779377405289196:0.3853262452116084 | -0.37029040935694013 | 0.5722127150942171
0.3853262452116084 | -0.37029040935694013 | 0.5722127150942171 | -0.5235122548438478 | -0.9779377405289196:0.3574213895671079 | -0.3561718771750648 | 0.6015094987232956
0.3574213895671079 | -0.3561718771750648 | 0.6015094987232956 | -0.5235122548438478 | -0.9779377405289196:0.32804375476396075 | -0.34123814168956557 | 0.6290823825007905
0.32804375476396075 | -0.34123814168956557 | 0.6290823825007905 | -0.5235122548438478 | -0.9779377405289196:0.2972788607442709 | -0.3255337491956638 | 0.6548342311121402
0.2972788607442709 | -0.3255337491956638 | 0.6548342311121402 | -0.5235122548438478 | -0.9779377405289196:0.2652171462646322 | -0.3091059499706077 | 0.6786733825270588
0.2652171462646322 | -0.3091059499706077 | 0.6786733825270588 | -0.5235122548438478 | -0.9779377405289196:0.2319536891873355 | -0.2920045527998383 | 0.7005139715670268
0.2319536891873355 | -0.2920045527998383 | 0.7005139715670268 | -0.5235122548438478 | -0.9779377405289196:0.19758791050686142 | -0.2742817705568754 | 0.7202762350846257
0.19758791050686142 | -0.2742817705568754 | 0.7202762350846257 | -0.5235122548438478 | -0.9779377405289196:0.16222326307283907 | -0.2559920573374299 | 0.7378867976979322
0.16222326307283907 | -0.2559920573374299 | 0.7378867976979322 | -0.5235122548438478 | -0.9779377405289196:0.12596690602265426 | -0.23719193767713165 | 0.7532789370876856
0.12596690602265426 | -0.23719193767713165 | 0.7532789370876856 | -0.5235122548438478 | -0.9779377405289196:0.08892936598576995 | -0.21793982840923576 | 0.7663928279325063
0.08892936598576995 | -0.21793982840923576 | 0.7663928279325063 | -0.8800203837291243 | -0.14687034963298262:0.08343989455424605 | -0.1844727947754592 | 0.7777884689399244
0.08343989455424605 | -0.1844727947754592 | 0.7777884689399244 | -0.8800203837291243 | -0.14687034963298262:0.07786163347922326 | -0.1504483506530434 | 0.7876606289487214
0.07786163347922326 | -0.1504483506530434 | 0.7876606289487214 | -0.8800203837291243 | -0.14687034963298262:0.07220613047536517 | -0.1159350086517037 | 0.795981677754007
0.07220613047536517 | -0.1159350086517037 | 0.795981677754007 | -0.8800203837291243 | -0.14687034963298262:0.0664851401987292 | -0.08100259304427482 | 0.8027271978565551
0.0664851401987292 | -0.08100259304427482 | 0.8027271978565551 | -0.8800203837291243 | -0.14687034963298262:0.06071059929777789 | -0.045722091616546834 | 0.8078760468016384
0.06071059929777789 | -0.045722091616546834 | 0.8078760468016384 | -0.9781622899264535 | -0.8059289846866471:0.02812966957300489 | -0.006185815543275908 | 0.8128185956872827
0.02812966957300489 | -0.006185815543275908 | 0.8128185956872827 | -0.9781622899264535 | -0.8059289846866471:-0.004621616533036388 | 0.0336361830380838 | 0.8144880888081687
-0.004621616533036388 | 0.0336361830380838 | 0.8144880888081687 | -0.9781622899264535 | -0.8059289846866471:-0.03740909327315478 | 0.0735815917307221 | 0.8128630635429985
-0.03740909327315478 | 0.0735815917307221 | 0.8128630635429985 | -0.9781622899264535 | -0.8059289846866471:-0.07009789556170176 | 0.11348691584865378 | 0.8079356854761102
-0.07009789556170176 | 0.11348691584865378 | 0.8079356854761102 | -0.9781622899264535 | -0.8059289846866471:-0.1025530237424519 | 0.1531881619210509 | 0.7997118303252506
-0.1025530237424519 | 0.1531881619210509 | 0.7997118303252506 | -0.04374453597773331 | -0.6751295706568008:-0.1297564492573926 | 0.15527547522682994 | 0.7971963275495568
-0.1297564492573926 | 0.15527547522682994 | 0.7971963275495568 | -0.04374453597773331 | -0.6751295706568008:-0.1569143838071554 | 0.15735765893560938 | 0.7937310339956554
-0.1569143838071554 | 0.15735765893560938 | 0.7937310339956554 | -0.04374453597773331 | -0.6751295706568008:-0.1839932626766725 | 0.15943257005901046 | 0.7893165007490026
-0.1839932626766725 | 0.15943257005901046 | 0.7893165007490026 | -0.04374453597773331 | -0.6751295706568008:-0.21095952384099803 | 0.16149806414313161 | 0.7839544837851165
-0.21095952384099803 | 0.16149806414313161 | 0.7839544837851165 | -0.04374453597773331 | -0.6751295706568008:-0.23777965126315337 | 0.16355199807734522 | 0.7776479436587778
-0.23777965126315337 | 0.16355199807734522 | 0.7776479436587778 | -0.04374453597773331 | -0.6751295706568008:-0.2644202181443731 | 0.16559223290159508 | 0.7704010436326811
-0.2644202181443731 | 0.16559223290159508 | 0.7704010436326811 | -0.04374453597773331 | -0.6751295706568008:-0.2908479300711164 | 0.1676166366087415 | 0.7622191462493717
-0.2908479300711164 | 0.1676166366087415 | 0.7622191462493717 | -0.04374453597773331 | -0.6751295706568008:-0.3170296680033289 | 0.1696230869382589 | 0.7531088083523443
-0.3170296680033289 | 0.1696230869382589 | 0.7531088083523443 | -0.04374453597773331 | -0.6751295706568008:-0.34293253104910804 | 0.17160947415774075 | 0.7430777745641919
-0.34293253104910804 | 0.17160947415774075 | 0.7430777745641919 | -0.04374453597773331 | -0.6751295706568008:-0.3685238789708265 | 0.1735737038286871 | 0.732134969231538
-0.3685238789708265 | 0.1735737038286871 | 0.732134969231538 | -0.04374453597773331 | -0.6751295706568008:-0.3937713743686402 | 0.17551369955297247 | 0.7202904868483699
-0.3937713743686402 | 0.17551369955297247 | 0.7202904868483699 | -0.04374453597773331 | -0.6751295706568008:-0.41864302448751545 | 0.17742740569659787 | 0.7075555809715013
-0.41864302448751545 | 0.17742740569659787 | 0.7075555809715013 | -0.04374453597773331 | -0.6751295706568008:-0.443107222594719 | 0.17931279008718093 | 0.693942651643539
-0.443107222594719 | 0.17931279008718093 | 0.693942651643539 | -0.04374453597773331 | -0.6751295706568008:-0.4671327888751087 | 0.1811678466817881 | 0.6794652313406999
-0.4671327888751087 | 0.1811678466817881 | 0.6794652313406999 | -0.04374453597773331 | -0.6751295706568008:-0.49068901079254346 | 0.1829905982017479 | 0.6641379694646474
-0.49068901079254346 | 0.1829905982017479 | 0.6641379694646474 | 0.7468507030913158 | -0.13478936484356296:-0.49609964958710506 | 0.15835642083935397 | 0.6684010904797617
-0.49609964958710506 | 0.15835642083935397 | 0.6684010904797617 | 0.7468507030913158 | -0.13478936484356296:-0.5015318114733418 | 0.13353221236565815 | 0.6716966057526719
-0.5015318114733418 | 0.13353221236565815 | 0.6716966057526719 | 0.7468507030913158 | -0.13478936484356296:-0.5069788722803779 | 0.10855505396928322 | 0.6740162923719595
-0.5069788722803779 | 0.10855505396928322 | 0.6740162923719595 | 0.7468507030913158 | -0.13478936484356296:-0.5124341515376543 | 0.08346236126111961 | 0.6753534111974915
-0.5124341515376543 | 0.08346236126111961 | 0.6753534111974915 | 0.7468507030913158 | -0.13478936484356296:-0.5178909229964077 | 0.05829182627093843 | 0.6757027201719694
-0.5178909229964077 | 0.05829182627093843 | 0.6757027201719694 | 0.7468507030913158 | -0.13478936484356296:-0.5233424252310179 | 0.03308135895684927 | 0.67506048527963
-0.5233424252310179 | 0.03308135895684927 | 0.67506048527963 | 0.7468507030913158 | -0.13478936484356296:-0.5287818723034938 | 0.007869028320079963 | 0.6734244891348737
-0.5287818723034938 | 0.007869028320079963 | 0.6734244891348737 | 0.7468507030913158 | -0.13478936484356296:-0.5342024644742942 | -0.017306996781940143 | 0.6707940371877612
-0.5342024644742942 | -0.017306996781940143 | 0.6707940371877612 | 0.7468507030913158 | -0.13478936484356296:-0.5395973989425755 | -0.042408507030806675 | 0.6671699615365441
-0.5395973989425755 | -0.042408507030806675 | 0.6671699615365441 | 0.7468507030913158 | -0.13478936484356296:-0.544959880598963 | -0.06739731215708389 | 0.6625546223416592
-0.544959880598963 | -0.06739731215708389 | 0.6625546223416592 | 0.7468507030913158 | -0.13478936484356296:-0.5502831327739344 | -0.09223530047123063 | 0.6569519068390406
-0.5502831327739344 | -0.09223530047123063 | 0.6569519068390406 | 0.7468507030913158 | -0.13478936484356296:-0.5555604079649328 | -0.11688449832196568 | 0.6503672259545397
-0.5555604079649328 | -0.11688449832196568 | 0.6503672259545397 | 0.7468507030913158 | -0.13478936484356296:-0.5607849985253495 | -0.14130712938847978 | 0.6428075085249247
-0.5607849985253495 | -0.14130712938847978 | 0.6428075085249247 | 0.7468507030913158 | -0.13478936484356296:-0.5659502472986055 | -0.16546567371351273 | 0.6342811931346546
