0.0 | 0.0 | 0.0 | -0.5689295630908187 | 0.5458695788661456:2.727904957452616E-4 | 2.844264181802725E-4 | 0.009992231330292159
2.727904957452616E-4 | 2.844264181802725E-4 | 0.009992231330292159 | -0.9134229723577207 | -0.992516557323446:-4.4188660686492783E-4 | 0.0014732524882461462 | 0.019840470340507302
-4.4188660686492783E-4 | 0.0014732524882461462 | 0.019840470340507302 | -0.9134229723577207 | -0.992516557323446:-0.0021211222335964417 | 0.0035485058581635753 | 0.029411874262697396
-0.0021211222335964417 | 0.0035485058581635753 | 0.029411874262697396 | -0.9134229723577207 | -0.992516557323446:-0.004733550273295129 | 0.0064843421657617695 | 0.03857747058073678
-0.004733550273295129 | 0.0064843421657617695 | 0.03857747058073678 | -0.9134229723577207 | -0.992516557323446:-0.00823967259808826 | 0.010247322966505767 | 0.047213084799671026
-0.00823967259808826 | 0.010247322966505767 | 0.047213084799671026 | -0.9134229723577207 | -0.992516557323446:-0.012592235397736495 | 0.01479674184838864 | 0.05520022601846317
-0.012592235397736495 | 0.01479674184838864 | 0.05520022601846317 | -0.6241087030350128 | -0.2052584567035376:-0.015269157949458607 | 0.019168260954489535 | 0.06336045724656184
-0.015269157949458607 | 0.019168260954489535 | 0.06336045724656184 | -0.6241087030350128 | -0.2052584567035376:-0.01809530331583082 | 0.0240356362011811 | 0.07115638010289727
-0.01809530331583082 | 0.0240356362011811 | 0.07115638010289727 | -0.6241087030350128 | -0.2052584567035376:-0.021064025756972513 | 0.02937865290606112 | 0.0785650561963816
-0.021064025756972513 | 0.02937865290606112 | 0.0785650561963816 | -0.6241087030350128 | -0.2052584567035376:-0.02416841906623604 | 0.03517629130623101 | 0.08556461669054483
-0.02416841906623604 | 0.03517629130623101 | 0.08556461669054483 | -0.6241087030350128 | -0.2052584567035376:-0.027401331804625492 | 0.04140677242835433 | 0.09213428913283245
-0.027401331804625492 | 0.04140677242835433 | 0.09213428913283245 | -0.6241087030350128 | -0.2052584567035376:-0.030755382747068072 | 0.0480476046346866 | 0.09825442227152215
-0.030755382747068072 | 0.0480476046346866 | 0.09825442227152215 | -0.6241087030350128 | -0.2052584567035376:-0.034222976516024656 | 0.05507563077073463 | 0.103906508847178
-0.034222976516024656 | 0.05507563077073463 | 0.103906508847178 | -0.6241087030350128 | -0.2052584567035376:-0.03779631937794964 | 0.06246707584023359 | 0.10907320634842743
-0.03779631937794964 | 0.06246707584023359 | 0.10907320634842743 | -0.6241087030350128 | -0.2052584567035376:-0.04146743517816459 | 0.07019759513324819 | 0.11373835572469249
-0.04146743517816459 | 0.07019759513324819 | 0.11373835572469249 | -0.6241087030350128 | -0.2052584567035376:-0.045228181389794786 | 0.07824232273341758 | 0.1178869980513284
-0.045228181389794786 | 0.07824232273341758 | 0.1178869980513284 | -0.6241087030350128 | -0.2052584567035376:-0.0490702652525325 | 0.08657592033067374 | 0.12150538914542652
-0.0490702652525325 | 0.08657592033067374 | 0.12150538914542652 | -0.6241087030350128 | -0.2052584567035376:-0.05298525997713566 | 0.09517262626615097 | 0.12458101213329997
-0.05298525997713566 | 0.09517262626615097 | 0.12458101213329997 | -0.6241087030350128 | -0.2052584567035376:-0.05696462099174254 | 0.10400630473649602 | 0.12710258797341623
-0.05696462099174254 | 0.10400630473649602 | 0.12710258797341623 | -0.6241087030350128 | -0.2052584567035376:-0.0609997022062867 | 0.11305049508535332 | 0.12906008394123902
-0.0609997022062867 | 0.11305049508535332 | 0.12906008394123902 | -0.6241087030350128 | -0.2052584567035376:-0.06508177227152401 | 0.12227846111046153 | 0.130444720085106
-0.06508177227152401 | 0.12227846111046153 | 0.130444720085106 | 0.7968169661221505 | -0.8502883721608898:-0.07378137091548342 | 0.12196425669918388 | 0.13795453019119708
-0.07378137091548342 | 0.12196425669918388 | 0.13795453019119708 | 0.7968169661221505 | -0.8502883721608898:-0.0830037882590825 | 0.1210754384089576 | 0.1450729928851049
-0.0830037882590825 | 0.1210754384089576 | 0.1450729928851049 | 0.7968169661221505 | -0.8502883721608898:-0.0927283377203415 | 0.1196308801381672 | 0.15173584688148045
-0.0927283377203415 | 0.1196308801381672 | 0.15173584688148045 | 0.7968169661221505 | -0.8502883721608898:-0.10293085356533127 | 0.11765275208585935 | 0.15788102371779456
-0.10293085356533127 | 0.11765275208585935 | 0.15788102371779456 | 0.7968169661221505 | -0.8502883721608898:-0.11358382180784143 | 0.11516640480405249 | 0.16344898108958272
-0.11358382180784143 | 0.11516640480405249 | 0.16344898108958272 | 0.5401299191331945 | 0.0089283638125921:-0.117310508227493 | 0.11441806820211475 | 0.17212709186007302
-0.117310508227493 | 0.11441806820211475 | 0.17212709186007302 | 0.5401299191331945 | 0.0089283638125921:-0.12099281181459398 | 0.11324816092981571 | 0.18082649586027744
-0.12099281181459398 | 0.11324816092981571 | 0.18082649586027744 | 0.5401299191331945 | 0.0089283638125921:-0.12463111658512371 | 0.11165705489496969 | 0.18953030563896212
-0.12463111658512371 | 0.11165705489496969 | 0.18953030563896212 | 0.5401299191331945 | 0.0089283638125921:-0.12822581261213983 | 0.10964571606104767 | 0.19822172823284845
-0.12822581261213983 | 0.10964571606104767 | 0.19822172823284845 | 0.5401299191331945 | 0.0089283638125921:-0.13177729595503562 | 0.10721569815919674 | 0.20688408406014513
-0.13177729595503562 | 0.10721569815919674 | 0.20688408406014513 | 0.5401299191331945 | 0.0089283638125921:-0.13528596857942632 | 0.10436913585173935 | 0.21550082551336747
-0.13528596857942632 | 0.10436913585173935 | 0.21550082551336747 | 0.5401299191331945 | 0.0089283638125921:-0.13875223826786676 | 0.10110873735921122 | 0.22405555523694742
-0.13875223826786676 | 0.10110873735921122 | 0.22405555523694742 | 0.5401299191331945 | 0.0089283638125921:-0.14217651852161262 | 0.09743777656333252 | 0.2325320440755494
-0.14217651852161262 | 0.09743777656333252 | 0.2325320440755494 | 0.5401299191331945 | 0.0089283638125921:-0.14555922845364622 | 0.09336008459864442 | 0.240914248679446
-0.14555922845364622 | 0.09336008459864442 | 0.240914248679446 | 0.5401299191331945 | 0.0089283638125921:-0.14890079267318335 | 0.08888004094585455 | 0.24918632875375923
-0.14890079267318335 | 0.08888004094585455 | 0.24918632875375923 | 0.5401299191331945 | 0.0089283638125921:-0.15220164116189228 | 0.08400256404023376 | 0.2573326639388105
-0.15220164116189228 | 0.08400256404023376 | 0.2573326639388105 | 0.5401299191331945 | 0.0089283638125921:-0.15546220914205522 | 0.07873310140870027 | 0.2653378703092697
-0.15546220914205522 | 0.07873310140870027 | 0.2653378703092697 | 0.5401299191331945 | 0.0089283638125921:-0.15868293693690871 | 0.07307761934949686 | 0.27318681648028953
-0.15868293693690871 | 0.07307761934949686 | 0.27318681648028953 | 0.5401299191331945 | 0.0089283638125921:-0.16186426982340096 | 0.06704259216862352 | 0.2808646393092218
-0.16186426982340096 | 0.06704259216862352 | 0.2808646393092218 | 0.5401299191331945 | 0.0089283638125921:-0.16500665787761415 | 0.060634990987438186 | 0.28835675918201975
-0.16500665787761415 | 0.060634990987438186 | 0.28835675918201975 | -0.7103853282865922 | -0.04503844395567502:-0.16889882449351434 | 0.07222595877931326 | 0.29125104349808684
-0.16889882449351434 | 0.07222595877931326 | 0.29125104349808684 | -0.7103853282865922 | -0.04503844395567502:-0.17277644551753868 | 0.08409457615932725 | 0.2936075059545855
-0.17277644551753868 | 0.08409457615932725 | 0.2936075059545855 | -0.7103853282865922 | -0.04503844395567502:-0.17663821768975563 | 0.09621556899795847 | 0.29541152871585385
-0.17663821768975563 | 0.09621556899795847 | 0.29541152871585385 | -0.7103853282865922 | -0.04503844395567502:-0.18048279662704791 | 0.10856304334601852 | 0.2966496692931111
-0.18048279662704791 | 0.10856304334601852 | 0.2966496692931111 | -0.7103853282865922 | -0.04503844395567502:-0.1843088002214821 | 0.12111053814225858 | 0.29730968320485474
-0.1843088002214821 | 0.12111053814225858 | 0.29730968320485474 | -0.5651606436468655 | 0.8708610522115319:-0.17426185758588453 | 0.13166514917264793 | 0.3066434766563413
-0.17426185758588453 | 0.13166514917264793 | 0.3066434766563413 | -0.5651606436468655 | 0.8708610522115319:-0.16358109708481017 | 0.14259986332283425 | 0.31523537218531406
-0.16358109708481017 | 0.14259986332283425 | 0.31523537218531406 | -0.5651606436468655 | 0.8708610522115319:-0.15230249607364765 | 0.153892479528293 | 0.32303383077150016
-0.15230249607364765 | 0.153892479528293 | 0.32303383077150016 | -0.5651606436468655 | 0.8708610522115319:-0.14046479551113134 | 0.16551896296176327 | 0.3299898803300412
-0.14046479551113134 | 0.16551896296176327 | 0.3299898803300412 | -0.5651606436468655 | 0.8708610522115319:-0.12810936342183243 | 0.17745353083443138 | 0.33605731675953265
-0.12810936342183243 | 0.17745353083443138 | 0.33605731675953265 | -0.4046644922660958 | 0.7712204312129978:-0.11692018465170317 | 0.18696752333202538 | 0.34212443554227967
-0.11692018465170317 | 0.18696752333202538 | 0.34212443554227967 | -0.4046644922660958 | 0.7712204312129978:-0.10530444532407124 | 0.1966750842977958 | 0.34751763190375584
-0.10530444532407124 | 0.1966750842977958 | 0.34751763190375584 | -0.4046644922660958 | 0.7712204312129978:-0.09329257987144768 | 0.2065609063005458 | 0.3522082611068491
-0.09329257987144768 | 0.2065609063005458 | 0.3522082611068491 | -0.4046644922660958 | 0.7712204312129978:-0.08091638871284879 | 0.21660894339121128 | 0.35616947096539775
-0.08091638871284879 | 0.21660894339121128 | 0.35616947096539775 | -0.4046644922660958 | 0.7712204312129978:-0.06820895347785161 | 0.22680245483576034 | 0.3593762792047315
-0.06820895347785161 | 0.22680245483576034 | 0.3593762792047315 | -0.10836840499417888 | -0.1822902424353463:-0.07241622339940523 | 0.2317736578433962 | 0.362236863161149
-0.07241622339940523 | 0.2317736578433962 | 0.362236863161149 | -0.10836840499417888 | -0.1822902424353463:-0.07668219090979278 | 0.236755350559684 | 0.3649596552114378
-0.07668219090979278 | 0.236755350559684 | 0.3649596552114378 | -0.10836840499417888 | -0.1822902424353463:-0.08100461278915727 | 0.24174644756402763 | 0.36754452709921637
-0.08100461278915727 | 0.24174644756402763 | 0.36754452709921637 | -0.10836840499417888 | -0.1822902424353463:-0.08538125880939607 | 0.24674586859344494 | 0.3699913830172257
-0.08538125880939607 | 0.24674586859344494 | 0.3699913830172257 | -0.10836840499417888 | -0.1822902424353463:-0.0898099119432878 | 0.25175253869266 | 0.37230015923989157
-0.0898099119432878 | 0.25175253869266 | 0.37230015923989157 | -0.10836840499417888 | -0.1822902424353463:-0.0942883685691509 | 0.2567653883612966 | 0.3744708237563188
-0.0942883685691509 | 0.2567653883612966 | 0.3744708237563188 | -0.10836840499417888 | -0.1822902424353463:-0.09881443867105588 | 0.26178335369817773 | 0.3765033759037184
-0.09881443867105588 | 0.26178335369817773 | 0.3765033759037184 | -0.10836840499417888 | -0.1822902424353463:-0.10338594603465356 | 0.2668053765427736 | 0.3783978460013664
-0.10338594603465356 | 0.2668053765427736 | 0.3783978460013664 | -0.10836840499417888 | -0.1822902424353463:-0.1080007284386415 | 0.27183040461381847 | 0.3801542949850649
-0.1080007284386415 | 0.27183040461381847 | 0.3801542949850649 | -0.10836840499417888 | -0.1822902424353463:-0.11265663784193425 | 0.2768573916451329 | 0.38177281404220587
-0.11265663784193425 | 0.2768573916451329 | 0.38177281404220587 | -0.10836840499417888 | -0.1822902424353463:-0.11735154056656061 | 0.28188529751866565 | 0.3832535242474151
-0.11735154056656061 | 0.28188529751866565 | 0.3832535242474151 | -0.10836840499417888 | -0.1822902424353463:-0.12208331747634382 | 0.28691308839479746 | 0.384596576198879
-0.12208331747634382 | 0.28691308839479746 | 0.384596576198879 | -0.10836840499417888 | -0.1822902424353463:-0.12684986415140198 | 0.2919397368399226 | 0.3858021496553157
-0.12684986415140198 | 0.2919397368399226 | 0.3858021496553157 | -0.10836840499417888 | -0.1822902424353463:-0.1316490910585033 | 0.2969642219513444 | 0.3868704531736924
-0.1316490910585033 | 0.2969642219513444 | 0.3868704531736924 | -0.10836840499417888 | -0.1822902424353463:-0.13647892371734027 | 0.3019855294795022 | 0.38780172374767474
-0.13647892371734027 | 0.3019855294795022 | 0.38780172374767474 | -0.10836840499417888 | -0.1822902424353463:-0.14133730286273227 | 0.30700265194756504 | 0.3885962264468539
-0.14133730286273227 | 0.30700265194756504 | 0.3885962264468539 | -0.10836840499417888 | -0.1822902424353463:-0.14622218460283065 | 0.31201458876842203 | 0.3892542540568229
-0.14622218460283065 | 0.31201458876842203 | 0.3892542540568229 | -0.10836840499417888 | -0.1822902424353463:-0.15113154057334288 | 0.31702034635907594 | 0.3897761267200366
-0.15113154057334288 | 0.31702034635907594 | 0.3897761267200366 | -0.10836840499417888 | -0.1822902424353463:-0.1560633580878319 | 0.32201893825248895 | 0.39016219157761967
-0.1560633580878319 | 0.32201893825248895 | 0.39016219157761967 | -0.10836840499417888 | -0.1822902424353463:-0.16101564028412252 | 0.3270093852069067 | 0.39041282241201714
-0.16101564028412252 | 0.3270093852069067 | 0.39041282241201714 | 0.08210696243437687 | 0.9427623923871171:-0.1436190417229053 | 0.32824215984085114 | 0.4023834287721577
-0.1436190417229053 | 0.32824215984085114 | 0.4023834287721577 | 0.08210696243437687 | 0.9427623923871171:-0.1255008316152466 | 0.32938323268752967 | 0.4135567597502501
-0.1255008316152466 | 0.32938323268752967 | 0.4135567597502501 | 0.08210696243437687 | 0.9427623923871171:-0.10669992879650625 | 0.3304361782335281 | 0.423890573759941
-0.10669992879650625 | 0.3304361782335281 | 0.423890573759941 | 0.08210696243437687 | 0.9427623923871171:-0.0872576010698154 | 0.3314047769253978 | 0.4333446483071377
-0.0872576010698154 | 0.3314047769253978 | 0.4333446483071377 | 0.08210696243437687 | 0.9427623923871171:-0.06721735719279742 | 0.33229300605184164 | 0.44188090679698533
-0.06721735719279742 | 0.33229300605184164 | 0.44188090679698533 | 0.08210696243437687 | 0.9427623923871171:-0.04662483230640113 | 0.33310503004237546 | 0.4494635393967066
-0.04662483230640113 | 0.33310503004237546 | 0.4494635393967066 | 0.08210696243437687 | 0.9427623923871171:-0.02552766713265875 | 0.3338451902102548 | 0.45605911762401874
-0.02552766713265875 | 0.3338451902102548 | 0.45605911762401874 | 0.08210696243437687 | 0.9427623923871171:-0.003975381284128332 | 0.334517993968916 | 0.46163670234873777
-0.003975381284128332 | 0.334517993968916 | 0.46163670234873777 | 0.08210696243437687 | 0.9427623923871171:0.01798075895722029 | 0.33512810355241385 | 0.46616794491400526
0.01798075895722029 | 0.33512810355241385 | 0.46616794491400526 | 0.08210696243437687 | 0.9427623923871171:0.040287878019974244 | 0.3356803242717259 | 0.46962718110295043
0.040287878019974244 | 0.3356803242717259 | 0.46962718110295043 | -0.7909614858542002 | -0.6875377941277441:0.024770771286213744 | 0.35656327554182354 | 0.4604314368443987
0.024770771286213744 | 0.35656327554182354 | 0.4604314368443987 | -0.7909614858542002 | -0.6875377941277441:0.009495435408570785 | 0.3771688242290452 | 0.44975727160090884
0.009495435408570785 | 0.3771688242290452 | 0.44975727160090884 | -0.7909614858542002 | -0.6875377941277441:-0.005482050342960676 | 0.39743244152064783 | 0.43761968388174566
-0.005482050342960676 | 0.39743244152064783 | 0.43761968388174566 | -0.7909614858542002 | -0.6875377941277441:-0.020106098497453928 | 0.4172900632095313 | 0.42403864482053777
-0.020106098497453928 | 0.4172900632095313 | 0.42403864482053777 | -0.7909614858542002 | -0.6875377941277441:-0.034321802545086655 | 0.4366783080594736 | 0.40903906212999885
-0.034321802545086655 | 0.4366783080594736 | 0.40903906212999885 | -0.7909614858542002 | -0.6875377941277441:-0.04807512442400963 | 0.4555346945725862 | 0.39265072738506035
-0.04807512442400963 | 0.4555346945725862 | 0.39265072738506035 | -0.7909614858542002 | -0.6875377941277441:-0.061313079708853024 | 0.4737978554387823 | 0.3749082467970837
-0.061313079708853024 | 0.4737978554387823 | 0.3749082467970837 | -0.7909614858542002 | -0.6875377941277441:-0.07398391988594355 | 0.49140774895554884 | 0.3558509556955656
-0.07398391988594355 | 0.49140774895554884 | 0.3558509556955656 | -0.7909614858542002 | -0.6875377941277441:-0.08603731111043977 | 0.5083058667169098 | 0.3355228169866713
-0.08603731111043977 | 0.5083058667169098 | 0.3355228169866713 | -0.7909614858542002 | -0.6875377941277441:-0.09742450885277698 | 0.5244354368834436 | 0.31397230390967934
-0.09742450885277698 | 0.5244354368834436 | 0.31397230390967934 | 0.5142469232094102 | -0.9046071225867092:-0.11281633185461182 | 0.5193678429705244 | 0.3245977709259549
-0.11281633185461182 | 0.5193678429705244 | 0.3245977709259549 | 0.5142469232094102 | -0.9046071225867092:-0.1287517229124333 | 0.5139453792731281 | 0.3344101506198207
-0.1287517229124333 | 0.5139453792731281 | 0.3344101506198207 | 0.5142469232094102 | -0.9046071225867092:-0.14519315604687222 | 0.5081892312437546 | 0.34337061950926895
-0.14519315604687222 | 0.5081892312437546 | 0.34337061950926895 | 0.5142469232094102 | -0.9046071225867092:-0.16210113264907022 | 0.5021217323883711 | 0.3514427136372227
-0.16210113264907022 | 0.5021217323883711 | 0.3514427136372227 | 0.5142469232094102 | -0.9046071225867092:-0.17943429771650798 | 0.4957662999203123 | 0.358592459867193
-0.17943429771650798 | 0.4957662999203123 | 0.358592459867193 | -0.22633614837923655 | -0.2398262150371071:-0.1846974657722189 | 0.5026329732909289 | 0.352775687971711
-0.1846974657722189 | 0.5026329732909289 | 0.352775687971711 | -0.22633614837923655 | -0.2398262150371071:-0.1899023499370429 | 0.5094271315869996 | 0.3467544808409251
-0.1899023499370429 | 0.5094271315869996 | 0.3467544808409251 | -0.22633614837923655 | -0.2398262150371071:-0.19504562062114594 | 0.5161458071876588 | 0.3405309569179167
-0.19504562062114594 | 0.5161458071876588 | 0.3405309569179167 | -0.22633614837923655 | -0.2398262150371071:-0.20012399013381632 | 0.5227860696644271 | 0.33410732004837485
-0.20012399013381632 | 0.5227860696644271 | 0.33410732004837485 | -0.22633614837923655 | -0.2398262150371071:-0.20513421368258733 | 0.5293450267506685 | 0.3274858580880604
-0.20513421368258733 | 0.5293450267506685 | 0.3274858580880604 | 0.7977718892387871 | -0.797647927738969:-0.22001062307669805 | 0.5185769637448168 | 0.3416656507574807
-0.22001062307669805 | 0.5185769637448168 | 0.3416656507574807 | 0.7977718892387871 | -0.797647927738969:-0.2354853492153648 | 0.5071521886705739 | 0.35484157219855206
-0.2354853492153648 | 0.5071521886705739 | 0.35484157219855206 | 0.7977718892387871 | -0.797647927738969:-0.2515176610153933 | 0.49511071867757295 | 0.3669583233715734
-0.2515176610153933 | 0.49511071867757295 | 0.3669583233715734 | 0.7977718892387871 | -0.797647927738969:-0.2680644399652028 | 0.4824950213881465 | 0.37796393913059845
-0.2680644399652028 | 0.4824950213881465 | 0.37796393913059845 | 0.7977718892387871 | -0.797647927738969:-0.28508032328343624 | 0.4693498759278292 | 0.3878099974345339
-0.28508032328343624 | 0.4693498759278292 | 0.3878099974345339 | 0.7977718892387871 | -0.797647927738969:-0.30251785587743996 | 0.45572222491157177 | 0.3964518163894297
-0.30251785587743996 | 0.45572222491157177 | 0.3964518163894297 | 0.7977718892387871 | -0.797647927738969:-0.32032765056216483 | 0.4416610179101461 | 0.40384863837320495
-0.32032765056216483 | 0.4416610179101461 | 0.40384863837320495 | 0.7977718892387871 | -0.797647927738969:-0.33845855596974417 | 0.42721704695270546 | 0.40996380054119186
-0.33845855596974417 | 0.42721704695270546 | 0.40996380054119186 | 0.7977718892387871 | -0.797647927738969:-0.3568578315516344 | 0.4124427746505681 | 0.41476489105971837
-0.3568578315516344 | 0.4124427746505681 | 0.41476489105971837 | 0.7977718892387871 | -0.797647927738969:-0.37547132904913383 | 0.39739215555460916 | 0.418223890467182
-0.37547132904913383 | 0.39739215555460916 | 0.418223890467182 | 0.14034944102112923 | 0.3087083486528055:-0.3705989216115082 | 0.39623347119914953 | 0.4286796294341215
-0.3705989216115082 | 0.39623347119914953 | 0.4286796294341215 | 0.14034944102112923 | 0.3087083486528055:-0.36551922509241663 | 0.39497011664784054 | 0.4390688644250389
-0.36551922509241663 | 0.39497011664784054 | 0.4390688644250389 | 0.14034944102112923 | 0.3087083486528055:-0.36023349685699024 | 0.39360274782413285 | 0.4493865552302765
-0.36023349685699024 | 0.39360274782413285 | 0.4493865552302765 | 0.14034944102112923 | 0.3087083486528055:-0.35474308690110234 | 0.3921320618856825 | 0.45962770196630487
-0.35474308690110234 | 0.3921320618856825 | 0.45962770196630487 | 0.14034944102112923 | 0.3087083486528055:-0.3490494368222148 | 0.39055879677306393 | 0.46978734690177504
-0.3490494368222148 | 0.39055879677306393 | 0.46978734690177504 | -0.9171350531169866 | 0.9299778241294565:-0.32907093206533666 | 0.4134177551504905 | 0.46909437414321786
-0.32907093206533666 | 0.4134177551504905 | 0.46909437414321786 | -0.9171350531169866 | 0.9299778241294565:-0.30909283035913937 | 0.436291069426634 | 0.4663885736868849
-0.30909283035913937 | 0.436291069426634 | 0.4663885736868849 | -0.9171350531169866 | 0.9299778241294565:-0.2892116912598599 | 0.4590839141581533 | 0.46166619005791176
-0.2892116912598599 | 0.4590839141581533 | 0.46166619005791176 | -0.9171350531169866 | 0.9299778241294565:-0.269524243419589 | 0.4817010833790967 | 0.4549326522643753
-0.269524243419589 | 0.4817010833790967 | 0.4549326522643753 | -0.9171350531169866 | 0.9299778241294565:-0.2501269372374324 | 0.5040474311282566 | 0.44620260314218285
-0.2501269372374324 | 0.5040474311282566 | 0.44620260314218285 | -0.13638332842493672 | 0.48884730696826173:-0.24017027369812638 | 0.5090686374106106 | 0.4504971388016443
-0.24017027369812638 | 0.5090686374106106 | 0.4504971388016443 | -0.13638332842493672 | 0.48884730696826173:-0.23006051353886647 | 0.5141109538124766 | 0.4545038347345809
-0.23006051353886647 | 0.5141109538124766 | 0.4545038347345809 | -0.13638332842493672 | 0.48884730696826173:-0.21980548919937348 | 0.5191724378018563 | 0.4582177871134263
-0.21980548919937348 | 0.5191724378018563 | 0.4582177871134263 | -0.13638332842493672 | 0.48884730696826173:-0.2094131694774184 | 0.524251105744284 | 0.46163432779118807
-0.2094131694774184 | 0.524251105744284 | 0.46163432779118807 | -0.13638332842493672 | 0.48884730696826173:-0.19889165281047738 | 0.5293449347868631 | 0.4647490280506048
-0.19889165281047738 | 0.5293449347868631 | 0.4647490280506048 | -0.13638332842493672 | 0.48884730696826173:-0.1882491604723775 | 0.5344518647665311 | 0.4675577021489161
-0.1882491604723775 | 0.5344518647665311 | 0.4675577021489161 | -0.13638332842493672 | 0.48884730696826173:-0.17749402969054628 | 0.5395698001409315 | 0.470056410656575
-0.17749402969054628 | 0.5395698001409315 | 0.470056410656575 | -0.13638332842493672 | 0.48884730696826173:-0.166634706689468 | 0.5446966119403598 | 0.47224146358809804
-0.166634706689468 | 0.5446966119403598 | 0.47224146358809804 | -0.13638332842493672 | 0.48884730696826173:-0.15567973966605209 | 0.5498301397391927 | 0.4741094233237533
-0.15567973966605209 | 0.5498301397391927 | 0.4741094233237533 | -0.13638332842493672 | 0.48884730696826173:-0.144637771702552 | 0.5549681936452941 | 0.47565710732063593
-0.144637771702552 | 0.5549681936452941 | 0.47565710732063593 | -0.7307734686997389 | 0.6921919935941105:-0.1292453009455805 | 0.5739306183896176 | 0.46137173250493646
-0.1292453009455805 | 0.5739306183896176 | 0.46137173250493646 | -0.7307734686997389 | 0.6921919935941105:-0.11432392910554512 | 0.5923945626187646 | 0.4458061947489327
-0.11432392910554512 | 0.5923945626187646 | 0.4458061947489327 | -0.7307734686997389 | 0.6921919935941105:-0.09992016098710721 | 0.6103105577925376 | 0.428994217009091
-0.09992016098710721 | 0.6103105577925376 | 0.428994217009091 | -0.7307734686997389 | 0.6921919935941105:-0.08607928981118818 | 0.6276303459595312 | 0.4109731393873943
-0.08607928981118818 | 0.6276303459595312 | 0.4109731393873943 | -0.7307734686997389 | 0.6921919935941105:-0.07284526547338288 | 0.6443070205112917 | 0.3917838291817617
-0.07284526547338288 | 0.6443070205112917 | 0.3917838291817617 | -0.7307734686997389 | 0.6921919935941105:-0.06026056625023202 | 0.6602951634832763 | 0.37147058069849237
-0.06026056625023202 | 0.6602951634832763 | 0.37147058069849237 | -0.7307734686997389 | 0.6921919935941105:-0.04836607432230622 | 0.6755509790081007 | 0.3500810050975218
-0.04836607432230622 | 0.6755509790081007 | 0.3500810050975218 | -0.7307734686997389 | 0.6921919935941105:-0.03720095547249258 | 0.6900324225371932 | 0.32766591057018957
-0.03720095547249258 | 0.6900324225371932 | 0.32766591057018957 | -0.7307734686997389 | 0.6921919935941105:-0.026802543305866067 | 0.7036993254591835 | 0.3042791731760275
-0.026802543305866067 | 0.7036993254591835 | 0.3042791731760275 | -0.7307734686997389 | 0.6921919935941105:-0.01720622832498009 | 0.7165135147562367 | 0.27997759869182204
-0.01720622832498009 | 0.7165135147562367 | 0.27997759869182204 | 0.9935447834014579 | -0.5484690956938343:-0.025920303462285688 | 0.7038291993882453 | 0.3155642860335135
-0.025920303462285688 | 0.7038291993882453 | 0.3155642860335135 | 0.9935447834014579 | -0.5484690956938343:-0.035616002722985485 | 0.6893234793177356 | 0.35031542805388227
-0.035616002722985485 | 0.6893234793177356 | 0.35031542805388227 | 0.9935447834014579 | -0.5484690956938343:-0.04626966207232286 | 0.6730364382707847 | 0.38410980987281107
-0.04626966207232286 | 0.6730364382707847 | 0.38410980987281107 | 0.9935447834014579 | -0.5484690956938343:-0.05785419311185791 | 0.6550144278818237 | 0.41682887519890954
-0.05785419311185791 | 0.6550144278818237 | 0.41682887519890954 | 0.9935447834014579 | -0.5484690956938343:-0.07033916311165456 | 0.6353099332018033 | 0.448357148325087
-0.07033916311165456 | 0.6353099332018033 | 0.448357148325087 | 0.9935447834014579 | -0.5484690956938343:-0.08369088699624783 | 0.6139814163135995 | 0.47858264665722317
-0.08369088699624783 | 0.6139814163135995 | 0.47858264665722317 | 0.9935447834014579 | -0.5484690956938343:-0.09787253098533455 | 0.5910931385602041 | 0.5073972823049147
-0.09787253098533455 | 0.5910931385602041 | 0.5073972823049147 | 0.9935447834014579 | -0.5484690956938343:-0.11284422754858525 | 0.5667149619668947 | 0.5346972513002797
-0.11284422754858525 | 0.5667149619668947 | 0.5346972513002797 | 0.9935447834014579 | -0.5484690956938343:-0.128563201294007 | 0.5409221305125058 | 0.56038340905301
-0.128563201294007 | 0.5409221305125058 | 0.56038340905301 | 0.9935447834014579 | -0.5484690956938343:-0.1449839053702604 | 0.5137950319764713 | 0.5843616306967689
-0.1449839053702604 | 0.5137950319764713 | 0.5843616306967689 | -0.42518344227948845 | -0.7292974631811282:-0.16622518534150288 | 0.5274868520947962 | 0.5691360169321271
-0.16622518534150288 | 0.5274868520947962 | 0.5691360169321271 | -0.42518344227948845 | -0.7292974631811282:-0.18693501859296902 | 0.5408692177722756 | 0.5527975352296863
-0.18693501859296902 | 0.5408692177722756 | 0.5527975352296863 | -0.42518344227948845 | -0.7292974631811282:-0.20707070089791202 | 0.5539170777285989 | 0.5353716863535283
-0.20707070089791202 | 0.5539170777285989 | 0.5353716863535283 | -0.42518344227948845 | -0.7292974631811282:-0.22659048364367607 | 0.5666059131144294 | 0.5168861825564619
-0.22659048364367607 | 0.5666059131144294 | 0.5168861825564619 | -0.42518344227948845 | -0.7292974631811282:-0.24545365887007264 | 0.5789117876135776 | 0.49737089898526676
-0.24545365887007264 | 0.5789117876135776 | 0.49737089898526676 | 0.8381288122513735 | 0.7105930561932596:-0.2273459038617709 | 0.5589455043084186 | 0.5308870818188041
-0.2273459038617709 | 0.5589455043084186 | 0.5308870818188041 | 0.8381288122513735 | 0.7105930561932596:-0.20803575948146147 | 0.5375233099401484 | 0.5629353609661791
-0.20803575948146147 | 0.5375233099401484 | 0.5629353609661791 | 0.8381288122513735 | 0.7105930561932596:-0.18757675220154368 | 0.5147061684202825 | 0.5934088009568228
-0.18757675220154368 | 0.5147061684202825 | 0.5934088009568228 | 0.8381288122513735 | 0.7105930561932596:-0.16602629043875083 | 0.49055971718681946 | 0.6222050167609652
-0.16602629043875083 | 0.49055971718681946 | 0.6222050167609652 | 0.8381288122513735 | 0.7105930561932596:-0.14344549331375944 | 0.4651540724607983 | 0.6492265189021751
-0.14344549331375944 | 0.4651540724607983 | 0.6492265189021751 | -0.6041567505676511 | -0.656709523156709:-0.16459263146782988 | 0.48567656658921976 | 0.6312932365009729
-0.16459263146782988 | 0.48567656658921976 | 0.6312932365009729 | -0.6041567505676511 | -0.656709523156709:-0.18516196860838363 | 0.5056800483402171 | 0.6120019060843092
-0.18516196860838363 | 0.5056800483402171 | 0.6120019060843092 | -0.6041567505676511 | -0.656709523156709:-0.2051072704357786 | 0.5251215449388553 | 0.5913868629155274
-0.2051072704357786 | 0.5251215449388553 | 0.5913868629155274 | -0.6041567505676511 | -0.656709523156709:-0.22438347165030237 | 0.5439591137546245 | 0.5694853879690029
-0.22438347165030237 | 0.5439591137546245 | 0.5694853879690029 | -0.6041567505676511 | -0.656709523156709:-0.24294677660864394 | 0.5621519360062592 | 0.5463376353259122
-0.24294677660864394 | 0.5621519360062592 | 0.5463376353259122 | 0.23329363985714813 | -0.6841747473165252:-0.26228534289948513 | 0.5569552496800085 | 0.545414010402439
-0.26228534289948513 | 0.5569552496800085 | 0.545414010402439 | 0.23329363985714813 | -0.6841747473165252:-0.281613624496849 | 0.5517437344505112 | 0.5437509806808905
-0.281613624496849 | 0.5517437344505112 | 0.5437509806808905 | 0.23329363985714813 | -0.6841747473165252:-0.30090534708417493 | 0.5465264853155887 | 0.5413479254651534
-0.30090534708417493 | 0.5465264853155887 | 0.5413479254651534 | 0.23329363985714813 | -0.6841747473165252:-0.3201342013233912 | 0.5413126139796205 | 0.5382052816143386
-0.3201342013233912 | 0.5413126139796205 | 0.5382052816143386 | 0.23329363985714813 | -0.6841747473165252:-0.3392738811782543 | 0.5361112358090452 | 0.534324544912721
-0.3392738811782543 | 0.5361112358090452 | 0.534324544912721 | 0.23329363985714813 | -0.6841747473165252:-0.35829812225670565 | 0.5309314567720662 | 0.5297082698886229
-0.35829812225670565 | 0.5309314567720662 | 0.5297082698886229 | 0.23329363985714813 | -0.6841747473165252:-0.3771807401162839 | 0.525782360381875 | 0.524360068083368
-0.3771807401162839 | 0.525782360381875 | 0.524360068083368 | 0.23329363985714813 | -0.6841747473165252:-0.3958956684766797 | 0.5206729946623412 | 0.5182846047736689
-0.3958956684766797 | 0.5206729946623412 | 0.5182846047736689 | 0.23329363985714813 | -0.6841747473165252:-0.4144169972837908 | 0.5156123591551705 | 0.5114875941530244
-0.4144169972837908 | 0.5156123591551705 | 0.5114875941530244 | 0.23329363985714813 | -0.6841747473165252:-0.43271901056993656 | 0.5106093919875647 | 0.5039757929798157
-0.43271901056993656 | 0.5106093919875647 | 0.5039757929798157 | 0.8399253048878952 | 0.34153643887323826:-0.4245116493467975 | 0.48994680660327816 | 0.5333116590843616
-0.4245116493467975 | 0.48994680660327816 | 0.5333116590843616 | 0.8399253048878952 | 0.34153643887323826:-0.4157934079493053 | 0.46801769106641444 | 0.5616517151785132
-0.4157934079493053 | 0.46801769106641444 | 0.5616517151785132 | 0.8399253048878952 | 0.34153643887323826:-0.40658185692254634 | 0.444863808228007 | 0.5889319798795185
-0.40658185692254634 | 0.444863808228007 | 0.5889319798795185 | 0.8399253048878952 | 0.34153643887323826:-0.39689568339346337 | 0.42052971239124304 | 0.6150905699278724
-0.39689568339346337 | 0.42052971239124304 | 0.6150905699278724 | 0.8399253048878952 | 0.34153643887323826:-0.38675465277730936 | 0.3950626580806045 | 0.6400678413831002
-0.38675465277730936 | 0.3950626580806045 | 0.6400678413831002 | 0.8399253048878952 | 0.34153643887323826:-0.37617956802999686 | 0.368512502675685 | 0.6638065260785737
-0.37617956802999686 | 0.368512502675685 | 0.6638065260785737 | 0.8399253048878952 | 0.34153643887323826:-0.3651922265353029 | 0.34093160312173154 | 0.6862518630282182
-0.3651922265353029 | 0.34093160312173154 | 0.6862518630282182 | 0.8399253048878952 | 0.34153643887323826:-0.3538153747210444 | 0.3123747069424496 | 0.7073517244889018
-0.3538153747210444 | 0.3123747069424496 | 0.7073517244889018 | 0.8399253048878952 | 0.34153643887323826:-0.34207266050347584 | 0.2828988377930415 | 0.7270567363946867
-0.34207266050347584 | 0.2828988377930415 | 0.7270567363946867 | 0.8399253048878952 | 0.34153643887323826:-0.329988583663944 | 0.25256317580374343 | 0.7453203928910455
-0.329988583663944 | 0.25256317580374343 | 0.7453203928910455 | 0.8399253048878952 | 0.34153643887323826:-0.3175884442663701 | 0.22142893297538535 | 0.7620991647108184
-0.3175884442663701 | 0.22142893297538535 | 0.7620991647108184 | 0.8399253048878952 | 0.34153643887323826:-0.3048982892285501 | 0.18955922389989155 | 0.7773526011470153
-0.3048982892285501 | 0.18955922389989155 | 0.7773526011470153 | 0.8399253048878952 | 0.34153643887323826:-0.2919448571642569 | 0.15701893208837703 | 0.7910434253919618
-0.2919448571642569 | 0.15701893208837703 | 0.7910434253919618 | 0.8399253048878952 | 0.34153643887323826:-0.2787555216170574 | 0.12387457219996634 | 0.8031376230267995
-0.2787555216170574 | 0.12387457219996634 | 0.8031376230267995 | 0.8399253048878952 | 0.34153643887323826:-0.26535823281019333 | 0.09019414847267626 | 0.8136045234607963
-0.26535823281019333 | 0.09019414847267626 | 0.8136045234607963 | -0.10817136832459773 | -0.5423455012950551:-0.2877728314421404 | 0.09474656221721034 | 0.8069167064819993
-0.2877728314421404 | 0.09474656221721034 | 0.8069167064819993 | -0.10817136832459773 | -0.5423455012950551:-0.3100273922626684 | 0.09926819421680477 | 0.7995722125647546
-0.3100273922626684 | 0.09926819421680477 | 0.7995722125647546 | -0.10817136832459773 | -0.5423455012950551:-0.332103138665488 | 0.10375529472955236 | 0.7915752374267555
-0.332103138665488 | 0.10375529472955236 | 0.7915752374267555 | -0.10817136832459773 | -0.5423455012950551:-0.35398141095653557 | 0.10820413574543863 | 0.7829305392331634
