0.0 | 0.0 | 0.0 | -0.12711554628980126 | -0.5985628819862838:-2.992307216219728E-4 | 6.35573452334448E-5 | 0.009995319976824377
-2.992307216219728E-4 | 6.35573452334448E-5 | 0.009995319976824377 | -0.12711554628980126 | -0.5985628819862838:-0.0011903688773382591 | 2.52896486898746E-4 | 0.019862755732847816
-0.0011903688773382591 | 2.52896486898746E-4 | 0.019862755732847816 | -0.12711554628980126 | -0.5985628819862838:-0.002662854930380098 | 5.658619315247471E-4 | 0.029575976820625918
-0.002662854930380098 | 5.658619315247471E-4 | 0.029575976820625918 | -0.12711554628980126 | -0.5985628819862838:-0.004705180731111713 | 0.0010000947310346842 | 0.03910927655603759
-0.004705180731111713 | 0.0010000947310346842 | 0.03910927655603759 | -0.12711554628980126 | -0.5985628819862838:-0.007304918731433361 | 0.0015530385864669372 | 0.04843760359762431
-0.007304918731433361 | 0.0015530385864669372 | 0.04843760359762431 | -0.12711554628980126 | -0.5985628819862838:-0.01044875208911615 | 0.002221946144686071 | 0.05753659226300761
-0.01044875208911615 | 0.002221946144686071 | 0.05753659226300761 | -0.12711554628980126 | -0.5985628819862838:-0.014122505614341259 | 0.0030038854780199964 | 0.06638259155988224
-0.014122505614341259 | 0.0030038854780199964 | 0.06638259155988224 | -0.12711554628980126 | -0.5985628819862838:-0.01831117751030699 | 0.0038957467366677045 | 0.07495269291083018
-0.01831117751030699 | 0.0038957467366677045 | 0.07495269291083018 | -0.12711554628980126 | -0.5985628819862838:-0.02299897185941472 | 0.004894248963640768 | 0.0832247565529487
-0.02299897185941472 | 0.004894248963640768 | 0.0832247565529487 | -0.12711554628980126 | -0.5985628819862838:-0.028169331806249753 | 0.005995947061933959 | 0.09117743659503585
-0.028169331806249753 | 0.005995947061933959 | 0.09117743659503585 | -0.12711554628980126 | -0.5985628819862838:-0.0338049733883342 | 0.007197238903564718 | 0.09879020471682465
-0.0338049733883342 | 0.007197238903564718 | 0.09879020471682465 | -0.12711554628980126 | -0.5985628819862838:-0.03988791996544633 | 0.008494372570076458 | 0.10604337249649931
-0.03988791996544633 | 0.008494372570076458 | 0.10604337249649931 | -0.12711554628980126 | -0.5985628819862838:-0.046399537198173885 | 0.00988345371406707 | 0.11291811235446914
-0.046399537198173885 | 0.00988345371406707 | 0.11291811235446914 | -0.12711554628980126 | -0.5985628819862838:-0.053320568526297046 | 0.011360453031284967 | 0.11939647710310619
-0.053320568526297046 | 0.011360453031284967 | 0.11939647710310619 | -0.12711554628980126 | -0.5985628819862838:-0.060631171097578984 | 0.012921213832825074 | 0.12546141809387423
-0.060631171097578984 | 0.012921213832825074 | 0.12546141809387423 | -0.12711554628980126 | -0.5985628819862838:-0.06831095209757909 | 0.014561459706959101 | 0.13109680195499518
-0.06831095209757909 | 0.014561459706959101 | 0.13109680195499518 | -0.12711554628980126 | -0.5985628819862838:-0.07633900543119326 | 0.016276802260148826 | 0.13628742591449483
-0.07633900543119326 | 0.016276802260148826 | 0.13628742591449483 | -0.12711554628980126 | -0.5985628819862838:-0.08469394870676861 | 0.018062748926815697 | 0.14101903170515895
-0.08469394870676861 | 0.018062748926815697 | 0.14101903170515895 | -0.12711554628980126 | -0.5985628819862838:-0.09335396047383393 | 0.019914710837475535 | 0.1452783180496091
-0.09335396047383393 | 0.019914710837475535 | 0.1452783180496091 | -0.12711554628980126 | -0.5985628819862838:-0.10229681766573218 | 0.021828010734895598 | 0.14905295172535182
-0.10229681766573218 | 0.021828010734895598 | 0.14905295172535182 | -0.6618263835436582 | -0.4922803584581368:-0.11067182762567518 | 0.02794893689909439 | 0.15223037682351737
-0.11067182762567518 | 0.02794893689909439 | 0.15223037682351737 | -0.6618263835436582 | -0.4922803584581368:-0.11922686147041606 | 0.034373311144922813 | 0.15477032658579937
-0.11922686147041606 | 0.034373311144922813 | 0.15477032658579937 | -0.6618263835436582 | -0.4922803584581368:-0.12793913921903144 | 0.04107034118001074 | 0.1566520591858671
-0.12793913921903144 | 0.04107034118001074 | 0.1566520591858671 | -0.6618263835436582 | -0.4922803584581368:-0.13678531436125918 | 0.04800844256828285 | 0.15785698129987713
-0.13678531436125918 | 0.04800844256828285 | 0.15785698129987713 | -0.6618263835436582 | -0.4922803584581368:-0.14574154196786449 | 0.055155329613887916 | 0.15836868661214476
-0.14574154196786449 | 0.055155329613887916 | 0.15836868661214476 | -0.6618263835436582 | -0.4922803584581368:-0.1547835474937389 | 0.062478107271368044 | 0.15817298861762108
-0.1547835474937389 | 0.062478107271368044 | 0.15817298861762108 | -0.6618263835436582 | -0.4922803584581368:-0.16388669611014772 | 0.06994336386253425 | 0.15725794769612023
-0.16388669611014772 | 0.06994336386253425 | 0.15725794769612023 | -0.6618263835436582 | -0.4922803584581368:-0.17302606240290808 | 0.07751726438081691 | 0.15561389244586632
-0.17302606240290808 | 0.07751726438081691 | 0.15561389244586632 | -0.6618263835436582 | -0.4922803584581368:-0.18217650027400367 | 0.08516564416461103 | 0.1532334352764244
-0.18217650027400367 | 0.08516564416461103 | 0.1532334352764244 | -0.6618263835436582 | -0.4922803584581368:-0.1913127128851726 | 0.09285410272232869 | 0.15011148227350057
-0.1913127128851726 | 0.09285410272232869 | 0.15011148227350057 | -0.6618263835436582 | -0.4922803584581368:-0.20040932248337606 | 0.10054809749350155 | 0.14624523736033845
-0.20040932248337606 | 0.10054809749350155 | 0.14624523736033845 | -0.6618263835436582 | -0.4922803584581368:-0.20944093994973256 | 0.10821303733233804 | 0.14163420079252687
-0.20944093994973256 | 0.10821303733233804 | 0.14163420079252687 | -0.6618263835436582 | -0.4922803584581368:-0.2183822339154946 | 0.11581437550261774 | 0.13628016203494342
-0.2183822339154946 | 0.11581437550261774 | 0.13628016203494342 | -0.6618263835436582 | -0.4922803584581368:-0.22720799929093927 | 0.12331770197569958 | 0.13018718708124277
-0.22720799929093927 | 0.12331770197569958 | 0.13018718708124277 | -0.6618263835436582 | -0.4922803584581368:-0.2358932250556358 | 0.13068883482671517 | 0.12336160028775334
-0.2358932250556358 | 0.13068883482671517 | 0.12336160028775334 | -0.06799024529577435 | 0.8844033402787463:-0.23569023628109376 | 0.13421743009850595 | 0.13638448648776347
-0.23569023628109376 | 0.13421743009850595 | 0.13638448648776347 | -0.06799024529577435 | 0.8844033402787463:-0.2347145570798297 | 0.13776979441747994 | 0.14956747877976806
-0.2347145570798297 | 0.13776979441747994 | 0.14956747877976806 | -0.06799024529577435 | 0.8844033402787463:-0.23295355010624696 | 0.14134732933210092 | 0.16286546942982838
-0.23295355010624696 | 0.14134732933210092 | 0.16286546942982838 | -0.06799024529577435 | 0.8844033402787463:-0.23039712282176783 | 0.14495123840773627 | 0.17623266979440366
-0.23039712282176783 | 0.14495123840773627 | 0.17623266979440366 | -0.06799024529577435 | 0.8844033402787463:-0.22703775625112055 | 0.14858252481486167 | 0.18962274963871817
-0.22703775625112055 | 0.14858252481486167 | 0.18962274963871817 | -0.06799024529577435 | 0.8844033402787463:-0.22287052642348648 | 0.15224198947763457 | 0.20298897736959454
-0.22287052642348648 | 0.15224198947763457 | 0.20298897736959454 | -0.06799024529577435 | 0.8844033402787463:-0.2178931184876589 | 0.15593022978430526 | 0.21628436080942848
-0.2178931184876589 | 0.15593022978430526 | 0.21628436080942848 | -0.06799024529577435 | 0.8844033402787463:-0.21210583350872803 | 0.15964763885952515 | 0.22946178813935525
-0.21210583350872803 | 0.15964763885952515 | 0.22946178813935525 | -0.06799024529577435 | 0.8844033402787463:-0.20551158797195956 | 0.16339440539721073 | 0.2424741686419143
-0.20551158797195956 | 0.16339440539721073 | 0.2424741686419143 | -0.06799024529577435 | 0.8844033402787463:-0.19811590603749973 | 0.16717051405123562 | 0.2552745728766741
-0.19811590603749973 | 0.16717051405123562 | 0.2552745728766741 | 0.05354096442568812 | 0.9106284653252565:-0.1895284953266616 | 0.16939780593104037 | 0.2690982661046366
-0.1895284953266616 | 0.16939780593104037 | 0.2690982661046366 | 0.05354096442568812 | 0.9106284653252565:-0.18007586288816402 | 0.1715467033362259 | 0.2826261496595519
-0.18007586288816402 | 0.1715467033362259 | 0.2826261496595519 | 0.05354096442568812 | 0.9106284653252565:-0.16977041900690004 | 0.17361813815974259 | 0.2958066651584108
-0.16977041900690004 | 0.17361813815974259 | 0.2958066651584108 | 0.05354096442568812 | 0.9106284653252565:-0.1586274824175975 | 0.17561321145030018 | 0.3085889226373917
-0.1586274824175975 | 0.17561321145030018 | 0.3085889226373917 | 0.05354096442568812 | 0.9106284653252565:-0.1466652383679694 | 0.17753319118516853 | 0.3209228581454333
-0.1466652383679694 | 0.17753319118516853 | 0.3209228581454333 | 0.05354096442568812 | 0.9106284653252565:-0.1339046884991193 | 0.17937950955800774 | 0.3327593885952025
-0.1339046884991193 | 0.17937950955800774 | 0.3327593885952025 | 0.05354096442568812 | 0.9106284653252565:-0.12036959271810233 | 0.18115375979146542 | 0.34405056346025287
-0.12036959271810233 | 0.18115375979146542 | 0.34405056346025287 | 0.05354096442568812 | 0.9106284653252565:-0.1060864032574651 | 0.1828576924854577 | 0.3547497129179078
-0.1060864032574651 | 0.1828576924854577 | 0.3547497129179078 | 0.05354096442568812 | 0.9106284653252565:-0.09108419113580712 | 0.18449321151319653 | 0.36481159204905467
-0.09108419113580712 | 0.18449321151319653 | 0.36481159204905467 | 0.05354096442568812 | 0.9106284653252565:-0.07539456525205424 | 0.18606236947814692 | 0.3741925207186654
-0.07539456525205424 | 0.18606236947814692 | 0.3741925207186654 | 0.3709284289542514 | -0.3317728595504399:-0.08275367034553316 | 0.1815173501103473 | 0.38137436537130753
-0.08275367034553316 | 0.1815173501103473 | 0.38137436537130753 | 0.3709284289542514 | -0.3317728595504399:-0.09030270981037258 | 0.1767216419232116 | 0.38832147093772207
-0.09030270981037258 | 0.1767216419232116 | 0.38832147093772207 | 0.3709284289542514 | -0.3317728595504399:-0.09803647926843251 | 0.17168132471130493 | 0.3950230067115559
-0.09803647926843251 | 0.17168132471130493 | 0.3950230067115559 | 0.3709284289542514 | -0.3317728595504399:-0.10594955908748016 | 0.16640271795708372 | 0.40146842713867237
-0.10594955908748016 | 0.16640271795708372 | 0.40146842713867237 | 0.3709284289542514 | -0.3317728595504399:-0.11403632097169591 | 0.16089237357691655 | 0.4076474802508123
-0.11403632097169591 | 0.16089237357691655 | 0.4076474802508123 | -0.8788064341246664 | 0.2053320935326124:-0.11124997692034455 | 0.18080196886315925 | 0.4061854998420511
-0.11124997692034455 | 0.18080196886315925 | 0.4061854998420511 | -0.8788064341246664 | 0.2053320935326124:-0.10842612716514477 | 0.2008153579992058 | 0.40368815426280946
-0.10842612716514477 | 0.2008153579992058 | 0.40368815426280946 | -0.8788064341246664 | 0.2053320935326124:-0.10557750079242556 | 0.2208790939609564 | 0.4001442574967804
-0.10557750079242556 | 0.2208790939609564 | 0.4001442574967804 | -0.8788064341246664 | 0.2053320935326124:-0.10271696669523145 | 0.24093905887091616 | 0.3955455565562751
-0.10271696669523145 | 0.24093905887091616 | 0.3955455565562751 | -0.8788064341246664 | 0.2053320935326124:-0.09985749807463495 | 0.2609406152944862 | 0.3898867650733884
-0.09985749807463495 | 0.2609406152944862 | 0.3898867650733884 | -0.8788064341246664 | 0.2053320935326124:-0.09701213667006403 | 0.2808287588735805 | 0.3831655887841876
-0.09701213667006403 | 0.2808287588735805 | 0.3831655887841876 | -0.8788064341246664 | 0.2053320935326124:-0.09419395681317333 | 0.3005482718938417 | 0.37538274286399975
-0.09419395681317333 | 0.3005482718938417 | 0.37538274286399975 | -0.8788064341246664 | 0.2053320935326124:-0.09141602939978988 | 0.32004387738132234 | 0.3665419610926932
-0.09141602939978988 | 0.32004387738132234 | 0.3665419610926932 | -0.8788064341246664 | 0.2053320935326124:-0.08869138587421332 | 0.339260393325004 | 0.35664999684947496
-0.08869138587421332 | 0.339260393325004 | 0.35664999684947496 | -0.8788064341246664 | 0.2053320935326124:-0.08603298231972012 | 0.35814288662307003 | 0.3457166159573273
-0.08603298231972012 | 0.35814288662307003 | 0.3457166159573273 | 0.9540435467401558 | -0.6491381125802684:-0.09870552874083849 | 0.3445930760824618 | 0.362939063876766
-0.09870552874083849 | 0.3445930760824618 | 0.362939063876766 | 0.9540435467401558 | -0.6491381125802684:-0.11201671480707454 | 0.33003404562032035 | 0.379161803228385
-0.11201671480707454 | 0.33003404562032035 | 0.379161803228385 | 0.9540435467401558 | -0.6491381125802684:-0.12593354767419918 | 0.31451281889420013 | 0.39430360573687295
-0.12593354767419918 | 0.31451281889420013 | 0.39430360573687295 | 0.9540435467401558 | -0.6491381125802684:-0.14042002369292383 | 0.2980809234634165 | 0.40828672711202785
-0.14042002369292383 | 0.2980809234634165 | 0.40828672711202785 | 0.9540435467401558 | -0.6491381125802684:-0.15543725705721734 | 0.2807942101724983 | 0.4210372604885393
-0.15543725705721734 | 0.2807942101724983 | 0.4210372604885393 | -0.4950442144741767 | -0.9224674264408861:-0.1759081953635011 | 0.29371653048715274 | 0.40996372138979353
-0.1759081953635011 | 0.29371653048715274 | 0.40996372138979353 | -0.4950442144741767 | -0.9224674264408861:-0.19597697399511205 | 0.3064226648432218 | 0.3974669099773287
-0.19597697399511205 | 0.3064226648432218 | 0.3974669099773287 | -0.4950442144741767 | -0.9224674264408861:-0.2155690044641574 | 0.3188725264419503 | 0.3835665293554591
-0.2155690044641574 | 0.3188725264419503 | 0.3835665293554591 | -0.4950442144741767 | -0.9224674264408861:-0.23461056398996583 | 0.3310264288999498 | 0.36828731697866957
-0.23461056398996583 | 0.3310264288999498 | 0.36828731697866957 | -0.4950442144741767 | -0.9224674264408861:-0.25302905693631317 | 0.3428452272161646 | 0.3516589908574588
-0.25302905693631317 | 0.3428452272161646 | 0.3516589908574588 | -0.4950442144741767 | -0.9224674264408861:-0.2707532731045621 | 0.354290457265801 | 0.33371617845743984
-0.2707532731045621 | 0.354290457265801 | 0.33371617845743984 | -0.4950442144741767 | -0.9224674264408861:-0.2877136420085922 | 0.3653244733491956 | 0.31449832853042636
-0.2877136420085922 | 0.3653244733491956 | 0.31449832853042636 | -0.4950442144741767 | -0.9224674264408861:-0.3038424822723762 | 0.37591058333101657 | 0.2940496061722442
-0.3038424822723762 | 0.37591058333101657 | 0.2940496061722442 | -0.4950442144741767 | -0.9224674264408861:-0.3190742453087658 | 0.38601318091392756 | 0.2724187714569517
-0.3190742453087658 | 0.38601318091392756 | 0.2724187714569517 | -0.4950442144741767 | -0.9224674264408861:-0.33334575245833875 | 0.3955978746011315 | 0.24965904205078004
-0.33334575245833875 | 0.3955978746011315 | 0.24965904205078004 | -0.4950442144741767 | -0.9224674264408861:-0.34659642479016917 | 0.40463161291390115 | 0.2258279402611585
-0.34659642479016917 | 0.40463161291390115 | 0.2258279402611585 | -0.4950442144741767 | -0.9224674264408861:-0.35876850479177236 | 0.41308280544315323 | 0.20098712502674232
-0.35876850479177236 | 0.41308280544315323 | 0.20098712502674232 | -0.4950442144741767 | -0.9224674264408861:-0.3698072692033545 | 0.4209214393285734 | 0.17520220940311404
-0.3698072692033545 | 0.4209214393285734 | 0.17520220940311404 | -0.4950442144741767 | -0.9224674264408861:-0.3796612322816806 | 0.4281191907742983 | 0.14854256414544054
-0.3796612322816806 | 0.4281191907742983 | 0.14854256414544054 | -0.4950442144741767 | -0.9224674264408861:-0.38828233881121577 | 0.43464953122708394 | 0.12108110803428573
-0.38828233881121577 | 0.43464953122708394 | 0.12108110803428573 | -0.4387138345449799 | 0.503780253042668:-0.3879704812773994 | 0.44017334489842774 | 0.12208692520548681
-0.3879704812773994 | 0.44017334489842774 | 0.12208692520548681 | -0.4387138345449799 | 0.503780253042668:-0.3875904966967756 | 0.44570536053857523 | 0.1229553078206358
-0.3875904966967756 | 0.44570536053857523 | 0.1229553078206358 | -0.4387138345449799 | 0.503780253042668:-0.38714653583740244 | 0.45124251847207475 | 0.12368364641421437
-0.38714653583740244 | 0.45124251847207475 | 0.12368364641421437 | -0.4387138345449799 | 0.503780253042668:-0.3866428249989262 | 0.4567816858029978 | 0.12426953044296951
-0.3866428249989262 | 0.4567816858029978 | 0.12426953044296951 | -0.4387138345449799 | 0.503780253042668:-0.3860836601537372 | 0.46231966152790704 | 0.12471075209311167
-0.3860836601537372 | 0.46231966152790704 | 0.12471075209311167 | -0.9229125523831021 | 0.11762590765551595:-0.3878817779258483 | 0.47050617083947444 | 0.10618069298014632
-0.3878817779258483 | 0.47050617083947444 | 0.10618069298014632 | -0.9229125523831021 | 0.11762590765551595:-0.3897637334102697 | 0.4778269996260356 | 0.08717674277896137
-0.3897637334102697 | 0.4778269996260356 | 0.08717674277896137 | -0.9229125523831021 | 0.11762590765551595:-0.3917330844230449 | 0.4842554389695337 | 0.06774118587330236
-0.3917330844230449 | 0.4842554389695337 | 0.06774118587330236 | -0.9229125523831021 | 0.11762590765551595:-0.3937931135550201 | 0.48976688419038794 | 0.047917768356082746
-0.3937931135550201 | 0.48976688419038794 | 0.047917768356082746 | -0.9229125523831021 | 0.11762590765551595:-0.39594681890875094 | 0.49433891027234367 | 0.027751589112995134
-0.39594681890875094 | 0.49433891027234367 | 0.027751589112995134 | -0.8908302344388142 | -0.710427614343222:-0.3981857280385057 | 0.4979427655182391 | -0.00840070602922438
-0.3981857280385057 | 0.4979427655182391 | -0.00840070602922438 | -0.8908302344388142 | -0.710427614343222:-0.39910443572178167 | 0.4998997838849242 | -0.04493997312946263
-0.39910443572178167 | 0.4998997838849242 | -0.04493997312946263 | -0.8908302344388142 | -0.710427614343222:-0.3986857996154072 | 0.5001856672160976 | -0.08174048194401706
-0.3986857996154072 | 0.5001856672160976 | -0.08174048194401706 | -0.8908302344388142 | -0.710427614343222:-0.39691744709225674 | 0.4987820529109577 | -0.11867444926359028
-0.39691744709225674 | 0.4987820529109577 | -0.11867444926359028 | -0.8908302344388142 | -0.710427614343222:-0.39379185234399827 | 0.4956766209994896 | -0.15561250526284454
-0.39379185234399827 | 0.4956766209994896 | -0.15561250526284454 | 0.2709958067405156 | 0.5986177288136345:-0.400196528389106 | 0.5003973088663543 | -0.13776233941513283
-0.400196528389106 | 0.5003973088663543 | -0.13776233941513283 | 0.2709958067405156 | 0.5986177288136345:-0.4060606902370125 | 0.5048587006935179 | -0.11955988741720702
-0.4060606902370125 | 0.5048587006935179 | -0.11955988741720702 | 0.2709958067405156 | 0.5986177288136345:-0.4113710172874825 | 0.5090547924983362 | -0.10102642178714305
-0.4113710172874825 | 0.5090547924983362 | -0.10102642178714305 | 0.2709958067405156 | 0.5986177288136345:-0.41611490837092546 | 0.5129799004506594 | -0.08218377825851064
-0.41611490837092546 | 0.5129799004506594 | -0.08218377825851064 | 0.2709958067405156 | 0.5986177288136345:-0.4202805001661538 | 0.5166286694289788 | -0.06305432598527005
-0.4202805001661538 | 0.5166286694289788 | -0.06305432598527005 | 0.2709958067405156 | 0.5986177288136345:-0.42385668458599923 | 0.5199960811138133 | -0.043660937061339666
-0.42385668458599923 | 0.5199960811138133 | -0.043660937061339666 | 0.2709958067405156 | 0.5986177288136345:-0.42683312511130467 | 0.5230774616092368 | -0.024026955397342675
-0.42683312511130467 | 0.5230774616092368 | -0.024026955397342675 | 0.2709958067405156 | 0.5986177288136345:-0.42920027205516575 | 0.5258684885840594 | -0.0041761649976130855
-0.42920027205516575 | 0.5258684885840594 | -0.0041761649976130855 | 0.2709958067405156 | 0.5986177288136345:-0.430949376740859 | 0.5283651979248383 | 0.01586724231886194
-0.430949376740859 | 0.5283651979248383 | 0.01586724231886194 | 0.2709958067405156 | 0.5986177288136345:-0.43207250457818347 | 0.5305639898935759 | 0.036078699709371165
-0.43207250457818347 | 0.5305639898935759 | 0.036078699709371165 | -0.10384749705104412 | 0.9931098366744664:-0.43186103343358795 | 0.5331826615188682 | 0.054979669416031385
-0.43186103343358795 | 0.5331826615188682 | 0.054979669416031385 | -0.10384749705104412 | 0.9931098366744664:-0.43067846457805814 | 0.5358763134215074 | 0.0739147208097215
-0.43067846457805814 | 0.5358763134215074 | 0.0739147208097215 | -0.10384749705104412 | 0.9931098366744664:-0.4285206820093599 | 0.5386457731359329 | 0.0928327573515304
-0.4285206820093599 | 0.5386457731359329 | 0.0928327573515304 | -0.10384749705104412 | 0.9931098366744664:-0.4253862732851772 | 0.5414915836800951 | 0.11168238302629163
-0.4253862732851772 | 0.5414915836800951 | 0.11168238302629163 | -0.10384749705104412 | 0.9931098366744664:-0.4212765467523134 | 0.5444140014020036 | 0.1304120481841018
-0.4212765467523134 | 0.5444140014020036 | 0.1304120481841018 | -0.10384749705104412 | 0.9931098366744664:-0.41619554096880407 | 0.547412994640009 | 0.148970196242999
-0.41619554096880407 | 0.547412994640009 | 0.148970196242999 | -0.10384749705104412 | 0.9931098366744664:-0.4101500262835245 | 0.5504882432015883 | 0.16730541083088113
-0.4101500262835245 | 0.5504882432015883 | 0.16730541083088113 | -0.10384749705104412 | 0.9931098366744664:-0.40314949856029614 | 0.5536391386630655 | 0.18536656294366338
-0.40314949856029614 | 0.5536391386630655 | 0.18536656294366338 | -0.10384749705104412 | 0.9931098366744664:-0.3952061650559209 | 0.5568647854904576 | 0.20310295769684217
-0.3952061650559209 | 0.5568647854904576 | 0.20310295769684217 | -0.10384749705104412 | 0.9931098366744664:-0.38633492248400714 | 0.5601640029791426 | 0.22046448024898524
-0.38633492248400714 | 0.5601640029791426 | 0.22046448024898524 | -0.25168124612863574 | 0.6610730335394122:-0.38058041528320885 | 0.5651344024147491 | 0.22694870636295406
-0.38058041528320885 | 0.5651344024147491 | 0.22694870636295406 | -0.25168124612863574 | 0.6610730335394122:-0.37457243059349565 | 0.5701746324618782 | 0.23318810597463724
-0.37457243059349565 | 0.5701746324618782 | 0.23318810597463724 | -0.25168124612863574 | 0.6610730335394122:-0.3683192999678049 | 0.5752818697827493 | 0.2391721390101047
-0.3683192999678049 | 0.5752818697827493 | 0.2391721390101047 | -0.25168124612863574 | 0.6610730335394122:-0.3618297439084941 | 0.5804531380631701 | 0.24489059724324846
-0.3618297439084941 | 0.5804531380631701 | 0.24489059724324846 | -0.25168124612863574 | 0.6610730335394122:-0.35511285965663575 | 0.5856853125873442 | 0.2503336204864546
-0.35511285965663575 | 0.5856853125873442 | 0.2503336204864546 | -0.6433706537358268 | -0.6561120317249844:-0.36385648098342216 | 0.5956370774707977 | 0.22040994034884065
-0.36385648098342216 | 0.5956370774707977 | 0.22040994034884065 | -0.6433706537358268 | -0.6561120317249844:-0.3716139023138929 | 0.6046240578990094 | 0.18978831161727072
-0.3716139023138929 | 0.6046240578990094 | 0.18978831161727072 | -0.6433706537358268 | -0.6561120317249844:-0.3783596969520957 | 0.6126203644802288 | 0.15853377477901276
-0.3783596969520957 | 0.6126203644802288 | 0.15853377477901276 | -0.6433706537358268 | -0.6561120317249844:-0.384070689256788 | 0.6196022845722453 | 0.12671321585095185
-0.384070689256788 | 0.6196022845722453 | 0.12671321585095185 | -0.6433706537358268 | -0.6561120317249844:-0.388726018787505 | 0.6255483476573289 | 0.09439521308463839
-0.388726018787505 | 0.6255483476573289 | 0.09439521308463839 | 0.3920701965531934 | 0.5791696800102364:-0.3868120857311794 | 0.6257401962562881 | 0.11825853807262732
-0.3868120857311794 | 0.6257401962562881 | 0.11825853807262732 | 0.3920701965531934 | 0.5791696800102364:-0.3841811804260118 | 0.6254342668897266 | 0.14213154647294957
-0.3841811804260118 | 0.6254342668897266 | 0.14213154647294957 | 0.3920701965531934 | 0.5791696800102364:-0.3808317260592915 | 0.6246292972407232 | 0.16598156318757518
-0.3808317260592915 | 0.6246292972407232 | 0.16598156318757518 | 0.3920701965531934 | 0.5791696800102364:-0.3767631751303995 | 0.6233247194872789 | 0.18977580903197477
-0.3767631751303995 | 0.6233247194872789 | 0.18977580903197477 | 0.3920701965531934 | 0.5791696800102364:-0.37197601229198796 | 0.6215206627031264 | 0.21348144817297765
-0.37197601229198796 | 0.6215206627031264 | 0.21348144817297765 | 0.023845182431651013 | -0.3295181319720413:-0.3766723494823978 | 0.6232802557409087 | 0.20873955573706837
-0.3766723494823978 | 0.6232802557409087 | 0.20873955573706837 | 0.023845182431651013 | -0.3295181319720413:-0.38128866565649133 | 0.6250245577184046 | 0.20389871696379913
-0.38128866565649133 | 0.6250245577184046 | 0.20389871696379913 | 0.023845182431651013 | -0.3295181319720413:-0.3858229572974565 | 0.6267539247679963 | 0.1989604883498295
-0.3858229572974565 | 0.6267539247679963 | 0.1989604883498295 | 0.023845182431651013 | -0.3295181319720413:-0.39027325466759066 | 0.6284687084977278 | 0.19392646369377076
-0.39027325466759066 | 0.6284687084977278 | 0.19392646369377076 | 0.023845182431651013 | -0.3295181319720413:-0.39463762240507805 | 0.6301692559686742 | 0.18879827335653943
-0.39463762240507805 | 0.6301692559686742 | 0.18879827335653943 | 0.023845182431651013 | -0.3295181319720413:-0.39891416010583214 | 0.6318559096732344 | 0.1835775835139195
-0.39891416010583214 | 0.6318559096732344 | 0.1835775835139195 | 0.023845182431651013 | -0.3295181319720413:-0.4031010028902955 | 0.6335290075142623 | 0.17826609540164284
-0.4031010028902955 | 0.6335290075142623 | 0.17826609540164284 | 0.023845182431651013 | -0.3295181319720413:-0.4071963219551833 | 0.6351888827850516 | 0.1728655445532361
-0.4071963219551833 | 0.6351888827850516 | 0.1728655445532361 | 0.023845182431651013 | -0.3295181319720413:-0.41119832511006393 | 0.6368358641503136 | 0.16737770003090802
-0.41119832511006393 | 0.6368358641503136 | 0.16737770003090802 | 0.023845182431651013 | -0.3295181319720413:-0.41510525729876946 | 0.6384702756279097 | 0.1618043636497859
-0.41510525729876946 | 0.6384702756279097 | 0.1618043636497859 | -0.09918712110916261 | 0.5429037929591034:-0.4118147055351997 | 0.6410832037268932 | 0.1703273781590937
-0.4118147055351997 | 0.6410832037268932 | 0.1703273781590937 | -0.09918712110916261 | 0.5429037929591034:-0.40826954476986543 | 0.6437225346079245 | 0.17876233125985763
-0.40826954476986543 | 0.6437225346079245 | 0.17876233125985763 | -0.09918712110916261 | 0.5429037929591034:-0.40447204903711054 | 0.6463880754169224 | 0.1871014440654264
-0.40447204903711054 | 0.6463880754169224 | 0.1871014440654264 | -0.09918712110916261 | 0.5429037929591034:-0.40042472559891706 | 0.6490795884939189 | 0.19533700439458812
-0.40042472559891706 | 0.6490795884939189 | 0.19533700439458812 | -0.09918712110916261 | 0.5429037929591034:-0.3961303127749858 | 0.6517967917720213 | 0.20346137393500285
-0.3961303127749858 | 0.6517967917720213 | 0.20346137393500285 | 0.1106103924267412 | -0.1380490662299516:-0.39861070143927435 | 0.6523974329008411 | 0.2048689370626775
-0.39861070143927435 | 0.6523974329008411 | 0.2048689370626775 | 0.1106103924267412 | -0.1380490662299516:-0.4010939288247215 | 0.6529699110159726 | 0.20625943060088403
-0.4010939288247215 | 0.6529699110159726 | 0.20625943060088403 | 0.1106103924267412 | -0.1380490662299516:-0.40357992179267654 | 0.6535145425592148 | 0.20763264737367138
-0.40357992179267654 | 0.6535145425592148 | 0.20763264737367138 | 0.1106103924267412 | -0.1380490662299516:-0.4060686051153226 | 0.6540316430718178 | 0.2089883836944857
-0.4060686051153226 | 0.6540316430718178 | 0.2089883836944857 | 0.1106103924267412 | -0.1380490662299516:-0.40855990151479915 | 0.654521527188912 | 0.21032643935658868
-0.40855990151479915 | 0.654521527188912 | 0.21032643935658868 | 0.1106103924267412 | -0.1380490662299516:-0.4110537317020402 | 0.6549845086339872 | 0.2116466176233196
-0.4110537317020402 | 0.6549845086339872 | 0.2116466176233196 | 0.1106103924267412 | -0.1380490662299516:-0.41355001441520045 | 0.6554209002133788 | 0.2129487252182578
-0.41355001441520045 | 0.6554209002133788 | 0.2129487252182578 | 0.1106103924267412 | -0.1380490662299516:-0.4160486664578116 | 0.6558310138107686 | 0.21423257231520054
-0.4160486664578116 | 0.6558310138107686 | 0.21423257231520054 | 0.1106103924267412 | -0.1380490662299516:-0.418549602736519 | 0.6562151603816986 | 0.21549797252805547
-0.418549602736519 | 0.6562151603816986 | 0.21549797252805547 | 0.1106103924267412 | -0.1380490662299516:-0.421052736298563 | 0.6565736499481432 | 0.21674474290058754
-0.421052736298563 | 0.6565736499481432 | 0.21674474290058754 | -0.9723401069274138 | 0.7038129611912549:-0.4152726072578119 | 0.6678988777382955 | 0.19974920350767533
-0.4152726072578119 | 0.6678988777382955 | 0.19974920350767533 | -0.9723401069274138 | 0.7038129611912549:-0.4100886727270705 | 0.6783898237272581 | 0.181983899517288
-0.4100886727270705 | 0.6783898237272581 | 0.181983899517288 | -0.9723401069274138 | 0.7038129611912549:-0.40552808473044877 | 0.6880077495257666 | 0.16351118630379702
-0.40552808473044877 | 0.6880077495257666 | 0.16351118630379702 | -0.9723401069274138 | 0.7038129611912549:-0.40161571519867323 | 0.6967169934310959 | 0.14439632731980723
-0.40161571519867323 | 0.6967169934310959 | 0.14439632731980723 | -0.9723401069274138 | 0.7038129611912549:-0.3983740541216818 | 0.7044851169439923 | 0.12470725682103989
-0.3983740541216818 | 0.7044851169439923 | 0.12470725682103989 | -0.4836868042206315 | 0.1986587048968811:-0.39816404591011434 | 0.7088592442553647 | 0.11183340990881874
-0.39816404591011434 | 0.7088592442553647 | 0.11183340990881874 | -0.4836868042206315 | 0.1986587048968811:-0.39807204944690966 | 0.7129105885883078 | 0.0988247444575805
-0.39807204944690966 | 0.7129105885883078 | 0.0988247444575805 | -0.4836868042206315 | 0.1986587048968811:-0.3980997353762703 | 0.7166353381725159 | 0.08569074497745177
-0.3980997353762703 | 0.7166353381725159 | 0.08569074497745177 | -0.4836868042206315 | 0.1986587048968811:-0.39824867030502986 | 0.7200299293923536 | 0.07244101628358379
-0.39824867030502986 | 0.7200299293923536 | 0.07244101628358379 | -0.4836868042206315 | 0.1986587048968811:-0.39852031562067936 | 0.7230910497953928 | 0.05908527575781619
-0.39852031562067936 | 0.7230910497953928 | 0.05908527575781619 | -0.4466078158706015 | -0.4880070842285751:-0.4002801972038341 | 0.7257371418197067 | 0.03325819622973469
-0.4002801972038341 | 0.7257371418197067 | 0.03325819622973469 | -0.4466078158706015 | -0.4880070842285751:-0.40140044085246984 | 0.7277919772013774 | 0.007289128613312101
-0.40140044085246984 | 0.7277919772013774 | 0.007289128613312101 | -0.4466078158706015 | -0.4880070842285751:-0.40187687587036436 | 0.7292514794429081 | -0.018791981662758417
-0.40187687587036436 | 0.7292514794429081 | -0.018791981662758417 | -0.4466078158706015 | -0.4880070842285751:-0.4017061042666654 | 0.7301122760151486 | -0.04495497126606551
-0.4017061042666654 | 0.7301122760151486 | -0.04495497126606551 | -0.4466078158706015 | -0.4880070842285751:-0.40088550604218653 | 0.7303717036136419 | -0.07116949577968157
-0.40088550604218653 | 0.7303717036136419 | -0.07116949577968157 | -0.4466078158706015 | -0.4880070842285751:-0.39941324351531193 | 0.7300278125385802 | -0.09740506675167637
-0.39941324351531193 | 0.7300278125385802 | -0.09740506675167637 | -0.4466078158706015 | -0.4880070842285751:-0.39728826468317635 | 0.7290793701939435 | -0.1236310889292298
-0.39728826468317635 | 0.7290793701939435 | -0.1236310889292298 | -0.4466078158706015 | -0.4880070842285751:-0.3945103056150643 | 0.7275258637023114 | -0.14981689763146377
-0.3945103056150643 | 0.7275258637023114 | -0.14981689763146377 | -0.4466078158706015 | -0.4880070842285751:-0.39107989187585446 | 0.7253675016331016 | -0.17593179621505328
-0.39107989187585446 | 0.7253675016331016 | -0.17593179621505328 | -0.4466078158706015 | -0.4880070842285751:-0.38699833897891267 | 0.7226052148429716 | -0.20194509358668
-0.38699833897891267 | 0.7226052148429716 | -0.20194509358668 | -0.4466078158706015 | -0.4880070842285751:-0.3822677518687243 | 0.7192406564282123 | -0.2278261417163705
-0.3822677518687243 | 0.7192406564282123 | -0.2278261417163705 | -0.4466078158706015 | -0.4880070842285751:-0.37689102343471603 | 0.7152762007900861 | -0.25354437310592814
-0.37689102343471603 | 0.7152762007900861 | -0.25354437310592814 | -0.4466078158706015 | -0.4880070842285751:-0.37087183205918706 | 0.710714941814885 | -0.2790693381667033
-0.37087183205918706 | 0.710714941814885 | -0.2790693381667033 | -0.4466078158706015 | -0.4880070842285751:-0.3642146382029807 | 0.7055606901720495 | -0.3043707424612698
-0.3642146382029807 | 0.7055606901720495 | -0.3043707424612698 | -0.4466078158706015 | -0.4880070842285751:-0.35692468003411193 | 0.6998179697341556 | -0.3294184837637175
-0.35692468003411193 | 0.6998179697341556 | -0.3294184837637175 | -0.4466078158706015 | -0.4880070842285751:-0.3490079681053686 | 0.6934920131241142 | -0.3541826888936015
-0.3490079681053686 | 0.6934920131241142 | -0.3541826888936015 | -0.4466078158706015 | -0.4880070842285751:-0.3404712790882627 | 0.6865887563955084 | -0.37863375027900403
-0.3404712790882627 | 0.6865887563955084 | -0.37863375027900403 | -0.4466078158706015 | -0.4880070842285751:-0.33132214857172926 | 0.6791148328536423 | -0.40274236220448856
-0.33132214857172926 | 0.6791148328536423 | -0.40274236220448856 | -0.4466078158706015 | -0.4880070842285751:-0.3215688629350524 | 0.6710775660250903 | -0.42647955670019044
-0.3215688629350524 | 0.6710775660250903 | -0.42647955670019044 | -0.4466078158706015 | -0.4880070842285751:-0.3112204503056546 | 0.6624849617854096 | -0.44981673902890407
-0.3112204503056546 | 0.6624849617854096 | -0.44981673902890407 | -0.4466078158706015 | -0.4880070842285751:-0.30028667061350234 | 0.6533456996548637 | -0.4727257227283985
-0.30028667061350234 | 0.6533456996548637 | -0.4727257227283985 | -0.4466078158706015 | -0.4880070842285751:-0.28877800475473947 | 0.6436691232736678 | -0.4951787641669938
-0.28877800475473947 | 0.6436691232736678 | -0.4951787641669938 | -0.4466078158706015 | -0.4880070842285751:-0.2767056428785182 | 0.6334652300685946 | -0.517148596570923
-0.2767056428785182 | 0.6334652300685946 | -0.517148596570923 | -0.4466078158706015 | -0.4880070842285751:-0.26408147181168573 | 0.6227446601244822 | -0.5386084634828237
-0.26408147181168573 | 0.6227446601244822 | -0.5386084634828237 | -0.4466078158706015 | -0.4880070842285751:-0.2509180616372859 | 0.6115186842742162 | -0.5595321516113785
