0.0 | 0.0 | 0.0 | 0.025219333465258842 | 0.021383814527336176:1.0691896726297986E-5 | -1.2609663391005554E-5 | 0.00999998633397734
1.0691896726297986E-5 | -1.2609663391005554E-5 | 0.00999998633397734 | 0.025219333465258842 | 0.021383814527336176:4.255367390108703E-5 | -5.018640605403135E-5 | 0.019899891218533958
4.255367390108703E-5 | -5.018640605403135E-5 | 0.019899891218533958 | 0.025219333465258842 | 0.021383814527336176:9.526758447810587E-5 | -1.1235553847832591E-4 | 0.02970063469558052
9.526758447810587E-5 | -1.1235553847832591E-4 | 0.02970063469558052 | 0.025219333465258842 | 0.021383814527336176:1.685200042009254E-4 | -1.9874723241830594E-4 | 0.03940312840963127
1.685200042009254E-4 | -1.9874723241830594E-4 | 0.03940312840963127 | 0.025219333465258842 | 0.021383814527336176:2.620013814778665E-4 | -3.089964617961627E-4 | 0.049008275681431526
2.620013814778665E-4 | -3.089964617961627E-4 | 0.049008275681431526 | -0.044762836368018366 | 0.43467111227083044:0.0015844819159546875 | -2.3798213209857977E-4 | 0.05849791189172565
0.0015844819159546875 | -2.3798213209857977E-4 | 0.05849791189172565 | -0.044762836368018366 | 0.43467111227083044:0.003314764007569618 | -1.2427826849759072E-4 | 0.0678536207544182
0.003314764007569618 | -1.2427826849759072E-4 | 0.0678536207544182 | -0.044762836368018366 | 0.43467111227083044:0.005445560744524959 | 3.137301558653327E-5 | 0.07706313725087388
0.005445560744524959 | 3.137301558653327E-5 | 0.07706313725087388 | -0.044762836368018366 | 0.43467111227083044:0.007969292392492472 | 2.281991826269536E-4 | 0.08611448650895986
0.007969292392492472 | 2.281991826269536E-4 | 0.08611448650895986 | -0.044762836368018366 | 0.43467111227083044:0.010878095794390877 | 4.6539823205971054E-4 | 0.09499598947321697
0.010878095794390877 | 4.6539823205971054E-4 | 0.09499598947321697 | 0.8810345061282114 | -0.1363065126827876:0.011198576926055307 | -0.004070137748946712 | 0.10398128136904694
0.011198576926055307 | -0.004070137748946712 | 0.10398128136904694 | 0.8810345061282114 | -0.1363065126827876:0.011389075396001001 | -0.009384829468646272 | 0.11265261342920119
0.011389075396001001 | -0.009384829468646272 | 0.11265261342920119 | 0.8810345061282114 | -0.1363065126827876:0.011453508702800118 | -0.015455157633701422 | 0.12095889817674288
0.011453508702800118 | -0.015455157633701422 | 0.12095889817674288 | 0.8810345061282114 | -0.1363065126827876:0.011396226123928738 | -0.022254767591808333 | 0.12885073928869395
0.011396226123928738 | -0.022254767591808333 | 0.12885073928869395 | 0.8810345061282114 | -0.1363065126827876:0.011221991350423913 | -0.02975457842417728 | 0.13628057850858244
0.011221991350423913 | -0.02975457842417728 | 0.13628057850858244 | -0.33872641324220343 | -0.5536184123754673:0.00788917907503843 | -0.029128890400224483 | 0.14544436175278874
0.00788917907503843 | -0.029128890400224483 | 0.14544436175278874 | -0.33872641324220343 | -0.5536184123754673:0.004068106544713082 | -0.028189802250214946 | 0.15445266609117914
0.004068106544713082 | -0.028189802250214946 | 0.15445266609117914 | -0.33872641324220343 | -0.5536184123754673:-2.3275415984669312E-4 | -0.02694239921297359 | 0.16327813111237033
-2.3275415984669312E-4 | -0.02694239921297359 | 0.16327813111237033 | -0.33872641324220343 | -0.5536184123754673:-0.00500398411785663 | -0.025392349320547236 | 0.17189396754437114
-0.00500398411785663 | -0.025392349320547236 | 0.17189396754437114 | -0.33872641324220343 | -0.5536184123754673:-0.010235242562760274 | -0.02354588846389105 | 0.18027399790692566
-0.010235242562760274 | -0.02354588846389105 | 0.18027399790692566 | -0.33872641324220343 | -0.5536184123754673:-0.015915293027491284 | -0.021409804742914984 | 0.18839269582535856
-0.015915293027491284 | -0.021409804742914984 | 0.18839269582535856 | -0.33872641324220343 | -0.5536184123754673:-0.02203203059221414 | -0.018991422130199 | 0.1962252239649196
-0.02203203059221414 | -0.018991422130199 | 0.1962252239649196 | -0.33872641324220343 | -0.5536184123754673:-0.028572510185139056 | -0.016298583478280504 | 0.20374747054685916
-0.028572510185139056 | -0.016298583478280504 | 0.20374747054685916 | -0.33872641324220343 | -0.5536184123754673:-0.03552297588615097 | -0.013339632900953857 | 0.21093608440973322
-0.03552297588615097 | -0.013339632900953857 | 0.21093608440973322 | -0.33872641324220343 | -0.5536184123754673:-0.04286889118220839 | -0.010123397559523406 | 0.21776850858171137
-0.04286889118220839 | -0.010123397559523406 | 0.21776850858171137 | -0.33872641324220343 | -0.5536184123754673:-0.05059497012275474 | -0.006659168885407407 | 0.22422301233196906
-0.05059497012275474 | -0.006659168885407407 | 0.22422301233196906 | -0.33872641324220343 | -0.5536184123754673:-0.05868520932274296 | -0.0029566832709029267 | 0.23027872167155117
-0.05868520932274296 | -0.0029566832709029267 | 0.23027872167155117 | -0.33872641324220343 | -0.5536184123754673:-0.06712292076030474 | 9.738977397133475E-4 | 0.23591564827643907
-0.06712292076030474 | 9.738977397133475E-4 | 0.23591564827643907 | -0.33872641324220343 | -0.5536184123754673:-0.07589076531559619 | 0.005122007726242828 | 0.24111471680786467
-0.07589076531559619 | 0.005122007726242828 | 0.24111471680786467 | -0.33872641324220343 | -0.5536184123754673:-0.08497078699692512 | 0.00947669610300017 | 0.24585779060728452
-0.08497078699692512 | 0.00947669610300017 | 0.24585779060728452 | 0.27278839109145214 | 0.709673164629522:-0.07835657426119463 | 0.006296547484830217 | 0.25589467883918804
-0.07835657426119463 | 0.006296547484830217 | 0.25589467883918804 | 0.27278839109145214 | 0.709673164629522:-0.07112062509477052 | 0.0028825702282053722 | 0.2656489470802841
-0.07112062509477052 | 0.0028825702282053722 | 0.2656489470802841 | 0.27278839109145214 | 0.709673164629522:-0.06327630689711028 | -7.60413440845209E-4 | 0.27508468329609936
-0.06327630689711028 | -7.60413440845209E-4 | 0.27508468329609936 | 0.27278839109145214 | 0.709673164629522:-0.054838601438669365 | -0.004626954683340845 | 0.284166770268965
-0.054838601438669365 | -0.004626954683340845 | 0.284166770268965 | 0.27278839109145214 | 0.709673164629522:-0.04582406351104451 | -0.008710993422355262 | 0.2928609625709786
-0.04582406351104451 | -0.008710993422355262 | 0.2928609625709786 | -0.7096920614584996 | -0.017206255197522724:-0.04716907085806188 | 0.0017243191171034677 | 0.2998950477300104
-0.04716907085806188 | 0.0017243191171034677 | 0.2998950477300104 | -0.7096920614584996 | -0.017206255197522724:-0.04851479039963014 | 0.012646250562976968 | 0.3064771732555789
-0.04851479039963014 | 0.012646250562976968 | 0.3064771732555789 | -0.7096920614584996 | -0.017206255197522724:-0.04986079668382215 | 0.024033197304983656 | 0.3125826155280773
-0.04986079668382215 | 0.024033197304983656 | 0.3125826155280773 | -0.7096920614584996 | -0.017206255197522724:-0.05120663744945131 | 0.03586247613710758 | 0.3181877004376261
-0.05120663744945131 | 0.03586247613710758 | 0.3181877004376261 | -0.7096920614584996 | -0.017206255197522724:-0.05255183485740189 | 0.04811037384868011 | 0.32326984580333296
-0.05255183485740189 | 0.04811037384868011 | 0.32326984580333296 | 0.06134929868905736 | -0.45367951074484725:-0.06108403281794539 | 0.04807074394422295 | 0.32865082436118875
-0.06108403281794539 | 0.04807074394422295 | 0.32865082436118875 | 0.06134929868905736 | -0.45367951074484725:-0.06986992661174041 | 0.04798531190697353 | 0.333745674986309
-0.06986992661174041 | 0.04798531190697353 | 0.333745674986309 | 0.06134929868905736 | -0.45367951074484725:-0.0788995383497606 | 0.047855525296198964 | 0.3385464177402904
-0.0788995383497606 | 0.047855525296198964 | 0.3385464177402904 | 0.06134929868905736 | -0.45367951074484725:-0.08816269841028856 | 0.047682857003028434 | 0.34304540620958157
-0.08816269841028856 | 0.047682857003028434 | 0.34304540620958157 | 0.06134929868905736 | -0.45367951074484725:-0.09764905545316238 | 0.04746880391291719 | 0.3472353311153178
-0.09764905545316238 | 0.04746880391291719 | 0.3472353311153178 | 0.19599929303892938 | 0.08553808758451553:-0.09784268167441224 | 0.04483420611808797 | 0.3541853294817301
-0.09784268167441224 | 0.04483420611808797 | 0.3541853294817301 | 0.19599929303892938 | 0.08553808758451553:-0.09796405913307926 | 0.042064829112565816 | 0.3610633207094409
-0.09796405913307926 | 0.042064829112565816 | 0.3610633207094409 | 0.19599929303892938 | 0.08553808758451553:-0.09801412897686568 | 0.0391625084656152 | 0.3678673193850752
-0.09801412897686568 | 0.0391625084656152 | 0.3678673193850752 | 0.19599929303892938 | 0.08553808758451553:-0.0979938359608421 | 0.03612909131725306 | 0.37459537939329834
-0.0979938359608421 | 0.03612909131725306 | 0.37459537939329834 | 0.19599929303892938 | 0.08553808758451553:-0.09790412825451122 | 0.03296643590433501 | 0.38124559377473055
-0.09790412825451122 | 0.03296643590433501 | 0.38124559377473055 | 0.19599929303892938 | 0.08553808758451553:-0.09774595725088409 | 0.02967641109155128 | 0.3878160945801543
-0.09774595725088409 | 0.02967641109155128 | 0.3878160945801543 | 0.19599929303892938 | 0.08553808758451553:-0.09752027737756541 | 0.02626089590731384 | 0.3943050527210783
-0.09752027737756541 | 0.02626089590731384 | 0.3943050527210783 | 0.19599929303892938 | 0.08553808758451553:-0.09722804590984069 | 0.022721779084519778 | 0.400710677816722
-0.09722804590984069 | 0.022721779084519778 | 0.400710677816722 | 0.19599929303892938 | 0.08553808758451553:-0.0968702227857614 | 0.019060958606174738 | 0.4070312180375524
-0.0968702227857614 | 0.019060958606174738 | 0.4070312180375524 | 0.19599929303892938 | 0.08553808758451553:-0.09644777042321806 | 0.015280341255857866 | 0.4132649599453746
-0.09644777042321806 | 0.015280341255857866 | 0.4132649599453746 | 0.1693277478470765 | -0.6729852937075387:-0.11179493344646652 | 0.011940595390436792 | 0.41545449804585033
-0.11179493344646652 | 0.011940595390436792 | 0.41545449804585033 | 0.1693277478470765 | -0.6729852937075387:-0.12737535006432132 | 0.008534280455187115 | 0.4169908502203281
-0.12737535006432132 | 0.008534280455187115 | 0.4169908502203281 | 0.1693277478470765 | -0.6729852937075387:-0.14316152106116098 | 0.005068311345145182 | 0.4178610958930964
-0.14316152106116098 | 0.005068311345145182 | 0.4178610958930964 | 0.1693277478470765 | -0.6729852937075387:-0.15912542392822449 | 0.0015497393194093823 | 0.41805354844952625
-0.15912542392822449 | 0.0015497393194093823 | 0.41805354844952625 | 0.1693277478470765 | -0.6729852937075387:-0.17523856391720738 | -0.002014260756718955 | 0.41755777444642206
-0.17523856391720738 | -0.002014260756718955 | 0.41755777444642206 | -0.8779529781150901 | -0.995617159049272:-0.19814925223167945 | 0.016508685889291885 | 0.4129369282611375
-0.19814925223167945 | 0.016508685889291885 | 0.4129369282611375 | -0.8779529781150901 | -0.995617159049272:-0.22097703679348957 | 0.035023025317754586 | 0.4061892365142814
-0.22097703679348957 | 0.035023025317754586 | 0.4061892365142814 | -0.8779529781150901 | -0.995617159049272:-0.24360431829082296 | 0.0534250671118639 | 0.39730631500694
-0.24360431829082296 | 0.0534250671118639 | 0.39730631500694 | -0.8779529781150901 | -0.995617159049272:-0.2659127451299188 | 0.07161020312206712 | 0.3862914488237763
-0.2659127451299188 | 0.07161020312206712 | 0.3862914488237763 | -0.8779529781150901 | -0.995617159049272:-0.2877838675618589 | 0.0894734820527952 | 0.37315969207816124
-0.2877838675618589 | 0.0894734820527952 | 0.37315969207816124 | -0.27254471297039484 | 0.3210831094785387:-0.28483315030972545 | 0.09557584389626839 | 0.38056188648924305
-0.28483315030972545 | 0.09557584389626839 | 0.38056188648924305 | -0.27254471297039484 | 0.3210831094785387:-0.281669691171218 | 0.10182325270306503 | 0.38782493365315673
-0.281669691171218 | 0.10182325270306503 | 0.38782493365315673 | -0.27254471297039484 | 0.3210831094785387:-0.27829687225477784 | 0.10821325298222095 | 0.39494142083907136
-0.27829687225477784 | 0.10821325298222095 | 0.39494142083907136 | -0.27254471297039484 | 0.3210831094785387:-0.27471821514413275 | 0.11474326628449646 | 0.40190407035814246
-0.27471821514413275 | 0.11474326628449646 | 0.40190407035814246 | -0.27254471297039484 | 0.3210831094785387:-0.27093737773818294 | 0.1214105938935803 | 0.40870574362159573
-0.27093737773818294 | 0.1214105938935803 | 0.40870574362159573 | -0.27254471297039484 | 0.3210831094785387:-0.2669581510337773 | 0.12821241956621227 | 0.4153394450823704
-0.2669581510337773 | 0.12821241956621227 | 0.4153394450823704 | -0.27254471297039484 | 0.3210831094785387:-0.2627844558536152 | 0.13514581231931516 | 0.42179832605921774
-0.2627844558536152 | 0.13514581231931516 | 0.42179832605921774 | -0.27254471297039484 | 0.3210831094785387:-0.25842033952155496 | 0.14220772926222125 | 0.4280756884422807
-0.25842033952155496 | 0.14220772926222125 | 0.4280756884422807 | -0.27254471297039484 | 0.3210831094785387:-0.2538699724876041 | 0.14939501847207637 | 0.4341649882791607
-0.2538699724876041 | 0.14939501847207637 | 0.4341649882791607 | -0.27254471297039484 | 0.3210831094785387:-0.2491376449048488 | 0.15670442191049805 | 0.4400598392406714
-0.2491376449048488 | 0.15670442191049805 | 0.4400598392406714 | -0.27254471297039484 | 0.3210831094785387:-0.24422776316061512 | 0.1641325783795684 | 0.4457540159653739
-0.24422776316061512 | 0.1641325783795684 | 0.4457540159653739 | -0.27254471297039484 | 0.3210831094785387:-0.23914484636414013 | 0.17167602651523306 | 0.45124145728228626
-0.23914484636414013 | 0.17167602651523306 | 0.45124145728228626 | -0.27254471297039484 | 0.3210831094785387:-0.233893522793009 | 0.1793312078161835 | 0.4565162693109599
-0.233893522793009 | 0.1793312078161835 | 0.4565162693109599 | -0.27254471297039484 | 0.3210831094785387:-0.22847852630066257 | 0.18709446970630061 | 0.46157272843841923
-0.22847852630066257 | 0.18709446970630061 | 0.46157272843841923 | -0.27254471297039484 | 0.3210831094785387:-0.2229046926872238 | 0.19496206862873078 | 0.4664052841723496
-0.2229046926872238 | 0.19496206862873078 | 0.4664052841723496 | -0.27254471297039484 | 0.3210831094785387:-0.2171769560359369 | 0.20293017316967954 | 0.47100856187013207
-0.2171769560359369 | 0.20293017316967954 | 0.47100856187013207 | -0.27254471297039484 | 0.3210831094785387:-0.21130034501745776 | 0.21099486721000194 | 0.4753773653432418
-0.21130034501745776 | 0.21099486721000194 | 0.4753773653432418 | -0.27254471297039484 | 0.3210831094785387:-0.20527997916429364 | 0.21915215310267833 | 0.47950667933671554
-0.20527997916429364 | 0.21915215310267833 | 0.47950667933671554 | -0.27254471297039484 | 0.3210831094785387:-0.19912106511760186 | 0.2273979548742604 | 0.48339167188336774
-0.19912106511760186 | 0.2273979548742604 | 0.48339167188336774 | -0.27254471297039484 | 0.3210831094785387:-0.19282889284864524 | 0.2357281214483926 | 0.48702769653258926
-0.19282889284864524 | 0.2357281214483926 | 0.48702769653258926 | -0.27254471297039484 | 0.3210831094785387:-0.18640883185710067 | 0.24413842988950352 | 0.49041029445351825
-0.18640883185710067 | 0.24413842988950352 | 0.49041029445351825 | -0.27254471297039484 | 0.3210831094785387:-0.17986632734848662 | 0.2526245886647813 | 0.4935351964125161
-0.17986632734848662 | 0.2526245886647813 | 0.4935351964125161 | -0.27254471297039484 | 0.3210831094785387:-0.1732068963929052 | 0.2611822409225466 | 0.49639832462491995
-0.1732068963929052 | 0.2611822409225466 | 0.49639832462491995 | -0.27254471297039484 | 0.3210831094785387:-0.16643612406733332 | 0.26980696778515467 | 0.4989957944810861
-0.16643612406733332 | 0.26980696778515467 | 0.4989957944810861 | -0.27254471297039484 | 0.3210831094785387:-0.1595596595836426 | 0.2784942916545563 | 0.5013239161468555
-0.1595596595836426 | 0.2784942916545563 | 0.5013239161468555 | -0.27254471297039484 | 0.3210831094785387:-0.15258321240454542 | 0.2872396795286605 | 0.5033791960385301
-0.15258321240454542 | 0.2872396795286605 | 0.5033791960385301 | -0.27254471297039484 | 0.3210831094785387:-0.14551254834965022 | 0.2960385463266695 | 0.5051583381726203
-0.14551254834965022 | 0.2960385463266695 | 0.5051583381726203 | -0.27254471297039484 | 0.3210831094785387:-0.13835348569375938 | 0.3048862582215275 | 0.5066582453906179
-0.13835348569375938 | 0.3048862582215275 | 0.5066582453906179 | -0.27254471297039484 | 0.3210831094785387:-0.131111891259593 | 0.3137781359776932 | 0.5078760204591184
-0.131111891259593 | 0.3137781359776932 | 0.5078760204591184 | -0.27254471297039484 | 0.3210831094785387:-0.12379367650703621 | 0.32270945829240194 | 0.5088089670456952
-0.12379367650703621 | 0.32270945829240194 | 0.5088089670456952 | 0.9000148492083921 | -0.5428564223449424:-0.138800033060809 | 0.3013677617129691 | 0.5225080793912369
-0.138800033060809 | 0.3013677617129691 | 0.5225080793912369 | 0.9000148492083921 | -0.5428564223449424:-0.1542267478963435 | 0.27926608345027937 | 0.5348446118292145
-0.1542267478963435 | 0.27926608345027937 | 0.5348446118292145 | 0.9000148492083921 | -0.5428564223449424:-0.1700353871681699 | 0.25646727017106574 | 0.5457650724517507
-0.1700353871681699 | 0.25646727017106574 | 0.5457650724517507 | 0.9000148492083921 | -0.5428564223449424:-0.18618590008422053 | 0.23303693864171038 | 0.5552200694278611
-0.18618590008422053 | 0.23303693864171038 | 0.5552200694278611 | 0.9000148492083921 | -0.5428564223449424:-0.2026367414451915 | 0.20904327678499168 | 0.5631644979568335
-0.2026367414451915 | 0.20904327678499168 | 0.5631644979568335 | 0.9000148492083921 | -0.5428564223449424:-0.2193449995222334 | 0.18455683558067548 | 0.5695577136975132
-0.2193449995222334 | 0.18455683558067548 | 0.5695577136975132 | 0.9000148492083921 | -0.5428564223449424:-0.2362665288595469 | 0.1596503124822819 | 0.5743636920896407
-0.2362665288595469 | 0.1596503124822819 | 0.5743636920896407 | 0.9000148492083921 | -0.5428564223449424:-0.2533560875728078 | 0.13439832704942756 | 0.5775511730296685
-0.2533560875728078 | 0.13439832704942756 | 0.5775511730296685 | 0.9000148492083921 | -0.5428564223449424:-0.2705674787000465 | 0.10887718951984127 | 0.5790937904109157
-0.2705674787000465 | 0.10887718951984127 | 0.5790937904109157 | 0.9000148492083921 | -0.5428564223449424:-0.2878536951488062 | 0.08316466306754311 | 0.5789701860875098
-0.2878536951488062 | 0.08316466306754311 | 0.5789701860875098 | 0.9000148492083921 | -0.5428564223449424:-0.30516706777205016 | 0.057339720513617465 | 0.5771641078717025
-0.30516706777205016 | 0.057339720513617465 | 0.5771641078717025 | 0.9000148492083921 | -0.5428564223449424:-0.3224594160954428 | 0.03148229627349419 | 0.5736644912260616
-0.3224594160954428 | 0.03148229627349419 | 0.5736644912260616 | 0.9000148492083921 | -0.5428564223449424:-0.3396822012103531 | 0.005673034339581662 | 0.5684655243645338
-0.3396822012103531 | 0.005673034339581662 | 0.5684655243645338 | 0.9000148492083921 | -0.5428564223449424:-0.3567866803401465 | -0.020006966889499544 | 0.5615666965298942
-0.3567866803401465 | -0.020006966889499544 | 0.5615666965298942 | 0.9000148492083921 | -0.5428564223449424:-0.3737240625822089 | -0.045476412112068765 | 0.5529728292690237
-0.3737240625822089 | -0.045476412112068765 | 0.5529728292690237 | 0.7645701147362807 | -0.9005902013277443:-0.4001106590625394 | -0.06690681548750277 | 0.536089199119786
-0.4001106590625394 | -0.06690681548750277 | 0.536089199119786 | 0.7645701147362807 | -0.9005902013277443:-0.4257695017032308 | -0.08777262939006203 | 0.5170978041636332
-0.4257695017032308 | -0.08777262939006203 | 0.5170978041636332 | 0.7645701147362807 | -0.9005902013277443:-0.450600433647141 | -0.10798771166661325 | 0.4960502842434593
-0.450600433647141 | -0.10798771166661325 | 0.4960502842434593 | 0.7645701147362807 | -0.9005902013277443:-0.4745056756383743 | -0.1274677807557829 | 0.4730066022017638
-0.4745056756383743 | -0.1274677807557829 | 0.4730066022017638 | 0.7645701147362807 | -0.9005902013277443:-0.4973902246499762 | -0.14613075760640282 | 0.4480348594261372
-0.4973902246499762 | -0.14613075760640282 | 0.4480348594261372 | 0.7645701147362807 | -0.9005902013277443:-0.5191622432125165 | -0.16389710033371774 | 0.42121107834019966
-0.5191622432125165 | -0.16389710033371774 | 0.42121107834019966 | 0.7645701147362807 | -0.9005902013277443:-0.5397334378727905 | -0.18069013026498393 | 0.3926189526204311
-0.5397334378727905 | -0.18069013026498393 | 0.3926189526204311 | 0.7645701147362807 | -0.9005902013277443:-0.5590194252534211 | -0.19643634805887267 | 0.3623495660478895
-0.5590194252534211 | -0.19643634805887267 | 0.3623495660478895 | 0.7645701147362807 | -0.9005902013277443:-0.5769400842317083 | -0.21106573862108835 | 0.3305010810289559
-0.5769400842317083 | -0.21106573862108835 | 0.3305010810289559 | 0.7645701147362807 | -0.9005902013277443:-0.5934198928093437 | -0.22451206358154785 | 0.29717839793997314
-0.5934198928093437 | -0.22451206358154785 | 0.29717839793997314 | 0.7645701147362807 | -0.9005902013277443:-0.6083882483036298 | -0.23671314014632738 | 0.2624927865672575
-0.6083882483036298 | -0.23671314014632738 | 0.2624927865672575 | 0.7645701147362807 | -0.9005902013277443:-0.6217797695550864 | -0.24761110518999363 | 0.2265614910249596
-0.6217797695550864 | -0.24761110518999363 | 0.2265614910249596 | 0.7645701147362807 | -0.9005902013277443:-0.6335345799157679 | -0.2571526635108681 | 0.18950730963940288
-0.6335345799157679 | -0.2571526635108681 | 0.18950730963940288 | 0.7645701147362807 | -0.9005902013277443:-0.6435985698568238 | -0.26528931923283405 | 0.15145815138836838
-0.6435985698568238 | -0.26528931923283405 | 0.15145815138836838 | 0.7645701147362807 | -0.9005902013277443:-0.6519236381125282 | -0.2719775894023879 | 0.11254657057764916
-0.6519236381125282 | -0.2719775894023879 | 0.11254657057764916 | 0.7645701147362807 | -0.9005902013277443:-0.6584679103610753 | -0.27717919889836296 | 0.07290928152444565
-0.6584679103610753 | -0.27717919889836296 | 0.07290928152444565 | 0.7645701147362807 | -0.9005902013277443:-0.6631959345292131 | -0.28086125584399557 | 0.0326866550973719
-0.6631959345292131 | -0.28086125584399557 | 0.0326866550973719 | 0.7645701147362807 | -0.9005902013277443:-0.6660788518981811 | -0.28299640678630755 | -0.007977800964049209
-0.6660788518981811 | -0.28299640678630755 | -0.007977800964049209 | 0.7645701147362807 | -0.9005902013277443:-0.6670945432820972 | -0.28356297098602745 | -0.04893797596196947
-0.6670945432820972 | -0.28356297098602745 | -0.04893797596196947 | 0.7645701147362807 | -0.9005902013277443:-0.6662277496462892 | -0.28254505324198265 | -0.09004570233849307
-0.6662277496462892 | -0.28254505324198265 | -0.09004570233849307 | 0.7645701147362807 | -0.9005902013277443:-0.6634701666319742 | -0.27993263475692 | -0.13115131186366824
-0.6634701666319742 | -0.27993263475692 | -0.13115131186366824 | 0.7645701147362807 | -0.9005902013277443:-0.6588205125546267 | -0.2757216416365913 | -0.17210419977513425
-0.6588205125546267 | -0.2757216416365913 | -0.17210419977513425 | 0.7645701147362807 | -0.9005902013277443:-0.6522845695460227 | -0.2699139907004171 | -0.21275339469816146
-0.6522845695460227 | -0.2699139907004171 | -0.21275339469816146 | 0.7645701147362807 | -0.9005902013277443:-0.6438751976138484 | -0.2625176123697974 | -0.25294813214967604
-0.6438751976138484 | -0.2625176123697974 | -0.25294813214967604 | 0.7645701147362807 | -0.9005902013277443:-0.6336123214974805 | -0.25354645048874325 | -0.29253842941334796
-0.6336123214974805 | -0.25354645048874325 | -0.29253842941334796 | 0.7645701147362807 | -0.9005902013277443:-0.6215228903039645 | -0.24302043902072956 | -0.33137565956481296
-0.6215228903039645 | -0.24302043902072956 | -0.33137565956481296 | 0.7645701147362807 | -0.9005902013277443:-0.6076408100133115 | -0.2309654556550924 | -0.3693131224267674
-0.6076408100133115 | -0.2309654556550924 | -0.3693131224267674 | 0.7645701147362807 | -0.9005902013277443:-0.5920068490474684 | -0.21741325244558785 | -0.4062066102426698
-0.5920068490474684 | -0.21741325244558785 | -0.4062066102426698 | 0.7645701147362807 | -0.9005902013277443:-0.5746685172013954 | -0.20240136369259276 | -0.44191496587568224
-0.5746685172013954 | -0.20240136369259276 | -0.44191496587568224 | 0.7645701147362807 | -0.9005902013277443:-0.55567991833788 | -0.18597299136845025 | -0.4763006313654188
-0.55567991833788 | -0.18597299136845025 | -0.4763006313654188 | -0.11317242974076147 | -0.745960865172846:-0.5393151794160289 | -0.1892769836388022 | -0.49723827176354973
-0.5393151794160289 | -0.1892769836388022 | -0.49723827176354973 | -0.11317242974076147 | -0.745960865172846:-0.5221039455146439 | -0.19270227644015703 | -0.5175758242243376
-0.5221039455146439 | -0.19270227644015703 | -0.5175758242243376 | -0.11317242974076147 | -0.745960865172846:-0.5040684259715889 | -0.19624568831112754 | -0.5372781070098327
-0.5040684259715889 | -0.19624568831112754 | -0.5372781070098327 | -0.11317242974076147 | -0.745960865172846:-0.48523225823549154 | -0.1999038177887234 | -0.5563108154544452
-0.48523225823549154 | -0.1999038177887234 | -0.5563108154544452 | -0.11317242974076147 | -0.745960865172846:-0.4656204724851918 | -0.20367304861786223 | -0.5746405807784853
-0.4656204724851918 | -0.20367304861786223 | -0.5746405807784853 | -0.11317242974076147 | -0.745960865172846:-0.44525945391694677 | -0.20754955531884176 | -0.5922350273964554
-0.44525945391694677 | -0.20754955531884176 | -0.5922350273964554 | -0.11317242974076147 | -0.745960865172846:-0.42417690276327136 | -0.21152930910335196 | -0.6090628286271738
-0.42417690276327136 | -0.21152930910335196 | -0.6090628286271738 | -0.11317242974076147 | -0.745960865172846:-0.402401792110723 | -0.21560808412906546 | -0.6250937607155578
-0.402401792110723 | -0.21560808412906546 | -0.6250937607155578 | -0.11317242974076147 | -0.745960865172846:-0.37996432358747967 | -0.2197814640823159 | -0.640298755078895
-0.37996432358747967 | -0.2197814640823159 | -0.640298755078895 | -0.11317242974076147 | -0.745960865172846:-0.3568958809947489 | -0.22404484907786482 | -0.6546499486933683
-0.3568958809947489 | -0.22404484907786482 | -0.6546499486933683 | -0.11317242974076147 | -0.745960865172846:-0.333228981959266 | -0.22839346286426754 | -0.6681207325398546
-0.333228981959266 | -0.22839346286426754 | -0.6681207325398546 | -0.11317242974076147 | -0.745960865172846:-0.3089972276871933 | -0.23282236032288006 | -0.6806857980312344
-0.3089972276871933 | -0.23282236032288006 | -0.6806857980312344 | -0.11317242974076147 | -0.745960865172846:-0.2842352509026185 | -0.2373264352480957 | -0.6923211813469194
-0.2842352509026185 | -0.2373264352480957 | -0.6923211813469194 | -0.11317242974076147 | -0.745960865172846:-0.2589786620566059 | -0.24190042839597403 | -0.7030043056037911
-0.2589786620566059 | -0.24190042839597403 | -0.7030043056037911 | -0.11317242974076147 | -0.745960865172846:-0.2332639938953065 | -0.24653893578801522 | -0.7127140207962448
-0.2332639938953065 | -0.24653893578801522 | -0.7127140207962448 | 0.0034384358172701024 | 0.7155749223536534:-0.2593007247733823 | -0.24707379667903062 | -0.7058341563407886
-0.2593007247733823 | -0.24707379667903062 | -0.7058341563407886 | 0.0034384358172701024 | 0.7155749223536534:-0.28513387031784987 | -0.24760294674936612 | -0.6979831329642927
-0.28513387031784987 | -0.24760294674936612 | -0.6979831329642927 | 0.0034384358172701024 | 0.7155749223536534:-0.3107266235665733 | -0.2481266294371638 | -0.6891672279186203
-0.3107266235665733 | -0.2481266294371638 | -0.6891672279186203 | 0.0034384358172701024 | 0.7155749223536534:-0.3360423914554289 | -0.2486450866133323 | -0.6793941262380194
-0.3360423914554289 | -0.2486450866133323 | -0.6793941262380194 | 0.0034384358172701024 | 0.7155749223536534:-0.3610448487720106 | -0.24915855832820544 | -0.6686729123860999
-0.3610448487720106 | -0.24915855832820544 | -0.6686729123860999 | -0.4023194312324574 | -0.6159706286309288:-0.34129381236528644 | -0.2632157793852996 | -0.6760178657194089
-0.34129381236528644 | -0.2632157793852996 | -0.6760178657194089 | -0.4023194312324574 | -0.6159706286309288:-0.32127472248240707 | -0.2774448190011509 | -0.6824619077535949
-0.32127472248240707 | -0.2774448190011509 | -0.6824619077535949 | -0.4023194312324574 | -0.6159706286309288:-0.3010163499278562 | -0.2918271444733582 | -0.6879916288755297
-0.3010163499278562 | -0.2918271444733582 | -0.6879916288755297 | -0.4023194312324574 | -0.6159706286309288:-0.2805479150344681 | -0.30634391495430435 | -0.6925949436500858
-0.2805479150344681 | -0.30634391495430435 | -0.6925949436500858 | -0.4023194312324574 | -0.6159706286309288:-0.2598990440949649 | -0.32097600970497364 | -0.6962611120823681
-0.2598990440949649 | -0.32097600970497364 | -0.6962611120823681 | -0.4023194312324574 | -0.6159706286309288:-0.2390997251383311 | -0.3357040567970957 | -0.6989807588292223
-0.2390997251383311 | -0.3357040567970957 | -0.6989807588292223 | -0.4023194312324574 | -0.6159706286309288:-0.21818026311927952 | -0.35050846221944987 | -0.7007458903318877
-0.21818026311927952 | -0.35050846221944987 | -0.7007458903318877 | -0.4023194312324574 | -0.6159706286309288:-0.1971712345894261 | -0.3653694393436968 | -0.7015499098448252
-0.1971712345894261 | -0.3653694393436968 | -0.7015499098448252 | -0.4023194312324574 | -0.6159706286309288:-0.17610344191967187 | -0.380267038704579 | -0.7013876303389992
-0.17610344191967187 | -0.380267038704579 | -0.7013876303389992 | -0.4023194312324574 | -0.6159706286309288:-0.15500786714379444 | -0.39518117804897024 | -0.7002552852611146
-0.15500786714379444 | -0.39518117804897024 | -0.7002552852611146 | -0.4023194312324574 | -0.6159706286309288:-0.1339156254936995 | -0.4100916726079058 | -0.6981505371335821
-0.1339156254936995 | -0.4100916726079058 | -0.6981505371335821 | -0.4023194312324574 | -0.6159706286309288:-0.11285791869717343 | -0.42497826554545703 | -0.6950724839832283
-0.11285791869717343 | -0.42497826554545703 | -0.6950724839832283 | -0.4023194312324574 | -0.6159706286309288:-0.0918659881091557 | -0.43982065853814856 | -0.691021663590142
-0.0918659881091557 | -0.43982065853814856 | -0.691021663590142 | -0.4023194312324574 | -0.6159706286309288:-0.07097106774771333 | -0.4545985424384611 | -0.6860000555512045
-0.07097106774771333 | -0.4545985424384611 | -0.6860000555512045 | -0.4023194312324574 | -0.6159706286309288:-0.050204337306020363 | -0.46929162797592205 | -0.680011081156298
-0.050204337306020363 | -0.46929162797592205 | -0.680011081156298 | -0.8765670683181424 | -0.7866208822475593:-0.02431152781242929 | -0.49967281888092785 | -0.6616349194182938
-0.02431152781242929 | -0.49967281888092785 | -0.6616349194182938 | -0.8765670683181424 | -0.7866208822475593:8.392500069120956E-4 | -0.5292679299192624 | -0.6408832666013282
8.392500069120956E-4 | -0.5292679299192624 | -0.6408832666013282 | -0.8765670683181424 | -0.7866208822475593:0.02515366459331858 | -0.5579705434784348 | -0.6178204010646695
0.02515366459331858 | -0.5579705434784348 | -0.6178204010646695 | -0.8765670683181424 | -0.7866208822475593:0.04854006927889998 | -0.585677045510403 | -0.5925191467549862
0.04854006927889998 | -0.585677045510403 | -0.5925191467549862 | -0.8765670683181424 | -0.7866208822475593:0.07090984354225327 | -0.6122870110426426 | -0.5650606354374723
0.07090984354225327 | -0.6122870110426426 | -0.5650606354374723 | -0.8765670683181424 | -0.7866208822475593:0.09217772404635838 | -0.6377035789826166 | -0.5355340378972873
0.09217772404635838 | -0.6377035789826166 | -0.5355340378972873 | -0.8765670683181424 | -0.7866208822475593:0.11226212422072734 | -0.6618338148157736 | -0.5040362650435473
0.11226212422072734 | -0.6618338148157736 | -0.5040362650435473 | -0.8765670683181424 | -0.7866208822475593:0.1310854411908693 | -0.6845890598403592 | -0.4706716399602726
0.1310854411908693 | -0.6845890598403592 | -0.4706716399602726 | -0.8765670683181424 | -0.7866208822475593:0.14857434890351584 | -0.7058852656303909 | -0.43555154205711766
0.14857434890351584 | -0.7058852656303909 | -0.43555154205711766 | -0.8765670683181424 | -0.7866208822475593:0.16466007634545576 | -0.7256433124711457 | -0.39879402457688506
0.16466007634545576 | -0.7256433124711457 | -0.39879402457688506 | -0.8765670683181424 | -0.7866208822475593:0.17927866980762985 | -0.7437893105691256 | -0.360523406816446
0.17927866980762985 | -0.7437893105691256 | -0.360523406816446 | -0.8765670683181424 | -0.7866208822475593:0.19237123820369817 | -0.7602548829005702 | -0.3208698425122858
0.19237123820369817 | -0.7602548829005702 | -0.3208698425122858 | -0.8765670683181424 | -0.7866208822475593:0.20388418051349788 | -0.7749774286288229 | -0.2799688659313162
0.20388418051349788 | -0.7749774286288229 | -0.2799688659313162 | -0.8765670683181424 | -0.7866208822475593:0.21376939448643384 | -0.7879003660911863 | -0.23796091729123425
0.21376939448643384 | -0.7879003660911863 | -0.23796091729123425 | -0.8765670683181424 | -0.7866208822475593:0.22198446580801345 | -0.7989733544297977 | -0.19499084921251253
0.22198446580801345 | -0.7989733544297977 | -0.19499084921251253 | -0.8765670683181424 | -0.7866208822475593:0.2284928370031949 | -0.8081524930185324 | -0.15120741597566223
0.2284928370031949 | -0.8081524930185324 | -0.15120741597566223 | -0.8765670683181424 | -0.7866208822475593:0.23326395542425615 | -0.815400497918489 | -0.10676274742247038
0.23326395542425615 | -0.815400497918489 | -0.10676274742247038 | -0.8765670683181424 | -0.7866208822475593:0.23627339974650852 | -0.8206868546779589 | -0.06181180939823783
0.23627339974650852 | -0.8206868546779589 | -0.06181180939823783 | -0.8765670683181424 | -0.7866208822475593:0.23750298447359341 | -0.8239879468789439 | -0.01651185268348243
0.23750298447359341 | -0.8239879468789439 | -0.01651185268348243 | -0.8765670683181424 | -0.7866208822475593:0.2369408420339596 | -0.8252871599202436 | 0.028978147592185977
0.2369408420339596 | -0.8252871599202436 | 0.028978147592185977 | -0.8765670683181424 | -0.7866208822475593:0.23458148213192942 | -0.8245749596174647 | 0.07449806002426307
0.23458148213192942 | -0.8245749596174647 | 0.07449806002426307 | -0.8765670683181424 | -0.7866208822475593:0.230425828099321 | -0.8218489452919364 | 0.11988717043637287
0.230425828099321 | -0.8218489452919364 | 0.11988717043637287 | -0.8765670683181424 | -0.7866208822475593:0.2244812300777852 | -0.8171138771133926 | 0.16498475873072138
0.2244812300777852 | -0.8171138771133926 | 0.16498475873072138 | -0.8765670683181424 | -0.7866208822475593:0.21676145494624421 | -0.8103816775552843 | 0.20963067699024052
0.21676145494624421 | -0.8103816775552843 | 0.20963067699024052 | -0.8765670683181424 | -0.7866208822475593:0.20728665299280635 | -0.8016714069158617 | 0.25366592672986066
