0.0 | 0.0 | 0.0 | 0.8870867790862969 | -0.4965465542968075:-2.4800362234311444E-4 | -4.4339797281689464E-4 | 0.009987086283847084
-2.4800362234311444E-4 | -4.4339797281689464E-4 | 0.009987086283847084 | 0.8870867790862969 | -0.4965465542968075:-9.85293755166902E-4 | -0.0017627166782914205 | 0.019797273199309615
-9.85293755166902E-4 | -0.0017627166782914205 | 0.019797273199309615 | 0.5975987439178765 | 0.2198094700816895:-0.0011467468216242868 | -0.0035124538599360378 | 0.029470273846859914
-0.0011467468216242868 | -0.0035124538599360378 | 0.029470273846859914 | 0.5975987439178765 | 0.2198094700816895:-0.001093310701385821 | -0.005825922449392618 | 0.03895558659863817
-0.001093310701385821 | -0.005825922449392618 | 0.03895558659863817 | 0.5975987439178765 | 0.2198094700816895:-8.298720150201671E-4 | -0.008690473827071443 | 0.04822615665698607
-8.298720150201671E-4 | -0.008690473827071443 | 0.04822615665698607 | 0.5975987439178765 | 0.2198094700816895:-3.616679426753809E-4 | -0.012092492580954683 | 0.05725568734726777
-3.616679426753809E-4 | -0.012092492580954683 | 0.05725568734726777 | 0.5975987439178765 | 0.2198094700816895:3.0572647997262857E-4 | -0.016017430554617906 | 0.06601867466668615
3.0572647997262857E-4 | -0.016017430554617906 | 0.06601867466668615 | -0.6322586839711402 | -0.9531006531109434:-0.003254778690263714 | -0.015832933720531406 | 0.07554539605107718
-0.003254778690263714 | -0.015832933720531406 | 0.07554539605107718 | -0.6322586839711402 | -0.9531006531109434:-0.007692664826806378 | -0.015042161952692368 | 0.08481640616329611
-0.007692664826806378 | -0.015042161952692368 | 0.08481640616329611 | -0.6322586839711402 | -0.9531006531109434:-0.012985580568464076 | -0.013658728805802989 | 0.0937422071658831
-0.012985580568464076 | -0.013658728805802989 | 0.0937422071658831 | -0.6322586839711402 | -0.9531006531109434:-0.01910569293112306 | -0.01169992177491297 | 0.10223583202427444
-0.01910569293112306 | -0.01169992177491297 | 0.10223583202427444 | -0.6322586839711402 | -0.9531006531109434:-0.026019876868431137 | -0.009186583677591953 | 0.11021329349514375
-0.026019876868431137 | -0.009186583677591953 | 0.11021329349514375 | 0.16007344012868052 | 0.7789047543699161:-0.02340583814929953 | -0.010853891178497665 | 0.11973077964347123
-0.02340583814929953 | -0.010853891178497665 | 0.11973077964347123 | 0.16007344012868052 | 0.7789047543699161:-0.020071788588742867 | -0.01265809664765083 | 0.1290912760715598
-0.020071788588742867 | -0.01265809664765083 | 0.1290912760715598 | 0.16007344012868052 | 0.7789047543699161:-0.01602955582430618 | -0.01459705730255223 | 0.13825210075758299
-0.01602955582430618 | -0.01459705730255223 | 0.13825210075758299 | 0.16007344012868052 | 0.7789047543699161:-0.011293091447445752 | -0.016668189294136493 | 0.14717143513371345
-0.011293091447445752 | -0.016668189294136493 | 0.14717143513371345 | 0.16007344012868052 | 0.7789047543699161:-0.005878416964228972 | -0.018868478419708623 | 0.15580842480610047
-0.005878416964228972 | -0.018868478419708623 | 0.15580842480610047 | 0.16007344012868052 | 0.7789047543699161:1.9643450420617214E-4 | -0.021194491723922626 | 0.1641232770920953
1.9643450420617214E-4 | -0.021194491723922626 | 0.1641232770920953 | 0.16007344012868052 | 0.7789047543699161:0.006911480614654769 | -0.02364238995423462 | 0.17207735519869827
0.006911480614654769 | -0.02364238995423462 | 0.17207735519869827 | 0.16007344012868052 | 0.7789047543699161:0.014244856115029236 | -0.02620794083589506 | 0.17963326887473596
0.014244856115029236 | -0.02620794083589506 | 0.17963326887473596 | 0.16007344012868052 | 0.7789047543699161:0.022172882898333968 | -0.028886533130255687 | 0.18675496137805325
0.022172882898333968 | -0.028886533130255687 | 0.18675496137805325 | 0.16007344012868052 | 0.7789047543699161:0.030670143612340175 | -0.03167319143895608 | 0.19340779260799223
0.030670143612340175 | -0.03167319143895608 | 0.19340779260799223 | 0.5328055076933662 | -0.422557665999135:0.027671373264313265 | -0.03830146183900873 | 0.200903850233348
0.027671373264313265 | -0.03830146183900873 | 0.200903850233348 | 0.5328055076933662 | -0.422557665999135:0.02434538753856468 | -0.04531743540602928 | 0.20805646224442986
0.02434538753856468 | -0.04531743540602928 | 0.20805646224442986 | 0.5328055076933662 | -0.422557665999135:0.020703683142232726 | -0.05270723839321634 | 0.21484099437618953
0.020703683142232726 | -0.05270723839321634 | 0.21484099437618953 | 0.5328055076933662 | -0.422557665999135:0.016758382494632934 | -0.060456192996513725 | 0.22123372287181065
0.016758382494632934 | -0.060456192996513725 | 0.22123372287181065 | 0.5328055076933662 | -0.422557665999135:0.012522206701199665 | -0.06854885096187346 | 0.22721187203806448
0.012522206701199665 | -0.06854885096187346 | 0.22721187203806448 | -0.7740810565561158 | 0.9172674043865365:0.023778954828798556 | -0.06162089237916213 | 0.23622035263613483
0.023778954828798556 | -0.06162089237916213 | 0.23622035263613483 | -0.7740810565561158 | 0.9172674043865365:0.03575247174941104 | -0.05404772587873641 | 0.24438198373819597
0.03575247174941104 | -0.05404772587873641 | 0.24438198373819597 | -0.7740810565561158 | 0.9172674043865365:0.0483957882574098 | -0.04586763599760535 | 0.25161459270307773
0.0483957882574098 | -0.04586763599760535 | 0.25161459270307773 | -0.7740810565561158 | 0.9172674043865365:0.061657191528622146 | -0.037122996134893116 | 0.2578405704871942
0.061657191528622146 | -0.037122996134893116 | 0.2578405704871942 | -0.7740810565561158 | 0.9172674043865365:0.07548049567479775 | -0.02786004885528426 | 0.2629873153981448
0.07548049567479775 | -0.02786004885528426 | 0.2629873153981448 | -0.23232359217829002 | -0.33523216160371905:0.0729300151396502 | -0.025457171515926635 | 0.2714943784637036
0.0729300151396502 | -0.025457171515926635 | 0.2714943784637036 | -0.23232359217829002 | -0.33523216160371905:0.07010296947617406 | -0.02286886838800961 | 0.27989645008781316
0.07010296947617406 | -0.02286886838800961 | 0.27989645008781316 | -0.23232359217829002 | -0.33523216160371905:0.06700311723706015 | -0.020097619564123148 | 0.28818386070257507
0.06700311723706015 | -0.020097619564123148 | 0.28818386070257507 | -0.23232359217829002 | -0.33523216160371905:0.06363440643135648 | -0.01714603810332349 | 0.2963471104473676
0.06363440643135648 | -0.01714603810332349 | 0.2963471104473676 | -0.23232359217829002 | -0.33523216160371905:0.06000097007641181 | -0.014016866968554087 | 0.30437687378943057
0.06000097007641181 | -0.014016866968554087 | 0.30437687378943057 | -0.32375436241711864 | -0.301395037200642:0.05663465794450806 | -0.009289841623961737 | 0.31221434866310993
0.05663465794450806 | -0.009289841623961737 | 0.31221434866310993 | -0.32375436241711864 | -0.301395037200642:0.05303815772001674 | -0.004325861965736699 | 0.3198748042082533
0.05303815772001674 | -0.004325861965736699 | 0.3198748042082533 | -0.32375436241711864 | -0.301395037200642:0.04921611039481577 | 8.702870221477532E-4 | 0.327348000914248
0.04921611039481577 | 8.702870221477532E-4 | 0.327348000914248 | -0.32375436241711864 | -0.301395037200642:0.04517333441526694 | 0.006293626628350868 | 0.3346239381210099
0.04517333441526694 | 0.006293626628350868 | 0.3346239381210099 | -0.32375436241711864 | -0.301395037200642:0.04091482043057415 | 0.011938990021277851 | 0.34169285968836416
0.04091482043057415 | 0.011938990021277851 | 0.34169285968836416 | 0.642279288166048 | 0.8182909100897469:0.055910052247850284 | 9.799178190130764E-4 | 0.346413151073504
0.055910052247850284 | 9.799178190130764E-4 | 0.346413151073504 | 0.642279288166048 | 0.8182909100897469:0.07132200357221552 | -0.010331010788221517 | 0.3500470096815427
0.07132200357221552 | -0.010331010788221517 | 0.3500470096815427 | 0.642279288166048 | 0.8182909100897469:0.08709780657647348 | -0.021952906945646333 | 0.3525521841044039
0.08709780657647348 | -0.021952906945646333 | 0.3525521841044039 | 0.642279288166048 | 0.8182909100897469:0.10318243160641472 | -0.03384311834956022 | 0.35389062316445496
0.10318243160641472 | -0.03384311834956022 | 0.35389062316445496 | 0.642279288166048 | 0.8182909100897469:0.11951889641313596 | -0.04595739077839589 | 0.3540286428028878
0.11951889641313596 | -0.04595739077839589 | 0.3540286428028878 | 0.642279288166048 | 0.8182909100897469:0.1360484825415087 | -0.058250035504582076 | 0.35293707651909045
0.1360484825415087 | -0.058250035504582076 | 0.35293707651909045 | 0.642279288166048 | 0.8182909100897469:0.15271095807953516 | -0.07067410197073087 | 0.35059140888162155
0.15271095807953516 | -0.07067410197073087 | 0.35059140888162155 | 0.642279288166048 | 0.8182909100897469:0.16944480595567613 | -0.08318155509885994 | 0.3469718916917266
0.16944480595567613 | -0.08318155509885994 | 0.3469718916917266 | 0.642279288166048 | 0.8182909100897469:0.18618745695637307 | -0.09572345658870063 | 0.3420636424415786
0.18618745695637307 | -0.09572345658870063 | 0.3420636424415786 | 0.642279288166048 | 0.8182909100897469:0.20287552662395547 | -0.108250149550706 | 0.3358567247716291
0.20287552662395547 | -0.108250149550706 | 0.3358567247716291 | 0.642279288166048 | 0.8182909100897469:0.21944505518591262 | -0.12071144581113691 | 0.32834621069411796
0.21944505518591262 | -0.12071144581113691 | 0.32834621069411796 | 0.642279288166048 | 0.8182909100897469:0.23583174966017184 | -0.1330568152206073 | 0.31953222441289775
0.23583174966017184 | -0.1330568152206073 | 0.31953222441289775 | 0.642279288166048 | 0.8182909100897469:0.25197122727750676 | -0.14523557629371453 | 0.3094199676330813
0.25197122727750676 | -0.14523557629371453 | 0.3094199676330813 | 0.642279288166048 | 0.8182909100897469:0.267799259361559 | -0.15719708750583106 | 0.2980197263172233
0.267799259361559 | -0.15719708750583106 | 0.2980197263172233 | 0.642279288166048 | 0.8182909100897469:0.28325201480910955 | -0.1688909385738393 | 0.2853468589078858
0.28325201480910955 | -0.1688909385738393 | 0.2853468589078858 | 0.642279288166048 | 0.8182909100897469:0.2982663023182086 | -0.1802671410504666 | 0.27142176609905455
0.2982663023182086 | -0.1802671410504666 | 0.27142176609905455 | 0.642279288166048 | 0.8182909100897469:0.3127798105195079 | -0.19127631756696895 | 0.2562698423009149
0.3127798105195079 | -0.19127631756696895 | 0.2562698423009149 | 0.642279288166048 | 0.8182909100897469:0.32673134517659186 | -0.20186988906611925 | 0.2399214090037347
0.32673134517659186 | -0.20186988906611925 | 0.2399214090037347 | 0.642279288166048 | 0.8182909100897469:0.34006106263424574 | -0.21200025937680955 | 0.22241163030683175
0.34006106263424574 | -0.21200025937680955 | 0.22241163030683175 | 0.642279288166048 | 0.8182909100897469:0.352710698709334 | -0.22162099649297984 | 0.2037804109376733
0.352710698709334 | -0.22162099649297984 | 0.2037804109376733 | 0.642279288166048 | 0.8182909100897469:0.36462379223727215 | -0.2306870099330247 | 0.18407227714381413
0.36462379223727215 | -0.2306870099330247 | 0.18407227714381413 | 0.642279288166048 | 0.8182909100897469:0.3757459025078411 | -0.23915472357123324 | 0.1633362408965624
0.3757459025078411 | -0.23915472357123324 | 0.1633362408965624 | 0.642279288166048 | 0.8182909100897469:0.38602481984726733 | -0.24698224335011698 | 0.1416256478997031
0.38602481984726733 | -0.24698224335011698 | 0.1416256478997031 | 0.642279288166048 | 0.8182909100897469:0.3954107686289632 | -0.2541295193016566 | 0.11899800994916454
0.3954107686289632 | -0.2541295193016566 | 0.11899800994916454 | 0.642279288166048 | 0.8182909100897469:0.4038566020230254 | -0.26055850132638714 | 0.09551482224010677
0.4038566020230254 | -0.26055850132638714 | 0.09551482224010677 | -0.7150311686075044 | -0.2606066871733348:0.4066458058721194 | -0.2596524388051664 | 0.11116556441324477
0.4066458058721194 | -0.2596524388051664 | 0.11116556441324477 | -0.7150311686075044 | -0.2606066871733348:0.4091731641120493 | -0.2581185797290546 | 0.12694533165597477
0.4091731641120493 | -0.2581185797290546 | 0.12694533165597477 | -0.7150311686075044 | -0.2606066871733348:0.4114361719431603 | -0.25594862007828834 | 0.14282352793323483
0.4114361719431603 | -0.25594862007828834 | 0.14282352793323483 | -0.7150311686075044 | -0.2606066871733348:0.4134328004136112 | -0.25313556293094486 | 0.15876914025565192
0.4134328004136112 | -0.25313556293094486 | 0.15876914025565192 | -0.7150311686075044 | -0.2606066871733348:0.4151615017777335 | -0.24967373419876449 | 0.17475080138582122
0.4151615017777335 | -0.24967373419876449 | 0.17475080138582122 | -0.8691464539102747 | -0.6012167588208783:0.4132559025306275 | -0.24412370218291812 | 0.19968996527564364
0.4132559025306275 | -0.24412370218291812 | 0.19968996527564364 | -0.8691464539102747 | -0.6012167588208783:0.4105109356102403 | -0.23739043339788868 | 0.22448747269757163
0.4105109356102403 | -0.23739043339788868 | 0.22448747269757163 | -0.8691464539102747 | -0.6012167588208783:0.4069282541799524 | -0.22947411441642096 | 0.2490572842348051
0.4069282541799524 | -0.22947411441642096 | 0.2490572842348051 | -0.8691464539102747 | -0.6012167588208783:0.4025124366429722 | -0.22037916105770883 | 0.2733132087047032
0.4025124366429722 | -0.22037916105770883 | 0.2733132087047032 | -0.8691464539102747 | -0.6012167588208783:0.3972709899393365 | -0.21011422978952599 | 0.29716921002250984
0.3972709899393365 | -0.21011422978952599 | 0.29716921002250984 | -0.8691464539102747 | -0.6012167588208783:0.3912143424995538 | -0.19869221418334337 | 0.3205397143763875
0.3912143424995538 | -0.19869221418334337 | 0.3205397143763875 | -0.8691464539102747 | -0.6012167588208783:0.38435582687903747 | -0.18613022643430632 | 0.34333991664957253
0.38435582687903747 | -0.18613022643430632 | 0.34333991664957253 | -0.8691464539102747 | -0.6012167588208783:0.37671165213250113 | -0.17244956400855393 | 0.3654860850302377
0.37671165213250113 | -0.17244956400855393 | 0.3654860850302377 | -0.8691464539102747 | -0.6012167588208783:0.3683008660220075 | -0.15767566153046708 | 0.3868958627577328
0.3683008660220075 | -0.15767566153046708 | 0.3868958627577328 | -0.8691464539102747 | -0.6012167588208783:0.3591453071865143 | -0.14183802807211876 | 0.4074885659655543
0.3591453071865143 | -0.14183802807211876 | 0.4074885659655543 | -0.8691464539102747 | -0.6012167588208783:0.3492695474344174 | -0.12497017005612143 | 0.42718547659635675
0.3492695474344174 | -0.12497017005612143 | 0.42718547659635675 | -0.8691464539102747 | -0.6012167588208783:0.338700824353527 | -0.10710950003111641 | 0.44591012938268904
0.338700824353527 | -0.10710950003111641 | 0.44591012938268904 | -0.8691464539102747 | -0.6012167588208783:0.32746896446518114 | -0.08829723162625136 | 0.4635885919087137
0.32746896446518114 | -0.08829723162625136 | 0.4635885919087137 | -0.8691464539102747 | -0.6012167588208783:0.3156062971805529 | -0.06857826103689035 | 0.4801497367929777
0.3156062971805529 | -0.06857826103689035 | 0.4801497367929777 | -0.8691464539102747 | -0.6012167588208783:0.3031475598476714 | -0.048001035438408834 | 0.49552550506010107
0.3031475598476714 | -0.048001035438408834 | 0.49552550506010107 | -0.8691464539102747 | -0.6012167588208783:0.2901297942070755 | -0.026617408768125017 | 0.5096511598001534
0.2901297942070755 | -0.026617408768125017 | 0.5096511598001534 | -0.8691464539102747 | -0.6012167588208783:0.27659223460226734 | -0.004482485357003796 | 0.5224655292481373
0.27659223460226734 | -0.004482485357003796 | 0.5224655292481373 | -0.8691464539102747 | -0.6012167588208783:0.26257618831824026 | 0.01834554806728761 | 0.5339112384524398
0.26257618831824026 | 0.01834554806728761 | 0.5339112384524398 | -0.8691464539102747 | -0.6012167588208783:0.2481249084470658 | 0.04180560144635237 | 0.5439349287402493
0.2481249084470658 | 0.04180560144635237 | 0.5439349287402493 | -0.8691464539102747 | -0.6012167588208783:0.2332834597039284 | 0.06583387093022353 | 0.5524874642294151
0.2332834597039284 | 0.06583387093022353 | 0.5524874642294151 | 0.08668823824236349 | -0.8551903689273139:0.2108184059136491 | 0.06385565337408927 | 0.5659310473356562
0.2108184059136491 | 0.06385565337408927 | 0.5659310473356562 | 0.08668823824236349 | -0.8551903689273139:0.18762806273904786 | 0.061799147219280925 | 0.5784130654475703
0.18762806273904786 | 0.061799147219280925 | 0.5784130654475703 | 0.08668823824236349 | -0.8551903689273139:0.16375525052737672 | 0.059668636955628074 | 0.5898955038387612
0.16375525052737672 | 0.059668636955628074 | 0.5898955038387612 | 0.08668823824236349 | -0.8551903689273139:0.1392446832450993 | 0.05746860308377677 | 0.6003423588705488
0.1392446832450993 | 0.05746860308377677 | 0.6003423588705488 | 0.08668823824236349 | -0.8551903689273139:0.11414287199900386 | 0.0552037125384075 | 0.6097197297356196
0.11414287199900386 | 0.0552037125384075 | 0.6097197297356196 | 0.08668823824236349 | -0.8551903689273139:0.08849802432145282 | 0.052878808671788846 | 0.6179959054486872
0.08849802432145282 | 0.052878808671788846 | 0.6179959054486872 | 0.08668823824236349 | -0.8551903689273139:0.06235993945267282 | 0.05049890082089625 | 0.6251414468938101
0.06235993945267282 | 0.05049890082089625 | 0.6251414468938101 | 0.08668823824236349 | -0.8551903689273139:0.035779899860923337 | 0.048069153482105165 | 0.6311292637494823
0.035779899860923337 | 0.048069153482105165 | 0.6311292637494823 | 0.08668823824236349 | -0.8551903689273139:0.008810559249187833 | 0.04559487511829907 | 0.6359346861242585
0.008810559249187833 | 0.04559487511829907 | 0.6359346861242585 | 0.08668823824236349 | -0.8551903689273139:-0.018494172696136957 | 0.04308150662393473 | 0.6395355307480344
-0.018494172696136957 | 0.04308150662393473 | 0.6395355307480344 | -0.8456835959417663 | -0.29366682805550703:-0.028003018931173074 | 0.07046922305040226 | 0.6403651258658947
-0.028003018931173074 | 0.07046922305040226 | 0.6403651258658947 | -0.8456835959417663 | -0.29366682805550703:-0.03755593547721858 | 0.09801235050544221 | 0.6398388483666402
-0.03755593547721858 | 0.09801235050544221 | 0.6398388483666402 | -0.8456835959417663 | -0.29366682805550703:-0.047131497504768305 | 0.12564943878216184 | 0.6379446902740504
-0.047131497504768305 | 0.12564943878216184 | 0.6379446902740504 | -0.8456835959417663 | -0.29366682805550703:-0.05670807210520934 | 0.15331837113001967 | 0.6346738231947668
-0.05670807210520934 | 0.15331837113001967 | 0.6346738231947668 | -0.8456835959417663 | -0.29366682805550703:-0.06626386994630451 | 0.1809565122837773 | 0.6300206335531797
-0.06626386994630451 | 0.1809565122837773 | 0.6300206335531797 | -0.8456835959417663 | -0.29366682805550703:-0.0757769973973339 | 0.2085008580087333 | 0.6239827500851618
-0.0757769973973339 | 0.2085008580087333 | 0.6239827500851618 | -0.8456835959417663 | -0.29366682805550703:-0.08522550899866488 | 0.23588818580298465 | 0.6165610635275698
-0.08522550899866488 | 0.23588818580298465 | 0.6165610635275698 | -0.8456835959417663 | -0.29366682805550703:-0.0945874601500023 | 0.2630552063955278 | 0.6077597384591229
-0.0945874601500023 | 0.2630552063955278 | 0.6077597384591229 | -0.8456835959417663 | -0.29366682805550703:-0.10384095989135034 | 0.28993871567779106 | 0.5975862172665884
-0.10384095989135034 | 0.28993871567779106 | 0.5975862172665884 | -0.8456835959417663 | -0.29366682805550703:-0.11296422365062853 | 0.31647574670591183 | 0.5860512162289737
-0.11296422365062853 | 0.31647574670591183 | 0.5860512162289737 | -0.9567739957702155 | -0.7545991850752332:-0.13503955817735758 | 0.3457916983449767 | 0.5682960498322629
-0.13503955817735758 | 0.3457916983449767 | 0.5682960498322629 | -0.9567739957702155 | -0.7545991850752332:-0.15646878373607542 | 0.3743352461278189 | 0.5482057645563998
-0.15646878373607542 | 0.3743352461278189 | 0.5482057645563998 | -0.9567739957702155 | -0.7545991850752332:-0.1771595804090751 | 0.40198801558062414 | 0.5258389368958944
-0.1771595804090751 | 0.40198801558062414 | 0.5258389368958944 | -0.9567739957702155 | -0.7545991850752332:-0.19702193187513117 | 0.428634320165429 | 0.5012638474179809
-0.19702193187513117 | 0.428634320165429 | 0.5012638474179809 | -0.9567739957702155 | -0.7545991850752332:-0.21596851207684153 | 0.45416165691762167 | 0.47455825803274365
-0.21596851207684153 | 0.45416165691762167 | 0.47455825803274365 | -0.9567739957702155 | -0.7545991850752332:-0.23391506236601423 | 0.47846119098188655 | 0.4458091486129021
-0.23391506236601423 | 0.47846119098188655 | 0.4458091486129021 | -0.9567739957702155 | -0.7545991850752332:-0.2507807575174432 | 0.5014282269818198 | 0.41511241395446774
-0.2507807575174432 | 0.5014282269818198 | 0.41511241395446774 | -0.9567739957702155 | -0.7545991850752332:-0.2664885590460244 | 0.5229626652109642 | 0.38257252223687743
-0.2664885590460244 | 0.5229626652109642 | 0.38257252223687743 | -0.9567739957702155 | -0.7545991850752332:-0.2809655543131502 | 0.5429694406938488 | 0.34830213630388585
-0.2809655543131502 | 0.5429694406938488 | 0.34830213630388585 | -0.9567739957702155 | -0.7545991850752332:-0.2941432799657857 | 0.5613589432346435 | 0.31242169924365015
-0.2941432799657857 | 0.5613589432346435 | 0.31242169924365015 | -0.4497108594813237 | 0.8259923473539359:-0.2826866717840364 | 0.5706011725967395 | 0.31290433703200193
-0.2826866717840364 | 0.5706011725967395 | 0.31290433703200193 | -0.4497108594813237 | 0.8259923473539359:-0.271165101060161 | 0.5798565326459645 | 0.31268674925167517
-0.271165101060161 | 0.5798565326459645 | 0.31268674925167517 | -0.4497108594813237 | 0.8259923473539359:-0.25960900906519946 | 0.5891088050690166 | 0.31176425038502487
-0.25960900906519946 | 0.5891088050690166 | 0.31176425038502487 | -0.4497108594813237 | 0.8259923473539359:-0.2480490745267474 | 0.5983416198829336 | 0.3101338794003681
-0.2480490745267474 | 0.5983416198829336 | 0.3101338794003681 | -0.4497108594813237 | 0.8259923473539359:-0.23651613712508102 | 0.607538496946947 | 0.3077944145670486
-0.23651613712508102 | 0.607538496946947 | 0.3077944145670486 | 0.49547625995217337 | 0.09698784505133506:-0.23585757532520546 | 0.6020488161455197 | 0.32514623732664205
-0.23585757532520546 | 0.6020488161455197 | 0.32514623732664205 | 0.49547625995217337 | 0.09698784505133506:-0.2351001643599666 | 0.5960763329429466 | 0.3424017110144604
-0.2351001643599666 | 0.5960763329429466 | 0.3424017110144604 | 0.49547625995217337 | 0.09698784505133506:-0.23424435903556073 | 0.5896229594792173 | 0.3595465142855545
-0.23424435903556073 | 0.5896229594792173 | 0.3595465142855545 | 0.49547625995217337 | 0.09698784505133506:-0.2332906933228749 | 0.5826910154001101 | 0.3765663840507969
-0.2332906933228749 | 0.5826910154001101 | 0.3765663840507969 | 0.49547625995217337 | 0.09698784505133506:-0.23223977989923128 | 0.5752832256384441 | 0.39344712724982145
-0.23223977989923128 | 0.5752832256384441 | 0.39344712724982145 | 0.49547625995217337 | 0.09698784505133506:-0.23109230962837124 | 0.5674027178788861 | 0.41017463253294295
-0.23109230962837124 | 0.5674027178788861 | 0.41017463253294295 | 0.49547625995217337 | 0.09698784505133506:-0.22984905097933783 | 0.5590530197096486 | 0.426734881843565
-0.22984905097933783 | 0.5590530197096486 | 0.426734881843565 | 0.49547625995217337 | 0.09698784505133506:-0.22851084938499255 | 0.5502380554646615 | 0.4431139618927702
-0.22851084938499255 | 0.5502380554646615 | 0.4431139618927702 | 0.49547625995217337 | 0.09698784505133506:-0.2270786265409157 | 0.5409621427599509 | 0.45929807551794966
-0.2270786265409157 | 0.5409621427599509 | 0.45929807551794966 | 0.49547625995217337 | 0.09698784505133506:-0.22555337964549338 | 0.5312299887282119 | 0.4752735529171872
-0.22555337964549338 | 0.5312299887282119 | 0.4752735529171872 | -0.5298744517376064 | -0.5724137635564559:-0.2394598805419772 | 0.5454688522646993 | 0.4559244879174358
-0.2394598805419772 | 0.5454688522646993 | 0.4559244879174358 | -0.5298744517376064 | -0.5724137635564559:-0.2528300562108523 | 0.5592113866204089 | 0.4357277148661467
-0.2528300562108523 | 0.5592113866204089 | 0.4357277148661467 | -0.5298744517376064 | -0.5724137635564559:-0.2656374102661836 | 0.5724327972993493 | 0.41471179805345315
-0.2656374102661836 | 0.5724327972993493 | 0.41471179805345315 | -0.5298744517376064 | -0.5724137635564559:-0.2778563083932948 | 0.5851090662184841 | 0.39290684736376136
-0.2778563083932948 | 0.5851090662184841 | 0.39290684736376136 | -0.5298744517376064 | -0.5724137635564559:-0.2894620257735703 | 0.5972169962648497 | 0.37034446950930544
-0.2894620257735703 | 0.5972169962648497 | 0.37034446950930544 | -0.5298744517376064 | -0.5724137635564559:-0.30043079294800457 | 0.608734254443009 | 0.3470577165697293
-0.30043079294800457 | 0.608734254443009 | 0.3470577165697293 | -0.5298744517376064 | -0.5724137635564559:-0.3107398400398669 | 0.6196394135379535 | 0.3230810319296751
-0.3107398400398669 | 0.6196394135379535 | 0.3230810319296751 | -0.5298744517376064 | -0.5724137635564559:-0.3203674392598792 | 0.6299119922212721 | 0.2984501937106998
-0.3203674392598792 | 0.6299119922212721 | 0.2984501937106998 | -0.5298744517376064 | -0.5724137635564559:-0.329292945620435 | 0.6395324935311955 | 0.27320225579804003
-0.329292945620435 | 0.6395324935311955 | 0.27320225579804003 | -0.5298744517376064 | -0.5724137635564559:-0.33749683578857326 | 0.6484824416601267 | 0.2473754865667459
-0.33749683578857326 | 0.6484824416601267 | 0.2473754865667459 | -0.5298744517376064 | -0.5724137635564559:-0.3449607450108019 | 0.656744416986264 | 0.2210093054154214
-0.3449607450108019 | 0.656744416986264 | 0.2210093054154214 | -0.5298744517376064 | -0.5724137635564559:-0.35166750204629604 | 0.6643020892890839 | 0.19414421721934616
-0.35166750204629604 | 0.6643020892890839 | 0.19414421721934616 | -0.5298744517376064 | -0.5724137635564559:-0.35760116204854775 | 0.67114024909168 | 0.16682174481840661
-0.35760116204854775 | 0.67114024909168 | 0.16682174481840661 | -0.5298744517376064 | -0.5724137635564559:-0.3627470373391679 | 0.6772448370762962 | 0.13908435965804244
-0.3627470373391679 | 0.6772448370762962 | 0.13908435965804244 | -0.5298744517376064 | -0.5724137635564559:-0.3670917260212807 | 0.6826029715227726 | 0.11097541070479622
-0.3670917260212807 | 0.6826029715227726 | 0.11097541070479622 | -0.5298744517376064 | -0.5724137635564559:-0.3706231383837375 | 0.687202973723128 | 0.08253905176048448
-0.3706231383837375 | 0.687202973723128 | 0.08253905176048448 | -0.5298744517376064 | -0.5724137635564559:-0.373330521051245 | 0.6910343913290156 | 0.053820167301800836
-0.373330521051245 | 0.6910343913290156 | 0.053820167301800836 | -0.5298744517376064 | -0.5724137635564559:-0.3752044788394695 | 0.6940880195924741 | 0.024864296974307365
-0.3752044788394695 | 0.6940880195924741 | 0.024864296974307365 | -0.5298744517376064 | -0.5724137635564559:-0.3762369942781447 | 0.6963559204639829 | -0.004282441127983816
-0.3762369942781447 | 0.6963559204639829 | -0.004282441127983816 | -0.5298744517376064 | -0.5724137635564559:-0.37642144476926775 | 0.6978314395156175 | -0.03357342826453902
-0.37642144476926775 | 0.6978314395156175 | -0.03357342826453902 | -0.3501230379898048 | -0.7781858453689838:-0.37532923976891874 | 0.6989500014695835 | -0.060549022173098876
-0.37532923976891874 | 0.6989500014695835 | -0.060549022173098876 | -0.3501230379898048 | -0.7781858453689838:-0.3731701873494462 | 0.6995750480922922 | -0.08754433207811019
-0.3731701873494462 | 0.6995750480922922 | -0.08754433207811019 | -0.3501230379898048 | -0.7781858453689838:-0.3699422822323637 | 0.699705360061678 | -0.11450742635118161
-0.3699422822323637 | 0.699705360061678 | -0.11450742635118161 | -0.3501230379898048 | -0.7781858453689838:-0.36564563612417267 | 0.6993406678316596 | -0.14138623252701166
-0.36564563612417267 | 0.6993406678316596 | -0.14138623252701166 | -0.3501230379898048 | -0.7781858453689838:-0.36028248331598633 | 0.6984816550789681 | -0.1681286417158674
-0.36028248331598633 | 0.6984816550789681 | -0.1681286417158674 | -0.3501230379898048 | -0.7781858453689838:-0.3538571819844569 | 0.697129960218021 | -0.19468261325194902
-0.3538571819844569 | 0.697129960218021 | -0.19468261325194902 | -0.3501230379898048 | -0.7781858453689838:-0.34637621118992934 | 0.6952881759801564 | -0.22099627936524513
-0.34637621118992934 | 0.6952881759801564 | -0.22099627936524513 | -0.3501230379898048 | -0.7781858453689838:-0.337848163576429 | 0.6929598470574234 | -0.2470180496643266
-0.337848163576429 | 0.6929598470574234 | -0.2470180496643266 | -0.3501230379898048 | -0.7781858453689838:-0.3282837337867738 | 0.6901494658150575 | -0.2726967152184514
-0.3282837337867738 | 0.6901494658150575 | -0.2726967152184514 | -0.3501230379898048 | -0.7781858453689838:-0.31769570261473123 | 0.6868624660806937 | -0.2979815520278919
-0.31769570261473123 | 0.6868624660806937 | -0.2979815520278919 | 0.2722172088525845 | -0.2442574440553713:-0.3148684121297514 | 0.6924401204859585 | -0.2931350568311615
-0.3148684121297514 | 0.6924401204859585 | -0.2931350568311615 | 0.2722172088525845 | -0.2442574440553713:-0.3120863248624424 | 0.6979443383924675 | -0.2881594650769159
-0.3120863248624424 | 0.6979443383924675 | -0.2881594650769159 | 0.2722172088525845 | -0.2442574440553713:-0.30935138821094144 | 0.7033731774070695 | -0.28305645870216267
-0.30935138821094144 | 0.7033731774070695 | -0.28305645870216267 | 0.2722172088525845 | -0.2442574440553713:-0.306665523324815 | 0.7087247216144412 | -0.2778277757353891
-0.306665523324815 | 0.7087247216144412 | -0.2778277757353891 | 0.2722172088525845 | -0.2442574440553713:-0.30403062440541184 | 0.7139970823866193 | -0.2724752094344538
-0.30403062440541184 | 0.7139970823866193 | -0.2724752094344538 | 0.2722172088525845 | -0.2442574440553713:-0.30144855801922876 | 0.7191883991779306 | -0.26700060740586196
-0.30144855801922876 | 0.7191883991779306 | -0.26700060740586196 | 0.2722172088525845 | -0.2442574440553713:-0.29892116242447764 | 0.7242968403050973 | -0.2614058707059428
-0.29892116242447764 | 0.7242968403050973 | -0.2614058707059428 | 0.2722172088525845 | -0.2442574440553713:-0.29645024691103683 | 0.7293206037122957 | -0.2556929529242069
-0.29645024691103683 | 0.7293206037122957 | -0.2556929529242069 | 0.2722172088525845 | -0.2442574440553713:-0.29403759115396966 | 0.7342579177210027 | -0.24986385924945154
-0.29403759115396966 | 0.7342579177210027 | -0.24986385924945154 | 0.2722172088525845 | -0.2442574440553713:-0.2916849445807794 | 0.7391070417643917 | -0.24392064551894066
-0.2916849445807794 | 0.7391070417643917 | -0.24392064551894066 | 0.2722172088525845 | -0.2442574440553713:-0.2893940257525687 | 0.7438662671061635 | -0.23786541725114319
-0.2893940257525687 | 0.7438662671061635 | -0.23786541725114319 | 0.2722172088525845 | -0.2442574440553713:-0.28716652175927004 | 0.7485339175435115 | -0.2317003286624697
-0.28716652175927004 | 0.7485339175435115 | -0.2317003286624697 | 0.2722172088525845 | -0.2442574440553713:-0.285004087629094 | 0.7531083500941733 | -0.2254275816683844
-0.285004087629094 | 0.7531083500941733 | -0.2254275816683844 | 0.2722172088525845 | -0.2442574440553713:-0.2829083457523609 | 0.7575879556673399 | -0.2190494248694037
-0.2829083457523609 | 0.7575879556673399 | -0.2190494248694037 | 0.2722172088525845 | -0.2442574440553713:-0.2808808853198439 | 0.7619711597182359 | -0.21256815252240102
-0.2808808853198439 | 0.7619711597182359 | -0.21256815252240102 | 0.2722172088525845 | -0.2442574440553713:-0.27892326177577864 | 0.7662564228862507 | -0.20598610349762225
-0.27892326177577864 | 0.7662564228862507 | -0.20598610349762225 | 0.2722172088525845 | -0.2442574440553713:-0.2770369962856609 | 0.7704422416164931 | -0.1993056602219312
-0.2770369962856609 | 0.7704422416164931 | -0.1993056602219312 | 0.2722172088525845 | -0.2442574440553713:-0.2752235752189742 | 0.7745271487645482 | -0.1925292476086824
-0.2752235752189742 | 0.7745271487645482 | -0.1925292476086824 | 0.2722172088525845 | -0.2442574440553713:-0.27348444964695506 | 0.7785097141843806 | -0.18565933197467643
-0.27348444964695506 | 0.7785097141843806 | -0.18565933197467643 | 0.2722172088525845 | -0.2442574440553713:-0.27182103485552034 | 0.7823885452991917 | -0.1786984199446735
-0.27182103485552034 | 0.7823885452991917 | -0.1786984199446735 | -0.5252711736690883 | 0.464646854517891:-0.27687275016719326 | 0.7788268620148742 | -0.1931619503359343
-0.27687275016719326 | 0.7788268620148742 | -0.1931619503359343 | -0.5252711736690883 | 0.464646854517891:-0.282260525546981 | 0.7748630675198598 | -0.20742700252248625
-0.282260525546981 | 0.7748630675198598 | -0.20742700252248625 | -0.5252711736690883 | 0.464646854517891:-0.28797985250377245 | 0.7705022028645558 | -0.22147441242333343
-0.28797985250377245 | 0.7705022028645558 | -0.22147441242333343 | -0.5252711736690883 | 0.464646854517891:-0.2940257559272146 | 0.7657498378066521 | -0.2352852565087673
-0.2940257559272146 | 0.7657498378066521 | -0.2352852565087673 | -0.5252711736690883 | 0.464646854517891:-0.3003928002134719 | 0.7606120642465513 | -0.24884087776246133
-0.3003928002134719 | 0.7606120642465513 | -0.24884087776246133 | 0.40440040838789204 | 0.06010197267108963:-0.30160430380240477 | 0.7667880645551719 | -0.23290264196368327
-0.30160430380240477 | 0.7667880645551719 | -0.23290264196368327 | 0.40440040838789204 | 0.06010197267108963:-0.30276352041898846 | 0.7726351924220864 | -0.21680764665727992
-0.30276352041898846 | 0.7726351924220864 | -0.21680764665727992 | 0.40440040838789204 | 0.06010197267108963:-0.3038699459125098 | 0.7781497681988796 | -0.20056317262652357
-0.3038699459125098 | 0.7781497681988796 | -0.20056317262652357 | 0.40440040838789204 | 0.06010197267108963:-0.3049231001153716 | 0.7833282749266886 | -0.1841765822550414
-0.3049231001153716 | 0.7833282749266886 | -0.1841765822550414 | 0.40440040838789204 | 0.06010197267108963:-0.30592252707998924 | 0.7881673599468328 | -0.167655315774347
-0.30592252707998924 | 0.7881673599468328 | -0.167655315774347 | 0.780985863235435 | -0.011232488335406021:-0.30633564182291906 | 0.7953838561835695 | -0.1371491061343164
-0.30633564182291906 | 0.7953838561835695 | -0.1371491061343164 | 0.780985863235435 | -0.011232488335406021:-0.3067610406628507 | 0.8013987041563979 | -0.10633340637353683
-0.3067610406628507 | 0.8013987041563979 | -0.10633340637353683 | 0.780985863235435 | -0.011232488335406021:-0.30719894924060576 | 0.8061988126174029 | -0.07525612054103448
