0.0 | 0.0 | 0.0 | -0.8919197012877293 | 0.9650225079892167:4.818445036591013E-4 | 4.45812044377325E-4 | 0.009978430612845974
4.818445036591013E-4 | 4.45812044377325E-4 | 0.009978430612845974 | -0.8919197012877293 | 0.9650225079892167:0.001912649272361332 | 0.0017715363215232705 | 0.0197284928928304
0.001912649272361332 | 0.0017715363215232705 | 0.0197284928928304 | -0.8919197012877293 | 0.9650225079892167:0.004264437553846609 | 0.003954106026787474 | 0.029126088286590537
0.004264437553846609 | 0.003954106026787474 | 0.029126088286590537 | -0.8919197012877293 | 0.9650225079892167:0.007501625708308875 | 0.006963327293786792 | 0.03805144034924492
0.007501625708308875 | 0.006963327293786792 | 0.03805144034924492 | -0.8919197012877293 | 0.9650225079892167:0.011581358192661617 | 0.010762170787435132 | 0.04638990225426044
0.011581358192661617 | 0.010762170787435132 | 0.04638990225426044 | -0.8919197012877293 | 0.9650225079892167:0.016453885422216513 | 0.015307103849280912 | 0.05403272286669608
0.016453885422216513 | 0.015307103849280912 | 0.05403272286669608 | -0.8919197012877293 | 0.9650225079892167:0.02206298180675062 | 0.02054846078857231 | 0.06087776727191793
0.02206298180675062 | 0.02054846078857231 | 0.06087776727191793 | -0.8919197012877293 | 0.9650225079892167:0.028346401060346166 | 0.026430848723154154 | 0.06683018795226592
0.028346401060346166 | 0.026430848723154154 | 0.06683018795226592 | -0.8919197012877293 | 0.9650225079892167:0.0352363657045895 | 0.03289358620103888 | 0.07180304312195324
0.0352363657045895 | 0.03289358620103888 | 0.07180304312195324 | -0.6843091962528323 | -0.1262080563659691:0.03846478665189065 | 0.03906260269516393 | 0.07834130990815896
0.03846478665189065 | 0.03906260269516393 | 0.07834130990815896 | -0.6843091962528323 | -0.1262080563659691:0.04157048605982733 | 0.04566567096467 | 0.08450220237194583
0.04157048605982733 | 0.04566567096467 | 0.08450220237194583 | -0.6843091962528323 | -0.1262080563659691:0.04455795603020404 | 0.052681174022194854 | 0.09026449929520475
0.04455795603020404 | 0.052681174022194854 | 0.09026449929520475 | -0.6843091962528323 | -0.1262080563659691:0.047431832119981365 | 0.06008667366852294 | 0.09560812076603997
0.047431832119981365 | 0.06008667366852294 | 0.09560812076603997 | -0.6843091962528323 | -0.1262080563659691:0.05019688354450663 | 0.06785896337127983 | 0.10051415640729744
0.05019688354450663 | 0.06785896337127983 | 0.10051415640729744 | -0.6843091962528323 | -0.1262080563659691:0.05285800324190498 | 0.07597412193440423 | 0.10496489125073405
0.05285800324190498 | 0.07597412193440423 | 0.10496489125073405 | -0.6843091962528323 | -0.1262080563659691:0.055420197816257066 | 0.08440756786311332 | 0.10894382924031643
0.055420197816257066 | 0.08440756786311332 | 0.10894382924031643 | -0.6843091962528323 | -0.1262080563659691:0.05788857737718378 | 0.09313411432906454 | 0.1124357143519139
0.05788857737718378 | 0.09313411432906454 | 0.1124357143519139 | -0.6843091962528323 | -0.1262080563659691:0.060268345293422954 | 0.10212802464052784 | 0.1154265493204012
0.060268345293422954 | 0.10212802464052784 | 0.1154265493204012 | -0.6843091962528323 | -0.1262080563659691:0.06256478787792585 | 0.11136306812263991 | 0.11790361196891386
0.06256478787792585 | 0.11136306812263991 | 0.11790361196891386 | -0.6654614713137479 | -0.972439258690009:0.05964999314606745 | 0.12069996003963314 | 0.12260212616151422
0.05964999314606745 | 0.12069996003963314 | 0.12260212616151422 | -0.6654614713137479 | -0.972439258690009:0.05623653738969436 | 0.13031342423566955 | 0.12672548069752487
0.05623653738969436 | 0.13031342423566955 | 0.12672548069752487 | -0.6654614713137479 | -0.972439258690009:0.05236235971652303 | 0.14017906003004382 | 0.13022456535015703
0.05236235971652303 | 0.14017906003004382 | 0.13022456535015703 | -0.6654614713137479 | -0.972439258690009:0.04806839443690558 | 0.15027035103946784 | 0.1330538047958596
0.04806839443690558 | 0.15027035103946784 | 0.1330538047958596 | -0.6654614713137479 | -0.972439258690009:0.04339834561677647 | 0.16055881535302663 | 0.13517140872984124
0.04339834561677647 | 0.16055881535302663 | 0.13517140872984124 | -0.17196574307253232 | 0.22852903348621978:0.046571043630716735 | 0.1676433898011549 | 0.13816721785708452
0.046571043630716735 | 0.1676433898011549 | 0.13816721785708452 | -0.17196574307253232 | 0.22852903348621978:0.049815183596311985 | 0.1747355511407246 | 0.14094711576333196
0.049815183596311985 | 0.1747355511407246 | 0.14094711576333196 | -0.17196574307253232 | 0.22852903348621978:0.053126571506800446 | 0.18183261419367802 | 0.14351116067863234
0.053126571506800446 | 0.18183261419367802 | 0.14351116067863234 | -0.17196574307253232 | 0.22852903348621978:0.05650104234713105 | 0.1889319105083367 | 0.14585949909159757
0.05650104234713105 | 0.1889319105083367 | 0.14585949909159757 | -0.17196574307253232 | 0.22852903348621978:0.05993446101279898 | 0.1960307891026849 | 0.14799236463937993
0.05993446101279898 | 0.1960307891026849 | 0.14799236463937993 | -0.25485560620473957 | -0.06829671547936744:0.061193840810201516 | 0.20374913503720826 | 0.14999166454402024
0.061193840810201516 | 0.20374913503720826 | 0.14999166454402024 | -0.25485560620473957 | -0.06829671547936744:0.06241484490913107 | 0.21148768818182373 | 0.1517854761855264
0.06241484490913107 | 0.21148768818182373 | 0.1517854761855264 | -0.25485560620473957 | -0.06829671547936744:0.06359887094250305 | 0.21924247166116295 | 0.15337450193757185
0.06359887094250305 | 0.21924247166116295 | 0.15337450193757185 | -0.25485560620473957 | -0.06829671547936744:0.0647473033252246 | 0.22700954508611826 | 0.15475950820275486
0.0647473033252246 | 0.22700954508611826 | 0.15475950820275486 | -0.25485560620473957 | -0.06829671547936744:0.06586151311563282 | 0.2347850052014704 | 0.15594132443053743
0.06586151311563282 | 0.2347850052014704 | 0.15594132443053743 | -0.25485560620473957 | -0.06829671547936744:0.06694285788110044 | 0.2425649865167312 | 0.15692084213359703
0.06694285788110044 | 0.2425649865167312 | 0.15692084213359703 | -0.25485560620473957 | -0.06829671547936744:0.06799268156778182 | 0.25034566192031393 | 0.15769901390280783
0.06799268156778182 | 0.25034566192031393 | 0.15769901390280783 | -0.25485560620473957 | -0.06829671547936744:0.06901231437447009 | 0.2581232432771463 | 0.15827685242105982
0.06901231437447009 | 0.2581232432771463 | 0.15827685242105982 | -0.25485560620473957 | -0.06829671547936744:0.07000307263054162 | 0.26589398200984293 | 0.15865542947612
0.07000307263054162 | 0.26589398200984293 | 0.15865542947612 | -0.25485560620473957 | -0.06829671547936744:0.07096625867795447 | 0.27365416966354683 | 0.1588358749727421
0.07096625867795447 | 0.27365416966354683 | 0.1588358749727421 | 0.8292025299531118 | 0.04434928862623422:0.07282982328539367 | 0.2723959643989389 | 0.17342419682339738
0.07282982328539367 | 0.2723959643989389 | 0.17342419682339738 | 0.8292025299531118 | 0.04434928862623422:0.07471898937322452 | 0.27032858091878964 | 0.18813014327167554
0.07471898937322452 | 0.27032858091878964 | 0.18813014327167554 | 0.8292025299531118 | 0.04434928862623422:0.07663439943947048 | 0.2674424182018056 | 0.20290957134775223
0.07663439943947048 | 0.2674424182018056 | 0.20290957134775223 | 0.8292025299531118 | 0.04434928862623422:0.07857656932718182 | 0.2637302005829545 | 0.21771786667889437
0.07857656932718182 | 0.2637302005829545 | 0.21771786667889437 | 0.8292025299531118 | 0.04434928862623422:0.08054588747672842 | 0.25918699452157146 | 0.2325100618165008
0.08054588747672842 | 0.25918699452157146 | 0.2325100618165008 | 0.8292025299531118 | 0.04434928862623422:0.08254261448752498 | 0.2538102195866818 | 0.2472409548952319
0.08254261448752498 | 0.2538102195866818 | 0.2472409548952319 | 0.8292025299531118 | 0.04434928862623422:0.08456688298828441 | 0.24759965367089531 | 0.26186522835088155
0.08456688298828441 | 0.24759965367089531 | 0.26186522835088155 | 0.8292025299531118 | 0.04434928862623422:0.0866186978142216 | 0.24055743245667216 | 0.27633756742551174
0.0866186978142216 | 0.24055743245667216 | 0.27633756742551174 | 0.8292025299531118 | 0.04434928862623422:0.08869793648898705 | 0.2326880431710503 | 0.2906127781908374
0.08869793648898705 | 0.2326880431710503 | 0.2906127781908374 | 0.8292025299531118 | 0.04434928862623422:0.09080435000845233 | 0.2239983126770504 | 0.3046459048238068
0.09080435000845233 | 0.2239983126770504 | 0.3046459048238068 | 0.8292025299531118 | 0.04434928862623422:0.09293756392284847 | 0.2144973899618856 | 0.31839234587185317
0.09293756392284847 | 0.2144973899618856 | 0.31839234587185317 | 0.8292025299531118 | 0.04434928862623422:0.09509707971312897 | 0.20419672309383063 | 0.33180796924930256
0.09509707971312897 | 0.20419672309383063 | 0.33180796924930256 | 0.8292025299531118 | 0.04434928862623422:0.09728227645681642 | 0.19311003073105049 | 0.34484922571097076
0.09728227645681642 | 0.19311003073105049 | 0.34484922571097076 | 0.8292025299531118 | 0.04434928862623422:0.09949241277801235 | 0.1812532682769108 | 0.3574732605539852
0.09949241277801235 | 0.1812532682769108 | 0.3574732605539852 | 0.8292025299531118 | 0.04434928862623422:0.10172662907566021 | 0.16864458878719812 | 0.36963802330439854
0.10172662907566021 | 0.16864458878719812 | 0.36963802330439854 | 0.8292025299531118 | 0.04434928862623422:0.10398395002359084 | 0.15530429874532992 | 0.3813023751510993
0.10398395002359084 | 0.15530429874532992 | 0.3813023751510993 | 0.8292025299531118 | 0.04434928862623422:0.1062632873353393 | 0.14125480883190455 | 0.39242619389594324
0.1062632873353393 | 0.14125480883190455 | 0.39242619389594324 | 0.8292025299531118 | 0.04434928862623422:0.10856344278620123 | 0.12652057982494025 | 0.40297047619588255
0.10856344278620123 | 0.12652057982494025 | 0.40297047619588255 | 0.8292025299531118 | 0.04434928862623422:0.11088311148447261 | 0.11112806377673934 | 0.41289743688011704
0.11088311148447261 | 0.11112806377673934 | 0.41289743688011704 | 0.8292025299531118 | 0.04434928862623422:0.1132208853833565 | 0.09510564062257831 | 0.4221706051329406
0.1132208853833565 | 0.09510564062257831 | 0.4221706051329406 | 0.8292025299531118 | 0.04434928862623422:0.1155752570245352 | 0.07848355038525412 | 0.4307549173409946
0.1155752570245352 | 0.07848355038525412 | 0.4307549173409946 | 0.8292025299531118 | 0.04434928862623422:0.11794462350396895 | 0.06129382114799675 | 0.4386168064120355
0.11794462350396895 | 0.06129382114799675 | 0.4386168064120355 | 0.8292025299531118 | 0.04434928862623422:0.12032729065007342 | 0.04357019297627929 | 0.44572428738101877
0.12032729065007342 | 0.04357019297627929 | 0.44572428738101877 | 0.8292025299531118 | 0.04434928862623422:0.12272147740401351 | 0.025348037976661075 | 0.4520470391283933
0.12272147740401351 | 0.025348037976661075 | 0.4520470391283933 | 0.8292025299531118 | 0.04434928862623422:0.12512532039148283 | 0.006664276688015391 | 0.45755648204482746
0.12512532039148283 | 0.006664276688015391 | 0.45755648204482746 | 0.8292025299531118 | 0.04434928862623422:0.12753687867501107 | -0.012442708992871587 | 0.46222585148619366
0.12753687867501107 | -0.012442708992871587 | 0.46222585148619366 | 0.8292025299531118 | 0.04434928862623422:0.12995413867547523 | -0.031933166142971814 | 0.46603026687255067
0.12995413867547523 | -0.031933166142971814 | 0.46603026687255067 | 0.8292025299531118 | 0.04434928862623422:0.13237501925123585 | -0.051766064187933836 | 0.4689467962949756
0.13237501925123585 | -0.051766064187933836 | 0.4689467962949756 | 0.8292025299531118 | 0.04434928862623422:0.1347973769230153 | -0.07189919110078336 | 0.47095451650440445
0.1347973769230153 | -0.07189919110078336 | 0.47095451650440445 | 0.8292025299531118 | 0.04434928862623422:0.13721901123240965 | -0.09228925220023854 | 0.4720345681671798
0.13721901123240965 | -0.09228925220023854 | 0.4720345681671798 | 0.1398534229437287 | 0.038786235833987215:0.13951332976704212 | -0.09654300606010047 | 0.47581872455033647
0.13951332976704212 | -0.09654300606010047 | 0.47581872455033647 | 0.1398534229437287 | 0.038786235833987215:0.14181014391613012 | -0.10084613366986872 | 0.47951212078742245
0.14181014391613012 | -0.10084613366986872 | 0.47951212078742245 | 0.1398534229437287 | 0.038786235833987215:0.14410921609812455 | -0.10519737754994551 | 0.48311482515472726
0.14410921609812455 | -0.10519737754994551 | 0.48311482515472726 | 0.1398534229437287 | 0.038786235833987215:0.1464103102974601 | -0.10959548983985279 | 0.48662691543013636
0.1464103102974601 | -0.10959548983985279 | 0.48662691543013636 | 0.1398534229437287 | 0.038786235833987215:0.14871319206903788 | -0.11403923227483403 | 0.49004847875427515
0.14871319206903788 | -0.11403923227483403 | 0.49004847875427515 | 0.5156253208916217 | -0.7872786454353282:0.13060751028303574 | -0.1277813051522605 | 0.496882400955009
0.13060751028303574 | -0.1277813051522605 | 0.496882400955009 | 0.5156253208916217 | -0.7872786454353282:0.11207571404521488 | -0.141796984095369 | 0.5026091880934267
0.11207571404521488 | -0.141796984095369 | 0.5026091880934267 | 0.5156253208916217 | -0.7872786454353282:0.09316535128786008 | -0.15605574040321368 | 0.5071967977022744
0.09316535128786008 | -0.15605574040321368 | 0.5071967977022744 | 0.5156253208916217 | -0.7872786454353282:0.07392549244820046 | -0.17052600792406025 | 0.5106161654655175
0.07392549244820046 | -0.17052600792406025 | 0.5106161654655175 | 0.5156253208916217 | -0.7872786454353282:0.054406596196266754 | -0.18517526973760834 | 0.5128413038954953
0.054406596196266754 | -0.18517526973760834 | 0.5128413038954953 | -0.912879702508872 | -0.2134008359898436:0.049250082779318305 | -0.16291540984256692 | 0.5256078366157872
0.049250082779318305 | -0.16291540984256692 | 0.5256078366157872 | -0.912879702508872 | -0.2134008359898436:0.04391854968480846 | -0.1398872505262574 | 0.5373064943814363
0.04391854968480846 | -0.1398872505262574 | 0.5373064943814363 | -0.912879702508872 | -0.2134008359898436:0.038424190284468196 | -0.11614186409261418 | 0.5478913745262126
0.038424190284468196 | -0.11614186409261418 | 0.5478913745262126 | -0.912879702508872 | -0.2134008359898436:0.03277976376142089 | -0.09173280572056708 | 0.5573192720749347
0.03277976376142089 | -0.09173280572056708 | 0.5573192720749347 | -0.912879702508872 | -0.2134008359898436:0.026998561902646934 | -0.06671597447022304 | 0.565549815052961
0.026998561902646934 | -0.06671597447022304 | 0.565549815052961 | -0.912879702508872 | -0.2134008359898436:0.02109437435752426 | -0.04114946755065585 | 0.572545592105488
0.02109437435752426 | -0.04114946755065585 | 0.572545592105488 | -0.912879702508872 | -0.2134008359898436:0.015081452458645117 | -0.015093428253231345 | 0.5782722720868883
0.015081452458645117 | -0.015093428253231345 | 0.5782722720868883 | -0.912879702508872 | -0.2134008359898436:0.008974471704688014 | 0.01139011202992446 | 0.5826987153026799
0.008974471704688014 | 0.01139011202992446 | 0.5826987153026799 | -0.912879702508872 | -0.2134008359898436:0.0027884930083823534 | 0.038237397268197526 | 0.5857970761097278
0.0027884930083823534 | 0.038237397268197526 | 0.5857970761097278 | -0.912879702508872 | -0.2134008359898436:-0.003461077184411465 | 0.06538311528802954 | 0.5875428966039351
-0.003461077184411465 | 0.06538311528802954 | 0.5875428966039351 | 0.08341989909934311 | 0.6678345467051425:0.01627700043345648 | 0.06336710996080885 | 0.5916618062572105
0.01627700043345648 | 0.06336710996080885 | 0.5916618062572105 | 0.08341989909934311 | 0.6678345467051425:0.036274487597736105 | 0.061312807541224146 | 0.5950662033662724
0.036274487597736105 | 0.061312807541224146 | 0.5950662033662724 | 0.08341989909934311 | 0.6678345467051425:0.05650449090934728 | 0.05922358514635295 | 0.59774365637222
0.05650449090934728 | 0.05922358514635295 | 0.59774365637222 | 0.08341989909934311 | 0.6678345467051425:0.07693961521164105 | 0.05710288432942967 | 0.59968279222484
0.07693961521164105 | 0.05710288432942967 | 0.59968279222484 | 0.08341989909934311 | 0.6678345467051425:0.09755200490972715 | 0.054954205961810665 | 0.6008733147593546
0.09755200490972715 | 0.054954205961810665 | 0.6008733147593546 | 0.6754904853626131 | 0.6543691876062179:0.11795095485972418 | 0.03485280445201955 | 0.6026820787364784
0.11795095485972418 | 0.03485280445201955 | 0.6026820787364784 | 0.6754904853626131 | 0.6543691876062179:0.13849160525928017 | 0.014572113695008326 | 0.6030840727310363
0.13849160525928017 | 0.014572113695008326 | 0.6030840727310363 | 0.6754904853626131 | 0.6543691876062179:0.1591244182420164 | -0.005836916249258195 | 0.6020627408027508
0.1591244182420164 | -0.005836916249258195 | 0.6020627408027508 | 0.6754904853626131 | 0.6543691876062179:0.17979919525516763 | -0.02632259244445212 | 0.5996051854172748
0.17979919525516763 | -0.02632259244445212 | 0.5996051854172748 | 0.6754904853626131 | 0.6543691876062179:0.20046520991457584 | -0.04683261531795946 | 0.5957022204201792
0.20046520991457584 | -0.04683261531795946 | 0.5957022204201792 | 0.6036244386950615 | -0.7886524870520573:0.17792945299922724 | -0.06516763573285189 | 0.6049870092158116
0.17792945299922724 | -0.06516763573285189 | 0.6049870092158116 | 0.6036244386950615 | -0.7886524870520573:0.15491879705966394 | -0.08387592480248163 | 0.6128086480814474
0.15491879705966394 | -0.08387592480248163 | 0.6128086480814474 | 0.6036244386950615 | -0.7886524870520573:0.13149383430198291 | -0.10291178778281651 | 0.6191302619011481
0.13149383430198291 | -0.10291178778281651 | 0.6191302619011481 | 0.6036244386950615 | -0.7886524870520573:0.10771682346647093 | -0.12222819235488291 | 0.6239190090290379
0.10771682346647093 | -0.12222819235488291 | 0.6239190090290379 | 0.6036244386950615 | -0.7886524870520573:0.08365151568252926 | -0.14177690013444533 | 0.627146199488287
0.08365151568252926 | -0.14177690013444533 | 0.627146199488287 | 0.6036244386950615 | -0.7886524870520573:0.059362975432767584 | -0.16150860210469808 | 0.6287874012463348
0.059362975432767584 | -0.16150860210469808 | 0.6287874012463348 | 0.6036244386950615 | -0.7886524870520573:0.03491739714769615 | -0.18137305757769795 | 0.6288225342478242
0.03491739714769615 | -0.18137305757769795 | 0.6288225342478242 | 0.6036244386950615 | -0.7886524870520573:0.010381917964471299 | -0.20131923628052562 | 0.6272359519221808
0.010381917964471299 | -0.20131923628052562 | 0.6272359519221808 | 0.6036244386950615 | -0.7886524870520573:-0.014175572806326642 | -0.22129546315358173 | 0.6240165099194357
-0.014175572806326642 | -0.22129546315358173 | 0.6240165099194357 | 0.6036244386950615 | -0.7886524870520573:-0.03868662695299818 | -0.24124956544100673 | 0.6191576218648009
-0.03868662695299818 | -0.24124956544100673 | 0.6191576218648009 | 0.8746302354719431 | -0.9180205301332911:-0.06687905707082997 | -0.2694337224047887 | 0.6086455371377824
-0.06687905707082997 | -0.2694337224047887 | 0.6086455371377824 | 0.8746302354719431 | -0.9180205301332911:-0.09463507104104796 | -0.297248298529766 | 0.5955202290579606
-0.09463507104104796 | -0.297248298529766 | 0.5955202290579606 | 0.8746302354719431 | -0.9180205301332911:-0.1218294037150951 | -0.3245733676513747 | 0.5798133902587779
-0.1218294037150951 | -0.3245733676513747 | 0.5798133902587779 | 0.8746302354719431 | -0.9180205301332911:-0.14833825980345772 | -0.3512901491441007 | 0.5615683154922451
-0.14833825980345772 | -0.3512901491441007 | 0.5615683154922451 | 0.8746302354719431 | -0.9180205301332911:-0.17403987740116822 | -0.37728154738274267 | 0.5408397841773152
-0.17403987740116822 | -0.37728154738274267 | 0.5408397841773152 | 0.8746302354719431 | -0.9180205301332911:-0.19881508505346446 | -0.4024326861976042 | 0.5176938904332715
-0.19881508505346446 | -0.4024326861976042 | 0.5176938904332715 | 0.8746302354719431 | -0.9180205301332911:-0.2225478498118596 | -0.4266314358811991 | 0.4922078212034364
-0.2225478498118596 | -0.4266314358811991 | 0.4922078212034364 | 0.8746302354719431 | -0.9180205301332911:-0.24512581376761222 | -0.4497689303338501 | 0.4644695833109296
-0.24512581376761222 | -0.4497689303338501 | 0.4644695833109296 | 0.8746302354719431 | -0.9180205301332911:-0.2664408165976244 | -0.4717400719762759 | 0.43457768052106616
-0.2664408165976244 | -0.4717400719762759 | 0.43457768052106616 | 0.8746302354719431 | -0.9180205301332911:-0.2863894017170088 | -0.492444022108661 | 0.40264074191253485
-0.2863894017170088 | -0.492444022108661 | 0.40264074191253485 | -0.11313913238716311 | 0.48341484445340943:-0.27770604599032556 | -0.49228324771237475 | 0.4140101352863752
-0.27770604599032556 | -0.49228324771237475 | 0.4140101352863752 | -0.11313913238716311 | 0.48341484445340943:-0.26869509685037674 | -0.49202687060735545 | 0.4251874150543884
-0.26869509685037674 | -0.49202687060735545 | 0.4251874150543884 | -0.11313913238716311 | 0.48341484445340943:-0.25936134983512726 | -0.4916761683755634 | 0.43616245381745244
-0.25936134983512726 | -0.4916761683755634 | 0.43616245381745244 | -0.11313913238716311 | 0.48341484445340943:-0.24970988454728715 | -0.49123248365302347 | 0.44692527034170837
-0.24970988454728715 | -0.49123248365302347 | 0.44692527034170837 | -0.11313913238716311 | 0.48341484445340943:-0.23974606013162703 | -0.49069722311241226 | 0.4574660375633144
-0.23974606013162703 | -0.49069722311241226 | 0.4574660375633144 | 0.9070352955505632 | -0.053393015474391126:-0.24187830621768214 | -0.512994960627956 | 0.4358600979298046
-0.24187830621768214 | -0.512994960627956 | 0.4358600979298046 | 0.9070352955505632 | -0.053393015474391126:-0.24394487642902085 | -0.534346166891807 | 0.4131454124175846
-0.24394487642902085 | -0.534346166891807 | 0.4131454124175846 | 0.9070352955505632 | -0.053393015474391126:-0.24594267325980113 | -0.5546957955482963 | 0.3893649777556547
-0.24594267325980113 | -0.5546957955482963 | 0.3893649777556547 | 0.9070352955505632 | -0.053393015474391126:-0.2478687205301897 | -0.573990814128051 | 0.3645645226671448
-0.2478687205301897 | -0.573990814128051 | 0.3645645226671448 | 0.9070352955505632 | -0.053393015474391126:-0.24972017114681844 | -0.5921803379783896 | 0.3387924100634905
-0.24972017114681844 | -0.5921803379783896 | 0.3387924100634905 | -0.015284692971603953 | -0.7116006050607202:-0.2626148037464078 | -0.5941494879826852 | 0.3313898018995971
-0.2626148037464078 | -0.5941494879826852 | 0.3313898018995971 | -0.015284692971603953 | -0.7116006050607202:-0.27527136131390684 | -0.5961010713970376 | 0.32348848346713055
-0.27527136131390684 | -0.5961010713970376 | 0.32348848346713055 | -0.015284692971603953 | -0.7116006050607202:-0.28767027126739375 | -0.5980357365581241 | 0.31509652463662974
-0.28767027126739375 | -0.5980357365581241 | 0.31509652463662974 | -0.015284692971603953 | -0.7116006050607202:-0.2997922568671756 | -0.5999541234937702 | 0.3062227643800597
-0.2997922568671756 | -0.5999541234937702 | 0.3062227643800597 | -0.015284692971603953 | -0.7116006050607202:-0.31161836715393854 | -0.6018568632979857 | 0.29687679905651265
-0.31161836715393854 | -0.6018568632979857 | 0.29687679905651265 | -0.015284692971603953 | -0.7116006050607202:-0.32313000639727063 | -0.603744577515843 | 0.28706896954984273
-0.32313000639727063 | -0.603744577515843 | 0.28706896954984273 | -0.015284692971603953 | -0.7116006050607202:-0.33430896301143753 | -0.6056178775391468 | 0.27681034727920206
-0.33430896301143753 | -0.6056178775391468 | 0.27681034727920206 | -0.015284692971603953 | -0.7116006050607202:-0.3451374378961767 | -0.6074773640138158 | 0.26611271910507384
-0.3451374378961767 | -0.6074773640138158 | 0.26611271910507384 | -0.015284692971603953 | -0.7116006050607202:-0.3555980721612514 | -0.6093236262598563 | 0.2549885711549891
-0.3555980721612514 | -0.6093236262598563 | 0.2549885711549891 | -0.015284692971603953 | -0.7116006050607202:-0.36567397419450953 | -0.611157241704829 | 0.24345107159450663
-0.36567397419450953 | -0.611157241704829 | 0.24345107159450663 | -0.6957256614908598 | 0.25805888583240955:-0.3634203906048652 | -0.6042997911971071 | 0.27014033140823557
-0.3634203906048652 | -0.6042997911971071 | 0.27014033140823557 | -0.6957256614908598 | 0.25805888583240955:-0.3608017431836424 | -0.5964668117279661 | 0.29661756996689803
-0.3608017431836424 | -0.5964668117279661 | 0.29661756996689803 | -0.6957256614908598 | 0.25805888583240955:-0.35782055726665424 | -0.5876642681950681 | 0.3228414282164138
-0.35782055726665424 | -0.5876642681950681 | 0.3228414282164138 | -0.6957256614908598 | 0.25805888583240955:-0.3544799329599252 | -0.5778996803101109 | 0.3487707687585697
-0.3544799329599252 | -0.5778996803101109 | 0.3487707687585697 | -0.6957256614908598 | 0.25805888583240955:-0.3507835416333489 | -0.5671821142897819 | 0.37436474238280226
-0.3507835416333489 | -0.5671821142897819 | 0.37436474238280226 | -0.6957256614908598 | 0.25805888583240955:-0.34673562149297066 | -0.5555221720552446 | 0.3995828541754065
-0.34673562149297066 | -0.5555221720552446 | 0.3995828541754065 | -0.6957256614908598 | 0.25805888583240955:-0.34234097223984183 | -0.5429319779597641 | 0.42438502910131604
-0.34234097223984183 | -0.5429319779597641 | 0.42438502910131604 | -0.6957256614908598 | 0.25805888583240955:-0.3376049488248072 | -0.5294251630678879 | 0.4487316769545586
-0.3376049488248072 | -0.5294251630678879 | 0.4487316769545586 | -0.6957256614908598 | 0.25805888583240955:-0.33253345430998626 | -0.5150168470134435 | 0.47258375657468576
-0.33253345430998626 | -0.5150168470134435 | 0.47258375657468576 | -0.6957256614908598 | 0.25805888583240955:-0.3271329318490772 | -0.49972361746724125 | 0.49590283922792366
-0.3271329318490772 | -0.49972361746724125 | 0.49590283922792366 | -0.6957256614908598 | 0.25805888583240955:-0.32141035579996924 | -0.4835635072491531 | 0.5186511710533424
-0.32141035579996924 | -0.4835635072491531 | 0.5186511710533424 | -0.6957256614908598 | 0.25805888583240955:-0.3153732219844705 | -0.4665559691227692 | 0.5407917344758317
-0.3153732219844705 | -0.4665559691227692 | 0.5407917344758317 | -0.6957256614908598 | 0.25805888583240955:-0.30902953711127124 | -0.448721848314392 | 0.5622883084897055
-0.30902953711127124 | -0.448721848314392 | 0.5622883084897055 | -0.6957256614908598 | 0.25805888583240955:-0.30238780737950854 | -0.4300833528015886 | 0.5831055277186081
-0.30238780737950854 | -0.4300833528015886 | 0.5831055277186081 | -0.6957256614908598 | 0.25805888583240955:-0.29545702628157056 | -0.41066402141993663 | 0.6032089401594618
-0.29545702628157056 | -0.41066402141993663 | 0.6032089401594618 | -0.08452644257161723 | -0.4449140670459215:-0.30967461198119306 | -0.40921374377348485 | 0.5998337767650384
-0.30967461198119306 | -0.40921374377348485 | 0.5998337767650384 | -0.08452644257161723 | -0.4449140670459215:-0.3238406161772174 | -0.40775994328212306 | 0.5961067581392001
-0.3238406161772174 | -0.40775994328212306 | 0.5961067581392001 | -0.08452644257161723 | -0.4449140670459215:-0.3379462768637662 | -0.40630441212456603 | 0.5920287457430504
-0.3379462768637662 | -0.40630441212456603 | 0.5920287457430504 | -0.08452644257161723 | -0.4449140670459215:-0.35198285531824514 | -0.40484893728042337 | 0.5876008291441508
-0.35198285531824514 | -0.40484893728042337 | 0.5876008291441508 | -0.08452644257161723 | -0.4449140670459215:-0.36594164171992816 | -0.40339529947347685 | 0.5828243251073033
-0.36594164171992816 | -0.40339529947347685 | 0.5828243251073033 | -0.09103142424574862 | 0.028260520611608664:-0.36604109200807233 | -0.4017546528290161 | 0.5866548829283502
-0.36604109200807233 | -0.4017546528290161 | 0.5866548829283502 | -0.09103142424574862 | 0.028260520611608664:-0.3661237973070932 | -0.4000797278265722 | 0.5904690881627204
-0.3661237973070932 | -0.4000797278265722 | 0.5904690881627204 | -0.09103142424574862 | 0.028260520611608664:-0.36618990707224786 | -0.39837080850118767 | 0.594266759396767
-0.36618990707224786 | -0.39837080850118767 | 0.594266759396767 | -0.09103142424574862 | 0.028260520611608664:-0.36623956975326966 | -0.3966281776246703 | 0.5980477178614123
-0.36623956975326966 | -0.3966281776246703 | 0.5980477178614123 | -0.09103142424574862 | 0.028260520611608664:-0.3662729328016576 | -0.39485211670931974 | 0.6018117874023616
-0.3662729328016576 | -0.39485211670931974 | 0.6018117874023616 | -0.10043053002560831 | 0.3634431586238267:-0.3560871843283637 | -0.39275852058294447 | 0.6117967879879487
-0.3560871843283637 | -0.39275852058294447 | 0.6117967879879487 | -0.10043053002560831 | 0.3634431586238267:-0.34568703197956374 | -0.3905982377590469 | 0.6215894835865683
-0.34568703197956374 | -0.3905982377590469 | 0.6215894835865683 | -0.10043053002560831 | 0.3634431586238267:-0.3350762760294881 | -0.38837237548683134 | 0.6311849168985262
-0.3350762760294881 | -0.38837237548683134 | 0.6311849168985262 | -0.10043053002560831 | 0.3634431586238267:-0.32425881708671866 | -0.3860820682670649 | 0.64057821931695
-0.32425881708671866 | -0.3860820682670649 | 0.64057821931695 | -0.10043053002560831 | 0.3634431586238267:-0.31323865411424023 | -0.38372847731698556 | 0.6497646129471377
-0.31323865411424023 | -0.38372847731698556 | 0.6497646129471377 | -0.10043053002560831 | 0.3634431586238267:-0.30201988241539013 | -0.38131279002562835 | 0.6587394125793793
-0.30201988241539013 | -0.38131279002562835 | 0.6587394125793793 | -0.10043053002560831 | 0.3634431586238267:-0.290606691586655 | -0.3788362193997692 | 0.6674980276147409
-0.290606691586655 | -0.3788362193997692 | 0.6674980276147409 | -0.10043053002560831 | 0.3634431586238267:-0.2790033634382887 | -0.3763000035008339 | 0.6760359639432636
-0.2790033634382887 | -0.3763000035008339 | 0.6760359639432636 | -0.10043053002560831 | 0.3634431586238267:-0.26721426988374475 | -0.3737054048729611 | 0.6843488257740518
-0.26721426988374475 | -0.3737054048729611 | 0.6843488257740518 | -0.10043053002560831 | 0.3634431586238267:-0.2552438707988731 | -0.3710537099625455 | 0.6924323174168876
-0.2552438707988731 | -0.3710537099625455 | 0.6924323174168876 | 0.6585828192127139 | 0.2574570607382376:-0.24699064018458294 | -0.39447881610950475 | 0.6845087766932068
-0.24699064018458294 | -0.39447881610950475 | 0.6845087766932068 | 0.6585828192127139 | 0.2574570607382376:-0.23882674922246672 | -0.41766851464173627 | 0.6756770964295242
-0.23882674922246672 | -0.41766851464173627 | 0.6756770964295242 | 0.6585828192127139 | 0.2574570607382376:-0.23076447899706842 | -0.44059146909660285 | 0.6659455833502363
-0.23076447899706842 | -0.44059146909660285 | 0.6659455833502363 | 0.6585828192127139 | 0.2574570607382376:-0.22281599644610317 | -0.4632166121488801 | 0.655323801002865
-0.22281599644610317 | -0.4632166121488801 | 0.655323801002865 | 0.6585828192127139 | 0.2574570607382376:-0.21499333731349068 | -0.48551318942528354 | 0.6438225586600339
-0.21499333731349068 | -0.48551318942528354 | 0.6438225586600339 | 0.6585828192127139 | 0.2574570607382376:-0.20730838927609696 | -0.5074508029032536 | 0.6314538984694877
-0.20730838927609696 | -0.5074508029032536 | 0.6314538984694877 | 0.6585828192127139 | 0.2574570607382376:-0.19977287526766574 | -0.5289994538335812 | 0.6182310808712543
-0.19977287526766574 | -0.5289994538335812 | 0.6182310808712543 | 0.6585828192127139 | 0.2574570607382376:-0.19239833702309994 | -0.5501295851273511 | 0.6041685683032085
-0.19239833702309994 | -0.5501295851273511 | 0.6041685683032085 | 0.6585828192127139 | 0.2574570607382376:-0.1851961188658695 | -0.5708121231484249 | 0.5892820072189551
-0.1851961188658695 | -0.5708121231484249 | 0.5892820072189551 | 0.6585828192127139 | 0.2574570607382376:-0.178177351761029 | -0.5910185188536268 | 0.5735882084440078
-0.178177351761029 | -0.5910185188536268 | 0.5735882084440078 | 0.6585828192127139 | 0.2574570607382376:-0.17135293765585047 | -0.6107207882238335 | 0.5571051258985023
-0.17135293765585047 | -0.6107207882238335 | 0.5571051258985023 | 0.6585828192127139 | 0.2574570607382376:-0.1647335341296916 | -0.6298915519301254 | 0.5398518337170088
-0.1647335341296916 | -0.6298915519301254 | 0.5398518337170088 | 0.6585828192127139 | 0.2574570607382376:-0.15832953937424854 | -0.6485040741804511 | 0.521848501798118
-0.15832953937424854 | -0.6485040741804511 | 0.521848501798118 | 0.6585828192127139 | 0.2574570607382376:-0.1521510775248487 | -0.6665323006932482 | 0.5031163698184145
-0.1521510775248487 | -0.6665323006932482 | 0.5031163698184145 | 0.6585828192127139 | 0.2574570607382376:-0.14620798436293647 | -0.6839508957460652 | 0.48367771974784546
-0.14620798436293647 | -0.6839508957460652 | 0.48367771974784546 | 0.6585828192127139 | 0.2574570607382376:-0.14050979340935932 | -0.7007352782481533 | 0.463555846905237
-0.14050979340935932 | -0.7007352782481533 | 0.463555846905237 | 0.6585828192127139 | 0.2574570607382376:-0.13506572242749648 | -0.716861656787799 | 0.44277502959455717
-0.13506572242749648 | -0.716861656787799 | 0.44277502959455717 | 0.6585828192127139 | 0.2574570607382376:-0.12988466035469415 | -0.7323070636065125 | 0.42136049736494385
-0.12988466035469415 | -0.7323070636065125 | 0.42136049736494385 | 0.6585828192127139 | 0.2574570607382376:-0.12497515467982545 | -0.7470493874534725 | 0.3993383979386351
-0.12497515467982545 | -0.7470493874534725 | 0.3993383979386351 | 0.6585828192127139 | 0.2574570607382376:-0.12034539928421673 | -0.7610674052757886 | 0.3767357628532011
-0.12034539928421673 | -0.7610674052757886 | 0.3767357628532011 | 0.6585828192127139 | 0.2574570607382376:-0.11600322276246189 | -0.7743408127011122 | 0.35358047186596764
-0.11600322276246189 | -0.7743408127011122 | 0.35358047186596764 | 0.6585828192127139 | 0.2574570607382376:-0.11195607723898782 | -0.7868502532714601 | 0.3299012161702848
-0.11195607723898782 | -0.7868502532714601 | 0.3299012161702848 | 0.6585828192127139 | 0.2574570607382376:-0.10821102769558522 | -0.7985773463884414 | 0.30572746047455723
-0.10821102769558522 | -0.7985773463884414 | 0.30572746047455723 | 0.6585828192127139 | 0.2574570607382376:-0.1047747418243059 | -0.8095047139320855 | 0.2810894039968872
-0.1047747418243059 | -0.8095047139320855 | 0.2810894039968872 | 0.6585828192127139 | 0.2574570607382376:-0.10165348041948086 | -0.8196160055173181 | 0.2560179404291034
-0.10165348041948086 | -0.8196160055173181 | 0.2560179404291034 | 0.6585828192127139 | 0.2574570607382376:-0.0988530883218175 | -0.8288959223539365 | 0.2305446169256271
