0.0 | 0.0 | 0.0 | -0.9953902455842762 | 0.9218997703597396:4.602161012959951E-4 | 4.974896827399933E-4 | 0.009977008828084456
4.602161012959951E-4 | 4.974896827399933E-4 | 0.009977008828084456 | -0.9953902455842762 | 0.9218997703597396:0.001826312248097852 | 0.001976506931394506 | 0.01971720071213451
0.001826312248097852 | 0.001976506931394506 | 0.01971720071213451 | -0.9953902455842762 | 0.9218997703597396:0.004070468038148417 | 0.00441032973010913 | 0.02908830834926858
0.004070468038148417 | 0.00441032973010913 | 0.02908830834926858 | -0.9953902455842762 | 0.9218997703597396:0.007157122503374294 | 0.007763760128208119 | 0.03796279829074037
0.007157122503374294 | 0.007763760128208119 | 0.03796279829074037 | -0.9953902455842762 | 0.9218997703597396:0.011043326189955207 | 0.011993481523211003 | 0.04621879007956761
0.011043326189955207 | 0.011993481523211003 | 0.04621879007956761 | 0.8237400423727981 | -0.08367527462656743:0.012952899735846339 | 0.012036205846822967 | 0.05578463096028599
0.012952899735846339 | 0.012036205846822967 | 0.05578463096028599 | 0.8237400423727981 | -0.08367527462656743:0.014763544532504128 | 0.011294276414195337 | 0.06534213057526383
0.014763544532504128 | 0.011294276414195337 | 0.06534213057526383 | 0.8237400423727981 | -0.08367527462656743:0.016476128752027884 | 0.00977334087816506 | 0.07484250950136045
0.016476128752027884 | 0.00977334087816506 | 0.07484250950136045 | 0.8237400423727981 | -0.08367527462656743:0.018091782205685247 | 0.007481655179352065 | 0.08423763253561406
0.018091782205685247 | 0.007481655179352065 | 0.08423763253561406 | 0.8237400423727981 | -0.08367527462656743:0.01961189099290113 | 0.004430033325189764 | 0.09348013754826295
0.01961189099290113 | 0.004430033325189764 | 0.09348013754826295 | 0.9944590187050559 | -0.22547832228207554:0.020310642459913583 | -2.4259800417303357E-4 | 0.10267180708786139
0.020310642459913583 | -2.4259800417303357E-4 | 0.10267180708786139 | 0.9944590187050559 | -0.22547832228207554:0.020791926641700348 | -0.005802611907225308 | 0.11154560886265619
0.020791926641700348 | -0.005802611907225308 | 0.11154560886265619 | 0.9944590187050559 | -0.22547832228207554:0.021062157840498003 | -0.012224201947196978 | 0.12003355447988462
0.021062157840498003 | -0.012224201947196978 | 0.12003355447988462 | 0.9944590187050559 | -0.22547832228207554:0.021128716228931588 | -0.019477239388826506 | 0.12806980972104132
0.021128716228931588 | -0.019477239388826506 | 0.12806980972104132 | 0.9944590187050559 | -0.22547832228207554:0.02099991047968877 | -0.027527431534071667 | 0.13559095979705083
0.02099991047968877 | -0.027527431534071667 | 0.13559095979705083 | 0.9944590187050559 | -0.22547832228207554:0.020684937159960975 | -0.03633649461436905 | 0.14253626311199108
0.020684937159960975 | -0.03633649461436905 | 0.14253626311199108 | 0.9944590187050559 | -0.22547832228207554:0.020193837064532122 | -0.045862340492151876 | 0.14884789274165633
0.020193837064532122 | -0.045862340492151876 | 0.14884789274165633 | 0.9944590187050559 | -0.22547832228207554:0.019537448669993518 | -0.05605927638518349 | 0.15447116488210821
0.019537448669993518 | -0.05605927638518349 | 0.15447116488210821 | 0.9944590187050559 | -0.22547832228207554:0.018727358900492375 | -0.0668782167910309 | 0.15935475357414908
0.018727358900492375 | -0.0668782167910309 | 0.15935475357414908 | 0.9944590187050559 | -0.22547832228207554:0.01777585140265847 | -0.07826690675576642 | 0.16345089106215838
0.01777585140265847 | -0.07826690675576642 | 0.16345089106215838 | 0.9944590187050559 | -0.22547832228207554:0.016695852533889388 | -0.09017015560081676 | 0.16671555319980746
0.016695852533889388 | -0.09017015560081676 | 0.16671555319980746 | 0.9944590187050559 | -0.22547832228207554:0.015500875273987247 | -0.10253008019484966 | 0.16910862937060456
0.015500875273987247 | -0.10253008019484966 | 0.16910862937060456 | 0.9944590187050559 | -0.22547832228207554:0.014204961275229688 | -0.11528635683373456 | 0.17059407644785196
0.014204961275229688 | -0.11528635683373456 | 0.17059407644785196 | 0.9944590187050559 | -0.22547832228207554:0.012822621270302703 | -0.12837648077101171 | 0.17114005637622887
0.012822621270302703 | -0.12837648077101171 | 0.17114005637622887 | 0.9944590187050559 | -0.22547832228207554:0.011368774061130626 | -0.14173603242393806 | 0.17071905701564338
0.011368774061130626 | -0.14173603242393806 | 0.17071905701564338 | 0.3465772428324234 | -0.6869666504717304:0.0057800373054912035 | -0.14973780199713937 | 0.17442860032976748
0.0057800373054912035 | -0.14973780199713937 | 0.17442860032976748 | 0.3465772428324234 | -0.6869666504717304:-1.27657907973866E-4 | -0.15785246060934943 | 0.17766139087301624
-1.27657907973866E-4 | -0.15785246060934943 | 0.17766139087301624 | 0.3465772428324234 | -0.6869666504717304:-0.006330665596593066 | -0.16606876276342808 | 0.180398771551312
-0.006330665596593066 | -0.16606876276342808 | 0.180398771551312 | 0.3465772428324234 | -0.6869666504717304:-0.012804588451391707 | -0.17437506680908266 | 0.18262346090957138
-0.012804588451391707 | -0.17437506680908266 | 0.18262346090957138 | 0.3465772428324234 | -0.6869666504717304:-0.01952433925376068 | -0.1827593656867439 | 0.18431958670929083
-0.01952433925376068 | -0.1827593656867439 | 0.18431958670929083 | 0.8627660042019103 | -0.9877565779366952:-0.029003855837361148 | -0.19595268238912533 | 0.18006334582435812
-0.029003855837361148 | -0.19595268238912533 | 0.18006334582435812 | 0.8627660042019103 | -0.9877565779366952:-0.038456353410317945 | -0.2091034656519346 | 0.1744496063182317
-0.038456353410317945 | -0.2091034656519346 | 0.1744496063182317 | 0.8627660042019103 | -0.9877565779366952:-0.047796051215082236 | -0.22213743321264712 | 0.1674710437096385
-0.047796051215082236 | -0.22213743321264712 | 0.1674710437096385 | 0.8627660042019103 | -0.9877565779366952:-0.05693666096825173 | -0.23497965598576176 | 0.15912954519222655
-0.05693666096825173 | -0.23497965598576176 | 0.15912954519222655 | 0.8627660042019103 | -0.9877565779366952:-0.06579193463780544 | -0.24755503549658897 | 0.14943625844474884
-0.06579193463780544 | -0.24755503549658897 | 0.14943625844474884 | 0.46731648409998505 | 0.22511198922960807:-0.06569356613546873 | -0.25693227949389597 | 0.14776702371466754
-0.06569356613546873 | -0.25693227949389597 | 0.14776702371466754 | 0.46731648409998505 | 0.22511198922960807:-0.06556454300024017 | -0.2662860171055419 | 0.1457220575712146
-0.06556454300024017 | -0.2662860171055419 | 0.1457220575712146 | 0.46731648409998505 | 0.22511198922960807:-0.0654113549363988 | -0.27560367997734136 | 0.1433023076483808
-0.0654113549363988 | -0.27560367997734136 | 0.1433023076483808 | 0.46731648409998505 | 0.22511198922960807:-0.06524044660269901 | -0.28487277858957505 | 0.14050919460691436
-0.06524044660269901 | -0.28487277858957505 | 0.14050919460691436 | 0.46731648409998505 | 0.22511198922960807:-0.06505821144741855 | -0.2940809152075339 | 0.1373446069505908
-0.06505821144741855 | -0.2940809152075339 | 0.1373446069505908 | -0.54181252462978 | -0.42986279669988003:-0.06954258039855202 | -0.29611840107466403 | 0.1467349375521696
-0.06954258039855202 | -0.29611840107466403 | 0.1467349375521696 | -0.54181252462978 | -0.42986279669988003:-0.07427994802210547 | -0.297762047851311 | 0.15617562087865533
-0.07427994802210547 | -0.297762047851311 | 0.15617562087865533 | -0.54181252462978 | -0.42986279669988003:-0.07927257220142603 | -0.2990094682351785 | 0.1656446878721125
-0.07927257220142603 | -0.2990094682351785 | 0.1656446878721125 | -0.54181252462978 | -0.42986279669988003:-0.08452209716224424 | -0.2998590394882301 | 0.17512006878980024
-0.08452209716224424 | -0.2998590394882301 | 0.17512006878980024 | -0.54181252462978 | -0.42986279669988003:-0.0900295534096166 | -0.30030990415334813 | 0.18457963465901095
-0.0900295534096166 | -0.30030990415334813 | 0.18457963465901095 | -0.54181252462978 | -0.42986279669988003:-0.09579535869896327 | -0.3003619694646087 | 0.19400123856985907
-0.09579535869896327 | -0.3003619694646087 | 0.19400123856985907 | -0.54181252462978 | -0.42986279669988003:-0.1018193200317864 | -0.3000159054621765 | 0.20336275674223714
-0.1018193200317864 | -0.3000159054621765 | 0.20336275674223714 | -0.54181252462978 | -0.42986279669988003:-0.10810063666522074 | -0.29927314182465814 | 0.21264212930401616
-0.10810063666522074 | -0.29927314182465814 | 0.21264212930401616 | -0.54181252462978 | -0.42986279669988003:-0.11463790412314812 | -0.2981358634335365 | 0.2218174007185434
-0.11463790412314812 | -0.2981358634335365 | 0.2218174007185434 | -0.54181252462978 | -0.42986279669988003:-0.12142911919522814 | -0.29660700468607004 | 0.23086675980050853
-0.12142911919522814 | -0.29660700468607004 | 0.23086675980050853 | -0.2869724703498231 | 0.16963901274831805:-0.12125998026429285 | -0.2977558440629906 | 0.23973685420103763
-0.12125998026429285 | -0.2977558440629906 | 0.23973685420103763 | -0.2869724703498231 | 0.16963901274831805:-0.1209662154872213 | -0.29868054656845544 | 0.24866326541588624
-0.1209662154872213 | -0.29868054656845544 | 0.24866326541588624 | -0.2869724703498231 | 0.16963901274831805:-0.12054752822339965 | -0.2993807008831837 | 0.25763949396486563
-0.12054752822339965 | -0.2993807008831837 | 0.25763949396486563 | -0.2869724703498231 | 0.16963901274831805:-0.12000369410149969 | -0.29985601672790807 | 0.26665906190630295
-0.12000369410149969 | -0.29985601672790807 | 0.26665906190630295 | -0.2869724703498231 | 0.16963901274831805:-0.11933456040072832 | -0.3001063238489454 | 0.27571551542667017
-0.11933456040072832 | -0.3001063238489454 | 0.27571551542667017 | -0.2869724703498231 | 0.16963901274831805:-0.11854004541250562 | -0.3001315709702528 | 0.28480242739421513
-0.11854004541250562 | -0.3001315709702528 | 0.28480242739421513 | -0.2869724703498231 | 0.16963901274831805:-0.1176201377829924 | -0.2999318247126901 | 0.2939133998762138
-0.1176201377829924 | -0.2999318247126901 | 0.2939133998762138 | -0.2869724703498231 | 0.16963901274831805:-0.11657489583688507 | -0.2995072684811948 | 0.3030420666194189
-0.11657489583688507 | -0.2995072684811948 | 0.3030420666194189 | -0.2869724703498231 | 0.16963901274831805:-0.11540444688290297 | -0.2988582013205914 | 0.31218209549333054
-0.11540444688290297 | -0.2988582013205914 | 0.31218209549333054 | -0.2869724703498231 | 0.16963901274831805:-0.1141089865013809 | -0.2979850367407231 | 0.32132719089592676
-0.1141089865013809 | -0.2979850367407231 | 0.32132719089592676 | -0.2869724703498231 | 0.16963901274831805:-0.1126887778143959 | -0.2968883015116308 | 0.3304710961214994
-0.1126887778143959 | -0.2968883015116308 | 0.3304710961214994 | -0.2869724703498231 | 0.16963901274831805:-0.1111441507388422 | -0.29556863442949677 | 0.3396075956902589
-0.1111441507388422 | -0.29556863442949677 | 0.3396075956902589 | -0.2869724703498231 | 0.16963901274831805:-0.10947550122288074 | -0.29402678505403834 | 0.34873051763937113
-0.10947550122288074 | -0.29402678505403834 | 0.34873051763937113 | -0.2869724703498231 | 0.16963901274831805:-0.1076832904661762 | -0.29226361241808263 | 0.3578337357751433
-0.1076832904661762 | -0.29226361241808263 | 0.3578337357751433 | -0.2869724703498231 | 0.16963901274831805:-0.10576804412434493 | -0.2902800837100301 | 0.36691117188604316
-0.10576804412434493 | -0.2902800837100301 | 0.36691117188604316 | -0.4226044289798081 | -0.23893002753041537:-0.11141162422963724 | -0.28552713859443557 | 0.3757042959731596
-0.11141162422963724 | -0.28552713859443557 | 0.3757042959731596 | -0.4226044289798081 | -0.23893002753041537:-0.11719502212840416 | -0.2804738108368898 | 0.3843354486663326
-0.11719502212840416 | -0.2804738108368898 | 0.3843354486663326 | -0.4226044289798081 | -0.23893002753041537:-0.12311592201456811 | -0.27512459501418185 | 0.3927937246023099
-0.12311592201456811 | -0.27512459501418185 | 0.3927937246023099 | -0.4226044289798081 | -0.23893002753041537:-0.1291718476378816 | -0.2694842662653496 | 0.40106839899610236
-0.1291718476378816 | -0.2694842662653496 | 0.40106839899610236 | -0.4226044289798081 | -0.23893002753041537:-0.1353601655201837 | -0.2635578747457821 | 0.40914893631091154
-0.1353601655201837 | -0.2635578747457821 | 0.40914893631091154 | -0.04676336307617235 | 0.32278025854442816:-0.12999062825829588 | -0.26517284022927434 | 0.41592996399090865
-0.12999062825829588 | -0.26517284022927434 | 0.41592996399090865 | -0.04676336307617235 | 0.32278025854442816:-0.12443496343730409 | -0.26673687607432583 | 0.4226124317960256
-0.12443496343730409 | -0.26673687607432583 | 0.4226124317960256 | -0.04676336307617235 | 0.32278025854442816:-0.1186958085182388 | -0.26825059787409167 | 0.4291920630161723
-0.1186958085182388 | -0.26825059787409167 | 0.4291920630161723 | -0.04676336307617235 | 0.32278025854442816:-0.11277587790544441 | -0.26971463006988294 | 0.43566465453545433
-0.11277587790544441 | -0.26971463006988294 | 0.43566465453545433 | -0.04676336307617235 | 0.32278025854442816:-0.10667796120091744 | -0.27112960572338807 | 0.44202607792058757
-0.10667796120091744 | -0.27112960572338807 | 0.44202607792058757 | 0.35200407138783874 | -0.7634164235617322:-0.12437979920815856 | -0.2813457621620614 | 0.4366435319521038
-0.12437979920815856 | -0.2813457621620614 | 0.4366435319521038 | 0.35200407138783874 | -0.7634164235617322:-0.14198842913262766 | -0.2915074676246068 | 0.4302841511191957
-0.14198842913262766 | -0.2915074676246068 | 0.4302841511191957 | 0.35200407138783874 | -0.7634164235617322:-0.15946046711630224 | -0.30159491173732 | 0.42294897433158596
-0.15946046711630224 | -0.30159491173732 | 0.42294897433158596 | 0.35200407138783874 | -0.7634164235617322:-0.17675251836497452 | -0.311588256564729 | 0.4146413713510526
-0.17675251836497452 | -0.311588256564729 | 0.4146413713510526 | 0.35200407138783874 | -0.7634164235617322:-0.19382127954767103 | -0.3214676838428545 | 0.40536704252946265
-0.19382127954767103 | -0.3214676838428545 | 0.40536704252946265 | 0.3954762235197611 | 0.6163084771128253:-0.182907664934155 | -0.3320883705874209 | 0.4079922192880723
-0.182907664934155 | -0.3320883705874209 | 0.4079922192880723 | 0.3954762235197611 | 0.6163084771128253:-0.17181107917114158 | -0.3427958591289162 | 0.4100271470430492
-0.17181107917114158 | -0.3427958591289162 | 0.4100271470430492 | 0.3954762235197611 | 0.6163084771128253:-0.1605523487977365 | -0.3535772561711852 | 0.4114611267151993
-0.1605523487977365 | -0.3535772561711852 | 0.4114611267151993 | 0.3954762235197611 | 0.6163084771128253:-0.14915269935153574 | -0.3644193984368762 | 0.4122845027645532
-0.14915269935153574 | -0.3644193984368762 | 0.4122845027645532 | 0.3954762235197611 | 0.6163084771128253:-0.13763371765380672 | -0.37530887671307767 | 0.4124886824796796
-0.13763371765380672 | -0.37530887671307767 | 0.4124886824796796 | 0.770941373083893 | -0.24487200670112963:-0.1435485435226651 | -0.39382281264111896 | 0.398937953001699
-0.1435485435226651 | -0.39382281264111896 | 0.398937953001699 | 0.770941373083893 | -0.24487200670112963:-0.1493119564749117 | -0.41188163022769686 | 0.3844574501091529
-0.1493119564749117 | -0.41188163022769686 | 0.3844574501091529 | 0.770941373083893 | -0.24487200670112963:-0.15491065511479185 | -0.42944305451987574 | 0.36906563166780515
-0.15491065511479185 | -0.42944305451987574 | 0.36906563166780515 | 0.770941373083893 | -0.24487200670112963:-0.16033158914098777 | -0.44646556146308214 | 0.35278303547756806
-0.16033158914098777 | -0.44646556146308214 | 0.35278303547756806 | 0.770941373083893 | -0.24487200670112963:-0.1655619880437671 | -0.4629084689759324 | 0.3356322419208162
-0.1655619880437671 | -0.4629084689759324 | 0.3356322419208162 | -0.27621541581785647 | -0.4255295691204133:-0.17397527301151694 | -0.4613447010826057 | 0.34069422708843433
-0.17397527301151694 | -0.4613447010826057 | 0.34069422708843433 | -0.27621541581785647 | -0.4255295691204133:-0.18253122602665783 | -0.45964826784517854 | 0.3455481017975224
-0.18253122602665783 | -0.45964826784517854 | 0.3455481017975224 | -0.27621541581785647 | -0.4255295691204133:-0.1912248243227488 | -0.4578227716533654 | 0.35018748035388114
-0.1912248243227488 | -0.4578227716533654 | 0.35018748035388114 | -0.27621541581785647 | -0.4255295691204133:-0.20005088366223145 | -0.45587191719714326 | 0.35460617290404883
-0.20005088366223145 | -0.45587191719714326 | 0.35460617290404883 | -0.27621541581785647 | -0.4255295691204133:-0.20900406364101531 | -0.4537995080980082 | 0.35879819061996443
-0.20900406364101531 | -0.4537995080980082 | 0.35879819061996443 | -0.27621541581785647 | -0.4255295691204133:-0.2180788730984311 | -0.45160944347007614 | 0.3627577506869457
-0.2180788730984311 | -0.45160944347007614 | 0.3627577506869457 | -0.27621541581785647 | -0.4255295691204133:-0.2272696756276078 | -0.4493057144142334 | 0.36647928109228545
-0.2272696756276078 | -0.4493057144142334 | 0.36647928109228545 | -0.27621541581785647 | -0.4255295691204133:-0.23657069518128981 | -0.44689240044859346 | 0.3699574252119042
-0.23657069518128981 | -0.44689240044859346 | 0.3699574252119042 | -0.27621541581785647 | -0.4255295691204133:-0.24597602176805466 | -0.4443736658784516 | 0.3731870461927258
-0.24597602176805466 | -0.4443736658784516 | 0.3731870461927258 | -0.27621541581785647 | -0.4255295691204133:-0.2554796172338971 | -0.4417537561090654 | 0.3761632311285332
-0.2554796172338971 | -0.4417537561090654 | 0.3761632311285332 | 0.5456417712259343 | -0.4632770305372502:-0.26536467137814235 | -0.4544594491716971 | 0.3600245045135466
-0.26536467137814235 | -0.4544594491716971 | 0.3600245045135466 | 0.5456417712259343 | -0.4632770305372502:-0.2748954864733779 | -0.46674893495257663 | 0.34319331136121534
-0.2748954864733779 | -0.46674893495257663 | 0.34319331136121534 | 0.5456417712259343 | -0.4632770305372502:-0.2840531418065204 | -0.47859974149243456 | 0.3256895376966362
-0.2840531418065204 | -0.47859974149243456 | 0.3256895376966362 | 0.5456417712259343 | -0.4632770305372502:-0.29281922943826544 | -0.4899899833648398 | 0.307534284419841
-0.29281922943826544 | -0.4899899833648398 | 0.307534284419841 | 0.5456417712259343 | -0.4632770305372502:-0.3011758855076021 | -0.5008983989952753 | 0.2887498350559703
-0.3011758855076021 | -0.5008983989952753 | 0.2887498350559703 | 0.5456417712259343 | -0.4632770305372502:-0.3091058206345796 | -0.5113043869437703 | 0.26935962161836713
-0.3091058206345796 | -0.5113043869437703 | 0.26935962161836713 | 0.5456417712259343 | -0.4632770305372502:-0.31659234937610314 | -0.5211880410970764 | 0.24938818864339396
-0.31659234937610314 | -0.5211880410970764 | 0.24938818864339396 | 0.5456417712259343 | -0.4632770305372502:-0.3236194186911785 | -0.5305301847181418 | 0.22886115545826513
-0.3236194186911785 | -0.5305301847181418 | 0.22886115545826513 | 0.5456417712259343 | -0.4632770305372502:-0.33017163537366656 | -0.5393124033027128 | 0.20780517674563725
-0.33017163537366656 | -0.5393124033027128 | 0.20780517674563725 | 0.5456417712259343 | -0.4632770305372502:-0.33623429241239755 | -0.5475170761947794 | 0.18624790147107007
-0.33623429241239755 | -0.5475170761947794 | 0.18624790147107007 | 0.7821599172207938 | 0.44050915208271424:-0.33417094513876044 | -0.5571236674106714 | 0.1729152668302696
-0.33417094513876044 | -0.5571236674106714 | 0.1729152668302696 | 0.7821599172207938 | 0.44050915208271424:-0.3323767179983186 | -0.5662050807202164 | 0.1590954619742213
-0.3323767179983186 | -0.5662050807202164 | 0.1590954619742213 | 0.7821599172207938 | 0.44050915208271424:-0.33086389128775373 | -0.5747395503543657 | 0.14481545453572053
-0.33086389128775373 | -0.5747395503543657 | 0.14481545453572053 | 0.7821599172207938 | 0.44050915208271424:-0.3296441057145305 | -0.5827064159651911 | 0.1301034720173
-0.3296441057145305 | -0.5827064159651911 | 0.1301034720173 | 0.7821599172207938 | 0.44050915208271424:-0.328728332445559 | -0.5900861770858086 | 0.11498893954109946
-0.328728332445559 | -0.5900861770858086 | 0.11498893954109946 | 0.8397605587785335 | -0.4117484916795786:-0.3320323808530041 | -0.5971237571009667 | 0.08371489450794556
-0.3320323808530041 | -0.5971237571009667 | 0.08371489450794556 | 0.8397605587785335 | -0.4117484916795786:-0.33467636452688865 | -0.6028286030373877 | 0.051963020283366745
-0.33467636452688865 | -0.6028286030373877 | 0.051963020283366745 | 0.8397605587785335 | -0.4117484916795786:-0.3366488345107612 | -0.6071758047433562 | 0.019805782521014947
-0.3366488345107612 | -0.6071758047433562 | 0.019805782521014947 | 0.8397605587785335 | -0.4117484916795786:-0.3379399405253185 | -0.6101436821133319 | -0.01268286833451171
-0.3379399405253185 | -0.6101436821133319 | -0.01268286833451171 | 0.8397605587785335 | -0.4117484916795786:-0.33854146313561273 | -0.6117138545150453 | -0.04542767889744681
-0.33854146313561273 | -0.6117138545150453 | -0.04542767889744681 | 0.8397605587785335 | -0.4117484916795786:-0.3384468418146138 | -0.611871301925099 | -0.07835227844762116
-0.3384468418146138 | -0.611871301925099 | -0.07835227844762116 | 0.8397605587785335 | -0.4117484916795786:-0.3376511988296773 | -0.6106044176135157 | -0.11137936782266422
-0.3376511988296773 | -0.6106044176135157 | -0.11137936782266422 | 0.8397605587785335 | -0.4117484916795786:-0.3361513588891114 | -0.6079050522389977 | -0.1444309111161921
-0.3361513588891114 | -0.6079050522389977 | -0.1444309111161921 | 0.8397605587785335 | -0.4117484916795786:-0.33394586449676567 | -0.6037685492384455 | -0.17742832969611655
-0.33394586449676567 | -0.6037685492384455 | -0.17742832969611655 | 0.8397605587785335 | -0.4117484916795786:-0.3310349869734388 | -0.5981937714164545 | -0.21029269805165995
-0.3310349869734388 | -0.5981937714164545 | -0.21029269805165995 | 0.8397605587785335 | -0.4117484916795786:-0.3274207331147956 | -0.5911831186624497 | -0.24294494097374297
-0.3274207331147956 | -0.5911831186624497 | -0.24294494097374297 | 0.8397605587785335 | -0.4117484916795786:-0.32310684746652996 | -0.5827425367458545 | -0.27530603157040545
-0.32310684746652996 | -0.5827425367458545 | -0.27530603157040545 | 0.8397605587785335 | -0.4117484916795786:-0.3180988102084754 | -0.5728815171616546 | -0.30729718961730157
-0.3180988102084754 | -0.5728815171616546 | -0.30729718961730157 | 0.8397605587785335 | -0.4117484916795786:-0.3124038306503465 | -0.5616130880216303 | -0.33884007974297603
-0.3124038306503465 | -0.5616130880216303 | -0.33884007974297603 | 0.8397605587785335 | -0.4117484916795786:-0.306030836352857 | -0.5489537960084476 | -0.36985700894939555
-0.306030836352857 | -0.5489537960084476 | -0.36985700894939555 | 0.8397605587785335 | -0.4117484916795786:-0.2989904578988032 | -0.5349236794326089 | -0.400271122970306
-0.2989904578988032 | -0.5349236794326089 | -0.400271122970306 | 0.8397605587785335 | -0.4117484916795786:-0.2912950093495361 | -0.5195462324540259 | -0.430006600973325
-0.2912950093495361 | -0.5195462324540259 | -0.430006600973325 | 0.8397605587785335 | -0.4117484916795786:-0.28295846443305095 | -0.5028483605521714 | -0.4589888481160962
-0.28295846443305095 | -0.5028483605521714 | -0.4589888481160962 | 0.8397605587785335 | -0.4117484916795786:-0.2739964285204195 | -0.48486032735050344 | -0.48714468547263934
-0.2739964285204195 | -0.48486032735050344 | -0.48714468547263934 | 0.8397605587785335 | -0.4117484916795786:-0.2644261064578224 | -0.46561569292213534 | -0.514402536852888
-0.2644261064578224 | -0.46561569292213534 | -0.514402536852888 | 0.8397605587785335 | -0.4117484916795786:-0.2542662663315838 | -0.44515124372500026 | -0.5406926120463602
-0.2542662663315838 | -0.44515124372500026 | -0.5406926120463602 | 0.8397605587785335 | -0.4117484916795786:-0.2435371992537263 | -0.4235069143352064 | -0.5659470860302491
-0.2435371992537263 | -0.4235069143352064 | -0.5659470860302491 | 0.8397605587785335 | -0.4117484916795786:-0.23226067526537264 | -0.4007257011676941 | -0.590100273692407
-0.23226067526537264 | -0.4007257011676941 | -0.590100273692407 | 0.8397605587785335 | -0.4117484916795786:-0.22045989546480982 | -0.376853568392967 | -0.6130887996311039
-0.22045989546480982 | -0.376853568392967 | -0.6130887996311039 | 0.8397605587785335 | -0.4117484916795786:-0.20815944047635782 | -0.3519393462776961 | -0.6348517626058907
-0.20815944047635782 | -0.3519393462776961 | -0.6348517626058907 | 0.25041492110632935 | 0.9102363536748193:-0.23779398543710073 | -0.345078509165063 | -0.6311159807774658
-0.23779398543710073 | -0.345078509165063 | -0.6311159807774658 | 0.25041492110632935 | 0.9102363536748193:-0.26730801270021587 | -0.33822845840864346 | -0.6259068360047273
-0.26730801270021587 | -0.33822845840864346 | -0.6259068360047273 | 0.25041492110632935 | 0.9102363536748193:-0.2966317220321848 | -0.33140854701168365 | -0.6192278328418972
-0.2966317220321848 | -0.33140854701168365 | -0.6192278328418972 | 0.25041492110632935 | 0.9102363536748193:-0.32569541936995705 | -0.3246381199816071 | -0.6110860733535333
-0.32569541936995705 | -0.3246381199816071 | -0.6110860733535333 | 0.25041492110632935 | 0.9102363536748193:-0.3544296901672581 | -0.31793646663419395 | -0.6014922527515729
-0.3544296901672581 | -0.31793646663419395 | -0.6014922527515729 | -0.13483749966078706 | -0.9639210384448631:-0.3261306958436876 | -0.3229617815586536 | -0.6175836654022859
-0.3261306958436876 | -0.3229617815586536 | -0.6175836654022859 | -0.13483749966078706 | -0.9639210384448631:-0.2969911385081936 | -0.3280981464019632 | -0.6322784929428771
-0.2969911385081936 | -0.3280981464019632 | -0.6322784929428771 | -0.13483749966078706 | -0.9639210384448631:-0.26707948801414005 | -0.3333362476007835 | -0.6455321456277581
-0.26707948801414005 | -0.3333362476007835 | -0.6455321456277581 | -0.13483749966078706 | -0.9639210384448631:-0.2364665163647075 | -0.33866643677311004 | -0.6573035114395651
-0.2364665163647075 | -0.33866643677311004 | -0.6573035114395651 | -0.13483749966078706 | -0.9639210384448631:-0.20522512170906992 | -0.3440787549409947 | -0.667555075938548
-0.20522512170906992 | -0.3440787549409947 | -0.667555075938548 | 0.23660572438964733 | -0.5339212380292004:-0.1877581641754702 | -0.33711366692921985 | -0.6787427265918371
-0.1877581641754702 | -0.33711366692921985 | -0.6787427265918371 | 0.23660572438964733 | -0.5339212380292004:-0.1699443372920335 | -0.3299845414836753 | -0.6893822005464578
-0.1699443372920335 | -0.3299845414836753 | -0.6893822005464578 | 0.23660572438964733 | -0.5339212380292004:-0.15179890723226208 | -0.32269813805358183 | -0.6994606038403308
-0.15179890723226208 | -0.32269813805358183 | -0.6994606038403308 | 0.23660572438964733 | -0.5339212380292004:-0.13333752287772427 | -0.3152613880919901 | -0.7089655707630591
-0.13333752287772427 | -0.3152613880919901 | -0.7089655707630591 | 0.23660572438964733 | -0.5339212380292004:-0.11457620011066894 | -0.30768138818010016 | -0.7178852769647737
-0.11457620011066894 | -0.30768138818010016 | -0.7178852769647737 | 0.23660572438964733 | -0.5339212380292004:-0.0955313057507361 | -0.29996539299040137 | -0.7262084520028527
-0.0955313057507361 | -0.29996539299040137 | -0.7262084520028527 | 0.23660572438964733 | -0.5339212380292004:-0.0762195411525397 | -0.29212080809610796 | -0.7339243913155009
-0.0762195411525397 | -0.29212080809610796 | -0.7339243913155009 | 0.23660572438964733 | -0.5339212380292004:-0.0566579254812396 | -0.2841551826344144 | -0.7410229676117535
-0.0566579254812396 | -0.2841551826344144 | -0.7410229676117535 | 0.23660572438964733 | -0.5339212380292004:-0.03686377868337942 | -0.27607620183104586 | -0.7474946416680748
-0.03686377868337942 | -0.27607620183104586 | -0.7474946416680748 | 0.23660572438964733 | -0.5339212380292004:-0.01685470417055157 | -0.26789167939403313 | -0.7533304725222987
-0.01685470417055157 | -0.26789167939403313 | -0.7533304725222987 | 0.23660572438964733 | -0.5339212380292004:0.0033514287663329867 | -0.2596095497843436 | -0.75852212705633
0.0033514287663329867 | -0.2596095497843436 | -0.75852212705633 | 0.23660572438964733 | -0.5339212380292004:0.023736502794236003 | -0.25123786037138274 | -0.7630618889595508
0.023736502794236003 | -0.25123786037138274 | -0.7630618889595508 | 0.23660572438964733 | -0.5339212380292004:0.04428217060848283 | -0.24278476348134603 | -0.7669426670655861
0.04428217060848283 | -0.24278476348134603 | -0.7669426670655861 | 0.23660572438964733 | -0.5339212380292004:0.06496987321829195 | -0.23425850834649253 | -0.770158003055645
0.06496987321829195 | -0.23425850834649253 | -0.770158003055645 | 0.23660572438964733 | -0.5339212380292004:0.08578085842883354 | -0.22566743296339808 | -0.772702078522312
0.08578085842883354 | -0.22566743296339808 | -0.772702078522312 | 0.23660572438964733 | -0.5339212380292004:0.10669619950132869 | -0.21701995586855816 | -0.7745697213882754
0.10669619950132869 | -0.21701995586855816 | -0.7745697213882754 | 0.23660572438964733 | -0.5339212380292004:0.1276968139724346 | -0.20832456783937658 | -0.7757564116751454
0.1276968139724346 | -0.20832456783937658 | -0.7757564116751454 | 0.23660572438964733 | -0.5339212380292004:0.148763482614239 | -0.1995898235290241 | -0.7762582866180974
0.148763482614239 | -0.1995898235290241 | -0.7762582866180974 | 0.23660572438964733 | -0.5339212380292004:0.16987686851589245 | -0.1908243330433379 | -0.7760721451227705
0.16987686851589245 | -0.1908243330433379 | -0.7760721451227705 | 0.23660572438964733 | -0.5339212380292004:0.19101753626813434 | -0.1820367534682532 | -0.7751954515614456
0.19101753626813434 | -0.1820367534682532 | -0.7751954515614456 | 0.23660572438964733 | -0.5339212380292004:0.2121659712316415 | -0.1732357803560447 | -0.7736263389061877
0.2121659712316415 | -0.1732357803560447 | -0.7736263389061877 | 0.23660572438964733 | -0.5339212380292004:0.23330259887032767 | -0.16443013917879767 | -0.7713636111972669
0.23330259887032767 | -0.16443013917879767 | -0.7713636111972669 | 0.23660572438964733 | -0.5339212380292004:0.2544078041306257 | -0.15562857675755026 | -0.768406745345809
0.2544078041306257 | -0.15562857675755026 | -0.768406745345809 | 0.23660572438964733 | -0.5339212380292004:0.2754619508477454 | -0.1468398526754413 | -0.7647558922702649
0.2754619508477454 | -0.1468398526754413 | -0.7647558922702649 | 0.23660572438964733 | -0.5339212380292004:0.2964454011601134 | -0.138072730683227 | -0.7604118773669173
0.2964454011601134 | -0.138072730683227 | -0.7604118773669173 | -0.33649164182377933 | 0.9894373047332374:0.25913737814178717 | -0.15116009982804712 | -0.7733195887706534
0.25913737814178717 | -0.15116009982804712 | -0.7733195887706534 | -0.33649164182377933 | 0.9894373047332374:0.22116328800714058 | -0.1644863373169514 | -0.7841477234967318
0.22116328800714058 | -0.1644863373169514 | -0.7841477234967318 | -0.33649164182377933 | 0.9894373047332374:0.1826277921827142 | -0.17801623225665253 | -0.7928576119199544
0.1826277921827142 | -0.17801623225665253 | -0.7928576119199544 | -0.33649164182377933 | 0.9894373047332374:0.1436375203827076 | -0.19171385421869047 | -0.7994164997506452
0.1436375203827076 | -0.19171385421869047 | -0.7994164997506452 | -0.33649164182377933 | 0.9894373047332374:0.10430076800339094 | -0.20554265519537296 | -0.8037976599946388
0.10430076800339094 | -0.20554265519537296 | -0.8037976599946388 | -0.9029229924803341 | -0.4686202371903754:0.12310838046542827 | -0.24208257514901987 | -0.7925904659233396
0.12310838046542827 | -0.24208257514901987 | -0.7925904659233396 | -0.9029229924803341 | -0.4686202371903754:0.14164282860898325 | -0.2781435004341901 | -0.7792642951637507
0.14164282860898325 | -0.2781435004341901 | -0.7792642951637507 | -0.9029229924803341 | -0.4686202371903754:0.15985366963393588 | -0.3136276080895257 | -0.7638467740043211
0.15985366963393588 | -0.3136276080895257 | -0.7638467740043211 | -0.9029229924803341 | -0.4686202371903754:0.17769116968922916 | -0.3484383114917122 | -0.7463712765599997
0.17769116968922916 | -0.3484383114917122 | -0.7463712765599997 | -0.9029229924803341 | -0.4686202371903754:0.19510644193709936 | -0.38248052811714217 | -0.7268768490193462
0.19510644193709936 | -0.38248052811714217 | -0.7268768490193462 | -0.6297684609923502 | 0.6770921565315617:0.17112618847872696 | -0.40592299849455316 | -0.7219992061888707
0.17112618847872696 | -0.40592299849455316 | -0.7219992061888707 | -0.6297684609923502 | 0.6770921565315617:0.14730259324498718 | -0.429233888863358 | -0.715550033729702
0.14730259324498718 | -0.429233888863358 | -0.715550033729702 | -0.6297684609923502 | 0.6770921565315617:0.12369004501590197 | -0.4523625800682609 | -0.7075381323692849
0.12369004501590197 | -0.4523625800682609 | -0.7075381323692849 | -0.6297684609923502 | 0.6770921565315617:0.1003426108502552 | -0.47525869544394794 | -0.6979758390635595
0.1003426108502552 | -0.47525869544394794 | -0.6979758390635595 | -0.6297684609923502 | 0.6770921565315617:0.0773139124350557 | -0.49787221614156607 | -0.6868790073686597
0.0773139124350557 | -0.49787221614156607 | -0.6868790073686597 | -0.6297684609923502 | 0.6770921565315617:0.05465700325488143 | -0.5201535958200907 | -0.6742669797124137
0.05465700325488143 | -0.5201535958200907 | -0.6742669797124137 | -0.6297684609923502 | 0.6770921565315617:0.0324242468646645 | -0.5420538744378902 | -0.6601625516228644
0.0324242468646645 | -0.5420538744378902 | -0.6601625516228644 | -0.6297684609923502 | 0.6770921565315617:0.010667196547032631 | -0.5635247908818712 | -0.6445919279896621
0.010667196547032631 | -0.5635247908818712 | -0.6445919279896621 | -0.6297684609923502 | 0.6770921565315617:-0.01056352336789601 | -0.5845188941742663 | -0.6275846714524107
-0.01056352336789601 | -0.5845188941742663 | -0.6275846714524107 | -0.6297684609923502 | 0.6770921565315617:-0.031218334246176482 | -0.6049896530003167 | -0.6091736430282495
-0.031218334246176482 | -0.6049896530003167 | -0.6091736430282495 | -0.6297684609923502 | 0.6770921565315617:-0.05124881768746192 | -0.6248915633039971 | -0.5893949351087535
-0.05124881768746192 | -0.6248915633039971 | -0.5893949351087535 | -0.6297684609923502 | 0.6770921565315617:-0.07060782759165818 | -0.6441802537034818 | -0.5682877969737383
-0.07060782759165818 | -0.6441802537034818 | -0.5682877969737383 | -0.6297684609923502 | 0.6770921565315617:-0.08924959949580824 | -0.6628125884826375 | -0.5458945529868622
-0.08924959949580824 | -0.6628125884826375 | -0.5458945529868622 | -0.6297684609923502 | 0.6770921565315617:-0.10712985692853039 | -0.680746767921022 | -0.5222605136545084
-0.10712985692853039 | -0.680746767921022 | -0.5222605136545084 | -0.6297684609923502 | 0.6770921565315617:-0.12420591453613383 | -0.6979424257302327 | -0.49743387974601916
