0.0 | 0.0 | 0.0 | 0.5787074544262871 | 0.24960333977274307:1.2474618971387055E-4 | -2.8931335172255324E-4 | 0.009995035576358242
1.2474618971387055E-4 | -2.8931335172255324E-4 | 0.009995035576358242 | 0.5787074544262871 | 0.24960333977274307:4.961393898670454E-4 | -0.0011509403200034019 | 0.01986049299704348
4.961393898670454E-4 | -0.0011509403200034019 | 0.01986049299704348 | 0.5787074544262871 | 0.24960333977274307:0.0011095894775157286 | -0.002574657479305964 | 0.0295683843159487
0.0011095894775157286 | -0.002574657479305964 | 0.0295683843159487 | 0.39854843413661256 | 0.1650398718769719:0.0017951100605173283 | -0.0041967537392271215 | 0.03913871824476389
0.0017951100605173283 | -0.0041967537392271215 | 0.03913871824476389 | 0.39854843413661256 | 0.1650398718769719:0.002633413023351445 | -0.00618881078381639 | 0.04854625593941361
0.002633413023351445 | -0.00618881078381639 | 0.04854625593941361 | 0.39854843413661256 | 0.1650398718769719:0.00362131503629162 | -0.008543261769206945 | 0.05777950908306523
0.00362131503629162 | -0.008543261769206945 | 0.05777950908306523 | 0.39854843413661256 | 0.1650398718769719:0.004755534198030511 | -0.011252298681000417 | 0.0668272969966856
0.004755534198030511 | -0.011252298681000417 | 0.0668272969966856 | 0.39854843413661256 | 0.1650398718769719:0.006032693715479633 | -0.014307881175981363 | 0.0756787511909694
0.006032693715479633 | -0.014307881175981363 | 0.0756787511909694 | 0.39854843413661256 | 0.1650398718769719:0.007449325599957181 | -0.01770174546598202 | 0.0843233196593281
0.007449325599957181 | -0.01770174546598202 | 0.0843233196593281 | 0.39854843413661256 | 0.1650398718769719:0.009001874377404961 | -0.02142541323819236 | 0.09275077091263445
0.009001874377404961 | -0.02142541323819236 | 0.09275077091263445 | 0.39854843413661256 | 0.1650398718769719:0.010686700810297649 | -0.025470200606267257 | 0.10095119775654371
0.010686700810297649 | -0.025470200606267257 | 0.10095119775654371 | 0.39854843413661256 | 0.1650398718769719:0.012500085628930332 | -0.029827227086627772 | 0.1089150208123405
0.012500085628930332 | -0.029827227086627772 | 0.1089150208123405 | 0.39854843413661256 | 0.1650398718769719:0.014438233269794515 | -0.03448742459442289 | 0.11663299178238684
0.014438233269794515 | -0.03448742459442289 | 0.11663299178238684 | 0.15539393689158154 | 0.9966317813621977:0.021664827330372477 | -0.037928337640746435 | 0.12377292969882714
0.021664827330372477 | -0.037928337640746435 | 0.12377292969882714 | 0.15539393689158154 | 0.9966317813621977:0.02962757311467884 | -0.04146283900266168 | 0.13033305029376507
0.02962757311467884 | -0.04146283900266168 | 0.13033305029376507 | 0.15539393689158154 | 0.9966317813621977:0.03828316015770944 | -0.04508462169528915 | 0.13625920263613112
0.03828316015770944 | -0.04508462169528915 | 0.13625920263613112 | 0.15539393689158154 | 0.9966317813621977:0.04758492639727527 | -0.048786841679263615 | 0.14150038644175855
0.04758492639727527 | -0.048786841679263615 | 0.14150038644175855 | 0.15539393689158154 | 0.9966317813621977:0.05748307067087194 | -0.05256215025928479 | 0.14600894525941377
0.05748307067087194 | -0.05256215025928479 | 0.14600894525941377 | 0.6204002434490707 | 0.02821101867646525:0.060595585287995246 | -0.05994302643819838 | 0.15150034971658832
0.060595585287995246 | -0.05994302643819838 | 0.15150034971658832 | 0.6204002434490707 | 0.02821101867646525:0.06369644999470786 | -0.06768383987848359 | 0.15658717524942545
0.06369644999470786 | -0.06768383987848359 | 0.15658717524942545 | 0.6204002434490707 | 0.02821101867646525:0.06678502560480032 | -0.0757646681070927 | 0.1612543318897668
0.06678502560480032 | -0.0757646681070927 | 0.1612543318897668 | 0.6204002434490707 | 0.02821101867646525:0.06986064759607946 | -0.08416507860570621 | 0.16548762028435293
0.06986064759607946 | -0.08416507860570621 | 0.16548762028435293 | 0.6204002434490707 | 0.02821101867646525:0.07292262780917491 | -0.09286416534204833 | 0.16927374594026912
0.07292262780917491 | -0.09286416534204833 | 0.16927374594026912 | -0.03852331067724757 | -0.5175516031381431:0.07114824113539198 | -0.09609630239159461 | 0.17786873749440524
0.07114824113539198 | -0.09609630239159461 | 0.17786873749440524 | -0.03852331067724757 | -0.5175516031381431:0.0689557863211866 | -0.09926372849474108 | 0.18642735871484195
0.0689557863211866 | -0.09926372849474108 | 0.18642735871484195 | -0.03852331067724757 | -0.5175516031381431:0.06634821698690618 | -0.10236698356645713 | 0.19493350037731405
0.06634821698690618 | -0.10236698356645713 | 0.19493350037731405 | -0.03852331067724757 | -0.5175516031381431:0.06332901589829765 | -0.10540664372823283 | 0.20337123844635707
0.06332901589829765 | -0.10540664372823283 | 0.20337123844635707 | -0.03852331067724757 | -0.5175516031381431:0.0599021862040644 | -0.10838332070443402 | 0.2117248496302393
0.0599021862040644 | -0.10838332070443402 | 0.2117248496302393 | -0.03852331067724757 | -0.5175516031381431:0.056072242265548855 | -0.11129766118762552 | 0.219978826585991
0.056072242265548855 | -0.11129766118762552 | 0.219978826585991 | -0.03852331067724757 | -0.5175516031381431:0.05184420009081292 | -0.11415034617377184 | 0.22811789276501848
0.05184420009081292 | -0.11415034617377184 | 0.22811789276501848 | -0.03852331067724757 | -0.5175516031381431:0.047223567385567655 | -0.11694209026823899 | 0.23612701689020277
0.047223567385567655 | -0.11694209026823899 | 0.23612701689020277 | -0.03852331067724757 | -0.5175516031381431:0.04221633323358365 | -0.11967364096352462 | 0.2439914270557466
0.04221633323358365 | -0.11967364096352462 | 0.2439914270557466 | -0.03852331067724757 | -0.5175516031381431:0.03682895741936498 | -0.12234577788967371 | 0.2516966244414629
0.03682895741936498 | -0.12234577788967371 | 0.2516966244414629 | 0.7035848098698123 | -0.9568247789413553:0.0255979119663583 | -0.13445682578664897 | 0.25504027749519587
0.0255979119663583 | -0.13445682578664897 | 0.25504027749519587 | 0.7035848098698123 | -0.9568247789413553:0.013939539240698906 | -0.14686280840005406 | 0.25725527080251354
0.013939539240698906 | -0.14686280840005406 | 0.25725527080251354 | 0.7035848098698123 | -0.9568247789413553:0.0019200017760543364 | -0.1595163069569283 | 0.25829400996348895
0.0019200017760543364 | -0.1595163069569283 | 0.25829400996348895 | 0.7035848098698123 | -0.9568247789413553:-0.010391667434404228 | -0.17236768392064405 | 0.2581148292045947
-0.010391667434404228 | -0.17236768392064405 | 0.2581148292045947 | 0.7035848098698123 | -0.9568247789413553:-0.0229239126366525 | -0.18536533431233737 | 0.2566822397707371
-0.0229239126366525 | -0.18536533431233737 | 0.2566822397707371 | 0.3422376526220623 | 0.32583819728411556:-0.019195540976246317 | -0.1938097801257075 | 0.25927003289544004
-0.019195540976246317 | -0.1938097801257075 | 0.25927003289544004 | 0.3422376526220623 | 0.32583819728411556:-0.015336893568641985 | -0.20234833051611156 | 0.26153322820906855
-0.015336893568641985 | -0.20234833051611156 | 0.26153322820906855 | 0.3422376526220623 | 0.32583819728411556:-0.011356150544209465 | -0.21097288936265546 | 0.2634670712645777
-0.011356150544209465 | -0.21097288936265546 | 0.2634670712645777 | 0.3422376526220623 | 0.32583819728411556:-0.00726155451306898 | -0.219675287175237 | 0.26506718092992365
-0.00726155451306898 | -0.219675287175237 | 0.26506718092992365 | 0.3422376526220623 | 0.32583819728411556:-0.00306140295914914 | -0.22844728912166712 | 0.2663295502246177
-0.00306140295914914 | -0.22844728912166712 | 0.2663295502246177 | 0.3422376526220623 | 0.32583819728411556:0.0012359593390394163 | -0.23728060302882437 | 0.26725054685676763
0.0012359593390394163 | -0.23728060302882437 | 0.26725054685676763 | 0.3422376526220623 | 0.32583819728411556:0.005622147855818493 | -0.24616688735250225 | 0.2678269134632476
0.005622147855818493 | -0.24616688735250225 | 0.2678269134632476 | 0.3422376526220623 | 0.32583819728411556:0.010088745828926937 | -0.2550977591106305 | 0.2680557675557358
0.010088745828926937 | -0.2550977591106305 | 0.2680557675557358 | 0.3422376526220623 | 0.32583819728411556:0.014627311728329984 | -0.2640648017746763 | 0.26793460117560386
0.014627311728329984 | -0.2640648017746763 | 0.26793460117560386 | 0.3422376526220623 | 0.32583819728411556:0.019229386678384808 | -0.273059573114077 | 0.2674612802607239
0.019229386678384808 | -0.273059573114077 | 0.2674612802607239 | -0.6851529911063425 | -0.3374007607720029:0.014794498726282024 | -0.2679925156827565 | 0.281408840895244
0.014794498726282024 | -0.2679925156827565 | 0.281408840895244 | -0.6851529911063425 | -0.3374007607720029:0.010048651805962816 | -0.2622542371404464 | 0.2951981481935846
0.010048651805962816 | -0.2622542371404464 | 0.2951981481935846 | -0.6851529911063425 | -0.3374007607720029:0.004994190004368848 | -0.2558492310930447 | 0.3087920234799917
0.004994190004368848 | -0.2558492310930447 | 0.3087920234799917 | -0.6851529911063425 | -0.3374007607720029:-3.6575904472457843E-4 | -0.24878358315566285 | 0.32215354837029864
-3.6575904472457843E-4 | -0.24878358315566285 | 0.32215354837029864 | -0.6851529911063425 | -0.3374007607720029:-0.0060272920469308655 | -0.24106495635613268 | 0.3352461454515847
-0.0060272920469308655 | -0.24106495635613268 | 0.3352461454515847 | 0.265674394180037 | -0.31315215387313744:-0.011384456845102475 | -0.24898666762686528 | 0.33659709765399626
-0.011384456845102475 | -0.24898666762686528 | 0.33659709765399626 | 0.265674394180037 | -0.31315215387313744:-0.016831254272852814 | -0.25695246300872565 | 0.3376621521587939
-0.016831254272852814 | -0.25695246300872565 | 0.3376621521587939 | 0.265674394180037 | -0.31315215387313744:-0.022360970293762827 | -0.2649570009017861 | 0.33843891559594574
-0.022360970293762827 | -0.2649570009017861 | 0.33843891559594574 | 0.265674394180037 | -0.31315215387313744:-0.027966870898664897 | -0.27299491780868657 | 0.3389252305407986
-0.027966870898664897 | -0.27299491780868657 | 0.3389252305407986 | 0.265674394180037 | -0.31315215387313744:-0.03364220656728922 | -0.2810608321564487 | 0.3391191750966378
-0.03364220656728922 | -0.2810608321564487 | 0.3391191750966378 | 0.265674394180037 | -0.31315215387313744:-0.039380216699135495 | -0.28914934809271386 | 0.3390190623457947
-0.039380216699135495 | -0.28914934809271386 | 0.3390190623457947 | 0.265674394180037 | -0.31315215387313744:-0.045174134011593314 | -0.29725505925472895 | 0.33862343967094155
-0.045174134011593314 | -0.29725505925472895 | 0.33862343967094155 | 0.265674394180037 | -0.31315215387313744:-0.051017188903362154 | -0.305372552509402 | 0.3379310879481192
-0.051017188903362154 | -0.305372552509402 | 0.3379310879481192 | 0.265674394180037 | -0.31315215387313744:-0.056902613781261824 | -0.3134964116628254 | 0.3369410206132333
-0.056902613781261824 | -0.3134964116628254 | 0.3369410206132333 | 0.265674394180037 | -0.31315215387313744:-0.06282364734856283 | -0.32162122113763836 | 0.33565248260365266
-0.06282364734856283 | -0.32162122113763836 | 0.33565248260365266 | 0.265674394180037 | -0.31315215387313744:-0.06877353885299808 | -0.32974156961670076 | 0.33406494917670493
-0.06877353885299808 | -0.32974156961670076 | 0.33406494917670493 | 0.265674394180037 | -0.31315215387313744:-0.07474555229265933 | -0.33785205365150794 | 0.3321781246068216
-0.07474555229265933 | -0.33785205365150794 | 0.3321781246068216 | 0.265674394180037 | -0.31315215387313744:-0.08073297057801632 | -0.3459472812338671 | 0.3299919407631702
-0.08073297057801632 | -0.3459472812338671 | 0.3299919407631702 | 0.265674394180037 | -0.31315215387313744:-0.08672909964833753 | -0.35402187532935514 | 0.3275065555696113
-0.08672909964833753 | -0.35402187532935514 | 0.3275065555696113 | 0.265674394180037 | -0.31315215387313744:-0.09272727254082685 | -0.3620704773711214 | 0.32472235134889793
-0.09272727254082685 | -0.3620704773711214 | 0.32472235134889793 | 0.265674394180037 | -0.31315215387313744:-0.0987208534108312 | -0.3700877507126332 | 0.32163993305302796
-0.0987208534108312 | -0.3700877507126332 | 0.32163993305302796 | 0.265674394180037 | -0.31315215387313744:-0.10470324150151245 | -0.37806838403797727 | 0.31826012638171264
-0.10470324150151245 | -0.37806838403797727 | 0.31826012638171264 | 0.265674394180037 | -0.31315215387313744:-0.1106678750614166 | -0.38600709472840755 | 0.3145839757909634
-0.1106678750614166 | -0.38600709472840755 | 0.3145839757909634 | 0.265674394180037 | -0.31315215387313744:-0.1166082352084116 | -0.39389863218378807 | 0.310612742393813
-0.1166082352084116 | -0.39389863218378807 | 0.310612742393813 | 0.265674394180037 | -0.31315215387313744:-0.12251784973850625 | -0.401737781097701 | 0.3063479017552311
-0.12251784973850625 | -0.401737781097701 | 0.3063479017552311 | -0.5956120755829635 | -0.591586565073432:-0.13309225636882022 | -0.3960623258272733 | 0.3173155478030054
-0.13309225636882022 | -0.3960623258272733 | 0.3173155478030054 | -0.5956120755829635 | -0.591586565073432:-0.1440567030056883 | -0.38993937297693115 | 0.3278314441737571
-0.1440567030056883 | -0.38993937297693115 | 0.3278314441737571 | -0.5956120755829635 | -0.591586565073432:-0.1553975336662603 | -0.383382694572612 | 0.33786485813991973
-0.1553975336662603 | -0.383382694572612 | 0.33786485813991973 | -0.5956120755829635 | -0.591586565073432:-0.16710001563085797 | -0.3764071553735313 | 0.34738596193945526
-0.16710001563085797 | -0.3764071553735313 | 0.34738596193945526 | -0.5956120755829635 | -0.591586565073432:-0.17914837160957287 | -0.36902868163289426 | 0.35636590651865063
-0.17914837160957287 | -0.36902868163289426 | 0.35636590651865063 | -0.5460867189015968 | -0.7904929520495354:-0.19510871156341913 | -0.3621800355375271 | 0.3619590774429966
-0.19510871156341913 | -0.3621800355375271 | 0.3619590774429966 | -0.5460867189015968 | -0.7904929520495354:-0.21137378136539753 | -0.35506842797879656 | 0.36671260591071686
-0.21137378136539753 | -0.35506842797879656 | 0.36671260591071686 | -0.5460867189015968 | -0.7904929520495354:-0.2279080426587068 | -0.3477184741264594 | 0.3706013189578883
-0.2279080426587068 | -0.3477184741264594 | 0.3706013189578883 | -0.5460867189015968 | -0.7904929520495354:-0.24467476785034936 | -0.34015563790723036 | 0.3736023410679472
-0.24467476785034936 | -0.34015563790723036 | 0.3736023410679472 | -0.5460867189015968 | -0.7904929520495354:-0.261636143104345 | -0.3324061619893115 | 0.375695173880068
-0.261636143104345 | -0.3324061619893115 | 0.375695173880068 | -0.5460867189015968 | -0.7904929520495354:-0.27875337468550665 | -0.32449699535917276 | 0.37686176909454616
-0.27875337468550665 | -0.32449699535917276 | 0.37686176909454616 | -0.5460867189015968 | -0.7904929520495354:-0.2959867983471094 | -0.31645571869963973 | 0.37708659437214465
-0.2959867983471094 | -0.31645571869963973 | 0.37708659437214465 | -0.5460867189015968 | -0.7904929520495354:-0.3132959914481144 | -0.30831046778393656 | 0.3763566920444248
-0.3132959914481144 | -0.30831046778393656 | 0.3763566920444248 | -0.5460867189015968 | -0.7904929520495354:-0.33063988747881323 | -0.3000898551052664 | 0.37466173047259943
-0.33063988747881323 | -0.3000898551052664 | 0.37466173047259943 | -0.5460867189015968 | -0.7904929520495354:-0.3479768926678566 | -0.2918228899659816 | 0.3719940479133186
-0.3479768926678566 | -0.2918228899659816 | 0.3719940479133186 | -0.8593151009142546 | 0.7821435941550774:-0.3350305084064811 | -0.2775139673265663 | 0.40029257118431616
-0.3350305084064811 | -0.2775139673265663 | 0.40029257118431616 | -0.8593151009142546 | 0.7821435941550774:-0.32087615590114726 | -0.2618627016396715 | 0.42756337824410906
-0.32087615590114726 | -0.2618627016396715 | 0.42756337824410906 | -0.8593151009142546 | 0.7821435941550774:-0.3055534319541575 | -0.24491003648157061 | 0.4536904886147042
-0.3055534319541575 | -0.24491003648157061 | 0.4536904886147042 | -0.8593151009142546 | 0.7821435941550774:-0.2891069099094228 | -0.2267024551282084 | 0.4785612403289754
-0.2891069099094228 | -0.2267024551282084 | 0.4785612403289754 | -0.8593151009142546 | 0.7821435941550774:-0.2715859971225436 | -0.20729183416334607 | 0.502066765215929
-0.2715859971225436 | -0.20729183416334607 | 0.502066765215929 | 0.6005754428319492 | -0.5637737803287808:-0.2872929149646337 | -0.22370991703924403 | 0.49091929360549
-0.2872929149646337 | -0.22370991703924403 | 0.49091929360549 | 0.6005754428319492 | -0.5637737803287808:-0.302733233166923 | -0.23986464384169892 | 0.47871742806336925
-0.302733233166923 | -0.23986464384169892 | 0.47871742806336925 | 0.6005754428319492 | -0.5637737803287808:-0.3178732262644459 | -0.25571983672071497 | 0.4654746471489588
-0.3178732262644459 | -0.25571983672071497 | 0.4654746471489588 | 0.6005754428319492 | -0.5637737803287808:-0.33267956259161213 | -0.27123970305898837 | 0.45120674424636675
-0.33267956259161213 | -0.27123970305898837 | 0.45120674424636675 | 0.6005754428319492 | -0.5637737803287808:-0.34711937744072063 | -0.2863889137903257 | 0.4359318016959186
-0.34711937744072063 | -0.2863889137903257 | 0.4359318016959186 | 0.7791240854619594 | 0.7383257441201168:-0.33319173168700633 | -0.3049565932655298 | 0.4395741983060901
-0.33319173168700633 | -0.3049565932655298 | 0.4395741983060901 | 0.7791240854619594 | 0.7383257441201168:-0.3190523305976729 | -0.3237330445667226 | 0.44194741599794085
-0.3190523305976729 | -0.3237330445667226 | 0.44194741599794085 | 0.7791240854619594 | 0.7383257441201168:-0.30475074839900973 | -0.3426667580859366 | 0.44303038029057973
-0.30475074839900973 | -0.3426667580859366 | 0.44303038029057973 | 0.7791240854619594 | 0.7383257441201168:-0.2903374553385829 | -0.3617051947958778 | 0.4428061198889033
-0.2903374553385829 | -0.3617051947958778 | 0.4428061198889033 | 0.7791240854619594 | 0.7383257441201168:-0.2758636527933138 | -0.38079495869128976 | 0.44126184901332266
-0.2758636527933138 | -0.38079495869128976 | 0.44126184901332266 | 0.3201412949376301 | -0.6458895860080403:-0.2913649987483975 | -0.3899451333629962 | 0.4283221351870381
-0.2913649987483975 | -0.3899451333629962 | 0.4283221351870381 | 0.3201412949376301 | -0.6458895860080403:-0.30649288915705597 | -0.39890256546869196 | 0.4146341031931904
-0.30649288915705597 | -0.39890256546869196 | 0.4146341031931904 | 0.3201412949376301 | -0.6458895860080403:-0.3212193406239958 | -0.40765340420152185 | 0.40021247790205905
-0.3212193406239958 | -0.40765340420152185 | 0.40021247790205905 | 0.3201412949376301 | -0.6458895860080403:-0.3355168823092143 | -0.41618404112722374 | 0.3850732710763509
-0.3355168823092143 | -0.41618404112722374 | 0.3850732710763509 | 0.3201412949376301 | -0.6458895860080403:-0.3493586023934565 | -0.4244811334166556 | 0.3692337577142375
-0.3493586023934565 | -0.4244811334166556 | 0.3692337577142375 | 0.3201412949376301 | -0.6458895860080403:-0.36271819360994684 | -0.4325316266317465 | 0.35271245034926935
-0.36271819360994684 | -0.4325316266317465 | 0.35271245034926935 | 0.3201412949376301 | -0.6458895860080403:-0.3755699977726312 | -0.4403227770299445 | 0.33552907135302945
-0.3755699977726312 | -0.4403227770299445 | 0.33552907135302945 | 0.3201412949376301 | -0.6458895860080403:-0.3878890492329923 | -0.4478421733530773 | 0.31770452328940735
-0.3878890492329923 | -0.4478421733530773 | 0.31770452328940735 | 0.3201412949376301 | -0.6458895860080403:-0.3996511171993866 | -0.4550777580675387 | 0.2992608573719835
-0.3996511171993866 | -0.4550777580675387 | 0.2992608573719835 | 0.3201412949376301 | -0.6458895860080403:-0.4108327468548669 | -0.4620178480235495 | 0.280221240078923
-0.4108327468548669 | -0.4620178480235495 | 0.280221240078923 | 0.3201412949376301 | -0.6458895860080403:-0.4214112992115506 | -0.4686511545023997 | 0.2606099179822081
-0.4214112992115506 | -0.4686511545023997 | 0.2606099179822081 | 0.3201412949376301 | -0.6458895860080403:-0.4313649896417324 | -0.4749668026215197 | 0.24045218085068853
-0.4313649896417324 | -0.4749668026215197 | 0.24045218085068853 | 0.3201412949376301 | -0.6458895860080403:-0.4406729250281938 | -0.48095435006841214 | 0.2197743230887852
-0.4406729250281938 | -0.48095435006841214 | 0.2197743230887852 | 0.3201412949376301 | -0.6458895860080403:-0.449315139478502 | -0.4866038051355055 | 0.19860360357500895
-0.449315139478502 | -0.4866038051355055 | 0.19860360357500895 | 0.3201412949376301 | -0.6458895860080403:-0.4572726285504558 | -0.4919056440292593 | 0.17696820396664492
-0.4572726285504558 | -0.4919056440292593 | 0.17696820396664492 | 0.1424217302032711 | 0.5754135451358455:-0.454081796530728 | -0.4953222549224563 | 0.1873637030276143
-0.454081796530728 | -0.4953222549224563 | 0.1873637030276143 | 0.1424217302032711 | 0.5754135451358455:-0.45055032626713754 | -0.4987968462800829 | 0.19767130727367999
-0.45055032626713754 | -0.4987968462800829 | 0.19767130727367999 | 0.1424217302032711 | 0.5754135451358455:-0.4466804163184328 | -0.5023291818213522 | 0.20787937165582093
-0.4466804163184328 | -0.5023291818213522 | 0.20787937165582093 | 0.1424217302032711 | 0.5754135451358455:-0.44247464628737276 | -0.5059189280494252 | 0.21797632002358114
-0.44247464628737276 | -0.5059189280494252 | 0.21797632002358114 | 0.1424217302032711 | 0.5754135451358455:-0.43793597420136976 | -0.5095656548797542 | 0.22795065819999394
-0.43793597420136976 | -0.5095656548797542 | 0.22795065819999394 | 0.42119881506946344 | -0.9684124644568306:-0.4497679981681628 | -0.5163583864705785 | 0.19651940918914335
-0.4497679981681628 | -0.5163583864705785 | 0.19651940918914335 | 0.42119881506946344 | -0.9684124644568306:-0.4600740387234623 | -0.5224829092067722 | 0.16427555537968885
-0.4600740387234623 | -0.5224829092067722 | 0.16427555537968885 | 0.42119881506946344 | -0.9684124644568306:-0.46881032411037893 | -0.5279193721038027 | 0.13130909022103765
-0.46881032411037893 | -0.5279193721038027 | 0.13130909022103765 | 0.42119881506946344 | -0.9684124644568306:-0.47593763442334236 | -0.5326498729206577 | 0.0977127987979074
-0.47593763442334236 | -0.5326498729206577 | 0.0977127987979074 | 0.42119881506946344 | -0.9684124644568306:-0.4814214461738082 | -0.5366585239523829 | 0.0635819812631766
-0.4814214461738082 | -0.5366585239523829 | 0.0635819812631766 | 0.42119881506946344 | -0.9684124644568306:-0.48523206249646833 | -0.5399315116710142 | 0.029014167444600503
-0.48523206249646833 | -0.5399315116710142 | 0.029014167444600503 | 0.42119881506946344 | -0.9684124644568306:-0.4873447285606609 | -0.5424571500161548 | -0.005891176486336747
-0.4873447285606609 | -0.5424571500161548 | -0.005891176486336747 | 0.42119881506946344 | -0.9684124644568306:-0.48773973179839203 | -0.5442259271565959 | -0.04103294837013749
-0.48773973179839203 | -0.5442259271565959 | -0.04103294837013749 | 0.42119881506946344 | -0.9684124644568306:-0.4864024866078793 | -0.5452305455648556 | -0.0763087165039309
-0.4864024866078793 | -0.5452305455648556 | -0.0763087165039309 | 0.42119881506946344 | -0.9684124644568306:-0.4833236032403505 | -0.5454659552674102 | -0.11161503121994798
-0.4833236032403505 | -0.5454659552674102 | -0.11161503121994798 | 0.950336450813984 | -0.12374272529824282:-0.48418338884177103 | -0.5414712222988172 | -0.14088607403338926
-0.48418338884177103 | -0.5414712222988172 | -0.14088607403338926 | 0.950336450813984 | -0.12374272529824282:-0.484842589810885 | -0.5360457582954083 | -0.17003445918832227
-0.484842589810885 | -0.5360457582954083 | -0.17003445918832227 | 0.950336450813984 | -0.12374272529824282:-0.4853020269241277 | -0.5291930190391696 | -0.1989878286960689
-0.4853020269241277 | -0.5291930190391696 | -0.1989878286960689 | 0.950336450813984 | -0.12374272529824282:-0.4855629920846809 | -0.5209200928628874 | -0.2276739239915173
-0.4855629920846809 | -0.5209200928628874 | -0.2276739239915173 | 0.950336450813984 | -0.12374272529824282:-0.4856272472583818 | -0.5112376967970818 | -0.2560207725103325
-0.4856272472583818 | -0.5112376967970818 | -0.2560207725103325 | 0.950336450813984 | -0.12374272529824282:-0.48549702218121027 | -0.5001601632753463 | -0.2839568739747875
-0.48549702218121027 | -0.5001601632753463 | -0.2839568739747875 | 0.950336450813984 | -0.12374272529824282:-0.48517501084324977 | -0.4877054174238893 | -0.31141138590335515
-0.48517501084324977 | -0.4877054174238893 | -0.31141138590335515 | 0.950336450813984 | -0.12374272529824282:-0.4846643667571051 | -0.4738949449852754 | -0.33831430786132444
-0.4846643667571051 | -0.4738949449852754 | -0.33831430786132444 | 0.950336450813984 | -0.12374272529824282:-0.4839686970219219 | -0.4587537509505992 | -0.3645966639731313
-0.4839686970219219 | -0.4587537509505992 | -0.3645966639731313 | 0.950336450813984 | -0.12374272529824282:-0.48309205519730014 | -0.4423103089984366 | -0.3901906832219382
-0.48309205519730014 | -0.4423103089984366 | -0.3901906832219382 | -0.4286707114229187 | 0.8693530936048846:-0.5007308588961514 | -0.45197537653913145 | -0.3603893313374229
-0.5007308588961514 | -0.45197537653913145 | -0.3603893313374229 | -0.4286707114229187 | 0.8693530936048846:-0.5170791594517787 | -0.4610089194209266 | -0.32954036366285777
-0.5170791594517787 | -0.4610089194209266 | -0.32954036366285777 | -0.4286707114229187 | 0.8693530936048846:-0.532088220405857 | -0.46938621762971877 | -0.2977143451285862
-0.532088220405857 | -0.46938621762971877 | -0.2977143451285862 | -0.4286707114229187 | 0.8693530936048846:-0.5457124858421167 | -0.47708408823319814 | -0.2649846754316769
-0.5457124858421167 | -0.47708408823319814 | -0.2649846754316769 | -0.4286707114229187 | 0.8693530936048846:-0.5579097102201978 | -0.4840809513271296 | -0.23142740919234583
-0.5579097102201978 | -0.4840809513271296 | -0.23142740919234583 | -0.2401156625288754 | -0.002900312513511194:-0.5595054493471423 | -0.48824552069926597 | -0.22633876949606346
-0.5595054493471423 | -0.48824552069926597 | -0.22633876949606346 | -0.2401156625288754 | -0.002900312513511194:-0.5610855568459385 | -0.49234221608757167 | -0.2211774395150421
-0.5610855568459385 | -0.49234221608757167 | -0.2211774395150421 | -0.2401156625288754 | -0.002900312513511194:-0.5626502102389601 | -0.49636995816447893 | -0.21594454634505666
-0.5626502102389601 | -0.49636995816447893 | -0.21594454634505666 | -0.2401156625288754 | -0.002900312513511194:-0.5641995851675148 | -0.500327687017716 | -0.2106412294077451
-0.5641995851675148 | -0.500327687017716 | -0.2106412294077451 | -0.2401156625288754 | -0.002900312513511194:-0.5657338554073164 | -0.504214362231572 | -0.20526864015290514
-0.5657338554073164 | -0.504214362231572 | -0.20526864015290514 | -0.37196186932785147 | -0.6438962980664666:-0.5606664739351395 | -0.5093346998699673 | -0.21455089575611908
-0.5606664739351395 | -0.5093346998699673 | -0.21455089575611908 | -0.37196186932785147 | -0.6438962980664666:-0.5552721248563302 | -0.5146234160001271 | -0.22358537565978054
-0.5552721248563302 | -0.5146234160001271 | -0.22358537565978054 | -0.37196186932785147 | -0.6438962980664666:-0.549558868016014 | -0.5200762194291784 | -0.23235739648205467
-0.549558868016014 | -0.5200762194291784 | -0.23235739648205467 | -0.37196186932785147 | -0.6438962980664666:-0.5435352694619411 | -0.5256885210276749 | -0.24085262476197045
-0.5435352694619411 | -0.5256885210276749 | -0.24085262476197045 | -0.37196186932785147 | -0.6438962980664666:-0.5372103892841764 | -0.5314554405595615 | -0.24905710030181538
-0.5372103892841764 | -0.5314554405595615 | -0.24905710030181538 | -0.37196186932785147 | -0.6438962980664666:-0.5305937686630244 | -0.537371813974687 | -0.2569572589367404
-0.5305937686630244 | -0.537371813974687 | -0.2569572589367404 | -0.37196186932785147 | -0.6438962980664666:-0.5236954161461966 | -0.5434322011518589 | -0.26453995469609026
-0.5236954161461966 | -0.5434322011518589 | -0.26453995469609026 | -0.37196186932785147 | -0.6438962980664666:-0.5165257931771805 | -0.5496308940803232 | -0.2717924813220769
-0.5165257931771805 | -0.5496308940803232 | -0.2717924813220769 | -0.37196186932785147 | -0.6438962980664666:-0.5090957988980733 | -0.5559619254662849 | -0.27870259311238144
-0.5090957988980733 | -0.5559619254662849 | -0.27870259311238144 | -0.37196186932785147 | -0.6438962980664666:-0.5014167542510535 | -0.562419077750981 | -0.28525852505445215
-0.5014167542510535 | -0.562419077750981 | -0.28525852505445215 | 0.6553794328415663 | 0.8948793782956985:-0.515732566309353 | -0.5541044733400398 | -0.28147759325016963
-0.515732566309353 | -0.5541044733400398 | -0.28147759325016963 | 0.6553794328415663 | 0.8948793782956985:-0.5298711098481661 | -0.545882197919255 | -0.2767704483301827
-0.5298711098481661 | -0.545882197919255 | -0.2767704483301827 | 0.6553794328415663 | 0.8948793782956985:-0.5437901727835239 | -0.5377835609838968 | -0.2711477144367507
-0.5437901727835239 | -0.5377835609838968 | -0.2711477144367507 | 0.6553794328415663 | 0.8948793782956985:-0.5574480423991304 | -0.5298395532493032 | -0.26462301479128314
-0.5574480423991304 | -0.5298395532493032 | -0.26462301479128314 | 0.6553794328415663 | 0.8948793782956985:-0.5708036437584951 | -0.5220807447515483 | -0.25721293744837936
-0.5708036437584951 | -0.5220807447515483 | -0.25721293744837936 | -0.381817502146379 | 0.6412659237653238:-0.5797462494348267 | -0.5280902013261013 | -0.22929255658061365
-0.5797462494348267 | -0.5280902013261013 | -0.22929255658061365 | -0.381817502146379 | 0.6412659237653238:-0.5877876310110608 | -0.5335632119931404 | -0.2009205478161249
-0.5877876310110608 | -0.5335632119931404 | -0.2009205478161249 | -0.381817502146379 | 0.6412659237653238:-0.5949118729110268 | -0.5384899593784311 | -0.17213708000234362
-0.5949118729110268 | -0.5384899593784311 | -0.17213708000234362 | -0.381817502146379 | 0.6412659237653238:-0.6011044085677995 | -0.5428614216344911 | -0.142983079036064
-0.6011044085677995 | -0.5428614216344911 | -0.142983079036064 | -0.381817502146379 | 0.6412659237653238:-0.6063520457705422 | -0.5466693881265954 | -0.11350016596577461
-0.6063520457705422 | -0.5466693881265954 | -0.11350016596577461 | 0.14960282400863578 | 0.6025002327945912:-0.6109185067534639 | -0.5469688716640917 | -0.09948082728502783
-0.6109185067534639 | -0.5469688716640917 | -0.09948082728502783 | 0.14960282400863578 | 0.6025002327945912:-0.6150536950817411 | -0.5473599751666853 | -0.08530057338497343
-0.6150536950817411 | -0.5473599751666853 | -0.08530057338497343 | 0.14960282400863578 | 0.6025002327945912:-0.61875208565489 | -0.547844272128124 | -0.07097360707170353
-0.61875208565489 | -0.547844272128124 | -0.07097360707170353 | 0.14960282400863578 | 0.6025002327945912:-0.6220086068718018 | -0.5484232226923282 | -0.056514327213118776
-0.6220086068718018 | -0.5484232226923282 | -0.056514327213118776 | 0.14960282400863578 | 0.6025002327945912:-0.6248186468015078 | -0.5490981720777697 | -0.04193731314456883
-0.6248186468015078 | -0.5490981720777697 | -0.04193731314456883 | 0.38073476973533116 | 0.09193439282753046:-0.6263071445265425 | -0.5493004692413663 | -0.04960881414503149
-0.6263071445265425 | -0.5493004692413663 | -0.04960881414503149 | 0.38073476973533116 | 0.09193439282753046:-0.6278188925358776 | -0.5493436276455483 | -0.05728986353604171
-0.6278188925358776 | -0.5493436276455483 | -0.05728986353604171 | 0.38073476973533116 | 0.09193439282753046:-0.6293541033727905 | -0.5492273633789466 | -0.06497698891008596
-0.6293541033727905 | -0.5492273633789466 | -0.06497698891008596 | 0.38073476973533116 | 0.09193439282753046:-0.6309129702315488 | -0.5489514663168009 | -0.072666712251511
-0.6309129702315488 | -0.5489514663168009 | -0.072666712251511 | 0.38073476973533116 | 0.09193439282753046:-0.6324956669730497 | -0.5485158001346093 | -0.08035555158920005
-0.6324956669730497 | -0.5485158001346093 | -0.08035555158920005 | 0.38073476973533116 | 0.09193439282753046:-0.6341023481485664 | -0.5479203022881265 | -0.08804002264585975
-0.6341023481485664 | -0.5479203022881265 | -0.08804002264585975 | 0.38073476973533116 | 0.09193439282753046:-0.6357331490312674 | -0.5471649839598882 | -0.09571664048319306
-0.6357331490312674 | -0.5471649839598882 | -0.09571664048319306 | 0.38073476973533116 | 0.09193439282753046:-0.6373881856557233 | -0.5462499299723902 | -0.10338192114235767
-0.6373881856557233 | -0.5462499299723902 | -0.10338192114235767 | 0.38073476973533116 | 0.09193439282753046:-0.6390675548651998 | -0.5451752986682834 | -0.11103238327891773
-0.6390675548651998 | -0.5451752986682834 | -0.11103238327891773 | 0.38073476973533116 | 0.09193439282753046:-0.6407713343667822 | -0.5439413217574156 | -0.11866454979174179
-0.6407713343667822 | -0.5439413217574156 | -0.11866454979174179 | 0.38073476973533116 | 0.09193439282753046:-0.6424995827941942 | -0.5425483041312873 | -0.1262749494450759
-0.6424995827941942 | -0.5425483041312873 | -0.1262749494450759 | 0.38073476973533116 | 0.09193439282753046:-0.6442523397783546 | -0.5409966236449719 | -0.13386011848322
-0.6442523397783546 | -0.5409966236449719 | -0.13386011848322 | 0.38073476973533116 | 0.09193439282753046:-0.6460296260255376 | -0.5392867308667064 | -0.1414166022370935
-0.6460296260255376 | -0.5392867308667064 | -0.1414166022370935 | 0.38073476973533116 | 0.09193439282753046:-0.647831443403156 | -0.5374191487954079 | -0.14894095672207897
-0.647831443403156 | -0.5374191487954079 | -0.14894095672207897 | 0.38073476973533116 | 0.09193439282753046:-0.6496577750330061 | -0.5353944725464572 | -0.15642975022650063
-0.6496577750330061 | -0.5353944725464572 | -0.15642975022650063 | 0.38073476973533116 | 0.09193439282753046:-0.6515085853920155 | -0.5332133690059067 | -0.16387956489007394
-0.6515085853920155 | -0.5332133690059067 | -0.16387956489007394 | 0.38073476973533116 | 0.09193439282753046:-0.653383820420359 | -0.5308765764533234 | -0.17128699827175708
-0.653383820420359 | -0.5308765764533234 | -0.17128699827175708 | 0.38073476973533116 | 0.09193439282753046:-0.6552834076369223 | -0.5283849041538389 | -0.17864866490633702
-0.6552834076369223 | -0.5283849041538389 | -0.17864866490633702 | 0.38073476973533116 | 0.09193439282753046:-0.6572072562619553 | -0.5257392319193173 | -0.18596119784914933
-0.6572072562619553 | -0.5257392319193173 | -0.18596119784914933 | 0.38073476973533116 | 0.09193439282753046:-0.6591552573469741 | -0.5229405096392128 | -0.19322125020834235
-0.6591552573469741 | -0.5229405096392128 | -0.19322125020834235 | -0.4962183386384229 | 0.5706473784233417:-0.6650789345174246 | -0.5284084564328424 | -0.16156585788632327
-0.6650789345174246 | -0.5284084564328424 | -0.16156585788632327 | -0.4962183386384229 | 0.5706473784233417:-0.6700892161525971 | -0.53308706654893 | -0.1295755587809495
