0.0 | 0.0 | 0.0 | -0.2143147870579214 | 0.07041788125170445:3.520684643392457E-5 | 1.0715534277916383E-4 | 0.009999363890292127
3.520684643392457E-5 | 1.0715534277916383E-4 | 0.009999363890292127 | -0.2143147870579214 | 0.07041788125170445:1.4011031272821692E-4 | 4.264524572176187E-4 | 0.01989493672777072
1.4011031272821692E-4 | 4.264524572176187E-4 | 0.01989493672777072 | -0.2143147870579214 | 0.07041788125170445:3.136323410934318E-4 | 9.546302136222984E-4 | 0.02968399765715292
3.136323410934318E-4 | 9.546302136222984E-4 | 0.02968399765715292 | -0.2143147870579214 | 0.07041788125170445:5.546918223866971E-4 | 0.0016884177875772233 | 0.039363891960486716
5.546918223866971E-4 | 0.0016884177875772233 | 0.039363891960486716 | -0.2143147870579214 | 0.07041788125170445:8.622048594925842E-4 | 0.0026245354641690755 | 0.04893203066685538
8.622048594925842E-4 | 0.0026245354641690755 | 0.04893203066685538 | 0.6163194241144319 | 0.8490241985045652:0.003511044175776109 | 0.001332119004455068 | 0.058399237511143925
0.003511044175776109 | 0.001332119004455068 | 0.058399237511143925 | 0.6163194241144319 | 0.8490241985045652:0.006949992626187824 | -5.431278532042061E-4 | 0.06757602806934807
0.006949992626187824 | -5.431278532042061E-4 | 0.06757602806934807 | 0.6163194241144319 | 0.8490241985045652:0.011155345849305179 | -0.002985106794812342 | 0.07638736567941978
0.011155345849305179 | -0.002985106794812342 | 0.07638736567941978 | 0.6163194241144319 | 0.8490241985045652:0.016099369483537403 | -0.005974756193381503 | 0.08476071657004802
0.016099369483537403 | -0.005974756193381503 | 0.08476071657004802 | 0.6163194241144319 | 0.8490241985045652:0.021750461099557195 | -0.009490163928860484 | 0.0926263559154839
0.021750461099557195 | -0.009490163928860484 | 0.0926263559154839 | 0.6163194241144319 | 0.8490241985045652:0.028073326235821858 | -0.013506690666545085 | 0.09991765951476483
0.028073326235821858 | -0.013506690666545085 | 0.09991765951476483 | 0.6163194241144319 | 0.8490241985045652:0.035029167732630054 | -0.017997103024644634 | 0.10657138014326362
0.035029167732630054 | -0.017997103024644634 | 0.10657138014326362 | 0.6163194241144319 | 0.8490241985045652:0.04257588752107769 | -0.02293171603231925 | 0.11252790768882603
0.04257588752107769 | -0.02293171603231925 | 0.11252790768882603 | 0.6163194241144319 | 0.8490241985045652:0.0506682999874756 | -0.028278544252486215 | 0.11773151225145906
0.0506682999874756 | -0.028278544252486215 | 0.11773151225145906 | 0.6163194241144319 | 0.8490241985045652:0.059258356001356566 | -0.034003460919092454 | 0.12213056945434919
0.059258356001356566 | -0.034003460919092454 | 0.12213056945434919 | -0.5996137735825955 | 0.5976182223575808:0.0667758631257464 | -0.03219102815732455 | 0.12872263040385823
0.0667758631257464 | -0.03219102815732455 | 0.12872263040385823 | -0.5996137735825955 | 0.5976182223575808:0.07466687534818778 | -0.02994115778538986 | 0.13488967825837217
0.07466687534818778 | -0.02994115778538986 | 0.13488967825837217 | -0.5996137735825955 | 0.5976182223575808:0.08291188696606694 | -0.02727346104263173 | 0.14059684374793324
0.08291188696606694 | -0.02727346104263173 | 0.14059684374793324 | -0.5996137735825955 | 0.5976182223575808:0.0914901237411414 | -0.024208841857165986 | 0.14581096177235486
0.0914901237411414 | -0.024208841857165986 | 0.14581096177235486 | -0.5996137735825955 | 0.5976182223575808:0.10037961324772993 | -0.02076942758934952 | 0.15050065613500085
0.10037961324772993 | -0.02076942758934952 | 0.15050065613500085 | -0.5996137735825955 | 0.5976182223575808:0.10955725774176983 | -0.016978497164385153 | 0.1546364188726872
0.10955725774176983 | -0.016978497164385153 | 0.1546364188726872 | -0.5996137735825955 | 0.5976182223575808:0.11899890935090651 | -0.012860406792450263 | 0.15819068404003422
0.11899890935090651 | -0.012860406792450263 | 0.15819068404003422 | -0.5996137735825955 | 0.5976182223575808:0.12867944738241555 | -0.008440513478319867 | 0.16113789582062932
0.12867944738241555 | -0.008440513478319867 | 0.16113789582062932 | -0.5996137735825955 | 0.5976182223575808:0.13857285754287685 | -0.0037450965255547697 | 0.16345457085155557
0.13857285754287685 | -0.0037450965255547697 | 0.16345457085155557 | -0.5996137735825955 | 0.5976182223575808:0.14865231286111502 | 0.0011987227570431358 | 0.16511935466212346
0.14865231286111502 | 0.0011987227570431358 | 0.16511935466212346 | 0.870938200257183 | -0.6732232864412875:0.1480213273875972 | -0.006200302111646128 | 0.1758732432274086
0.1480213273875972 | -0.006200302111646128 | 0.1758732432274086 | 0.870938200257183 | -0.6732232864412875:0.14678937375520307 | -0.014314551738800585 | 0.18635707334301754
0.14678937375520307 | -0.014314551738800585 | 0.18635707334301754 | 0.870938200257183 | -0.6732232864412875:0.1449669602771695 | -0.023132664251303448 | 0.1964995886574017
0.1449669602771695 | -0.023132664251303448 | 0.1964995886574017 | 0.870938200257183 | -0.6732232864412875:0.14256764607967232 | -0.03263929899283058 | 0.20623067748816926
0.14256764607967232 | -0.03263929899283058 | 0.20623067748816926 | 0.870938200257183 | -0.6732232864412875:0.13960798032978006 | -0.042815207971973024 | 0.21548170550828027
0.13960798032978006 | -0.042815207971973024 | 0.21548170550828027 | 0.870938200257183 | -0.6732232864412875:0.13610742864632863 | -0.05363732405729338 | 0.22418584084113702
0.13610742864632863 | -0.05363732405729338 | 0.22418584084113702 | 0.870938200257183 | -0.6732232864412875:0.1320882870671869 | -0.06507886546413699 | 0.23227837027887954
0.1320882870671869 | -0.06507886546413699 | 0.23227837027887954 | 0.870938200257183 | -0.6732232864412875:0.12757558399223656 | -0.07710945601775432 | 0.23969700538166805
0.12757558399223656 | -0.07710945601775432 | 0.23969700538166805 | 0.870938200257183 | -0.6732232864412875:0.12259697056529717 | -0.08969526061943456 | 0.24638217726351197
0.12259697056529717 | -0.08969526061943456 | 0.24638217726351197 | 0.870938200257183 | -0.6732232864412875:0.11718260000009728 | -0.1027991352870592 | 0.2522773189220917
0.11718260000009728 | -0.1027991352870592 | 0.2522773189220917 | 0.05267383419568605 | -0.40609354242318507:0.1146996327115084 | -0.10591743516185903 | 0.26036594508421107
0.1146996327115084 | -0.10591743516185903 | 0.26036594508421107 | 0.05267383419568605 | -0.40609354242318507:0.11190486481836359 | -0.10904820649977665 | 0.2683796940096572
0.11190486481836359 | -0.10904820649977665 | 0.2683796940096572 | 0.05267383419568605 | -0.40609354242318507:0.10880168646574262 | -0.11219130233174424 | 0.27630940963408523
0.10880168646574262 | -0.11219130233174424 | 0.27630940963408523 | 0.05267383419568605 | -0.40609354242318507:0.10539371102251982 | -0.115346543749693 | 0.2841460718455391
0.10539371102251982 | -0.115346543749693 | 0.2841460718455391 | 0.05267383419568605 | -0.40609354242318507:0.10168477058206937 | -0.11851372051199593 | 0.2918808011954992
0.10168477058206937 | -0.11851372051199593 | 0.2918808011954992 | -0.516472576797611 | -0.36287523711209424:0.09826525176066037 | -0.11317955056866813 | 0.3026346798888593
0.09826525176066037 | -0.11317955056866813 | 0.3026346798888593 | -0.516472576797611 | -0.36287523711209424:0.09452529452054037 | -0.1073930849610476 | 0.3132128132340064
0.09452529452054037 | -0.1073930849610476 | 0.3132128132340064 | -0.516472576797611 | -0.36287523711209424:0.09046921112676509 | -0.10116008411823829 | 0.32359067452146295
0.09046921112676509 | -0.10116008411823829 | 0.32359067452146295 | -0.516472576797611 | -0.36287523711209424:0.0861018739427939 | -0.09448711088047634 | 0.3337440937986047
0.0861018739427939 | -0.09448711088047634 | 0.3337440937986047 | -0.516472576797611 | -0.36287523711209424:0.08142870509519495 | -0.08738151624709412 | 0.3436492938381521
0.08142870509519495 | -0.08738151624709412 | 0.3436492938381521 | -0.516472576797611 | -0.36287523711209424:0.0764556654365025 | -0.07985142411511514 | 0.3532829252950247
0.0764556654365025 | -0.07985142411511514 | 0.3532829252950247 | -0.516472576797611 | -0.36287523711209424:0.07118924282645 | -0.0719057150367508 | 0.3626221010124411
0.07118924282645 | -0.0719057150367508 | 0.3626221010124411 | -0.516472576797611 | -0.36287523711209424:0.06563643975243982 | -0.06355400902501351 | 0.3716444294395469
0.06563643975243982 | -0.06355400902501351 | 0.3716444294395469 | -0.516472576797611 | -0.36287523711209424:0.059804760310742555 | -0.05480664743755481 | 0.3803280471242818
0.059804760310742555 | -0.05480664743755481 | 0.3803280471242818 | -0.516472576797611 | -0.36287523711209424:0.05370219657050734 | -0.04567467396972269 | 0.38865165024661685
0.05370219657050734 | -0.04567467396972269 | 0.38865165024661685 | 0.7933199290652708 | -0.40507542842765876:0.0465654077357085 | -0.061986067332186146 | 0.39347893845626203
0.0465654077357085 | -0.061986067332186146 | 0.39347893845626203 | 0.7933199290652708 | -0.40507542842765876:0.03922015048505845 | -0.07869901913392274 | 0.39742239234636934
0.03922015048505845 | -0.07869901913392274 | 0.39742239234636934 | 0.7933199290652708 | -0.40507542842765876:0.031687891028505 | -0.09577231415066967 | 0.40045244521283685
0.031687891028505 | -0.09577231415066967 | 0.40045244521283685 | 0.7933199290652708 | -0.40507542842765876:0.023990825297680374 | -0.1131632557723874 | 0.4025420357021279
0.023990825297680374 | -0.1131632557723874 | 0.4025420357021279 | 0.7933199290652708 | -0.40507542842765876:0.016151816754264026 | -0.13082778618547009 | 0.4036666911506366
0.016151816754264026 | -0.13082778618547009 | 0.4036666911506366 | 0.7933199290652708 | -0.40507542842765876:0.00819433249369883 | -0.1487206100366687 | 0.40380460370631255
0.00819433249369883 | -0.1487206100366687 | 0.40380460370631255 | 0.7933199290652708 | -0.40507542842765876:1.4237781724801835E-4 | -0.16679532124323426 | 0.4029366990661085
1.4237781724801835E-4 | -0.16679532124323426 | 0.4029366990661085 | 0.7933199290652708 | -0.40507542842765876:-0.007979570551859716 | -0.18500453260791572 | 0.4010466976821405
-0.007979570551859716 | -0.18500453260791572 | 0.4010466976821405 | 0.7933199290652708 | -0.40507542842765876:-0.016146632430015906 | -0.20330000789242586 | 0.39812116830890076
-0.016146632430015906 | -0.20330000789242586 | 0.39812116830890076 | 0.7933199290652708 | -0.40507542842765876:-0.02433359313251149 | -0.2216327959988451 | 0.3941495737836149
-0.02433359313251149 | -0.2216327959988451 | 0.3941495737836149 | -0.8420842870898906 | 0.6032042281308405:-0.01231290554778841 | -0.2073210082647856 | 0.4085571703942463
-0.01231290554778841 | -0.2073210082647856 | 0.4085571703942463 | -0.8420842870898906 | 0.6032042281308405:2.6836613255643016E-4 | -0.19218528941647595 | 0.42203305731188756
2.6836613255643016E-4 | -0.19218528941647595 | 0.42203305731188756 | -0.8420842870898906 | 0.6032042281308405:0.013380549540464415 | -0.17626591412707882 | 0.4345122530391734
0.013380549540464415 | -0.17626591412707882 | 0.4345122530391734 | -0.8420842870898906 | 0.6032042281308405:0.02699164535110654 | -0.15960646393476008 | 0.44593264110128494
0.02699164535110654 | -0.15960646393476008 | 0.44593264110128494 | -0.8420842870898906 | 0.6032042281308405:0.04106742978174971 | -0.1422536892500359 | 0.45623521161486025
0.04106742978174971 | -0.1422536892500359 | 0.45623521161486025 | 0.07758259572818593 | 0.9839563335337056:0.06411522162581829 | -0.14558478300533295 | 0.45802437076345903
0.06411522162581829 | -0.14558478300533295 | 0.45802437076345903 | 0.07758259572818593 | 0.9839563335337056:0.08745378697077744 | -0.14892603337921528 | 0.4585704314551897
0.08745378697077744 | -0.14892603337921528 | 0.4585704314551897 | 0.07758259572818593 | 0.9839563335337056:0.1110144444250798 | -0.15227222254821537 | 0.4578503538181309
0.1110144444250798 | -0.15227222254821537 | 0.4578503538181309 | 0.07758259572818593 | 0.9839563335337056:0.13472704700022842 | -0.15561800808647686 | 0.45584499012915813
0.13472704700022842 | -0.15561800808647686 | 0.45584499012915813 | 0.07758259572818593 | 0.9839563335337056:0.15852020268742262 | -0.1589579402083725 | 0.4525391678287818
0.15852020268742262 | -0.1589579402083725 | 0.4525391678287818 | 0.07758259572818593 | 0.9839563335337056:0.1823214992793858 | -0.16228647936992147 | 0.44792176000944295
0.1823214992793858 | -0.16228647936992147 | 0.44792176000944295 | 0.07758259572818593 | 0.9839563335337056:0.20605773273771177 | -0.16559801417423348 | 0.44198574317802297
0.20605773273771177 | -0.16559801417423348 | 0.44198574317802297 | 0.07758259572818593 | 0.9839563335337056:0.2296551383977974 | -0.16888687952550097 | 0.43472824213215233
0.2296551383977974 | -0.16888687952550097 | 0.43472824213215233 | 0.07758259572818593 | 0.9839563335337056:0.25303962429728255 | -0.17214737497545762 | 0.42615056182894406
0.25303962429728255 | -0.17214737497545762 | 0.42615056182894406 | 0.07758259572818593 | 0.9839563335337056:0.2761370059098054 | -0.1753737832058766 | 0.4162582061638993
0.2761370059098054 | -0.1753737832058766 | 0.4162582061638993 | 0.07758259572818593 | 0.9839563335337056:0.2988732415639763 | -0.1785603885904079 | 0.40506088361714987
0.2988732415639763 | -0.1785603885904079 | 0.40506088361714987 | 0.07758259572818593 | 0.9839563335337056:0.32117466782755244 | -0.18170149577900574 | 0.3925724997632436
0.32117466782755244 | -0.18170149577900574 | 0.3925724997632436 | 0.07758259572818593 | 0.9839563335337056:0.342968234139053 | -0.18479144824830662 | 0.378811136679964
0.342968234139053 | -0.18479144824830662 | 0.378811136679964 | 0.07758259572818593 | 0.9839563335337056:0.3641817359733279 | -0.18782464676155275 | 0.3637990193302336
0.3641817359733279 | -0.18782464676155275 | 0.3637990193302336 | 0.07758259572818593 | 0.9839563335337056:0.38474404583392463 | -0.19079556768211692 | 0.3475624690297714
0.38474404583392463 | -0.19079556768211692 | 0.3475624690297714 | -0.5577447098893844 | 0.9841315990403361:0.40488215855200593 | -0.18249648109629568 | 0.3360967462568176
0.40488215855200593 | -0.18249648109629568 | 0.3360967462568176 | -0.5577447098893844 | 0.9841315990403361:0.42451778601215295 | -0.17443054900126498 | 0.32327842830693854
0.42451778601215295 | -0.17443054900126498 | 0.32327842830693854 | -0.5577447098893844 | 0.9841315990403361:0.44357687820007996 | -0.16664044889244423 | 0.3091354161252795
0.44357687820007996 | -0.16664044889244423 | 0.3091354161252795 | -0.5577447098893844 | 0.9841315990403361:0.4619867405640772 | -0.15916816222830477 | 0.29370101221583056
0.4619867405640772 | -0.15916816222830477 | 0.29370101221583056 | -0.5577447098893844 | 0.9841315990403361:0.47967632892910395 | -0.15205480607678012 | 0.27701382955136467
0.47967632892910395 | -0.15205480607678012 | 0.27701382955136467 | -0.5577447098893844 | 0.9841315990403361:0.4965765391376422 | -0.1453404674546661 | 0.25911767934158547
0.4965765391376422 | -0.1453404674546661 | 0.25911767934158547 | -0.5577447098893844 | 0.9841315990403361:0.5126204902884446 | -0.13906404100535497 | 0.24006143806434466
0.5126204902884446 | -0.13906404100535497 | 0.24006143806434466 | -0.5577447098893844 | 0.9841315990403361:0.5277438004694481 | -0.133263070647077 | 0.21989889424366638
0.5277438004694481 | -0.133263070647077 | 0.21989889424366638 | -0.5577447098893844 | 0.9841315990403361:0.5418848539103713 | -0.12797359580835987 | 0.19868857553518637
0.5418848539103713 | -0.12797359580835987 | 0.19868857553518637 | -0.5577447098893844 | 0.9841315990403361:0.5549850585136546 | -0.12323000284962049 | 0.17649355675411726
0.5549850585136546 | -0.12323000284962049 | 0.17649355675411726 | -0.5521333959747796 | -0.1570787639705602:0.5573193098609845 | -0.1191156835028142 | 0.18543334653602628
0.5573193098609845 | -0.1191156835028142 | 0.18543334653602628 | -0.5521333959747796 | -0.1570787639705602:0.5595365382793744 | -0.11471359667955738 | 0.1943124348334777
0.5595365382793744 | -0.11471359667955738 | 0.1943124348334777 | -0.5521333959747796 | -0.1570787639705602:0.561637476491768 | -0.11002492509389583 | 0.2031200530136772
0.561637476491768 | -0.11002492509389583 | 0.2031200530136772 | -0.5521333959747796 | -0.1570787639705602:0.5636229547193405 | -0.10505120729220252 | 0.21184548039688522
0.5636229547193405 | -0.10505120729220252 | 0.21184548039688522 | -0.5521333959747796 | -0.1570787639705602:0.5654939000396908 | -0.09979433544148009 | 0.22047805648704966
0.5654939000396908 | -0.09979433544148009 | 0.22047805648704966 | 0.8245832944895923 | 0.5955837953882366:0.5752570537024599 | -0.10947786961940409 | 0.2004908682106148
0.5752570537024599 | -0.10947786961940409 | 0.2004908682106148 | 0.8245832944895923 | 0.5955837953882366:0.5844079357623091 | -0.11837284659372216 | 0.17969259234153157
0.5844079357623091 | -0.11837284659372216 | 0.17969259234153157 | 0.8245832944895923 | 0.5955837953882366:0.5929192806855106 | -0.1264400242777608 | 0.15813492567648169
0.5929192806855106 | -0.1264400242777608 | 0.15813492567648169 | 0.8245832944895923 | 0.5955837953882366:0.6007654726271099 | -0.13364239215473006 | 0.1358723208583541
0.6007654726271099 | -0.13364239215473006 | 0.1358723208583541 | 0.8245832944895923 | 0.5955837953882366:0.6079226349338072 | -0.13994529832138625 | 0.11296183304276752
0.6079226349338072 | -0.13994529832138625 | 0.11296183304276752 | 0.8245832944895923 | 0.5955837953882366:0.6143687144997045 | -0.14531656958176065 | 0.0894629580120565
0.6143687144997045 | -0.14531656958176065 | 0.0894629580120565 | 0.8245832944895923 | 0.5955837953882366:0.6200835607108957 | -0.14972662421526728 | 0.0654374622297702
0.6200835607108957 | -0.14972662421526728 | 0.0654374622297702 | 0.8245832944895923 | 0.5955837953882366:0.6250489987316392 | -0.1531485770661405 | 0.04094920535269253
0.6250489987316392 | -0.1531485770661405 | 0.04094920535269253 | 0.8245832944895923 | 0.5955837953882366:0.6292488969023324 | -0.15555833662489604 | 0.01606395573986319
0.6292488969023324 | -0.15555833662489604 | 0.01606395573986319 | 0.8245832944895923 | 0.5955837953882366:0.6326692280374715 | -0.15693469379709235 | -0.009150800481226185
0.6326692280374715 | -0.15693469379709235 | -0.009150800481226185 | 0.209602668876387 | 0.11245472238770926:0.6359763621577343 | -0.15766758830653949 | -0.014428741827469338
0.6359763621577343 | -0.15766758830653949 | -0.014428741827469338 | 0.209602668876387 | 0.11245472238770926:0.6392194195339016 | -0.15833591530156 | -0.01975930457481212
0.6392194195339016 | -0.15833591530156 | -0.01975930457481212 | 0.209602668876387 | 0.11245472238770926:0.6423983045425743 | -0.15893894229319905 | -0.02514089243281603
0.6423983045425743 | -0.15893894229319905 | -0.02514089243281603 | 0.209602668876387 | 0.11245472238770926:0.6455129317262838 | -0.1594759611821992 | -0.030571905778092656
0.6455129317262838 | -0.1594759611821992 | -0.030571905778092656 | 0.209602668876387 | 0.11245472238770926:0.6485632257721612 | -0.15994628816649836 | -0.03605074200471847
0.6485632257721612 | -0.15994628816649836 | -0.03605074200471847 | 0.209602668876387 | 0.11245472238770926:0.6515491214888343 | -0.1603492636459496 | -0.04157579587165827
0.6515491214888343 | -0.1603492636459496 | -0.04157579587165827 | 0.209602668876387 | 0.11245472238770926:0.654470563781576 | -0.16068425212428217 | -0.04714545984713325
0.654470563781576 | -0.16068425212428217 | -0.04714545984713325 | 0.209602668876387 | 0.11245472238770926:0.6573275076257019 | -0.16095064210836973 | -0.05275812444999062
0.6573275076257019 | -0.16095064210836973 | -0.05275812444999062 | 0.209602668876387 | 0.11245472238770926:0.6601199180383048 | -0.1611478460048339 | -0.058412178588000074
0.6601199180383048 | -0.1611478460048339 | -0.058412178588000074 | 0.209602668876387 | 0.11245472238770926:0.662847770048252 | -0.16127530001402768 | -0.06410600989313053
0.662847770048252 | -0.16127530001402768 | -0.06410600989313053 | -0.29590752593081526 | 0.593974384325626:0.6637586195114409 | -0.16295133815144425 | -0.08174241989742015
0.6637586195114409 | -0.16295133815144425 | -0.08174241989742015 | -0.29590752593081526 | 0.593974384325626:0.6641038123794161 | -0.16488606305894216 | -0.09944577256959874
0.6641038123794161 | -0.16488606305894216 | -0.09944577256959874 | -0.29590752593081526 | 0.593974384325626:0.6638799786221874 | -0.1670815471809366 | -0.11719340954460478
0.6638799786221874 | -0.1670815471809366 | -0.11719340954460478 | -0.29590752593081526 | 0.593974384325626:0.6630845008224071 | -0.1695394870027016 | -0.13496250772054097
0.6630845008224071 | -0.1695394870027016 | -0.13496250772054097 | -0.29590752593081526 | 0.593974384325626:0.6617155191099577 | -0.17226120038280257 | -0.15273011061798059
0.6617155191099577 | -0.17226120038280257 | -0.15273011061798059 | -0.29590752593081526 | 0.593974384325626:0.6597719350575524 | -0.1752476244017256 | -0.17047315989239564
0.6597719350575524 | -0.1752476244017256 | -0.17047315989239564 | -0.29590752593081526 | 0.593974384325626:0.6572534145350986 | -0.17849931372818162 | -0.18816852695751507
0.6572534145350986 | -0.17849931372818162 | -0.18816852695751507 | -0.29590752593081526 | 0.593974384325626:0.6541603895217989 | -0.1820164395038688 | -0.20579304467734616
0.6541603895217989 | -0.1820164395038688 | -0.20579304467734616 | -0.29590752593081526 | 0.593974384325626:0.6504940588764896 | -0.18579878874679956 | -0.22332353908480584
0.6504940588764896 | -0.18579878874679956 | -0.22332353908480584 | -0.29590752593081526 | 0.593974384325626:0.6462563880678687 | -0.18984576427263633 | -0.2407368610848799
0.6462563880678687 | -0.18984576427263633 | -0.2407368610848799 | -0.29590752593081526 | 0.593974384325626:0.641450107867719 | -0.1941563851328567 | -0.2580099181005693
0.641450107867719 | -0.1941563851328567 | -0.2580099181005693 | -0.29590752593081526 | 0.593974384325626:0.6360787120114324 | -0.1987292875678346 | -0.27511970562003185
0.6360787120114324 | -0.1987292875678346 | -0.27511970562003185 | -0.29590752593081526 | 0.593974384325626:0.6301464538316353 | -0.2035627264723523 | -0.29204333860359455
0.6301464538316353 | -0.2035627264723523 | -0.29204333860359455 | -0.29590752593081526 | 0.593974384325626:0.6236583418717387 | -0.20865457737036053 | -0.30875808270977245
0.6236583418717387 | -0.20865457737036053 | -0.30875808270977245 | -0.29590752593081526 | 0.593974384325626:0.6166201344877393 | -0.21400233889519882 | -0.3252413852996092
0.6166201344877393 | -0.21400233889519882 | -0.3252413852996092 | 0.058196341348204506 | 0.1304980710182546:0.6167622442109391 | -0.213846071782811 | -0.33110391165782715
0.6167622442109391 | -0.213846071782811 | -0.33110391165782715 | 0.058196341348204506 | 0.1304980710182546:0.6168353129748354 | -0.21366130462980237 | -0.3369714981728862
0.6168353129748354 | -0.21366130462980237 | -0.3369714981728862 | 0.058196341348204506 | 0.1304980710182546:0.6168395879261368 | -0.2134481236525545 | -0.3428433319689468
0.6168395879261368 | -0.2134481236525545 | -0.3428433319689468 | 0.058196341348204506 | 0.1304980710182546:0.6167753205236508 | -0.21320661722846168 | -0.3487186069419934
0.6167753205236508 | -0.21320661722846168 | -0.3487186069419934 | 0.058196341348204506 | 0.1304980710182546:0.6166427664722391 | -0.21293687586418386 | -0.35459652373811323
0.6166427664722391 | -0.21293687586418386 | -0.35459652373811323 | 0.058196341348204506 | 0.1304980710182546:0.6164421856575757 | -0.2126389921642442 | -0.36047628973168244
0.6164421856575757 | -0.2126389921642442 | -0.36047628973168244 | 0.058196341348204506 | 0.1304980710182546:0.6161738420815155 | -0.21231306079994638 | -0.3663571190033963
0.6161738420815155 | -0.21231306079994638 | -0.3663571190033963 | 0.058196341348204506 | 0.1304980710182546:0.6158380037982525 | -0.21195917847866141 | -0.3722382323181712
0.6158380037982525 | -0.21195917847866141 | -0.3722382323181712 | 0.058196341348204506 | 0.1304980710182546:0.6154349428511452 | -0.21157744391342703 | -0.37811885710295456
0.6154349428511452 | -0.21157744391342703 | -0.37811885710295456 | 0.058196341348204506 | 0.1304980710182546:0.6149649352102315 | -0.211167957792874 | -0.38399822742439227
0.6149649352102315 | -0.211167957792874 | -0.38399822742439227 | 0.058196341348204506 | 0.1304980710182546:0.6144282607104543 | -0.21073082275150057 | -0.3898755839664112
0.6144282607104543 | -0.21073082275150057 | -0.3898755839664112 | 0.058196341348204506 | 0.1304980710182546:0.613825202990526 | -0.2102661433402595 | -0.3957501740077056
0.613825202990526 | -0.2102661433402595 | -0.3957501740077056 | 0.058196341348204506 | 0.1304980710182546:0.6131560494325186 | -0.20977402599746142 | -0.4016212513990922
0.6131560494325186 | -0.20977402599746142 | -0.4016212513990922 | 0.058196341348204506 | 0.1304980710182546:0.6124210911020427 | -0.20925457902000133 | -0.4074880765408331
0.6124210911020427 | -0.20925457902000133 | -0.4074880765408331 | 0.058196341348204506 | 0.1304980710182546:0.6116206226891876 | -0.20870791253489784 | -0.41334991635982377
0.6116206226891876 | -0.20870791253489784 | -0.41334991635982377 | 0.058196341348204506 | 0.1304980710182546:0.6107549424499865 | -0.20813413847113438 | -0.4192060442867387
0.6107549424499865 | -0.20813413847113438 | -0.4192060442867387 | 0.058196341348204506 | 0.1304980710182546:0.6098243521486495 | -0.2075333705318343 | -0.42505574023308057
0.6098243521486495 | -0.2075333705318343 | -0.42505574023308057 | 0.058196341348204506 | 0.1304980710182546:0.6088291570003221 | -0.20690572416669895 | -0.43089829056817663
0.6088291570003221 | -0.20690572416669895 | -0.43089829056817663 | 0.058196341348204506 | 0.1304980710182546:0.6077696656145619 | -0.20625131654479034 | -0.43673298809609307
0.6077696656145619 | -0.20625131654479034 | -0.43673298809609307 | 0.058196341348204506 | 0.1304980710182546:0.6066461899393829 | -0.2055702665275625 | -0.44255913203252994
0.6066461899393829 | -0.2055702665275625 | -0.44255913203252994 | 0.058196341348204506 | 0.1304980710182546:0.605459045205933 | -0.2048626946422374 | -0.4483760279816096
0.605459045205933 | -0.2048626946422374 | -0.4483760279816096 | 0.058196341348204506 | 0.1304980710182546:0.604208549873789 | -0.20412872305543317 | -0.4541829879126613
0.604208549873789 | -0.20412872305543317 | -0.4541829879126613 | 0.058196341348204506 | 0.1304980710182546:0.6028950255768137 | -0.20336847554710147 | -0.4599793301369335
0.6028950255768137 | -0.20336847554710147 | -0.4599793301369335 | 0.058196341348204506 | 0.1304980710182546:0.6015187970696729 | -0.20258207748473467 | -0.46576437928428405
0.6015187970696729 | -0.20258207748473467 | -0.46576437928428405 | 0.058196341348204506 | 0.1304980710182546:0.6000801921748788 | -0.201769655797861 | -0.4715374662798215
0.6000801921748788 | -0.201769655797861 | -0.4715374662798215 | 0.058196341348204506 | 0.1304980710182546:0.5985795417304729 | -0.20093133895283444 | -0.47729792832052276
0.5985795417304729 | -0.20093133895283444 | -0.47729792832052276 | 0.058196341348204506 | 0.1304980710182546:0.5970171795381987 | -0.2000672569278592 | -0.4830451088518224
0.5970171795381987 | -0.2000672569278592 | -0.4830451088518224 | 0.058196341348204506 | 0.1304980710182546:0.595393442312357 | -0.1991775411883161 | -0.48877835754417553
0.595393442312357 | -0.1991775411883161 | -0.48877835754417553 | 0.058196341348204506 | 0.1304980710182546:0.5937086696291161 | -0.19826232466236604 | -0.4944970302696028
0.5937086696291161 | -0.19826232466236604 | -0.4944970302696028 | 0.058196341348204506 | 0.1304980710182546:0.5919632038764462 | -0.19732174171678452 | -0.5002004890782157
0.5919632038764462 | -0.19732174171678452 | -0.5002004890782157 | -0.5230157674464633 | 0.7831466203822:0.5735694189733636 | -0.21086016556553133 | -0.5189607690801896
0.5735694189733636 | -0.21086016556553133 | -0.5189607690801896 | -0.5230157674464633 | 0.7831466203822:0.5544043205712725 | -0.2249126140150821 | -0.5366539814631146
0.5544043205712725 | -0.2249126140150821 | -0.5366539814631146 | -0.5230157674464633 | 0.7831466203822:0.5345104474732736 | -0.23945143154490722 | -0.5532341276992749
0.5345104474732736 | -0.23945143154490722 | -0.5532341276992749 | -0.5230157674464633 | 0.7831466203822:0.5139322194882467 | -0.2544476729210743 | -0.5686576635782874
0.5139322194882467 | -0.2544476729210743 | -0.5686576635782874 | -0.5230157674464633 | 0.7831466203822:0.4927158363982542 | -0.2698711692097966 | -0.5828836116391329
0.4927158363982542 | -0.2698711692097966 | -0.5828836116391329 | -0.5230157674464633 | 0.7831466203822:0.47090917239354724 | -0.28569059689618825 | -0.595873667588565
0.47090917239354724 | -0.28569059689618825 | -0.595873667588565 | -0.5230157674464633 | 0.7831466203822:0.44856166622830784 | -0.30187354994258797 | -0.6075923004406931
0.44856166622830784 | -0.30187354994258797 | -0.6075923004406931 | -0.5230157674464633 | 0.7831466203822:0.4257242073609291 | -0.31838661461361184 | -0.6180068461278729
0.4257242073609291 | -0.31838661461361184 | -0.6180068461278729 | -0.5230157674464633 | 0.7831466203822:0.40244901835217206 | -0.33519544688845926 | -0.6270875943488887
0.40244901835217206 | -0.33519544688845926 | -0.6270875943488887 | -0.5230157674464633 | 0.7831466203822:0.37878953380376856 | -0.35226485227461524 | -0.6348078684369227
0.37878953380376856 | -0.35226485227461524 | -0.6348078684369227 | -0.5230157674464633 | 0.7831466203822:0.35480027612825893 | -0.3695588678313477 | -0.6411440980467242
0.35480027612825893 | -0.3695588678313477 | -0.6411440980467242 | -0.5230157674464633 | 0.7831466203822:0.3305367284487204 | -0.3870408462060233 | -0.6460758844778525
0.3305367284487204 | -0.3870408462060233 | -0.6460758844778525 | -0.5230157674464633 | 0.7831466203822:0.30605520493389093 | -0.40467354148134405 | -0.6495860584687048
0.30605520493389093 | -0.40467354148134405 | -0.6495860584687048 | -0.5230157674464633 | 0.7831466203822:0.281412718880361 | -0.42241919662731675 | -0.6516607303143056
0.281412718880361 | -0.42241919662731675 | -0.6516607303143056 | -0.5230157674464633 | 0.7831466203822:0.2566668488590764 | -0.44023963234777597 | -0.6522893321793859
0.2566668488590764 | -0.44023963234777597 | -0.6522893321793859 | -0.8520482551420128 | -0.6793093371672898:0.2785915766523388 | -0.46859396855998625 | -0.6251649134062158
0.2785915766523388 | -0.46859396855998625 | -0.6251649134062158 | -0.8520482551420128 | -0.6793093371672898:0.2995784666256469 | -0.49581149449981865 | -0.596053950282409
0.2995784666256469 | -0.49581149449981865 | -0.596053950282409 | -0.8520482551420128 | -0.6793093371672898:0.31955932863643 | -0.5218049779011338 | -0.5650374170998133
0.31955932863643 | -0.5218049779011338 | -0.5650374170998133 | -0.8520482551420128 | -0.6793093371672898:0.33846884782872166 | -0.5464906610200515 | -0.532202476226871
0.33846884782872166 | -0.5464906610200515 | -0.532202476226871 | -0.8520482551420128 | -0.6793093371672898:0.35624479776053164 | -0.5697885333953217 | -0.4976422236943795
0.35624479776053164 | -0.5697885333953217 | -0.4976422236943795 | -0.8520482551420128 | -0.6793093371672898:0.37282824427020245 | -0.5916225934037733 | -0.461455415455021
0.37282824427020245 | -0.5916225934037733 | -0.461455415455021 | -0.8520482551420128 | -0.6793093371672898:0.3881637394202073 | -0.6119210977631084 | -0.4237461751554954
0.3881637394202073 | -0.6119210977631084 | -0.4237461751554954 | -0.8520482551420128 | -0.6793093371672898:0.4021995048876903 | -0.630616798172035 | -0.3846236843195521
0.4021995048876903 | -0.630616798172035 | -0.3846236843195521 | -0.8520482551420128 | -0.6793093371672898:0.41488760420457993 | -0.6476471643179416 | -0.3442018558968516
0.41488760420457993 | -0.6476471643179416 | -0.3442018558968516 | -0.8520482551420128 | -0.6793093371672898:0.42618410328439893 | -0.6629545925250078 | -0.30259899218617203
0.42618410328439893 | -0.6629545925250078 | -0.30259899218617203 | -0.8520482551420128 | -0.6793093371672898:0.4360492187103091 | -0.6764865993606577 | -0.25993742819187204
0.4360492187103091 | -0.6764865993606577 | -0.25993742819187204 | -0.8520482551420128 | -0.6793093371672898:0.4444474532966751 | -0.6881959995654299 | -0.2163431615195659
0.4444474532966751 | -0.6881959995654299 | -0.2163431615195659 | -0.8520482551420128 | -0.6793093371672898:0.45134771847693855 | -0.6980410677205171 | -0.17194546996049498
0.45134771847693855 | -0.6980410677205171 | -0.17194546996049498 | -0.8520482551420128 | -0.6793093371672898:0.4567234431116276 | -0.705985683118243 | -0.12687651795399013
0.4567234431116276 | -0.705985683118243 | -0.12687651795399013 | -0.8520482551420128 | -0.6793093371672898:0.4605526683531309 | -0.7119994573535848 | -0.08127095315354627
0.4605526683531309 | -0.7119994573535848 | -0.08127095315354627 | -0.8520482551420128 | -0.6793093371672898:0.4628181282475481 | -0.7160578442090113 | -0.03526549435429516
0.4628181282475481 | -0.7160578442090113 | -0.03526549435429516 | -0.8520482551420128 | -0.6793093371672898:0.46350731579896376 | -0.7181422314605896 | 0.011001487932039922
0.46350731579896376 | -0.7181422314605896 | 0.011001487932039922 | -0.8520482551420128 | -0.6793093371672898:0.462612534267123 | -0.7182400142901884 | 0.05739039694441672
0.462612534267123 | -0.7182400142901884 | 0.05739039694441672 | -0.8520482551420128 | -0.6793093371672898:0.46013093351568557 | -0.7163446500463024 | 0.10376083985156548
0.46013093351568557 | -0.7163446500463024 | 0.10376083985156548 | -0.8520482551420128 | -0.6793093371672898:0.456064531275743 | -0.7124556941547482 | 0.14997206129662288
0.456064531275743 | -0.7124556941547482 | 0.14997206129662288 | -0.23056491077023766 | 0.849927313868879:0.4631308662012401 | -0.7118449025108617 | 0.13888460057086105
0.4631308662012401 | -0.7118449025108617 | 0.13888460057086105 | -0.23056491077023766 | 0.849927313868879:0.46972138629809024 | -0.71134764162192 | 0.1274795543649918
0.46972138629809024 | -0.71134764162192 | 0.1274795543649918 | -0.23056491077023766 | 0.849927313868879:0.47582217107199654 | -0.7109679500045374 | 0.11577874167836555
0.47582217107199654 | -0.7109679500045374 | 0.11577874167836555 | -0.23056491077023766 | 0.849927313868879:0.48142025115878084 | -0.7107096106255 | 0.10380464123478816
0.48142025115878084 | -0.7107096106255 | 0.10380464123478816 | -0.23056491077023766 | 0.849927313868879:0.486503637065681 | -0.7105761428608162 | 0.09158034657086667
