0.0 | 0.0 | 0.0 | -0.41388292025718143 | -0.46331226253349644:-2.315858153870357E-4 | 2.0692669007815745E-4 | 0.009995176304350257
-2.315858153870357E-4 | 2.0692669007815745E-4 | 0.009995176304350257 | -0.41388292025718143 | -0.46331226253349644:-9.211682153485133E-4 | 8.232814247387532E-4 | 0.019861612643859307
-9.211682153485133E-4 | 8.232814247387532E-4 | 0.019861612643859307 | -0.41388292025718143 | -0.46331226253349644:-0.0020604034741992325 | 0.0018419021766571397 | 0.02957214119564449
-0.0020604034741992325 | 0.0018419021766571397 | 0.02957214119564449 | -0.41388292025718143 | -0.46331226253349644:-0.00364019135076635 | 0.003254944332346743 | 0.03910024005352437
-0.00364019135076635 | 0.003254944332346743 | 0.03910024005352437 | -0.41388292025718143 | -0.46331226253349644:-0.0056506986809110645 | 0.005053901418483386 | 0.04842006705565671
-0.0056506986809110645 | 0.005053901418483386 | 0.04842006705565671 | -0.41388292025718143 | -0.46331226253349644:-0.008081383707771683 | 0.007229626501211284 | 0.05750649226087459
-0.008081383707771683 | 0.007229626501211284 | 0.05750649226087459 | -0.41388292025718143 | -0.46331226253349644:-0.010921021109978408 | 0.009772354223186341 | 0.06633512904826738
-0.010921021109978408 | 0.009772354223186341 | 0.06633512904826738 | -0.21815030383029677 | -0.5675348962548248:-0.014551171954223813 | 0.011935269479700028 | 0.07492793188284991
-0.014551171954223813 | 0.011935269479700028 | 0.07492793188284991 | -0.21815030383029677 | -0.5675348962548248:-0.018658191465567374 | 0.014274910415358888 | 0.083230795422569
-0.018658191465567374 | 0.014274910415358888 | 0.083230795422569 | -0.21815030383029677 | -0.5675348962548248:-0.02322665886271455 | 0.016785546749740865 | 0.0912225592603565
-0.02322665886271455 | 0.016785546749740865 | 0.0912225592603565 | -0.21815030383029677 | -0.5675348962548248:-0.028240470075510893 | 0.01946118043072631 | 0.09888285659187834
-0.028240470075510893 | 0.01946118043072631 | 0.09888285659187834 | -0.21815030383029677 | -0.5675348962548248:-0.03368286954699021 | 0.022295557746490724 | 0.10619213614394307
-0.03368286954699021 | 0.022295557746490724 | 0.10619213614394307 | -0.21815030383029677 | -0.5675348962548248:-0.03953648254679129 | 0.02528218164123286 | 0.11313168277059404
-0.03953648254679129 | 0.02528218164123286 | 0.11313168277059404 | -0.21815030383029677 | -0.5675348962548248:-0.045783347950781456 | 0.02841432421733392 | 0.11968363670680304
-0.045783347950781456 | 0.02841432421733392 | 0.11968363670680304 | -0.21815030383029677 | -0.5675348962548248:-0.05240495144170648 | 0.0316850394066307 | 0.12583101147132225
-0.05240495144170648 | 0.0316850394066307 | 0.12583101147132225 | -0.21815030383029677 | -0.5675348962548248:-0.05938225908571648 | 0.035087175793485414 | 0.1315577104118808
-0.05938225908571648 | 0.035087175793485414 | 0.1315577104118808 | -0.21815030383029677 | -0.5675348962548248:-0.06669575123969584 | 0.038613389572357604 | 0.1368485418875356
-0.06669575123969584 | 0.038613389572357604 | 0.1368485418875356 | -0.33872035137074086 | 0.2698842842207141:-0.06833285534611144 | 0.04312192761151867 | 0.14441888861472707
-0.06833285534611144 | 0.04312192761151867 | 0.14441888861472707 | -0.33872035137074086 | 0.2698842842207141:-0.06973582084772767 | 0.04785908239442416 | 0.1518676096548277
-0.06973582084772767 | 0.04785908239442416 | 0.1518676096548277 | -0.33872035137074086 | 0.2698842842207141:-0.07090860207722804 | 0.052820636685923184 | 0.1591849046447742
-0.07090860207722804 | 0.052820636685923184 | 0.1591849046447742 | -0.33872035137074086 | 0.2698842842207141:-0.07185529856264317 | 0.05800218251989531 | 0.166361194462618
-0.07185529856264317 | 0.05800218251989531 | 0.166361194462618 | -0.33872035137074086 | 0.2698842842207141:-0.07258015057778289 | 0.06339912680947568 | 0.1733871260172708
-0.07258015057778289 | 0.06339912680947568 | 0.1733871260172708 | 0.7939749963387019 | 0.21250391204748342:-0.07356593540963086 | 0.05874964823458856 | 0.18366163425043247
-0.07356593540963086 | 0.05874964823458856 | 0.18366163425043247 | 0.7939749963387019 | 0.21250391204748342:-0.07433988014352821 | 0.05339116363065949 | 0.19379583378973964
-0.07433988014352821 | 0.05339116363065949 | 0.19379583378973964 | 0.7939749963387019 | 0.21250391204748342:-0.07490451933275577 | 0.04733142055218642 | 0.20374591517692853
-0.07490451933275577 | 0.04733142055218642 | 0.20374591517692853 | 0.7939749963387019 | 0.21250391204748342:-0.07526298347726668 | 0.04058041369072951 | 0.21346865843486018
-0.07526298347726668 | 0.04058041369072951 | 0.21346865843486018 | 0.7939749963387019 | 0.21250391204748342:-0.0754189879271141 | 0.03315034559318694 | 0.22292154734570735
-0.0754189879271141 | 0.03315034559318694 | 0.22292154734570735 | 0.7939749963387019 | 0.21250391204748342:-0.07537682043202887 | 0.02505558227077362 | 0.23206288115190743
-0.07537682043202887 | 0.02505558227077362 | 0.23206288115190743 | 0.7939749963387019 | 0.21250391204748342:-0.0751413273770265 | 0.01631260384311839 | 0.24085188344820407
-0.0751413273770265 | 0.01631260384311839 | 0.24085188344820407 | 0.7939749963387019 | 0.21250391204748342:-0.07471789874637835 | 0.006939950371225356 | 0.24924880804122518
-0.07471789874637835 | 0.006939950371225356 | 0.24924880804122518 | 0.7939749963387019 | 0.21250391204748342:-0.07411245186062443 | -0.0030418369580331173 | 0.25721504156156527
-0.07411245186062443 | -0.0030418369580331173 | 0.25721504156156527 | 0.7939749963387019 | 0.21250391204748342:-0.07333141393353149 | -0.013610279124715463 | 0.2647132026222181
-0.07333141393353149 | -0.013610279124715463 | 0.2647132026222181 | 0.7939749963387019 | 0.21250391204748342:-0.0723817034980192 | -0.024741026866649224 | 0.2717072373264324
-0.0723817034980192 | -0.024741026866649224 | 0.2717072373264324 | 0.7939749963387019 | 0.21250391204748342:-0.07127071075206359 | -0.036407932381418456 | 0.27816251093756517
-0.07127071075206359 | -0.036407932381418456 | 0.27816251093756517 | 0.7939749963387019 | 0.21250391204748342:-0.0700062768774592 | -0.04858312494542555 | 0.2840458955333842
-0.0700062768774592 | -0.04858312494542555 | 0.2840458955333842 | 0.7939749963387019 | 0.21250391204748342:-0.0685966723860727 | -0.06123709024923152 | 0.2893258534773224
-0.0685966723860727 | -0.06123709024923152 | 0.2893258534773224 | 0.7939749963387019 | 0.21250391204748342:-0.06705057454982688 | -0.07433875324212441 | 0.29397251654958545
-0.06705057454982688 | -0.07433875324212441 | 0.29397251654958545 | 0.7939749963387019 | 0.21250391204748342:-0.06537704397215549 | -0.08785556427309527 | 0.29795776059156154
-0.06537704397215549 | -0.08785556427309527 | 0.29795776059156154 | 0.7939749963387019 | 0.21250391204748342:-0.06358550036001742 | -0.1017535883101115 | 0.30125527552779996
-0.06358550036001742 | -0.1017535883101115 | 0.30125527552779996 | 0.7939749963387019 | 0.21250391204748342:-0.061685697556788766 | -0.11599759701478185 | 0.3038406306407664
-0.061685697556788766 | -0.11599759701478185 | 0.3038406306407664 | 0.7939749963387019 | 0.21250391204748342:-0.05968769789744188 | -0.13055116344520723 | 0.30569133498473633
-0.05968769789744188 | -0.13055116344520723 | 0.30569133498473633 | 0.7939749963387019 | 0.21250391204748342:-0.057601845948378916 | -0.14537675915601422 | 0.30678689283644456
-0.057601845948378916 | -0.14537675915601422 | 0.30678689283644456 | 0.7939749963387019 | 0.21250391204748342:-0.05543874169510099 | -0.1604358534612682 | 0.3071088540914806
-0.05543874169510099 | -0.1604358534612682 | 0.3071088540914806 | 0.7939749963387019 | 0.21250391204748342:-0.053209213241595776 | -0.17568901462317665 | 0.30664085952690634
-0.053209213241595776 | -0.17568901462317665 | 0.30664085952690634 | 0.7939749963387019 | 0.21250391204748342:-0.05092428908585678 | -0.19109601272720655 | 0.30536868086207836
-0.05092428908585678 | -0.19109601272720655 | 0.30536868086207836 | 0.7939749963387019 | 0.21250391204748342:-0.04859517003638203 | -0.20661592400246054 | 0.3032802555612637
-0.04859517003638203 | -0.20661592400246054 | 0.3032802555612637 | 0.7939749963387019 | 0.21250391204748342:-0.04623320083475724 | -0.22220723634488726 | 0.3003657163332196
-0.04623320083475724 | -0.22220723634488726 | 0.3003657163332196 | 0.7939749963387019 | 0.21250391204748342:-0.043849841549594704 | -0.23782795580013127 | 0.2966174152944845
-0.043849841549594704 | -0.23782795580013127 | 0.2966174152944845 | 0.7939749963387019 | 0.21250391204748342:-0.04145663880709405 | -0.25343571376255536 | 0.2920299427747466
-0.04145663880709405 | -0.25343571376255536 | 0.2920299427747466 | 0.7939749963387019 | 0.21250391204748342:-0.03906519692336996 | -0.2689878746472023 | 0.28660014075411056
-0.03906519692336996 | -0.2689878746472023 | 0.28660014075411056 | 0.7939749963387019 | 0.21250391204748342:-0.03668714900345238 | -0.2844416437921864 | 0.2803271109335803
-0.03668714900345238 | -0.2844416437921864 | 0.2803271109335803 | 0.7939749963387019 | 0.21250391204748342:-0.03433412807145597 | -0.299754175350198 | 0.273212217451416
-0.03433412807145597 | -0.299754175350198 | 0.273212217451416 | 0.7939749963387019 | 0.21250391204748342:-0.03201773829593213 | -0.31488267992951746 | 0.26525908426926215
-0.03201773829593213 | -0.31488267992951746 | 0.26525908426926215 | 0.7939749963387019 | 0.21250391204748342:-0.02974952637375461 | -0.3297845317470678 | 0.2564735872630699
-0.02974952637375461 | -0.3297845317470678 | 0.2564735872630699 | 0.7939749963387019 | 0.21250391204748342:-0.027540953135149593 | -0.34441737505868986 | 0.24686384106475856
-0.027540953135149593 | -0.34441737505868986 | 0.24686384106475856 | 0.7939749963387019 | 0.21250391204748342:-0.025403365431580838 | -0.3587392296348799 | 0.23644018071138007
-0.025403365431580838 | -0.3587392296348799 | 0.23644018071138007 | 0.7939749963387019 | 0.21250391204748342:-0.02334796836721109 | -0.37270859505378606 | 0.2252151381690961
-0.02334796836721109 | -0.37270859505378606 | 0.2252151381690961 | 0.7939749963387019 | 0.21250391204748342:-0.02138579793354367 | -0.38628455358719727 | 0.2132034138096781
-0.02138579793354367 | -0.38628455358719727 | 0.2132034138096781 | 0.7939749963387019 | 0.21250391204748342:-0.019527694105615723 | -0.3994268714596707 | 0.20042184292734255
-0.019527694105615723 | -0.3994268714596707 | 0.20042184292734255 | 0.7939749963387019 | 0.21250391204748342:-0.017784274456775773 | -0.41209609826573423 | 0.18688935739365675
-0.017784274456775773 | -0.41209609826573423 | 0.18688935739365675 | 0.7939749963387019 | 0.21250391204748342:-0.016165908347641977 | -0.42425366433530964 | 0.17262694255783906
-0.016165908347641977 | -0.42425366433530964 | 0.17262694255783906 | 0.7939749963387019 | 0.21250391204748342:-0.014682691743284959 | -0.43586197584309083 | 0.15765758950911035
-0.014682691743284959 | -0.43586197584309083 | 0.15765758950911035 | 0.5651498228572862 | 0.5761709110969901:-0.01061320499038132 | -0.44523227781035146 | 0.14732680783169094
-0.01061320499038132 | -0.44523227781035146 | 0.14732680783169094 | 0.5651498228572862 | 0.5761709110969901:-0.0068053158841703265 | -0.45430115548300254 | 0.13646552843341375
-0.0068053158841703265 | -0.45430115548300254 | 0.13646552843341375 | 0.5651498228572862 | 0.5761709110969901:-0.00327888757835737 | -0.4630494080489367 | 0.12509080227242642
-0.00327888757835737 | -0.4630494080489367 | 0.12509080227242642 | 0.5651498228572862 | 0.5761709110969901:-5.3197184998854397E-5 | -0.47145838512745897 | 0.11322103675186845
-5.3197184998854397E-5 | -0.47145838512745897 | 0.11322103675186845 | 0.5651498228572862 | 0.5761709110969901:0.002853109094531625 | -0.4795100313979024 | 0.10087595568753827
0.002853109094531625 | -0.4795100313979024 | 0.10087595568753827 | -0.5080031829889415 | -0.7362651873465431:-0.0013222019868828205 | -0.4817556277768329 | 0.11422674822223833
-0.0013222019868828205 | -0.4817556277768329 | 0.11422674822223833 | -0.5080031829889415 | -0.7362651873465431:-0.006035303689025273 | -0.4835806335314139 | 0.1275787703452007
-0.006035303689025273 | -0.4835806335314139 | 0.1275787703452007 | -0.5080031829889415 | -0.7362651873465431:-0.011288956760930002 | -0.484983189417596 | 0.1408965765095207
-0.011288956760930002 | -0.484983189417596 | 0.1408965765095207 | -0.5080031829889415 | -0.7362651873465431:-0.017084394053872742 | -0.48596248240158957 | 0.15414448661441682
-0.017084394053872742 | -0.48596248240158957 | 0.15414448661441682 | -0.5080031829889415 | -0.7362651873465431:-0.023421311973495396 | -0.4865187528265231 | 0.16728668203312225
-0.023421311973495396 | -0.4865187528265231 | 0.16728668203312225 | -0.5080031829889415 | -0.7362651873465431:-0.030297865973364146 | -0.48665329879492525 | 0.1802873020075495
-0.030297865973364146 | -0.48665329879492525 | 0.1802873020075495 | -0.5080031829889415 | -0.7362651873465431:-0.03771067009129192 | -0.48636847776304926 | 0.1931105401636426
-0.03771067009129192 | -0.48636847776304926 | 0.1931105401636426 | -0.5080031829889415 | -0.7362651873465431:-0.04565480051978943 | -0.4856677053498153 | 0.20572074090208936
-0.04565480051978943 | -0.4856677053498153 | 0.20572074090208936 | -0.5080031829889415 | -0.7362651873465431:-0.054123803192172915 | -0.48455545137009004 | 0.21808249542034375
-0.054123803192172915 | -0.48455545137009004 | 0.21808249542034375 | -0.5080031829889415 | -0.7362651873465431:-0.06310970535605476 | -0.4830372331086892 | 0.23016073712386742
-0.06310970535605476 | -0.4830372331086892 | 0.23016073712386742 | -0.5080031829889415 | -0.7362651873465431:-0.07260303109631927 | -0.4811196058582361 | 0.24192083618691385
-0.07260303109631927 | -0.4811196058582361 | 0.24192083618691385 | -0.5080031829889415 | -0.7362651873465431:-0.08259282076016072 | -0.47881015075058997 | 0.2533286930262104
-0.08259282076016072 | -0.47881015075058997 | 0.2533286930262104 | -0.5080031829889415 | -0.7362651873465431:-0.09306665422740767 | -0.47611745991805243 | 0.26435083045446817
-0.09306665422740767 | -0.47611745991805243 | 0.26435083045446817 | -0.5080031829889415 | -0.7362651873465431:-0.1040106779601997 | -0.47305111902695174 | 0.27495448428474134
-0.1040106779601997 | -0.47305111902695174 | 0.27495448428474134 | -0.5080031829889415 | -0.7362651873465431:-0.11540963575710839 | -0.46962168723242925 | 0.2851076921612705
-0.11540963575710839 | -0.46962168723242925 | 0.2851076921612705 | -0.04354714728456366 | 0.41503689223455575:-0.11030262843851713 | -0.472664166726414 | 0.29071654104322064
-0.11030262843851713 | -0.472664166726414 | 0.29071654104322064 | -0.04354714728456366 | 0.41503689223455575:-0.10502500090634204 | -0.4756529159479257 | 0.29622726011563927
-0.10502500090634204 | -0.4756529159479257 | 0.29622726011563927 | -0.04354714728456366 | 0.41503689223455575:-0.09957934401204938 | -0.47858855863117356 | 0.3016349650523473
-0.09957934401204938 | -0.47858855863117356 | 0.3016349650523473 | -0.04354714728456366 | 0.41503689223455575:-0.09396836973292366 | -0.48147172773418845 | 0.30693485193379644
-0.09396836973292366 | -0.48147172773418845 | 0.30693485193379644 | -0.04354714728456366 | 0.41503689223455575:-0.08819490877158565 | -0.48430306522564237 | 0.31212219993080126
-0.08819490877158565 | -0.48430306522564237 | 0.31212219993080126 | 0.07349504359722281 | 0.3420490452801077:-0.08346775681573249 | -0.48892072624699523 | 0.3140346249063519
-0.08346775681573249 | -0.48892072624699523 | 0.3140346249063519 | 0.07349504359722281 | 0.3420490452801077:-0.0786653030694131 | -0.4935187384995814 | 0.315823702423625
-0.0786653030694131 | -0.4935187384995814 | 0.315823702423625 | 0.07349504359722281 | 0.3420490452801077:-0.07379053460679952 | -0.4980968236291581 | 0.3174878511761179
-0.07379053460679952 | -0.4980968236291581 | 0.3174878511761179 | 0.07349504359722281 | 0.3420490452801077:-0.06884646280825546 | -0.502654694324324 | 0.31902556016772365
-0.06884646280825546 | -0.502654694324324 | 0.31902556016772365 | 0.07349504359722281 | 0.3420490452801077:-0.06383612187266152 | -0.5071920546718047 | 0.3204353889410356
-0.06383612187266152 | -0.5071920546718047 | 0.3204353889410356 | 0.07349504359722281 | 0.3420490452801077:-0.0587625673324732 | -0.5117086005108469 | 0.32171596777587297
-0.0587625673324732 | -0.5117086005108469 | 0.32171596777587297 | 0.07349504359722281 | 0.3420490452801077:-0.05362887457202081 | -0.5162040197865885 | 0.3228659978582442
-0.05362887457202081 | -0.5162040197865885 | 0.3228659978582442 | 0.07349504359722281 | 0.3420490452801077:-0.04843813734953173 | -0.5206779929023746 | 0.32388425141997246
-0.04843813734953173 | -0.5206779929023746 | 0.32388425141997246 | 0.07349504359722281 | 0.3420490452801077:-0.043193466323354635 | -0.5251301930708152 | 0.32476957184913147
-0.043193466323354635 | -0.5251301930708152 | 0.32476957184913147 | 0.07349504359722281 | 0.3420490452801077:-0.03789798758287244 | -0.529560286663596 | 0.3255208737715911
-0.03789798758287244 | -0.529560286663596 | 0.3255208737715911 | 0.07349504359722281 | 0.3420490452801077:-0.03255484118456309 | -0.5339679335598717 | 0.3261371431038427
-0.03255484118456309 | -0.5339679335598717 | 0.3261371431038427 | 0.07349504359722281 | 0.3420490452801077:-0.0271671796936781 | -0.5383527874931495 | 0.3266174370773811
-0.0271671796936781 | -0.5383527874931495 | 0.3266174370773811 | 0.07349504359722281 | 0.3420490452801077:-0.02173816673199802 | -0.5427144963966057 | 0.3269608842348255
-0.02173816673199802 | -0.5427144963966057 | 0.3269608842348255 | 0.07349504359722281 | 0.3420490452801077:-0.016270975532118648 | -0.5470527027467185 | 0.3271666843980974
-0.016270975532118648 | -0.5470527027467185 | 0.3271666843980974 | 0.07349504359722281 | 0.3420490452801077:-0.010768787498702359 | -0.551367043905099 | 0.3272341086088595
-0.010768787498702359 | -0.551367043905099 | 0.3272341086088595 | 0.07349504359722281 | 0.3420490452801077:-0.00523479077714839 | -0.5556571524584939 | 0.32716249904147787
-0.00523479077714839 | -0.5556571524584939 | 0.32716249904147787 | 0.07349504359722281 | 0.3420490452801077:3.27821169888054E-4 | -0.5599226565567861 | 0.32695126888879855
3.27821169888054E-4 | -0.5599226565567861 | 0.32695126888879855 | 0.07349504359722281 | 0.3420490452801077:0.005915850977712189 | -0.5641631802489684 | 0.3265999022209698
0.005915850977712189 | -0.5641631802489684 | 0.3265999022209698 | 0.07349504359722281 | 0.3420490452801077:0.011526098786101002 | -0.5683783438170025 | 0.3261079538176368
0.011526098786101002 | -0.5683783438170025 | 0.3261079538176368 | 0.07349504359722281 | 0.3420490452801077:0.017155363636719656 | -0.5725677641074114 | 0.3254750489737326
0.017155363636719656 | -0.5725677641074114 | 0.3254750489737326 | 0.07349504359722281 | 0.3420490452801077:0.02280044486101218 | -0.5767310548606055 | 0.32470088327919555
0.02280044486101218 | -0.5767310548606055 | 0.32470088327919555 | 0.07349504359722281 | 0.3420490452801077:0.028458143458180984 | -0.5808678270377889 | 0.3237852223728943
0.028458143458180984 | -0.5808678270377889 | 0.3237852223728943 | 0.07349504359722281 | 0.3420490452801077:0.03412526346285283 | -0.5849776891454255 | 0.32272790167104404
0.03412526346285283 | -0.5849776891454255 | 0.32272790167104404 | 0.07349504359722281 | 0.3420490452801077:0.0397986133020547 | -0.5890602475571072 | 0.321528826070427
0.0397986133020547 | -0.5890602475571072 | 0.321528826070427 | 0.07349504359722281 | 0.3420490452801077:0.045475007141099866 | -0.5931151068328404 | 0.3201879696267511
0.045475007141099866 | -0.5931151068328404 | 0.3201879696267511 | 0.07349504359722281 | 0.3420490452801077:0.05115126621802624 | -0.5971418700355713 | 0.3187053752083706
0.05115126621802624 | -0.5971418700355713 | 0.3187053752083706 | 0.07349504359722281 | 0.3420490452801077:0.05682422016621658 | -0.6011401390449862 | 0.3170811541258267
0.05682422016621658 | -0.6011401390449862 | 0.3170811541258267 | 0.07349504359722281 | 0.3420490452801077:0.06249070832483117 | -0.6051095148683743 | 0.3153154857373721
0.06249070832483117 | -0.6051095148683743 | 0.3153154857373721 | 0.07349504359722281 | 0.3420490452801077:0.0681475810367056 | -0.6090495979486121 | 0.313408617030948
0.0681475810367056 | -0.6090495979486121 | 0.313408617030948 | 0.07349504359722281 | 0.3420490452801077:0.07379170093337262 | -0.6129599884691075 | 0.31136086218282344
0.07379170093337262 | -0.6129599884691075 | 0.31136086218282344 | -0.5590905936140396 | -0.1361528332925328:0.07187386356494763 | -0.6067129661906208 | 0.33033420812397196
0.07187386356494763 | -0.6067129661906208 | 0.33033420812397196 | -0.5590905936140396 | -0.1361528332925328:0.0698145527754308 | -0.5998694601635322 | 0.3491734960705699
0.0698145527754308 | -0.5998694601635322 | 0.3491734960705699 | -0.5590905936140396 | -0.1361528332925328:0.06761453275149343 | -0.5924324624631367 | 0.3678585169033397
0.06761453275149343 | -0.5924324624631367 | 0.3678585169033397 | -0.5590905936140396 | -0.1361528332925328:0.06527472517063337 | -0.5844056118867371 | 0.38636915694827323
0.06527472517063337 | -0.5844056118867371 | 0.38636915694827323 | -0.5590905936140396 | -0.1361528332925328:0.06279620821508614 | -0.5757931902191871 | 0.40468541953949
0.06279620821508614 | -0.5757931902191871 | 0.40468541953949 | -0.5590905936140396 | -0.1361528332925328:0.06018021542545826 | -0.5666001178377869 | 0.4227874464126167
0.06018021542545826 | -0.5666001178377869 | 0.4227874464126167 | -0.5590905936140396 | -0.1361528332925328:0.057428134395855146 | -0.5568319486634152 | 0.44065553890795783
0.057428134395855146 | -0.5568319486634152 | 0.44065553890795783 | -0.5590905936140396 | -0.1361528332925328:0.05454150531241542 | -0.5464948644656005 | 0.45827017896299793
0.05454150531241542 | -0.5464948644656005 | 0.45827017896299793 | -0.5590905936140396 | -0.1361528332925328:0.05152201933730316 | -0.5355956685294743 | 0.47561204987416517
0.05152201933730316 | -0.5355956685294743 | 0.47561204987416517 | -0.5590905936140396 | -0.1361528332925328:0.048371516840353124 | -0.5241417786935756 | 0.49266205680800823
0.048371516840353124 | -0.5241417786935756 | 0.49266205680800823 | -0.5590905936140396 | -0.1361528332925328:0.04509198548068971 | -0.5121412197675781 | 0.5094013470423597
0.04509198548068971 | -0.5121412197675781 | 0.5094013470423597 | -0.5590905936140396 | -0.1361528332925328:0.04168555814077646 | -0.4996026153398674 | 0.5258113299183265
0.04168555814077646 | -0.4996026153398674 | 0.5258113299183265 | -0.5590905936140396 | -0.1361528332925328:0.03815451071548415 | -0.48653517898532783 | 0.5418736964844086
0.03815451071548415 | -0.48653517898532783 | 0.5418736964844086 | -0.5590905936140396 | -0.1361528332925328:0.03450125975888785 | -0.4729487048841392 | 0.5575704388143592
0.03450125975888785 | -0.4729487048841392 | 0.5575704388143592 | -0.5590905936140396 | -0.1361528332925328:0.030728359991622156 | -0.45885355786304416 | 0.5728838689807958
0.030728359991622156 | -0.45885355786304416 | 0.5728838689807958 | 0.9837105150939365 | -0.9940133986929385:0.0033968484161777113 | -0.48822209184833554 | 0.5524675370112959
0.0033968484161777113 | -0.48822209184833554 | 0.5524675370112959 | 0.9837105150939365 | -0.9940133986929385:-0.022909686739342128 | -0.5166284354344981 | 0.5291915819612285
-0.022909686739342128 | -0.5166284354344981 | 0.5291915819612285 | 0.9837105150939365 | -0.9940133986929385:-0.04804635002984137 | -0.5439269628308665 | 0.5031541677725571
-0.04804635002984137 | -0.5439269628308665 | 0.5031541677725571 | 0.9837105150939365 | -0.9940133986929385:-0.0718733973618102 | -0.5699767797541853 | 0.47446828134065555
-0.0718733973618102 | -0.5699767797541853 | 0.47446828134065555 | 0.9837105150939365 | -0.9940133986929385:-0.09425699214227512 | -0.5946424842422999 | 0.4432612248580341
-0.09425699214227512 | -0.5946424842422999 | 0.4432612248580341 | -0.6850764383027348 | 0.2589606529754538:-0.088547461189044 | -0.5810680001063702 | 0.46611561680798275
-0.088547461189044 | -0.5810680001063702 | 0.46611561680798275 | -0.6850764383027348 | 0.2589606529754538:-0.08252474107039998 | -0.5666449346863729 | 0.4884692813857541
-0.08252474107039998 | -0.5666449346863729 | 0.4884692813857541 | -0.6850764383027348 | 0.2589606529754538:-0.07619530400031671 | -0.5513899062036103 | 0.5102860605451482
-0.07619530400031671 | -0.5513899062036103 | 0.5102860605451482 | -0.6850764383027348 | 0.2589606529754538:-0.06956613004743595 | -0.5353208869023547 | 0.5315304692928251
-0.06956613004743595 | -0.5353208869023547 | 0.5315304692928251 | -0.6850764383027348 | 0.2589606529754538:-0.06264469729698696 | -0.5184571780158507 | 0.552167753090572
-0.06264469729698696 | -0.5184571780158507 | 0.552167753090572 | -0.6850764383027348 | 0.2589606529754538:-0.05543897122436281 | -0.5008193826271494 | 0.572163944135589
-0.05543897122436281 | -0.5008193826271494 | 0.572163944135589 | -0.6850764383027348 | 0.2589606529754538:-0.047957393297773265 | -0.4824293764695895 | 0.5914859164322124
-0.047957393297773265 | -0.4824293764695895 | 0.5914859164322124 | -0.6850764383027348 | 0.2589606529754538:-0.04020886882855024 | -0.46331027671445213 | 0.6101014395707978
-0.04020886882855024 | -0.46331027671445213 | 0.6101014395707978 | -0.6850764383027348 | 0.2589606529754538:-0.03220275408879392 | -0.44348640879661616 | 0.627979231131512
-0.03220275408879392 | -0.44348640879661616 | 0.627979231131512 | -0.6850764383027348 | 0.2589606529754538:-0.023948842717095076 | -0.42298327133159574 | 0.6450890076330893
-0.023948842717095076 | -0.42298327133159574 | 0.6450890076330893 | -0.3244993632707065 | 0.4387095062255084:-0.009673745483671503 | -0.4136812540529391 | 0.6541639676829902
-0.009673745483671503 | -0.4136812540529391 | 0.6541639676829902 | -0.3244993632707065 | 0.4387095062255084:0.004836227958804784 | -0.40418988962155566 | 0.6627717698694511
0.004836227958804784 | -0.40418988962155566 | 0.6627717698694511 | -0.3244993632707065 | 0.4387095062255084:0.019570261663766964 | -0.39451721793399486 | 0.6709027419869429
0.019570261663766964 | -0.39451721793399486 | 0.6709027419869429 | -0.3244993632707065 | 0.4387095062255084:0.034517302517687476 | -0.384671456409194 | 0.6785476166027422
0.034517302517687476 | -0.384671456409194 | 0.6785476166027422 | -0.3244993632707065 | 0.4387095062255084:0.04966607028528092 | -0.3746609926400595 | 0.685697539650306
0.04966607028528092 | -0.3746609926400595 | 0.685697539650306 | -0.34537876826057734 | 0.04630113728153451:0.05141022710061627 | -0.3637700771754595 | 0.6938663072711222
0.05141022710061627 | -0.3637700771754595 | 0.6938663072711222 | -0.34537876826057734 | 0.04630113728153451:0.053175865990644056 | -0.3526967301150421 | 0.7018391284322547
0.053175865990644056 | -0.3526967301150421 | 0.7018391284322547 | -0.34537876826057734 | 0.04630113728153451:0.05496248823058636 | -0.3414448431090733 | 0.7096121173914298
0.05496248823058636 | -0.3414448431090733 | 0.7096121173914298 | -0.34537876826057734 | 0.04630113728153451:0.05676958501584117 | -0.33001838167961495 | 0.7171814729211832
0.05676958501584117 | -0.33001838167961495 | 0.7171814729211832 | -0.34537876826057734 | 0.04630113728153451:0.0585966377089866 | -0.3184213834093583 | 0.7245434795655328
0.0585966377089866 | -0.3184213834093583 | 0.7245434795655328 | -0.34537876826057734 | 0.04630113728153451:0.06044311808905345 | -0.3066579561129288 | 0.731694508858908
0.06044311808905345 | -0.3066579561129288 | 0.731694508858908 | -0.34537876826057734 | 0.04630113728153451:0.062308488602975665 | -0.29473227599147833 | 0.7386310205072988
0.062308488602975665 | -0.29473227599147833 | 0.7386310205072988 | -0.34537876826057734 | 0.04630113728153451:0.06419220261911995 | -0.2826485857712058 | 0.7453495635313345
0.06419220261911995 | -0.2826485857712058 | 0.7453495635313345 | -0.34537876826057734 | 0.04630113728153451:0.0660937046828014 | -0.27041119282654336 | 0.7518467773712203
0.0660937046828014 | -0.27041119282654336 | 0.7518467773712203 | -0.34537876826057734 | 0.04630113728153451:0.06801243077369001 | -0.2580244672887275 | 0.7581193929533967
0.06801243077369001 | -0.2580244672887275 | 0.7581193929533967 | -0.34537876826057734 | 0.04630113728153451:0.06994780856501093 | -0.2454928401403933 | 0.7641642337187236
0.06994780856501093 | -0.2454928401403933 | 0.7641642337187236 | -0.34537876826057734 | 0.04630113728153451:0.07189925768444771 | -0.23282080129705207 | 0.7699782166121381
0.07189925768444771 | -0.23282080129705207 | 0.7699782166121381 | -0.34537876826057734 | 0.04630113728153451:0.07386618997664973 | -0.22001289767597854 | 0.7755583530336878
0.07386618997664973 | -0.22001289767597854 | 0.7755583530336878 | -0.34537876826057734 | 0.04630113728153451:0.07584800976725248 | -0.20707373125333106 | 0.780901749750825
0.07584800976725248 | -0.20707373125333106 | 0.780901749750825 | -0.34537876826057734 | 0.04630113728153451:0.07784411412831238 | -0.1940079571102089 | 0.78600560977182
0.07784411412831238 | -0.1940079571102089 | 0.78600560977182 | -0.34537876826057734 | 0.04630113728153451:0.07985389314506808 | -0.18082028146825735 | 0.7908672331804141
0.07985389314506808 | -0.18082028146825735 | 0.7908672331804141 | -0.34537876826057734 | 0.04630113728153451:0.08187673018392472 | -0.1675154597156734 | 0.7954840179314075
0.08187673018392472 | -0.1675154597156734 | 0.7954840179314075 | -0.34537876826057734 | 0.04630113728153451:0.08391200216157779 | -0.15409829442415202 | 0.7998534606073591
0.08391200216157779 | -0.15409829442415202 | 0.7998534606073591 | -0.34537876826057734 | 0.04630113728153451:0.08595907981517525 | -0.1405736333575902 | 0.8039731571362339
0.08595907981517525 | -0.1405736333575902 | 0.8039731571362339 | -0.34537876826057734 | 0.04630113728153451:0.08801732797342776 | -0.12694636747321653 | 0.8078408034700075
0.08801732797342776 | -0.12694636747321653 | 0.8078408034700075 | -0.6393627477688419 | 0.8320521467433561:0.12195400582481852 | -0.1012788667875526 | 0.8088648358066948
0.12195400582481852 | -0.1012788667875526 | 0.8088648358066948 | -0.6393627477688419 | 0.8320521467433561:0.15593889546721007 | -0.07553433326592796 | 0.807632607587891
0.15593889546721007 | -0.07553433326592796 | 0.807632607587891 | -0.6393627477688419 | 0.8320521467433561:0.1898762595736776 | -0.04978627596164387 | 0.8041383654845475
0.1898762595736776 | -0.04978627596164387 | 0.8041383654845475 | -0.6393627477688419 | 0.8320521467433561:0.2236701428012089 | -0.024108475023929543 | 0.7983828602606309
0.2236701428012089 | -0.024108475023929543 | 0.7983828602606309 | -0.6393627477688419 | 0.8320521467433561:0.2572246514736829 | 0.0014252329205461933 | 0.7903733641618729
0.2572246514736829 | 0.0014252329205461933 | 0.7903733641618729 | -0.6393627477688419 | 0.8320521467433561:0.2904442337109865 | 0.026741170035549544 | 0.7801236691275051
0.2904442337109865 | 0.026741170035549544 | 0.7801236691275051 | -0.6393627477688419 | 0.8320521467433561:0.3232339591754072 | 0.05176603255600298 | 0.7676540658029865
0.3232339591754072 | 0.05176603255600298 | 0.7676540658029865 | -0.6393627477688419 | 0.8320521467433561:0.3554997976070624 | 0.07642710544467946 | 0.7529913033882991
0.3554997976070624 | 0.07642710544467946 | 0.7529913033882991 | -0.6393627477688419 | 0.8320521467433561:0.38714889532321184 | 0.10065247578926062 | 0.736168530413849
0.38714889532321184 | 0.10065247578926062 | 0.736168530413849 | -0.6393627477688419 | 0.8320521467433561:0.4180898488618232 | 0.12437124430772428 | 0.7172252165918565
0.4180898488618232 | 0.12437124430772428 | 0.7172252165918565 | -0.6393627477688419 | 0.8320521467433561:0.4482329749577072 | 0.14751373433505677 | 0.696207055947653
0.4482329749577072 | 0.14751373433505677 | 0.696207055947653 | -0.6393627477688419 | 0.8320521467433561:0.47749057604988066 | 0.17001169767139857 | 0.6731658514905234
0.47749057604988066 | 0.17001169767139857 | 0.6731658514905234 | -0.6393627477688419 | 0.8320521467433561:0.5057772005315289 | 0.19179851668067727 | 0.648159381738779
0.5057772005315289 | 0.19179851668067727 | 0.648159381738779 | -0.6393627477688419 | 0.8320521467433561:0.5330098969689709 | 0.2128094020394471 | 0.62125124946688
0.5330098969689709 | 0.2128094020394471 | 0.62125124946688 | -0.6393627477688419 | 0.8320521467433561:0.5591084615333468 | 0.23298158554802484 | 0.5925107130958764
0.5591084615333468 | 0.23298158554802484 | 0.5925107130958764 | -0.6393627477688419 | 0.8320521467433561:0.5839956779082911 | 0.2522545074303366 | 0.5620125011992059
0.5839956779082911 | 0.2522545074303366 | 0.5620125011992059 | -0.6393627477688419 | 0.8320521467433561:0.6075975489585588 | 0.2705699975647562 | 0.5298366106462993
0.6075975489585588 | 0.2705699975647562 | 0.5298366106462993 | -0.6393627477688419 | 0.8320521467433561:0.629843519468392 | 0.2878724501055956 | 0.4960680889548854
0.629843519468392 | 0.2878724501055956 | 0.4960680889548854 | -0.6393627477688419 | 0.8320521467433561:0.6506666892842583 | 0.3041089909742283 | 0.46079680146934265
0.6506666892842583 | 0.3041089909742283 | 0.46079680146934265 | -0.6393627477688419 | 0.8320521467433561:0.670004016224369 | 0.3192296377192676 | 0.4241171840280913
0.670004016224369 | 0.3192296377192676 | 0.4241171840280913 | -0.16772290245837418 | 0.6797591078532144:0.6850994256993026 | 0.3233233449988475 | 0.3990908720270312
0.6850994256993026 | 0.3233233449988475 | 0.3990908720270312 | -0.16772290245837418 | 0.6797591078532144:0.6993448807000799 | 0.32720715323470273 | 0.3734818097649679
0.6993448807000799 | 0.32720715323470273 | 0.3734818097649679 | -0.16772290245837418 | 0.6797591078532144:0.712719311439832 | 0.3308757598327503 | 0.34732118657906597
0.712719311439832 | 0.3308757598327503 | 0.34732118657906597 | -0.16772290245837418 | 0.6797591078532144:0.7252027473822835 | 0.33432412976644343 | 0.3206409957878691
0.7252027473822835 | 0.33432412976644343 | 0.3206409957878691 | -0.16772290245837418 | 0.6797591078532144:0.7367763456843903 | 0.3375475027713719 | 0.2934739930227721
0.7367763456843903 | 0.3375475027713719 | 0.2934739930227721 | 0.3901346666709433 | 0.5383486454575548:0.7457765952933428 | 0.3322904114221501 | 0.28051244862130886
0.7457765952933428 | 0.3322904114221501 | 0.28051244862130886 | 0.3901346666709433 | 0.5383486454575548:0.7544219142629043 | 0.32727306270800227 | 0.26718706950137516
0.7544219142629043 | 0.32727306270800227 | 0.26718706950137516 | 0.3901346666709433 | 0.5383486454575548:0.7627020611266797 | 0.3225031582448068 | 0.25351229247192464
