0.0 | 0.0 | 0.0 | 0.41796546004726864 | -0.5127172113897636:-2.5627455433840024E-4 | -2.089675185790174E-4 | 0.009994531301115507
-2.5627455433840024E-4 | -2.089675185790174E-4 | 0.009994531301115507 | 0.41796546004726864 | -0.5127172113897636:-0.0010193035118706885 | -8.313725062454314E-4 | 0.0198564810605139
-0.0010193035118706885 | -8.313725062454314E-4 | 0.0198564810605139 | 0.41796546004726864 | -0.5127172113897636:-0.0022796552546180283 | -0.00185986008958694 | 0.02955492333549952
-0.0022796552546180283 | -0.00185986008958694 | 0.02955492333549952 | 0.41796546004726864 | -0.5127172113897636:-0.004026935547197987 | -0.003286282773210969 | 0.0390596795116564
-0.004026935547197987 | -0.003286282773210969 | 0.0390596795116564 | 0.41796546004726864 | -0.5127172113897636:-0.006249817836574692 | -0.005101724671967123 | 0.048341363149848854
-0.006249817836574692 | -0.005101724671967123 | 0.048341363149848854 | 0.7254027829423872 | 0.3470473442825144:-0.006464346933681829 | -0.008180766887572188 | 0.05758350619736072
-0.006464346933681829 | -0.008180766887572188 | 0.05758350619736072 | 0.7254027829423872 | 0.3470473442825144:-0.006350046727866102 | -0.011914703139118243 | 0.0665795292162607
-0.006350046727866102 | -0.011914703139118243 | 0.0665795292162607 | 0.7254027829423872 | 0.3470473442825144:-0.005915821452450017 | -0.016286057137973042 | 0.07528711469087424
-0.005915821452450017 | -0.016286057137973042 | 0.07528711469087424 | 0.7254027829423872 | 0.3470473442825144:-0.005171473670504835 | -0.021275446979731383 | 0.08366527176011396
-0.005171473670504835 | -0.021275446979731383 | 0.08366527176011396 | 0.7254027829423872 | 0.3470473442825144:-0.004127669245311959 | -0.02686165668477858 | 0.09167443114834306
-0.004127669245311959 | -0.02686165668477858 | 0.09167443114834306 | 0.7254027829423872 | 0.3470473442825144:-0.00279590064292215 | -0.033021711304496826 | 0.09927653571579975
-0.00279590064292215 | -0.033021711304496826 | 0.09927653571579975 | 0.7254027829423872 | 0.3470473442825144:-0.0011884486650210468 | -0.03973095539054938 | 0.10643512647845721
-0.0011884486650210468 | -0.03973095539054938 | 0.10643512647845721 | 0.7254027829423872 | 0.3470473442825144:6.816572875340265E-4 | -0.04696313461996682 | 0.11311542395813479
6.816572875340265E-4 | -0.04696313461996682 | 0.11311542395813479 | 0.7254027829423872 | 0.3470473442825144:0.002800680318204435 | -0.05469048036451096 | 0.1192844047347782
0.002800680318204435 | -0.05469048036451096 | 0.1192844047347782 | 0.7254027829423872 | 0.3470473442825144:0.005154218401271289 | -0.0628837969890097 | 0.12491087308405291
0.005154218401271289 | -0.0628837969890097 | 0.12491087308405291 | 0.350104786051608 | 0.30778144733957213:0.007492369077945427 | -0.06905916578867877 | 0.13129923759974393
0.007492369077945427 | -0.06905916578867877 | 0.13129923759974393 | 0.350104786051608 | 0.30778144733957213:0.010037215129691794 | -0.0754365619696602 | 0.1373878449320629
0.010037215129691794 | -0.0754365619696602 | 0.1373878449320629 | 0.350104786051608 | 0.30778144733957213:0.012780579754167933 | -0.08200711421204998 | 0.14316838040977387
0.012780579754167933 | -0.08200711421204998 | 0.14316838040977387 | 0.350104786051608 | 0.30778144733957213:0.01571417222003 | -0.0887618143871991 | 0.1486329453295785
0.01571417222003 | -0.0887618143871991 | 0.1486329453295785 | 0.350104786051608 | 0.30778144733957213:0.018829596227744563 | -0.09569152708314199 | 0.15377405933906818
0.018829596227744563 | -0.09569152708314199 | 0.15377405933906818 | -0.5773472909520561 | -0.4600308888616551:0.015909734191238364 | -0.0953102454678123 | 0.16390949209382688
0.015909734191238364 | -0.0953102454678123 | 0.16390949209382688 | -0.5773472909520561 | -0.4600308888616551:0.012587810469635127 | -0.09439258706790876 | 0.17401726793865713
0.012587810469635127 | -0.09439258706790876 | 0.17401726793865713 | -0.5773472909520561 | -0.4600308888616551:0.00886552245045108 | -0.09294047391142479 | 0.18406122551130055
0.00886552245045108 | -0.09294047391142479 | 0.18406122551130055 | -0.5773472909520561 | -0.4600308888616551:0.004745651129814274 | -0.09095718892551607 | 0.19400548421622643
0.004745651129814274 | -0.09095718892551607 | 0.19400548421622643 | -0.5773472909520561 | -0.4600308888616551:2.3204697335174607E-4 | -0.08844735933609282 | 0.203814521366652
2.3204697335174607E-4 | -0.08844735933609282 | 0.203814521366652 | -0.5773472909520561 | -0.4600308888616551:-0.004670386208889238 | -0.08541693755481372 | 0.21345324795515763
-0.004670386208889238 | -0.08541693755481372 | 0.21345324795515763 | -0.5773472909520561 | -0.4600308888616551:-0.009955709325525669 | -0.08187317961187413 | 0.22288708292758885
-0.009955709325525669 | -0.08187317961187413 | 0.22288708292758885 | -0.5773472909520561 | -0.4600308888616551:-0.015616967954114366 | -0.07782462119660316 | 0.23208202583875304
-0.015616967954114366 | -0.07782462119660316 | 0.23208202583875304 | -0.5773472909520561 | -0.4600308888616551:-0.021646214125060965 | -0.0732810513714024 | 0.2410047277723515
-0.021646214125060965 | -0.0732810513714024 | 0.2410047277723515 | -0.5773472909520561 | -0.4600308888616551:-0.028034529882976403 | -0.06825348402790521 | 0.24962256041170194
-0.028034529882976403 | -0.06825348402790521 | 0.24962256041170194 | -0.5773472909520561 | -0.4600308888616551:-0.03477205256678412 | -0.06275412715744633 | 0.2579036831520445
-0.03477205256678412 | -0.06275412715744633 | 0.2579036831520445 | -0.5773472909520561 | -0.4600308888616551:-0.04184800174749078 | -0.05679635001100447 | 0.26581710814961657
-0.04184800174749078 | -0.05679635001100447 | 0.26581710814961657 | -0.5773472909520561 | -0.4600308888616551:-0.04925070776026566 | -0.0503946482266886 | 0.27333276320718447
-0.04925070776026566 | -0.0503946482266886 | 0.27333276320718447 | -0.5773472909520561 | -0.4600308888616551:-0.0569676417653312 | -0.04356460700558085 | 0.2804215524003668
-0.0569676417653312 | -0.04356460700558085 | 0.2804215524003668 | -0.5773472909520561 | -0.4600308888616551:-0.06498544727015221 | -0.03632286241937388 | 0.2870554143537971
-0.06498544727015221 | -0.03632286241937388 | 0.2870554143537971 | -0.35336382189067717 | -0.36372025072213665:-0.07187100084064574 | -0.03198688233062841 | 0.29321721090677233
-0.07187100084064574 | -0.03198688233062841 | 0.29321721090677233 | -0.35336382189067717 | -0.36372025072213665:-0.07897166531881306 | -0.027416355931781933 | 0.29908809700779937
-0.07897166531881306 | -0.027416355931781933 | 0.29908809700779937 | -0.35336382189067717 | -0.36372025072213665:-0.08627935857820418 | -0.022619266406830985 | 0.3046568991826213
-0.08627935857820418 | -0.022619266406830985 | 0.3046568991826213 | -0.35336382189067717 | -0.36372025072213665:-0.09378576956718321 | -0.01760382077613354 | 0.30991286605128465
-0.09378576956718321 | -0.01760382077613354 | 0.30991286605128465 | -0.35336382189067717 | -0.36372025072213665:-0.10148236875288963 | -0.01237843984044007 | 0.31484567598089885
-0.10148236875288963 | -0.01237843984044007 | 0.31484567598089885 | 0.5941701172563449 | 0.826282908366903:-0.0901995437559121 | -0.022164238815649995 | 0.3246940231447022
-0.0901995437559121 | -0.022164238815649995 | 0.3246940231447022 | 0.5941701172563449 | 0.826282908366903:-0.07825005459191703 | -0.032422812624498754 | 0.3337607864226788
-0.07825005459191703 | -0.032422812624498754 | 0.3337607864226788 | 0.5941701172563449 | 0.826282908366903:-0.06567110330845394 | -0.04312844554333051 | 0.34198860915713336
-0.06567110330845394 | -0.04312844554333051 | 0.34198860915713336 | 0.5941701172563449 | 0.826282908366903:-0.052502839457671646 | -0.054253259277907695 | 0.3493229203345507
-0.052502839457671646 | -0.054253259277907695 | 0.3493229203345507 | 0.5941701172563449 | 0.826282908366903:-0.03878821555666745 | -0.06576731367608657 | 0.35571215235966136
-0.03878821555666745 | -0.06576731367608657 | 0.35571215235966136 | 0.5941701172563449 | 0.826282908366903:-0.02457283263983956 | -0.07763871472997996 | 0.36110794769250454
-0.02457283263983956 | -0.07763871472997996 | 0.36110794769250454 | 0.5941701172563449 | 0.826282908366903:-0.009904776471602483 | -0.08983372946879165 | 0.36546535368568556
-0.009904776471602483 | -0.08983372946879165 | 0.36546535368568556 | 0.5941701172563449 | 0.826282908366903:0.005165554984739806 | -0.10231690732314114 | 0.36874300500145374
0.005165554984739806 | -0.10231690732314114 | 0.36874300500145374 | 0.5941701172563449 | 0.826282908366903:0.02058563222080778 | -0.11505120752280362 | 0.3709032930322316
0.02058563222080778 | -0.11505120752280362 | 0.3709032930322316 | 0.5941701172563449 | 0.826282908366903:0.036300982315246255 | -0.12799813207240085 | 0.37191252179387746
0.036300982315246255 | -0.12799813207240085 | 0.37191252179387746 | 0.9971419085986393 | -0.48495385277148984:0.027859318843550862 | -0.1486158636728807 | 0.3714478000579735
0.027859318843550862 | -0.1486158636728807 | 0.3714478000579735 | 0.9971419085986393 | -0.48495385277148984:0.01932032461461597 | -0.16943610736030612 | 0.36958685627927323
0.01932032461461597 | -0.16943610736030612 | 0.36958685627927323 | 0.9971419085986393 | -0.48495385277148984:0.010723739485417272 | -0.1903780633102068 | 0.3663056290780329
0.010723739485417272 | -0.1903780633102068 | 0.3663056290780329 | 0.9971419085986393 | -0.48495385277148984:0.0021100351157934405 | -0.21135927737040383 | 0.3615859182600367
0.0021100351157934405 | -0.21135927737040383 | 0.3615859182600367 | 0.9971419085986393 | -0.48495385277148984:-0.0064797525202725526 | -0.2322959826602382 | 0.35541549996356103
-0.0064797525202725526 | -0.2322959826602382 | 0.35541549996356103 | 0.8436292329656794 | -0.4357220965953781:-0.014190134791742581 | -0.2504245150476043 | 0.3497560967972859
-0.014190134791742581 | -0.2504245150476043 | 0.3497560967972859 | 0.8436292329656794 | -0.4357220965953781:-0.021854616185885134 | -0.2684570364696892 | 0.3429750402516909
-0.021854616185885134 | -0.2684570364696892 | 0.3429750402516909 | 0.8436292329656794 | -0.4357220965953781:-0.02944353991012294 | -0.28633643248555174 | 0.33507212617946003
-0.02944353991012294 | -0.28633643248555174 | 0.33507212617946003 | 0.8436292329656794 | -0.4357220965953781:-0.03692722753291344 | -0.30400546657482774 | 0.3260508054933915
-0.03692722753291344 | -0.30400546657482774 | 0.3260508054933915 | 0.8436292329656794 | -0.4357220965953781:-0.04427607253544763 | -0.3214069612493269 | 0.3159181874981538
-0.04427607253544763 | -0.3214069612493269 | 0.3159181874981538 | 0.1016955701361606 | 0.3391840622691833:-0.039410525832648924 | -0.3269119934382818 | 0.31879135589176855
-0.039410525832648924 | -0.3269119934382818 | 0.31879135589176855 | 0.1016955701361606 | 0.3391840622691833:-0.03442909578730924 | -0.3324116440883218 | 0.3215031806845179
-0.03442909578730924 | -0.3324116440883218 | 0.3215031806845179 | 0.1016955701361606 | 0.3391840622691833:-0.02933607210016831 | -0.33790503865091903 | 0.3240512140978531
-0.02933607210016831 | -0.33790503865091903 | 0.3240512140978531 | 0.1016955701361606 | 0.3391840622691833:-0.024135778677713438 | -0.34339128799113716 | 0.3264331174490316
-0.024135778677713438 | -0.34339128799113716 | 0.3264331174490316 | 0.1016955701361606 | 0.3391840622691833:-0.01883257131364302 | -0.34886948912274995 | 0.3286466613679959
-0.01883257131364302 | -0.34886948912274995 | 0.3286466613679959 | 0.1016955701361606 | 0.3391840622691833:-0.0134308353788124 | -0.35433872594053817 | 0.3306897259667476
-0.0134308353788124 | -0.35433872594053817 | 0.3306897259667476 | 0.1016955701361606 | 0.3391840622691833:-0.007934983520414551 | -0.35979806994953734 | 0.3325603009616689
-0.007934983520414551 | -0.35979806994953734 | 0.3325603009616689 | 0.1016955701361606 | 0.3391840622691833:-0.002349453371144339 | -0.3652465809909966 | 0.33425648574921496
-0.002349453371144339 | -0.3652465809909966 | 0.33425648574921496 | 0.1016955701361606 | 0.3391840622691833:0.0033212947309164687 | -0.3706833079648817 | 0.33577648943542826
0.0033212947309164687 | -0.3706833079648817 | 0.33577648943542826 | 0.1016955701361606 | 0.3391840622691833:0.009072780010972892 | -0.3761072895486315 | 0.3371186308197345
0.009072780010972892 | -0.3761072895486315 | 0.3371186308197345 | 0.1016955701361606 | 0.3391840622691833:0.014900503514031938 | -0.3815175549120351 | 0.3382813383334877
0.014900503514031938 | -0.3815175549120351 | 0.3382813383334877 | 0.1016955701361606 | 0.3391840622691833:0.020799950348563856 | -0.38691312442797 | 0.33926314993374973
0.020799950348563856 | -0.38691312442797 | 0.33926314993374973 | 0.1016955701361606 | 0.3391840622691833:0.02676659191661601 | -0.39229301037880937 | 0.3400627129527507
0.02676659191661601 | -0.39229301037880937 | 0.3400627129527507 | 0.1016955701361606 | 0.3391840622691833:0.03279588812970324 | -0.39765621765832115 | 0.34067878390360207
0.03279588812970324 | -0.39765621765832115 | 0.34067878390360207 | 0.1016955701361606 | 0.3391840622691833:0.03888328960980947 | -0.40300174446881876 | 0.3411102282426768
0.03888328960980947 | -0.40300174446881876 | 0.3411102282426768 | 0.21855009544521264 | -0.7329691394700308:0.026756654399798352 | -0.4103202261357026 | 0.340888163189188
0.026756654399798352 | -0.4103202261357026 | 0.340888163189188 | 0.21855009544521264 | -0.7329691394700308:0.014539208598528974 | -0.4176319701070632 | 0.34007928097820184
0.014539208598528974 | -0.4176319701070632 | 0.34007928097820184 | 0.21855009544521264 | -0.7329691394700308:0.002255957780924467 | -0.4249299247240703 | 0.3386774807621862
0.002255957780924467 | -0.4249299247240703 | 0.3386774807621862 | 0.21855009544521264 | -0.7329691394700308:-0.010067806757319886 | -0.432206943077011 | 0.33667782646977784
-0.010067806757319886 | -0.432206943077011 | 0.33667782646977784 | 0.21855009544521264 | -0.7329691394700308:-0.0224065578499153 | -0.4394557978383027 | 0.33407655895241817
-0.0224065578499153 | -0.4394557978383027 | 0.33407655895241817 | 0.21855009544521264 | -0.7329691394700308:-0.034734582694895044 | -0.44666919622233614 | 0.33087110584302337
-0.034734582694895044 | -0.44666919622233614 | 0.33087110584302337 | 0.21855009544521264 | -0.7329691394700308:-0.047026033379809595 | -0.45383979504405936 | 0.3270600891167774
-0.047026033379809595 | -0.45383979504405936 | 0.3270600891167774 | 0.21855009544521264 | -0.7329691394700308:-0.05925497760272358 | -0.4609602158481536 | 0.32264333034835957
-0.05925497760272358 | -0.4609602158481536 | 0.32264333034835957 | 0.21855009544521264 | -0.7329691394700308:-0.07139544949465093 | -0.4680230600806876 | 0.31762185366395457
-0.07139544949465093 | -0.4680230600806876 | 0.31762185366395457 | 0.21855009544521264 | -0.7329691394700308:-0.08342150044936658 | -0.4750209242752135 | 0.31199788639053594
-0.08342150044936658 | -0.4750209242752135 | 0.31199788639053594 | 0.06677801349895329 | -0.4222440074592966:-0.09062236147888814 | -0.47958721464098986 | 0.3108661667054129
-0.09062236147888814 | -0.47958721464098986 | 0.3108661667054129 | 0.06677801349895329 | -0.4222440074592966:-0.09783812931456537 | -0.4841219667414691 | 0.30951848148442096
-0.09783812931456537 | -0.4841219667414691 | 0.30951848148442096 | 0.06677801349895329 | -0.4222440074592966:-0.10506280605032337 | -0.4886245753019942 | 0.30795441191447637
-0.10506280605032337 | -0.4886245753019942 | 0.30795441191447637 | 0.06677801349895329 | -0.4222440074592966:-0.11229039559643783 | -0.49309443164066025 | 0.3061737002284133
-0.11229039559643783 | -0.49309443164066025 | 0.3061737002284133 | 0.06677801349895329 | -0.4222440074592966:-0.11951490765970507 | -0.4975309243329953 | 0.30417624912357866
-0.11951490765970507 | -0.4975309243329953 | 0.30417624912357866 | 0.06677801349895329 | -0.4222440074592966:-0.1267303616936435 | -0.5019334398717135 | 0.30196212108701204
-0.1267303616936435 | -0.5019334398717135 | 0.30196212108701204 | 0.06677801349895329 | -0.4222440074592966:-0.13393079081678083 | -0.506301363321203 | 0.29953153762838625
-0.13393079081678083 | -0.506301363321203 | 0.29953153762838625 | 0.06677801349895329 | -0.4222440074592966:-0.14111024569711406 | -0.5106340789665254 | 0.2968848784218352
-0.14111024569711406 | -0.5106340789665254 | 0.2968848784218352 | 0.06677801349895329 | -0.4222440074592966:-0.14826279840086753 | -0.5149309709565522 | 0.29402268035779855
-0.14826279840086753 | -0.5149309709565522 | 0.29402268035779855 | 0.06677801349895329 | -0.4222440074592966:-0.15538254620370262 | -0.5191914239409989 | 0.29094563650617644
-0.15538254620370262 | -0.5191914239409989 | 0.29094563650617644 | 0.06677801349895329 | -0.4222440074592966:-0.1624636153625647 | -0.5234148237010601 | 0.28765459499198087
-0.1624636153625647 | -0.5234148237010601 | 0.28765459499198087 | 0.06677801349895329 | -0.4222440074592966:-0.16950016484640074 | -0.5276005577733258 | 0.2841505577847805
-0.16950016484640074 | -0.5276005577733258 | 0.2841505577847805 | 0.06677801349895329 | -0.4222440074592966:-0.17648639002400035 | -0.5317480160667998 | 0.2804346794032604
-0.17648639002400035 | -0.5317480160667998 | 0.2804346794032604 | 0.06677801349895329 | -0.4222440074592966:-0.18341652630725802 | -0.5358565914726334 | 0.27650826553623986
-0.18341652630725802 | -0.5358565914726334 | 0.27650826553623986 | 0.06677801349895329 | -0.4222440074592966:-0.19028485274819174 | -0.5399256804663999 | 0.27237277158152295
-0.19028485274819174 | -0.5399256804663999 | 0.27237277158152295 | 0.06677801349895329 | -0.4222440074592966:-0.19708569558807998 | -0.5439546837026299 | 0.268029801103971
-0.19708569558807998 | -0.5439546837026299 | 0.268029801103971 | 0.06677801349895329 | -0.4222440074592966:-0.20381343175713207 | -0.547943006601308 | 0.2634811042142786
-0.20381343175713207 | -0.547943006601308 | 0.2634811042142786 | 0.06677801349895329 | -0.4222440074592966:-0.21046249232312775 | -0.5518900599261833 | 0.2587285758698492
-0.21046249232312775 | -0.5518900599261833 | 0.2587285758698492 | 0.06677801349895329 | -0.4222440074592966:-0.21702736588751215 | -0.5557952603545502 | 0.2537742540993193
-0.21702736588751215 | -0.5557952603545502 | 0.2537742540993193 | 0.06677801349895329 | -0.4222440074592966:-0.22350260192746596 | -0.5596580310383388 | 0.24862031815222352
-0.22350260192746596 | -0.5596580310383388 | 0.24862031815222352 | 0.06677801349895329 | -0.4222440074592966:-0.22988281408250621 | -0.5634778021562319 | 0.24326908657534219
-0.22988281408250621 | -0.5634778021562319 | 0.24326908657534219 | 0.06677801349895329 | -0.4222440074592966:-0.23616268338421875 | -0.5672540114566758 | 0.23772301521728778
-0.23616268338421875 | -0.5672540114566758 | 0.23772301521728778 | 0.06677801349895329 | -0.4222440074592966:-0.24233696142775507 | -0.5709861047914266 | 0.23198469516296427
-0.24233696142775507 | -0.5709861047914266 | 0.23198469516296427 | 0.06677801349895329 | -0.4222440074592966:-0.24840047348378302 | -0.5746735366395868 | 0.22605685059944136
-0.24840047348378302 | -0.5746735366395868 | 0.22605685059944136 | 0.06677801349895329 | -0.4222440074592966:-0.25434812154958575 | -0.5783157706217956 | 0.21994233661494889
-0.25434812154958575 | -0.5783157706217956 | 0.21994233661494889 | 0.06677801349895329 | -0.4222440074592966:-0.260174887338084 | -0.581912280004449 | 0.21364413693259365
-0.260174887338084 | -0.581912280004449 | 0.21364413693259365 | 0.06677801349895329 | -0.4222440074592966:-0.2658758352035786 | -0.5854625481937532 | 0.20716536158052534
-0.2658758352035786 | -0.5854625481937532 | 0.20716536158052534 | 0.06677801349895329 | -0.4222440074592966:-0.27144611500303384 | -0.5889660692193779 | 0.2005092445001786
-0.27144611500303384 | -0.5889660692193779 | 0.2005092445001786 | 0.06677801349895329 | -0.4222440074592966:-0.2768809648918005 | -0.5924223482076201 | 0.19367914109436057
-0.2768809648918005 | -0.5924223482076201 | 0.19367914109436057 | 0.06677801349895329 | -0.4222440074592966:-0.2821757140526886 | -0.5958309018438008 | 0.18667852571690347
-0.2821757140526886 | -0.5958309018438008 | 0.18667852571690347 | 0.06677801349895329 | -0.4222440074592966:-0.2873257853573481 | -0.5991912588238293 | 0.17951098910559793
-0.2873257853573481 | -0.5991912588238293 | 0.17951098910559793 | 0.06677801349895329 | -0.4222440074592966:-0.2923266979589645 | -0.6025029602947072 | 0.17218023576020158
-0.2923266979589645 | -0.6025029602947072 | 0.17218023576020158 | 0.06677801349895329 | -0.4222440074592966:-0.29717406981531447 | -0.605765560283885 | 0.16469008126727402
-0.29717406981531447 | -0.605765560283885 | 0.16469008126727402 | 0.06677801349895329 | -0.4222440074592966:-0.30186362014125834 | -0.6089786261171923 | 0.15704444957365382
-0.30186362014125834 | -0.6089786261171923 | 0.15704444957365382 | 0.06677801349895329 | -0.4222440074592966:-0.3063911717898087 | -0.6121417388254429 | 0.14924737021033962
-0.3063911717898087 | -0.6121417388254429 | 0.14924737021033962 | 0.06677801349895329 | -0.4222440074592966:-0.31075265356092174 | -0.6152544935392896 | 0.14130297546864412
-0.31075265356092174 | -0.6152544935392896 | 0.14130297546864412 | 0.06677801349895329 | -0.4222440074592966:-0.314944102437261 | -0.6183164998724848 | 0.1332154975303652
-0.314944102437261 | -0.6183164998724848 | 0.1332154975303652 | 0.06677801349895329 | -0.4222440074592966:-0.3189616657461283 | -0.6213273822931811 | 0.1249892655539
-0.3189616657461283 | -0.6213273822931811 | 0.1249892655539 | 0.06677801349895329 | -0.4222440074592966:-0.322801603246921 | -0.6242867804833523 | 0.11662870271807435
-0.322801603246921 | -0.6242867804833523 | 0.11662870271807435 | 0.06677801349895329 | -0.4222440074592966:-0.3264602891433892 | -0.627194349686107 | 0.10813832322555328
-0.3264602891433892 | -0.627194349686107 | 0.10813832322555328 | -0.9842671251955546 | -0.6231645329974724:-0.33194380141053337 | -0.6235875082581259 | 0.12913556001030457
-0.33194380141053337 | -0.6235875082581259 | 0.12913556001030457 | -0.9842671251955546 | -0.6231645329974724:-0.3380781924493039 | -0.6188994875254465 | 0.1498227958714864
-0.3380781924493039 | -0.6188994875254465 | 0.1498227958714864 | -0.9842671251955546 | -0.6231645329974724:-0.3448539763188485 | -0.6131438427748606 | 0.17012351863436947
-0.3448539763188485 | -0.6131438427748606 | 0.17012351863436947 | -0.9842671251955546 | -0.6231645329974724:-0.35225917394942563 | -0.6063380857300444 | 0.18996213792257777
-0.35225917394942563 | -0.6063380857300444 | 0.18996213792257777 | -0.9842671251955546 | -0.6231645329974724:-0.3602793456238995 | -0.5985036403520567 | 0.20926427220634736
-0.3602793456238995 | -0.5985036403520567 | 0.20926427220634736 | -0.9842671251955546 | -0.6231645329974724:-0.368897632858161 | -0.5896657837069554 | 0.22795703238348608
-0.368897632858161 | -0.5896657837069554 | 0.22795703238348608 | -0.9842671251955546 | -0.6231645329974724:-0.37809480954436125 | -0.5798535720889149 | 0.24596930081028034
-0.37809480954436125 | -0.5798535720889149 | 0.24596930081028034 | -0.9842671251955546 | -0.6231645329974724:-0.3878493421855964 | -0.5690997526433321 | 0.2632320047159169
-0.3878493421855964 | -0.5690997526433321 | 0.2632320047159169 | -0.9842671251955546 | -0.6231645329974724:-0.3981374590161817 | -0.5574406607892683 | 0.2796783829536835
-0.3981374590161817 | -0.5574406607892683 | 0.2796783829536835 | -0.9842671251955546 | -0.6231645329974724:-0.40893322776775065 | -0.5449161037948826 | 0.2952442450666126
-0.40893322776775065 | -0.5449161037948826 | 0.2952442450666126 | -0.9842671251955546 | -0.6231645329974724:-0.4202086418086548 | -0.5315692309118631 | 0.3098682216729145
-0.4202086418086548 | -0.5315692309118631 | 0.3098682216729145 | -0.9842671251955546 | -0.6231645329974724:-0.43193371435216754 | -0.5174463905261533 | 0.32349200520818044
-0.43193371435216754 | -0.5174463905261533 | 0.32349200520818044 | -0.9842671251955546 | -0.6231645329974724:-0.4440765803983524 | -0.5025969748315191 | 0.33606058009655726
-0.4440765803983524 | -0.5025969748315191 | 0.33606058009655726 | -0.9842671251955546 | -0.6231645329974724:-0.4566036060449452 | -0.4870732525801884 | 0.34752244146196176
-0.4566036060449452 | -0.4870732525801884 | 0.34752244146196176 | -0.9842671251955546 | -0.6231645329974724:-0.469479504774565 | -0.47093019050991813 | 0.35782980153214794
-0.469479504774565 | -0.47093019050991813 | 0.35782980153214794 | -0.34048796501984047 | -0.1768007156771303:-0.4742275517665391 | -0.46627750175504445 | 0.36280305772270083
-0.4742275517665391 | -0.46627750175504445 | 0.36280305772270083 | -0.34048796501984047 | -0.1768007156771303:-0.47901376816334107 | -0.461505774400095 | 0.36765426856491246
-0.47901376816334107 | -0.461505774400095 | 0.36765426856491246 | -0.34048796501984047 | -0.1768007156771303:-0.48383710021751014 | -0.4566174581276101 | 0.3723805444709001
-0.48383710021751014 | -0.4566174581276101 | 0.3723805444709001 | -0.34048796501984047 | -0.1768007156771303:-0.48869646386151544 | -0.4516150570972428 | 0.37697905857317693
-0.48869646386151544 | -0.4516150570972428 | 0.37697905857317693 | -0.34048796501984047 | -0.1768007156771303:-0.4935907454222104 | -0.4465011286246394 | 0.38144704793526785
-0.4935907454222104 | -0.4465011286246394 | 0.38144704793526785 | -0.34048796501984047 | -0.1768007156771303:-0.49851880234445645 | -0.4412782818419174 | 0.38578181472749407
-0.49851880234445645 | -0.4412782818419174 | 0.38578181472749407 | -0.34048796501984047 | -0.1768007156771303:-0.5034794639235258 | -0.4359491763404364 | 0.3899807273677567
-0.5034794639235258 | -0.4359491763404364 | 0.3899807273677567 | -0.34048796501984047 | -0.1768007156771303:-0.508471532046002 | -0.43051652079653024 | 0.39404122162698485
-0.508471532046002 | -0.43051652079653024 | 0.39404122162698485 | -0.34048796501984047 | -0.1768007156771303:-0.5134937819387524 | -0.424983071580904 | 0.39796080169902837
-0.5134937819387524 | -0.424983071580904 | 0.39796080169902837 | -0.34048796501984047 | -0.1768007156771303:-0.5185449629257164 | -0.41935163135231335 | 0.4017370412348029
-0.5185449629257164 | -0.41935163135231335 | 0.4017370412348029 | -0.34048796501984047 | -0.1768007156771303:-0.5236237991920554 | -0.4136250476362733 | 0.4053675843403113
-0.5236237991920554 | -0.4136250476362733 | 0.4053675843403113 | -0.34048796501984047 | -0.1768007156771303:-0.5287289905553934 | -0.4078062113894134 | 0.4088501465385477
-0.5287289905553934 | -0.4078062113894134 | 0.4088501465385477 | -0.34048796501984047 | -0.1768007156771303:-0.533859213243769 | -0.4018980555501983 | 0.4121825156948731
-0.533859213243769 | -0.4018980555501983 | 0.4121825156948731 | -0.34048796501984047 | -0.1768007156771303:-0.5390131206799325 | -0.39590355357666596 | 0.4153625529058971
-0.5390131206799325 | -0.39590355357666596 | 0.4153625529058971 | -0.34048796501984047 | -0.1768007156771303:-0.544189344271647 | -0.38982571797190957 | 0.4183881933514684
-0.544189344271647 | -0.38982571797190957 | 0.4183881933514684 | -0.34048796501984047 | -0.1768007156771303:-0.5493864942076634 | -0.38366759879792767 | 0.42125744710990176
-0.5493864942076634 | -0.38366759879792767 | 0.42125744710990176 | -0.34048796501984047 | -0.1768007156771303:-0.5546031602589743 | -0.3774322821785603 | 0.4239683999360082
-0.5546031602589743 | -0.3774322821785603 | 0.4239683999360082 | -0.34048796501984047 | -0.1768007156771303:-0.5598379125850244 | -0.37112288879219335 | 0.42651921400207726
-0.5598379125850244 | -0.37112288879219335 | 0.42651921400207726 | -0.34048796501984047 | -0.1768007156771303:-0.5650893025445249 | -0.36474257235487073 | 0.4289081286015133
-0.5650893025445249 | -0.36474257235487073 | 0.4289081286015133 | -0.34048796501984047 | -0.1768007156771303:-0.5703558635105104 | -0.35829451809458845 | 0.43113346081516113
-0.5703558635105104 | -0.35829451809458845 | 0.43113346081516113 | 0.8535929815614784 | 0.34682479517447695:-0.5644760908077799 | -0.3773058184080327 | 0.4263463732106558
-0.5644760908077799 | -0.3773058184080327 | 0.4263463732106558 | 0.8535929815614784 | 0.34682479517447695:-0.5586623145750664 | -0.39613026952606134 | 0.4206240105726806
-0.5586623145750664 | -0.39613026952606134 | 0.4206240105726806 | 0.8535929815614784 | 0.34682479517447695:-0.5529314083506733 | -0.4147266020367084 | 0.41397476952176504
-0.5529314083506733 | -0.4147266020367084 | 0.41397476952176504 | 0.8535929815614784 | 0.34682479517447695:-0.5473000870503775 | -0.43305388682032486 | 0.4064091886926846
-0.5473000870503775 | -0.43305388682032486 | 0.4064091886926846 | 0.8535929815614784 | 0.34682479517447695:-0.5417848682139415 | -0.4510716308674674 | 0.39793993080205325
-0.5417848682139415 | -0.4510716308674674 | 0.39793993080205325 | 0.8535929815614784 | 0.34682479517447695:-0.5364020336344311 | -0.46873987226065594 | 0.3885817597245591
-0.5364020336344311 | -0.46873987226065594 | 0.3885817597245591 | 0.8535929815614784 | 0.34682479517447695:-0.5311675914604415 | -0.48601927409706036 | 0.37835151262754607
-0.5311675914604415 | -0.48601927409706036 | 0.37835151262754607 | 0.8535929815614784 | 0.34682479517447695:-0.5260972388602632 | -0.5028712171317125 | 0.3672680672250266
-0.5260972388602632 | -0.5028712171317125 | 0.3672680672250266 | 0.8535929815614784 | 0.34682479517447695:-0.5212063253357329 | -0.5192578909237682 | 0.355352304223679
-0.5212063253357329 | -0.5192578909237682 | 0.355352304223679 | 0.8535929815614784 | 0.34682479517447695:-0.5165098167718938 | -0.5351423832719888 | 0.34262706504450335
-0.5165098167718938 | -0.5351423832719888 | 0.34262706504450335 | 0.8535929815614784 | 0.34682479517447695:-0.5120222603068996 | -0.5504887677295187 | 0.329117104914765
-0.5120222603068996 | -0.5504887677295187 | 0.329117104914765 | 0.8535929815614784 | 0.34682479517447695:-0.5077577501047443 | -0.5652621889926692 | 0.31484904143587045
-0.5077577501047443 | -0.5652621889926692 | 0.31484904143587045 | 0.8535929815614784 | 0.34682479517447695:-0.5037298941111032 | -0.5794289459633006 | 0.2998512987428299
-0.5037298941111032 | -0.5794289459633006 | 0.2998512987428299 | 0.8535929815614784 | 0.34682479517447695:-0.4999517818705428 | -0.5929565722898218 | 0.2841540473818043
-0.4999517818705428 | -0.5929565722898218 | 0.2841540473818043 | 0.8535929815614784 | 0.34682479517447695:-0.4964359534805851 | -0.6058139141977747 | 0.267789140041522
-0.4964359534805851 | -0.6058139141977747 | 0.267789140041522 | 0.8535929815614784 | 0.34682479517447695:-0.49319436975571307 | -0.6179712054272883 | 0.2507900432845176
-0.49319436975571307 | -0.6179712054272883 | 0.2507900432845176 | 0.8535929815614784 | 0.34682479517447695:-0.49023838367143213 | -0.62940013910125 | 0.23319176543294162
-0.49023838367143213 | -0.62940013910125 | 0.23319176543294162 | 0.8535929815614784 | 0.34682479517447695:-0.48757871315564927 | -0.6400739363553924 | 0.21503078077287796
-0.48757871315564927 | -0.6400739363553924 | 0.21503078077287796 | 0.8535929815614784 | 0.34682479517447695:-0.48522541529139573 | -0.6499674115688379 | 0.19634495024942566
-0.48522541529139573 | -0.6499674115688379 | 0.19634495024942566 | 0.8535929815614784 | 0.34682479517447695:-0.48318786199171626 | -0.6590570340415667 | 0.17717343883305148
-0.48318786199171626 | -0.6590570340415667 | 0.17717343883305148 | -0.5327091245660138 | -0.5278601288911924:-0.48911300688737924 | -0.6553861024001577 | 0.18219993545138635
-0.48911300688737924 | -0.6553861024001577 | 0.18219993545138635 | -0.5327091245660138 | -0.5278601288911924:-0.4951664125805806 | -0.651559949649112 | 0.18697378242022467
-0.4951664125805806 | -0.651559949649112 | 0.18697378242022467 | -0.5327091245660138 | -0.5278601288911924:-0.5013413714004002 | -0.647585462733403 | 0.1914869817688114
-0.5013413714004002 | -0.647585462733403 | 0.1914869817688114 | -0.5327091245660138 | -0.5278601288911924:-0.5076309535908337 | -0.6434697554475406 | 0.19573190837283505
-0.5076309535908337 | -0.6434697554475406 | 0.19573190837283505 | -0.5327091245660138 | -0.5278601288911924:-0.5140280177629535 | -0.6392201580758154 | 0.19970132242586658
-0.5140280177629535 | -0.6392201580758154 | 0.19970132242586658 | -0.5327091245660138 | -0.5278601288911924:-0.5205252216826963 | -0.6348442066859121 | 0.2033883813223909
-0.5205252216826963 | -0.6348442066859121 | 0.2033883813223909 | -0.5327091245660138 | -0.5278601288911924:-0.5271150333775907 | -0.6303496320922761 | 0.20678665093404902
-0.5271150333775907 | -0.6303496320922761 | 0.20678665093404902 | -0.5327091245660138 | -0.5278601288911924:-0.5337897425450251 | -0.6257443485066432 | 0.20989011626174658
-0.5337897425450251 | -0.6257443485066432 | 0.20989011626174658 | -0.5327091245660138 | -0.5278601288911924:-0.5405414722443709 | -0.6210364418934375 | 0.21269319144728627
-0.5405414722443709 | -0.6210364418934375 | 0.21269319144728627 | -0.5327091245660138 | -0.5278601288911924:-0.5473621908548054 | -0.6162341580479023 | 0.2151907291290911
-0.5473621908548054 | -0.6162341580479023 | 0.2151907291290911 | -0.5327091245660138 | -0.5278601288911924:-0.5542437242803615 | -0.6113458904157909 | 0.217378029127687
-0.5542437242803615 | -0.6113458904157909 | 0.217378029127687 | -0.5327091245660138 | -0.5278601288911924:-0.5611777683831818 | -0.6063801676733362 | 0.21925084644767878
-0.5611777683831818 | -0.6063801676733362 | 0.21925084644767878 | -0.5327091245660138 | -0.5278601288911924:-0.5681559016258788 | -0.6013456410866951 | 0.22080539858388448
-0.5681559016258788 | -0.6013456410866951 | 0.22080539858388448 | -0.5327091245660138 | -0.5278601288911924:-0.5751695979034253 | -0.5962510716705935 | 0.2220383721206005
-0.5751695979034253 | -0.5962510716705935 | 0.2220383721206005 | -0.5327091245660138 | -0.5278601288911924:-0.5822102395447715 | -0.5911053171658693 | 0.22294692861380128
-0.5822102395447715 | -0.5911053171658693 | 0.22294692861380128 | -0.5327091245660138 | -0.5278601288911924:-0.5892691304641247 | -0.5859173188560334 | 0.2235287097474199
-0.5892691304641247 | -0.5859173188560334 | 0.2235287097474199 | -0.5327091245660138 | -0.5278601288911924:-0.5963375094417742 | -0.5806960882433287 | 0.22378184175583726
-0.5963375094417742 | -0.5806960882433287 | 0.22378184175583726 | -0.5327091245660138 | -0.5278601288911924:-0.6034065635138859 | -0.5754506936045516 | 0.22370493910585054
-0.6034065635138859 | -0.5754506936045516 | 0.22370493910585054 | -0.5327091245660138 | -0.5278601288911924:-0.6104674414507727 | -0.5701902464475239 | 0.22329710743262865
-0.6104674414507727 | -0.5701902464475239 | 0.22329710743262865 | -0.5327091245660138 | -0.5278601288911924:-0.617511267302973 | -0.5649238878889804 | 0.2225579457251854
