0.0 | 0.0 | 0.0 | -0.7826334461976954 | 0.38419720268903346:1.9193973559070648E-4 | 3.9121686099252706E-4 | 0.009990500913646751
1.9193973559070648E-4 | 3.9121686099252706E-4 | 0.009990500913646751 | -0.7826334461976954 | 0.38419720268903346:7.629018072522423E-4 | 0.0015557075881931226 | 0.019824423187889476
7.629018072522423E-4 | 0.0015557075881931226 | 0.019824423187889476 | -0.7826334461976954 | 0.38419720268903346:0.0017046007274910543 | 0.0034776758860984858 | 0.02944740239462704
0.0017046007274910543 | 0.0034776758860984858 | 0.02944740239462704 | -0.7826334461976954 | 0.38419720268903346:0.0030074520522496706 | 0.006138650498398568 | 0.03880652818962334
0.0030074520522496706 | 0.006138650498398568 | 0.03880652818962334 | -0.7826334461976954 | 0.38419720268903346:0.004660617579508922 | 0.009517574391869066 | 0.04785049247685233
0.004660617579508922 | 0.009517574391869066 | 0.04785049247685233 | -0.7826334461976954 | 0.38419720268903346:0.006652053520120427 | 0.013590900116245974 | 0.05652973139972417
0.006652053520120427 | 0.013590900116245974 | 0.05652973139972417 | -0.7826334461976954 | 0.38419720268903346:0.008968561482942106 | 0.018332691024128156 | 0.06479656086351226
0.008968561482942106 | 0.018332691024128156 | 0.06479656086351226 | -0.7826334461976954 | 0.38419720268903346:0.01159584211128668 | 0.02371472802426977 | 0.07260530531235626
0.01159584211128668 | 0.02371472802426977 | 0.07260530531235626 | -0.7826334461976954 | 0.38419720268903346:0.01451855120306527 | 0.02970662153181214 | 0.07991241950370087
0.01451855120306527 | 0.02970662153181214 | 0.07991241950370087 | -0.7826334461976954 | 0.38419720268903346:0.01772035814282083 | 0.03627592827008752 | 0.0866766030428946
0.01772035814282083 | 0.03627592827008752 | 0.0866766030428946 | -0.32892259011011515 | 0.3902523849296138:0.021230854376099922 | 0.041261892769563824 | 0.09381251541850344
0.021230854376099922 | 0.041261892769563824 | 0.09381251541850344 | -0.32892259011011515 | 0.3902523849296138:0.02501503425058771 | 0.04646038286501053 | 0.10061847872254359
0.02501503425058771 | 0.04646038286501053 | 0.10061847872254359 | -0.32892259011011515 | 0.3902523849296138:0.029061495546526317 | 0.05186208819435756 | 0.10708339316597715
0.029061495546526317 | 0.05186208819435756 | 0.10708339316597715 | -0.32892259011011515 | 0.3902523849296138:0.03335862941874612 | 0.05745751755279915 | 0.11319671897033345
0.03335862941874612 | 0.05745751755279915 | 0.11319671897033345 | -0.32892259011011515 | 0.3902523849296138:0.037894634863186116 | 0.06323701106664736 | 0.11894848122462898
0.037894634863186116 | 0.06323701106664736 | 0.11894848122462898 | -0.32892259011011515 | 0.3902523849296138:0.04265753319751692 | 0.06919075238361616 | 0.12432927416418971
0.04265753319751692 | 0.06919075238361616 | 0.12432927416418971 | -0.32892259011011515 | 0.3902523849296138:0.0476351825435366 | 0.07530878086912285 | 0.12933026487442523
0.0476351825435366 | 0.07530878086912285 | 0.12933026487442523 | -0.32892259011011515 | 0.3902523849296138:0.052815292299151884 | 0.08158100379830702 | 0.13394319642301467
0.052815292299151884 | 0.08158100379830702 | 0.13394319642301467 | -0.32892259011011515 | 0.3902523849296138:0.058185437587905675 | 0.08799720853359128 | 0.13816039042436645
0.058185437587905675 | 0.08799720853359128 | 0.13816039042436645 | -0.32892259011011515 | 0.3902523849296138:0.06373307367416864 | 0.09454707467773457 | 0.1419747490406118
0.06373307367416864 | 0.09454707467773457 | 0.1419747490406118 | 0.8222107372079217 | 0.8766649219113951:0.07320489131135283 | 0.09261326497072303 | 0.14922235479706947
0.07320489131135283 | 0.09261326497072303 | 0.14922235479706947 | 0.8222107372079217 | 0.8766649219113951:0.08323211435507771 | 0.09007908633536545 | 0.15591214305369383
0.08323211435507771 | 0.09007908633536545 | 0.15591214305369383 | 0.8222107372079217 | 0.8766649219113951:0.09378323856216964 | 0.08697331366510153 | 0.16197348792572352
0.09378323856216964 | 0.08697331366510153 | 0.16197348792572352 | 0.8222107372079217 | 0.8766649219113951:0.10482283750758259 | 0.08332846365327502 | 0.16733917416401356
0.10482283750758259 | 0.08332846365327502 | 0.16733917416401356 | 0.8222107372079217 | 0.8766649219113951:0.1163117652037623 | 0.07918061275664753 | 0.17194578266974103
0.1163117652037623 | 0.07918061275664753 | 0.17194578266974103 | 0.45631177272039514 | -0.09353293669037721:0.11954158193174369 | 0.07787127063180241 | 0.18034974408252946
0.11954158193174369 | 0.07787127063180241 | 0.18034974408252946 | 0.45631177272039514 | -0.09353293669037721:0.12266321845736572 | 0.07620574874313157 | 0.18875222944400338
0.12266321845736572 | 0.07620574874313157 | 0.18875222944400338 | 0.45631177272039514 | -0.09353293669037721:0.12567735688191028 | 0.07418551225432451 | 0.19714040633171726
0.12567735688191028 | 0.07418551225432451 | 0.19714040633171726 | 0.45631177272039514 | -0.09353293669037721:0.12858475207743436 | 0.07181239985591903 | 0.2055015587405351
0.12858475207743436 | 0.07181239985591903 | 0.2055015587405351 | 0.45631177272039514 | -0.09353293669037721:0.13138623061046584 | 0.0690886184559657 | 0.21382309702186086
0.13138623061046584 | 0.0690886184559657 | 0.21382309702186086 | -0.8224716073947775 | 0.8487162166993742:0.14419522336515378 | 0.08003235744041737 | 0.21086499287362237
0.14419522336515378 | 0.08003235744041737 | 0.21086499287362237 | -0.8224716073947775 | 0.8487162166993742:0.15704550309393817 | 0.09105841377125434 | 0.20659354019254828
0.15704550309393817 | 0.09105841377125434 | 0.20659354019254828 | -0.8224716073947775 | 0.8487162166993742:0.16986503979066403 | 0.10209716102607447 | 0.2009927615477367
0.16986503979066403 | 0.10209716102607447 | 0.2009927615477367 | -0.8224716073947775 | 0.8487162166993742:0.18258096433439874 | 0.11307800876927498 | 0.19405408946472136
0.18258096433439874 | 0.11307800876927498 | 0.19405408946472136 | -0.8224716073947775 | 0.8487162166993742:0.1951199509740582 | 0.12392977165696162 | 0.18577644099832202
0.1951199509740582 | 0.12392977165696162 | 0.18577644099832202 | -0.8224716073947775 | 0.8487162166993742:0.20740860167407238 | 0.13458104110679736 | 0.17616625528526253
0.20740860167407238 | 0.13458104110679736 | 0.17616625528526253 | -0.8224716073947775 | 0.8487162166993742:0.21937383051856196 | 0.1449605577867148 | 0.16523749404214882
0.21937383051856196 | 0.1449605577867148 | 0.16523749404214882 | -0.8224716073947775 | 0.8487162166993742:0.23094324638113184 | 0.15499758318236379 | 0.1530116051402297
0.23094324638113184 | 0.15499758318236379 | 0.1530116051402297 | -0.8224716073947775 | 0.8487162166993742:0.24204553208471324 | 0.16462226851655726 | 0.13951744955251577
0.24204553208471324 | 0.16462226851655726 | 0.13951744955251577 | -0.8224716073947775 | 0.8487162166993742:0.2526108183007354 | 0.17376601931474345 | 0.12479119213065903
0.2526108183007354 | 0.17376601931474345 | 0.12479119213065903 | 0.1010231378316524 | -0.4847503512162179:0.25453299788959693 | 0.17663230274937436 | 0.13441503804534616
0.25453299788959693 | 0.17663230274937436 | 0.13441503804534616 | 0.1010231378316524 | -0.4847503512162179:0.2561048384531657 | 0.17940159118181542 | 0.14420802050481463
0.2561048384531657 | 0.17940159118181542 | 0.14420802050481463 | 0.1010231378316524 | -0.4847503512162179:0.25732089349023557 | 0.18207296039049892 | 0.15415693395365082
0.25732089349023557 | 0.18207296039049892 | 0.15415693395365082 | 0.1010231378316524 | -0.4847503512162179:0.25817615343406075 | 0.1846455744505353 | 0.16424844778041603
0.25817615343406075 | 0.1846455744505353 | 0.16424844778041603 | 0.1010231378316524 | -0.4847503512162179:0.25866604717454766 | 0.18711868611036264 | 0.1744691201846562
0.25866604717454766 | 0.18711868611036264 | 0.1744691201846562 | -0.14563226386316286 | 0.8870408452832028:0.27073951913480254 | 0.19167831636545207 | 0.16428657836087002
0.27073951913480254 | 0.19167831636545207 | 0.16428657836087002 | -0.14563226386316286 | 0.8870408452832028:0.28242000624521424 | 0.19615100611188163 | 0.15328682645803848
0.28242000624521424 | 0.19615100611188163 | 0.15328682645803848 | -0.14563226386316286 | 0.8870408452832028:0.2936595378786393 | 0.2005290669966926 | 0.14148853424328767
0.2936595378786393 | 0.2005290669966926 | 0.14148853424328767 | -0.14563226386316286 | 0.8870408452832028:0.30441114542955283 | 0.2048049627346007 | 0.12891308376610144
0.30441114542955283 | 0.2048049627346007 | 0.12891308376610144 | -0.14563226386316286 | 0.8870408452832028:0.3146290042266182 | 0.20897133264659784 | 0.1155845094700334
0.3146290042266182 | 0.20897133264659784 | 0.1155845094700334 | -0.14563226386316286 | 0.8870408452832028:0.32426857188276603 | 0.21302101464008727 | 0.10152943100593781
0.32426857188276603 | 0.21302101464008727 | 0.10152943100593781 | -0.14563226386316286 | 0.8870408452832028:0.3332867227319465 | 0.2169470675721783 | 0.08677697896017733
0.3332867227319465 | 0.2169470675721783 | 0.08677697896017733 | -0.14563226386316286 | 0.8870408452832028:0.3416418780138226 | 0.2207427929397161 | 0.07135871372797453
0.3416418780138226 | 0.2207427929397161 | 0.07135871372797453 | -0.14563226386316286 | 0.8870408452832028:0.3492941314805149 | 0.22440175584163846 | 0.055308537778048894
0.3492941314805149 | 0.22440175584163846 | 0.055308537778048894 | -0.14563226386316286 | 0.8870408452832028:0.35620537011305853 | 0.22791780516146254 | 0.038662601569966704
0.35620537011305853 | 0.22791780516146254 | 0.038662601569966704 | 0.9157564981442703 | -0.6921234674724537:0.35909522048455855 | 0.22897013144596734 | 0.062180595364396574
0.35909522048455855 | 0.22897013144596734 | 0.062180595364396574 | 0.9157564981442703 | -0.6921234674724537:0.36108473118639317 | 0.22887344241039553 | 0.08610137732716439
0.36108473118639317 | 0.22887344241039553 | 0.08610137732716439 | 0.9157564981442703 | -0.6921234674724537:0.362153303509535 | 0.22759800042875789 | 0.11033104418692563
0.362153303509535 | 0.22759800042875789 | 0.11033104418692563 | 0.9157564981442703 | -0.6921234674724537:0.3622840850987554 | 0.2251189669539979 | 0.13477300918677226
0.3622840850987554 | 0.2251189669539979 | 0.13477300918677226 | 0.9157564981442703 | -0.6921234674724537:0.36146407330948627 | 0.22141654858929716 | 0.15932841004707043
0.36146407330948627 | 0.22141654858929716 | 0.15932841004707043 | 0.9157564981442703 | -0.6921234674724537:0.3596842022035993 | 0.2164761217623674 | 0.1838965279264233
0.3596842022035993 | 0.2164761217623674 | 0.1838965279264233 | 0.9157564981442703 | -0.6921234674724537:0.35693941282420383 | 0.21028833548615378 | 0.20837521561757288
0.35693941282420383 | 0.21028833548615378 | 0.20837521561757288 | 0.9157564981442703 | -0.6921234674724537:0.3532287064587081 | 0.20284919178009364 | 0.2326613331817473
0.3532287064587081 | 0.20284919178009364 | 0.2326613331817473 | 0.9157564981442703 | -0.6921234674724537:0.3485551806694236 | 0.1941601034181053 | 0.2566511891989993
0.3485551806694236 | 0.1941601034181053 | 0.2566511891989993 | 0.9157564981442703 | -0.6921234674724537:0.3429260479415639 | 0.18422792876248462 | 0.28024098579338386
0.3429260479415639 | 0.18422792876248462 | 0.28024098579338386 | 0.7716962216396903 | -0.47074561210680965:0.3397189768088271 | 0.17516021266401882 | 0.2983319151474735
0.3397189768088271 | 0.17516021266401882 | 0.2983319151474735 | 0.7716962216396903 | -0.47074561210680965:0.33598188315783517 | 0.1652589331431873 | 0.316100661316435
0.33598188315783517 | 0.1652589331431873 | 0.316100661316435 | 0.7716962216396903 | -0.47074561210680965:0.3317217157401693 | 0.15453402987916665 | 0.3334935082394779
0.3317217157401693 | 0.15453402987916665 | 0.3334935082394779 | 0.7716962216396903 | -0.47074561210680965:0.3269469135978742 | 0.14299790057617479 | 0.35045729094953515
0.3269469135978742 | 0.14299790057617479 | 0.35045729094953515 | 0.7716962216396903 | -0.47074561210680965:0.32166738883867296 | 0.1306653755853464 | 0.36693954599547673
0.32166738883867296 | 0.1306653755853464 | 0.36693954599547673 | -0.12111696664375127 | 0.6273101772328713:0.3362533771392915 | 0.13418679294238522 | 0.3593598538206315
0.3362533771392915 | 0.13418679294238522 | 0.3593598538206315 | -0.12111696664375127 | 0.6273101772328713:0.3506676006981042 | 0.13767010350453823 | 0.3511596006287885
0.3506676006981042 | 0.13767010350453823 | 0.3511596006287885 | -0.12111696664375127 | 0.6273101772328713:0.3648853922431119 | 0.1411105977799565 | 0.3423439131888557
0.3648853922431119 | 0.1411105977799565 | 0.3423439131888557 | -0.12111696664375127 | 0.6273101772328713:0.3788822889890433 | 0.1445036021103654 | 0.33291889641491856
0.3788822889890433 | 0.1445036021103654 | 0.33291889641491856 | -0.12111696664375127 | 0.6273101772328713:0.39263406842907855 | 0.14784448561801078 | 0.32289162337963795
0.39263406842907855 | 0.14784448561801078 | 0.32289162337963795 | 0.7542322811017361 | -0.23674338771982528:0.39217654257905465 | 0.13677050900099097 | 0.33581949563950353
0.39217654257905465 | 0.13677050900099097 | 0.33581949563950353 | 0.7542322811017361 | -0.23674338771982528:0.39150110158117357 | 0.12509365518423543 | 0.3483679567443083
0.39150110158117357 | 0.12509365518423543 | 0.3483679567443083 | 0.7542322811017361 | -0.23674338771982528:0.39061264912373694 | 0.11282797749318263 | 0.360505994521958
0.39061264912373694 | 0.11282797749318263 | 0.360505994521958 | 0.7542322811017361 | -0.23674338771982528:0.389516518350554 | 0.09998891975834212 | 0.3722032496780656
0.389516518350554 | 0.09998891975834212 | 0.3722032496780656 | 0.7542322811017361 | -0.23674338771982528:0.3882184622105136 | 0.08659328671313382 | 0.38343008179456994
0.3882184622105136 | 0.08659328671313382 | 0.38343008179456994 | -0.4880181143198883 | 0.3519732096056385:0.3980652065554402 | 0.09669962463563841 | 0.3773444377435329
0.3980652065554402 | 0.09669962463563841 | 0.3773444377435329 | -0.4880181143198883 | 0.3519732096056385:0.40781902694094896 | 0.10671971206507713 | 0.37073555750134446
0.40781902694094896 | 0.10671971206507713 | 0.37073555750134446 | -0.4880181143198883 | 0.3519732096056385:0.4174686898459612 | 0.1166375724556925 | 0.3636066023516271
0.4174686898459612 | 0.1166375724556925 | 0.3636066023516271 | -0.4880181143198883 | 0.3519732096056385:0.4270030342661677 | 0.1264373247817474 | 0.35596144247696593
0.4270030342661677 | 0.1264373247817474 | 0.35596144247696593 | -0.4880181143198883 | 0.3519732096056385:0.43641098618352103 | 0.13610320363341621 | 0.34780465127382776
0.43641098618352103 | 0.13610320363341621 | 0.34780465127382776 | -0.4880181143198883 | 0.3519732096056385:0.4456815728722283 | 0.14561957909642054 | 0.33914149883956846
0.4456815728722283 | 0.14561957909642054 | 0.33914149883956846 | -0.4880181143198883 | 0.3519732096056385:0.45480393702582234 | 0.15497097639391555 | 0.3299779446435096
0.45480393702582234 | 0.15497097639391555 | 0.3299779446435096 | -0.4880181143198883 | 0.3519732096056385:0.46376735069028285 | 0.1641420952695789 | 0.3203206293950487
0.46376735069028285 | 0.1641420952695789 | 0.3203206293950487 | -0.4880181143198883 | 0.3519732096056385:0.4725612289884005 | 0.17311782909124318 | 0.3101768661223687
0.4725612289884005 | 0.17311782909124318 | 0.3101768661223687 | -0.4880181143198883 | 0.3519732096056385:0.48117514362093416 | 0.18188328365485873 | 0.2995546304762158
0.48117514362093416 | 0.18188328365485873 | 0.2995546304762158 | 0.3388276802215444 | -0.9828558452945282:0.4688965354870902 | 0.1779845278403851 | 0.32807991719313634
0.4688965354870902 | 0.1779845278403851 | 0.32807991719313634 | 0.3388276802215444 | -0.9828558452945282:0.4550907744916657 | 0.17355374806954416 | 0.3560465598307765
0.4550907744916657 | 0.17355374806954416 | 0.3560465598307765 | 0.3388276802215444 | -0.9828558452945282:0.43978199443795774 | 0.16859848583877124 | 0.38336176520263976
0.43978199443795774 | 0.16859848583877124 | 0.38336176520263976 | 0.3388276802215444 | -0.9828558452945282:0.4229993788520048 | 0.16312803358807315 | 0.40993398121307223
0.4229993788520048 | 0.16312803358807315 | 0.40993398121307223 | 0.3388276802215444 | -0.9828558452945282:0.40477709601462664 | 0.15715341490885137 | 0.4356732037721187
0.40477709601462664 | 0.15715341490885137 | 0.4356732037721187 | 0.3388276802215444 | -0.9828558452945282:0.38515421747020895 | 0.15068735902183583 | 0.46049127961626013
0.38515421747020895 | 0.15068735902183583 | 0.46049127961626013 | 0.3388276802215444 | -0.9828558452945282:0.3641746202632028 | 0.14374426960331732 | 0.48430220404974733
0.3641746202632028 | 0.14374426960331732 | 0.48430220404974733 | 0.3388276802215444 | -0.9828558452945282:0.3418868732050768 | 0.13634018805579728 | 0.507022412638392
0.3418868732050768 | 0.13634018805579728 | 0.507022412638392 | 0.3388276802215444 | -0.9828558452945282:0.31834410752504283 | 0.12849275133683413 | 0.5285710659080038
0.31834410752504283 | 0.12849275133683413 | 0.5285710659080038 | 0.3388276802215444 | -0.9828558452945282:0.29360387230741125 | 0.12022114447708354 | 0.5488703261228629
0.29360387230741125 | 0.12022114447708354 | 0.5488703261228629 | 0.3388276802215444 | -0.9828558452945282:0.26772797516641944 | 0.11154604793534162 | 0.5678456252456243
0.26772797516641944 | 0.11154604793534162 | 0.5678456252456243 | 0.3388276802215444 | -0.9828558452945282:0.24078230865588424 | 0.10248957995462504 | 0.5854259232088559
0.24078230865588424 | 0.10248957995462504 | 0.5854259232088559 | 0.3388276802215444 | -0.9828558452945282:0.21283666295597925 | 0.09307523409911767 | 0.6015439556599205
0.21283666295597925 | 0.09307523409911767 | 0.6015439556599205 | 0.3388276802215444 | -0.9828558452945282:0.1839645254223754 | 0.08332781216689611 | 0.6161364703748013
0.1839645254223754 | 0.08332781216689611 | 0.6161364703748013 | 0.3388276802215444 | -0.9828558452945282:0.15424286762427286 | 0.07327335268784907 | 0.6291444515729978
0.15424286762427286 | 0.07327335268784907 | 0.6291444515729978 | -0.8811831574738975 | 0.5336457823059688:0.17178297905009643 | 0.1014516877491296 | 0.6242846733486545
0.17178297905009643 | 0.1014516877491296 | 0.6242846733486545 | -0.8811831574738975 | 0.5336457823059688:0.18923162557343787 | 0.1295273034978841 | 0.6176376186991241
0.18923162557343787 | 0.1295273034978841 | 0.6176376186991241 | -0.8811831574738975 | 0.5336457823059688:0.20653811556994128 | 0.15741634867018206 | 0.6092054936693714
0.20653811556994128 | 0.15741634867018206 | 0.6092054936693714 | -0.8811831574738975 | 0.5336457823059688:0.2236517840327501 | 0.185034897109146 | 0.5989959390467767
0.2236517840327501 | 0.185034897109146 | 0.5989959390467767 | -0.8811831574738975 | 0.5336457823059688:0.24052214971858987 | 0.21229920714008976 | 0.5870220362676015
0.24052214971858987 | 0.21229920714008976 | 0.5870220362676015 | -0.8811831574738975 | 0.5336457823059688:0.2570990722186792 | 0.23912598119463624 | 0.5733022963926011
0.2570990722186792 | 0.23912598119463624 | 0.5733022963926011 | -0.8811831574738975 | 0.5336457823059688:0.2733329084667311 | 0.2654326248780645 | 0.5578606321662889
0.2733329084667311 | 0.2654326248780645 | 0.5578606321662889 | -0.8811831574738975 | 0.5336457823059688:0.2891746681983456 | 0.29113750467626964 | 0.5407263132262479
0.2891746681983456 | 0.29113750467626964 | 0.5407263132262479 | -0.8811831574738975 | 0.5336457823059688:0.30457616787947117 | 0.31616020350329244 | 0.5219339045807452
0.30457616787947117 | 0.31616020350329244 | 0.5219339045807452 | -0.8811831574738975 | 0.5336457823059688:0.3194901826265557 | 0.3404217732972725 | 0.5015231885240823
0.3194901826265557 | 0.3404217732972725 | 0.5015231885240823 | 0.7621327863109693 | -0.530081321545911:0.3071578536605202 | 0.32254303724163513 | 0.5248147376487928
0.3071578536605202 | 0.32254303724163513 | 0.5248147376487928 | 0.7621327863109693 | -0.530081321545911:0.2941521693071998 | 0.30368359339782103 | 0.5471394022392957
0.2941521693071998 | 0.30368359339782103 | 0.5471394022392957 | 0.7621327863109693 | -0.530081321545911:0.2804991560679717 | 0.2838796433954922 | 0.5684362199713071
0.2804991560679717 | 0.2838796433954922 | 0.5684362199713071 | 0.7621327863109693 | -0.530081321545911:0.2662265973449216 | 0.2631699563570571 | 0.5886463660903942
0.2662265973449216 | 0.2631699563570571 | 0.5886463660903942 | 0.7621327863109693 | -0.530081321545911:0.2513639713150688 | 0.24159578255873093 | 0.6077133105768056
0.2513639713150688 | 0.24159578255873093 | 0.6077133105768056 | 0.7621327863109693 | -0.530081321545911:0.23594238438191795 | 0.21920076062876248 | 0.6255829698638564
0.23594238438191795 | 0.21920076062876248 | 0.6255829698638564 | 0.7621327863109693 | -0.530081321545911:0.21999450037007762 | 0.19603081851366255 | 0.6422038527263894
0.21999450037007762 | 0.19603081851366255 | 0.6422038527263894 | 0.7621327863109693 | -0.530081321545911:0.2035544656388808 | 0.17213406845859325 | 0.6575271999703958
0.2035544656388808 | 0.17213406845859325 | 0.6575271999703958 | 0.7621327863109693 | -0.530081321545911:0.18665783030108685 | 0.1475606962625733 | 0.671507117571025
0.18665783030108685 | 0.1475606962625733 | 0.671507117571025 | 0.7621327863109693 | -0.530081321545911:0.16934146574208597 | 0.12236284508318107 | 0.6841007029226489
0.16934146574208597 | 0.12236284508318107 | 0.6841007029226489 | 0.7621327863109693 | -0.530081321545911:0.15164347864403638 | 0.09659449407853415 | 0.6952681638821687
0.15164347864403638 | 0.09659449407853415 | 0.6952681638821687 | 0.7621327863109693 | -0.530081321545911:0.13360312172778777 | 0.07031133218696084 | 0.7049729303047627
0.13360312172778777 | 0.07031133218696084 | 0.7049729303047627 | 0.7621327863109693 | -0.530081321545911:0.11526070143336042 | 0.04357062735637385 | 0.71318175779043
0.11526070143336042 | 0.04357062735637385 | 0.71318175779043 | 0.7621327863109693 | -0.530081321545911:0.09665748276713515 | 0.016431091546355248 | 0.7198648233787637
0.09665748276713515 | 0.016431091546355248 | 0.7198648233787637 | 0.7621327863109693 | -0.530081321545911:0.07783559155057063 | -0.011047258163866758 | 0.7249958129499348
0.07783559155057063 | -0.011047258163866758 | 0.7249958129499348 | 0.93838392190259 | 0.6452092308908126:0.10151278971564537 | -0.04520606224467372 | 0.7234688480346989
0.10151278971564537 | -0.04520606224467372 | 0.7234688480346989 | 0.93838392190259 | 0.6452092308908126:0.12515795719340872 | -0.07937806432122585 | 0.7195285648711547
0.12515795719340872 | -0.07937806432122585 | 0.7195285648711547 | 0.93838392190259 | 0.6452092308908126:0.14869067777508604 | -0.11344634397201503 | 0.7131716051424277
0.14869067777508604 | -0.11344634397201503 | 0.7131716051424277 | 0.93838392190259 | 0.6452092308908126:0.17203043421405084 | -0.14729363640640258 | 0.7044030372186967
0.17203043421405084 | -0.14729363640640258 | 0.7044030372186967 | 0.93838392190259 | 0.6452092308908126:0.19509689405096253 | -0.18080274765934234 | 0.6932363792841443
0.19509689405096253 | -0.18080274765934234 | 0.6932363792841443 | -0.3206674661514355 | 0.6703615348261074:0.2190701201789338 | -0.17025342067898563 | 0.6915067027133759
0.2190701201789338 | -0.17025342067898563 | 0.6915067027133759 | -0.3206674661514355 | 0.6703615348261074:0.24303784871457168 | -0.1596892928084266 | 0.6887644822076311
0.24303784871457168 | -0.1596892928084266 | 0.6887644822076311 | -0.3206674661514355 | 0.6703615348261074:0.26696399746242605 | -0.14912769994442243 | 0.685007733555679
0.26696399746242605 | -0.14912769994442243 | 0.685007733555679 | -0.3206674661514355 | 0.6703615348261074:0.2908123833517351 | -0.13858603817131154 | 0.6802360777445102
0.2908123833517351 | -0.13858603817131154 | 0.6802360777445102 | -0.3206674661514355 | 0.6703615348261074:0.3145467808797875 | -0.12808173585279015 | 0.6744507455557525
0.3145467808797875 | -0.12808173585279015 | 0.6744507455557525 | -0.7103494010919931 | -0.3213002965829297:0.30458985854671283 | -0.1043886131502898 | 0.6857554766134939
0.30458985854671283 | -0.1043886131502898 | 0.6857554766134939 | -0.7103494010919931 | -0.3213002965829297:0.2944208589486692 | -0.08022749691613384 | 0.696054119765968
0.2944208589486692 | -0.08022749691613384 | 0.696054119765968 | -0.7103494010919931 | -0.3213002965829297:0.2840566754966929 | -0.05563514488119381 | 0.7053237896697269
0.2840566754966929 | -0.05563514488119381 | 0.7053237896697269 | -0.7103494010919931 | -0.3213002965829297:0.27351459855193383 | -0.030649223915363066 | 0.7135432668330424
0.27351459855193383 | -0.030649223915363066 | 0.7135432668330424 | -0.7103494010919931 | -0.3213002965829297:0.2628122863665112 | -0.005308246497738978 | 0.7206930392767674
0.2628122863665112 | -0.005308246497738978 | 0.7206930392767674 | 0.2860234382365259 | 0.03185753810708403:0.26476094071534106 | -0.015661504120163983 | 0.7223098285714826
0.26476094071534106 | -0.015661504120163983 | 0.7223098285714826 | 0.2860234382365259 | 0.03185753810708403:0.266707364007857 | -0.026067293286823556 | 0.7237512700283091
0.266707364007857 | -0.026067293286823556 | 0.7237512700283091 | 0.2860234382365259 | 0.03185753810708403:0.2686512828970393 | -0.0365224532171915 | 0.7250164525926408
0.2686512828970393 | -0.0365224532171915 | 0.7250164525926408 | 0.2860234382365259 | 0.03185753810708403:0.27059242231428016 | -0.04702381439900272 | 0.726104521935028
0.27059242231428016 | -0.04702381439900272 | 0.726104521935028 | 0.2860234382365259 | 0.03185753810708403:0.27253050558062597 | -0.05756819951586678 | 0.7270146804061355
0.27253050558062597 | -0.05756819951586678 | 0.7270146804061355 | -0.7691068387811588 | -0.5622394096251282:0.25265722309902827 | -0.029659054004758545 | 0.7381565617656989
0.25265722309902827 | -0.029659054004758545 | 0.7381565617656989 | -0.7691068387811588 | -0.5622394096251282:0.2324432508507428 | -0.0012615919980163426 | 0.7476544906209526
0.2324432508507428 | -0.0012615919980163426 | 0.7476544906209526 | -0.7691068387811588 | -0.5622394096251282:0.21193619916346762 | 0.02755975188561166 | 0.7554770945733509
0.21193619916346762 | 0.02755975188561166 | 0.7554770945733509 | -0.7691068387811588 | -0.5622394096251282:0.1911845982200333 | 0.05673920758186135 | 0.7615969603948542
0.1911845982200333 | 0.05673920758186135 | 0.7615969603948542 | -0.7691068387811588 | -0.5622394096251282:0.17023778050521798 | 0.08620982883267736 | 0.7659907157716219
0.17023778050521798 | 0.08620982883267736 | 0.7659907157716219 | -0.783120991611 | 0.16340307381658548:0.17692868065120138 | 0.1164390682040981 | 0.762641703875083
0.17692868065120138 | 0.1164390682040981 | 0.762641703875083 | -0.783120991611 | 0.16340307381658548:0.18359392766303273 | 0.14658934311078653 | 0.7580196774198313
0.18359392766303273 | 0.14658934311078653 | 0.7580196774198313 | -0.783120991611 | 0.16340307381658548:0.19022271020006087 | 0.1766086088470491 | 0.7521263502040156
0.19022271020006087 | 0.1766086088470491 | 0.7521263502040156 | -0.783120991611 | 0.16340307381658548:0.196804232046496 | 0.2064448511714616 | 0.7449656800095852
0.196804232046496 | 0.2064448511714616 | 0.7449656800095852 | -0.783120991611 | 0.16340307381658548:0.20332773157185358 | 0.23604617959066587 | 0.7365438672926388
0.20332773157185358 | 0.23604617959066587 | 0.7365438672926388 | 0.17036000180726152 | 0.7074040241219637:0.22989127287597455 | 0.23033921587665773 | 0.732705954618126
0.22989127287597455 | 0.23033921587665773 | 0.732705954618126 | 0.17036000180726152 | 0.7074040241219637:0.2563589162123563 | 0.2246439405778169 | 0.7278478800350427
0.2563589162123563 | 0.2246439405778169 | 0.7278478800350427 | 0.17036000180726152 | 0.7074040241219637:0.2826928099207535 | 0.2189695488718435 | 0.7219719651510914
0.2826928099207535 | 0.2189695488718435 | 0.7219719651510914 | 0.17036000180726152 | 0.7074040241219637:0.3088551660176577 | 0.21332522630117978 | 0.7150820352079421
0.3088551660176577 | 0.21332522630117978 | 0.7150820352079421 | 0.17036000180726152 | 0.7074040241219637:0.3348083168969964 | 0.20772013511536258 | 0.7071834164699027
0.3348083168969964 | 0.20772013511536258 | 0.7071834164699027 | 0.690643490858305 | -0.9444280392365112:0.3014422328507038 | 0.18361154123644852 | 0.730656811166142
0.3014422328507038 | 0.18361154123644852 | 0.730656811166142 | 0.690643490858305 | -0.9444280392365112:0.2669566104984824 | 0.15864371139840472 | 0.7517113495645589
0.2669566104984824 | 0.15864371139840472 | 0.7517113495645589 | 0.690643490858305 | -0.9444280392365112:0.2314680007785057 | 0.13290039108848717 | 0.7702620655486356
0.2314680007785057 | 0.13290039108848717 | 0.7702620655486356 | 0.690643490858305 | -0.9444280392365112:0.1950970086985535 | 0.10646843870992484 | 0.7862325862804198
0.1950970086985535 | 0.10646843870992484 | 0.7862325862804198 | 0.690643490858305 | -0.9444280392365112:0.1579678717956554 | 0.07943752262230319 | 0.7995554379633347
0.1579678717956554 | 0.07943752262230319 | 0.7995554379633347 | 0.690643490858305 | -0.9444280392365112:0.12020802419952759 | 0.05189980710979469 | 0.8101723200243498
0.12020802419952759 | 0.05189980710979469 | 0.8101723200243498 | 0.690643490858305 | -0.9444280392365112:0.08194764786841802 | 0.023949628405912193 | 0.818034346648929
0.08194764786841802 | 0.023949628405912193 | 0.818034346648929 | 0.690643490858305 | -0.9444280392365112:0.04331921261493221 | -0.004316838058819883 | 0.8231022547209363
0.04331921261493221 | -0.004316838058819883 | 0.8231022547209363 | 0.690643490858305 | -0.9444280392365112:0.004457006582605061 | -0.03280191798619825 | 0.8253465773415627
0.004457006582605061 | -0.03280191798619825 | 0.8253465773415627 | 0.690643490858305 | -0.9444280392365112:-0.03450334112942954 | -0.06140678488752371 | 0.8247477822271918
-0.03450334112942954 | -0.06140678488752371 | 0.8247477822271918 | 0.690643490858305 | -0.9444280392365112:-0.07342534396517664 | -0.09003181185471831 | 0.8212963744132793
-0.07342534396517664 | -0.09003181185471831 | 0.8212963744132793 | 0.690643490858305 | -0.9444280392365112:-0.11217214578129386 | -0.11857692715143031 | 0.814992962821961
-0.11217214578129386 | -0.11857692715143031 | 0.814992962821961 | 0.690643490858305 | -0.9444280392365112:-0.1506070113167013 | -0.14694197233468742 | 0.8058482903825279
-0.1506070113167013 | -0.14694197233468742 | 0.8058482903825279 | 0.690643490858305 | -0.9444280392365112:-0.18859381747998327 | -0.17502706160701464 | 0.7938832275266918
-0.18859381747998327 | -0.17502706160701464 | 0.7938832275266918 | 0.690643490858305 | -0.9444280392365112:-0.22599754366733293 | -0.2027329410927976 | 0.7791287290146016
-0.22599754366733293 | -0.2027329410927976 | 0.7791287290146016 | 0.3339587355558251 | -0.3067935439793996:-0.23833445811577292 | -0.21613649461314566 | 0.7735896812750127
-0.23833445811577292 | -0.21613649461314566 | 0.7735896812750127 | 0.3339587355558251 | -0.3067935439793996:-0.2505996798269976 | -0.22946641069091456 | 0.7676094751124651
-0.2505996798269976 | -0.22946641069091456 | 0.7676094751124651 | 0.3339587355558251 | -0.3067935439793996:-0.2627858322902057 | -0.24271463466071808 | 0.7611902382960949
-0.2627858322902057 | -0.24271463466071808 | 0.7611902382960949 | 0.3339587355558251 | -0.3067935439793996:-0.2748855764096376 | -0.2558731503902152 | 0.7543343701342593
-0.2748855764096376 | -0.2558731503902152 | 0.7543343701342593 | 0.3339587355558251 | -0.3067935439793996:-0.2868916150071641 | -0.2689339851939856 | 0.7470445398774217
-0.2868916150071641 | -0.2689339851939856 | 0.7470445398774217 | 0.11505069147040348 | -0.5106701695367255:-0.30639521639147915 | -0.27373108329581086 | 0.7392792248112698
-0.30639521639147915 | -0.27373108329581086 | 0.7392792248112698 | 0.11505069147040348 | -0.5106701695367255:-0.3257220216575405 | -0.27848613657429944 | 0.7309598295660891
-0.3257220216575405 | -0.27848613657429944 | 0.7309598295660891 | 0.11505069147040348 | -0.5106701695367255:-0.34485686511670366 | -0.2831957535345673 | 0.7220908859697204
-0.34485686511670366 | -0.2831957535345673 | 0.7220908859697204 | 0.11505069147040348 | -0.5106701695367255:-0.36378470298653554 | -0.2878565685043153 | 0.712677363823019
-0.36378470298653554 | -0.2878565685043153 | 0.712677363823019 | 0.11505069147040348 | -0.5106701695367255:-0.38249062535076916 | -0.29246524434283394 | 0.7027246671319745
-0.38249062535076916 | -0.29246524434283394 | 0.7027246671319745 | 0.11505069147040348 | -0.5106701695367255:-0.40095986800131556 | -0.2970184751243732 | 0.6922386300019951
-0.40095986800131556 | -0.2970184751243732 | 0.6922386300019951 | 0.11505069147040348 | -0.5106701695367255:-0.41917782415332994 | -0.3015129887938368 | 0.6812255121982531
-0.41917782415332994 | -0.3015129887938368 | 0.6812255121982531 | 0.11505069147040348 | -0.5106701695367255:-0.4371300560246354 | -0.3059455497928454 | 0.6696919943764499
-0.4371300560246354 | -0.3059455497928454 | 0.6696919943764499 | 0.11505069147040348 | -0.5106701695367255:-0.4548023062709987 | -0.3103129616541853 | 0.6576451729881967
-0.4548023062709987 | -0.3103129616541853 | 0.6576451729881967 | 0.11505069147040348 | -0.5106701695367255:-0.4721805092685898 | -0.3146120695627701 | 0.6450925548656841
-0.4721805092685898 | -0.3146120695627701 | 0.6450925548656841 | -0.3424611461051452 | 0.02121288396413501:-0.4722636033135501 | -0.3040182681113546 | 0.6519526657469896
-0.4722636033135501 | -0.3040182681113546 | 0.6519526657469896 | -0.3424611461051452 | 0.02121288396413501:-0.4723307527726277 | -0.29328541671501185 | 0.6586288857129716
-0.4723307527726277 | -0.29328541671501185 | 0.6586288857129716 | -0.3424611461051452 | 0.02121288396413501:-0.4723822458928737 | -0.28241694594997746 | 0.6651184585075356
-0.4723822458928737 | -0.28241694594997746 | 0.6651184585075356 | -0.3424611461051452 | 0.02121288396413501:-0.47241837327493386 | -0.2714163369648048 | 0.6714186957659081
-0.47241837327493386 | -0.2714163369648048 | 0.6714186957659081 | -0.3424611461051452 | 0.02121288396413501:-0.47243942779623893 | -0.26028712012804434 | 0.6775269778526507
