0.0 | 0.0 | 0.0 | -0.5586934596499717 | 0.6131666748202351:3.064157176615018E-4 | 2.793104000607949E-4 | 0.009991401058329503
3.064157176615018E-4 | 2.793104000607949E-4 | 0.009991401058329503 | -0.5586934596499717 | 0.6131666748202351:0.0012182477817498174 | 0.0011109605844032977 | 0.01983158185627571
0.0012182477817498174 | 0.0011109605844032977 | 0.01983158185627571 | -0.5586934596499717 | 0.6131666748202351:0.0027229323698405227 | 0.0024842033592129553 | 0.029471406040081465
0.0027229323698405227 | 0.0024842033592129553 | 0.029471406040081465 | -0.5586934596499717 | 0.6131666748202351:0.004806031795959056 | 0.004386566068837139 | 0.03886302258471487
0.004806031795959056 | 0.004386566068837139 | 0.03886302258471487 | -0.5586934596499717 | 0.6131666748202351:0.007451297491998781 | 0.006803906306998009 | 0.047959985753290385
0.007451297491998781 | 0.006803906306998009 | 0.047959985753290385 | -0.5586934596499717 | 0.6131666748202351:0.010640736817859861 | 0.009720471185391877 | 0.056717370126234595
0.010640736817859861 | 0.009720471185391877 | 0.056717370126234595 | -0.5586934596499717 | 0.6131666748202351:0.014354683501105352 | 0.013118959981122225 | 0.0650918804890066
0.014354683501105352 | 0.013118959981122225 | 0.0650918804890066 | -0.5586934596499717 | 0.6131666748202351:0.0185718715012305 | 0.016980589979026184 | 0.07304195638084604
0.0185718715012305 | 0.016980589979026184 | 0.07304195638084604 | -0.5586934596499717 | 0.6131666748202351:0.023269512088433614 | 0.02128516532001834 | 0.08052787112094517
0.023269512088433614 | 0.02128516532001834 | 0.08052787112094517 | -0.5586934596499717 | 0.6131666748202351:0.02842337392206648 | 0.02601114866208165 | 0.0875118251425907
0.02842337392206648 | 0.02601114866208165 | 0.0875118251425907 | 0.9589162325437621 | -0.5083016203813455:0.028635590602046512 | 0.023847720418600504 | 0.09780271061336354
0.028635590602046512 | 0.023847720418600504 | 0.09780271061336354 | 0.9589162325437621 | -0.5083016203813455:0.02834876775608028 | 0.02076962055455145 | 0.1080433598315611
0.02834876775608028 | 0.02076962055455145 | 0.1080433598315611 | 0.9589162325437621 | -0.5083016203813455:0.027566860233097318 | 0.016782032292386617 | 0.11815046092269599
0.027566860233097318 | 0.016782032292386617 | 0.11815046092269599 | 0.9589162325437621 | -0.5083016203813455:0.026296588919814207 | 0.011895382039864955 | 0.12804159856462305
0.026296588919814207 | 0.011895382039864955 | 0.12804159856462305 | 0.9589162325437621 | -0.5083016203813455:0.02454739170732617 | 0.006125256233787013 | 0.13763564546345153
0.02454739170732617 | 0.006125256233787013 | 0.13763564546345153 | 0.9589162325437621 | -0.5083016203813455:0.022331363083625072 | -5.0770348537299E-4 | 0.14685314510796355
0.022331363083625072 | -5.0770348537299E-4 | 0.14685314510796355 | 0.9589162325437621 | -0.5083016203813455:0.01966318269640177 | -0.007977926153281745 | 0.1556166843400133
0.01966318269640177 | -0.007977926153281745 | 0.1556166843400133 | 0.9589162325437621 | -0.5083016203813455:0.01656003326931127 | -0.01625505772685054 | 0.1638512543309163
0.01656003326931127 | -0.01625505772685054 | 0.1638512543309163 | 0.9589162325437621 | -0.5083016203813455:0.01304150829192302 | -0.025304126934205695 | 0.17148459861102117
0.01304150829192302 | -0.025304126934205695 | 0.17148459861102117 | 0.9589162325437621 | -0.5083016203813455:0.009129509938733127 | -0.035085729901295104 | 0.17844754686122966
0.009129509938733127 | -0.035085729901295104 | 0.17844754686122966 | 0.9589162325437621 | -0.5083016203813455:0.004848137705777911 | -0.045556232662758545 | 0.18467433324094928
0.004848137705777911 | -0.045556232662758545 | 0.18467433324094928 | 0.9589162325437621 | -0.5083016203813455:2.235682844554665E-4 | -0.05666799060440342 | 0.1901028980965518
2.235682844554665E-4 | -0.05666799060440342 | 0.1901028980965518 | 0.9589162325437621 | -0.5083016203813455:-0.00471607277895203 | -0.06836958382836777 | 0.1946751719675648
-0.00471607277895203 | -0.06836958382836777 | 0.1946751719675648 | 0.9589162325437621 | -0.5083016203813455:-0.009940847062937741 | -0.08060606737998954 | 0.1983373408842981
-0.009940847062937741 | -0.08060606737998954 | 0.1983373408842981 | 0.9589162325437621 | -0.5083016203813455:-0.015419146290209795 | -0.09331923522767571 | 0.2010400920300377
-0.015419146290209795 | -0.09331923522767571 | 0.2010400920300377 | 0.9589162325437621 | -0.5083016203813455:-0.021117841765620815 | -0.10644789684379452 | 0.20273883892309374
-0.021117841765620815 | -0.10644789684379452 | 0.20273883892309374 | 0.9589162325437621 | -0.5083016203813455:-0.02700243959186832 | -0.11992816519593363 | 0.20339392535846956
-0.02700243959186832 | -0.11992816519593363 | 0.20339392535846956 | 0.9589162325437621 | -0.5083016203813455:-0.033037241005317686 | -0.13369375492384772 | 0.20297080743548523
-0.033037241005317686 | -0.13369375492384772 | 0.20297080743548523 | 0.9589162325437621 | -0.5083016203813455:-0.03918550715991062 | -0.1476762894481538 | 0.20144021308596027
-0.03918550715991062 | -0.1476762894481538 | 0.20144021308596027 | 0.9589162325437621 | -0.5083016203813455:-0.04540962767530002 | -0.16180561573238084 | 0.19877827860723718
-0.04540962767530002 | -0.16180561573238084 | 0.19877827860723718 | 0.5450667038682864 | -0.5335218295875515:-0.05201312382192175 | -0.17191252336745633 | 0.19849988704810206
-0.05201312382192175 | -0.17191252336745633 | 0.19849988704810206 | 0.5450667038682864 | -0.5335218295875515:-0.05872598810140473 | -0.18210681254762795 | 0.19754539416324501
-0.05872598810140473 | -0.18210681254762795 | 0.19754539416324501 | 0.5450667038682864 | -0.5335218295875515:-0.06552277539069574 | -0.19236293758846612 | 0.19590640207683307
-0.06552277539069574 | -0.19236293758846612 | 0.19590640207683307 | 0.5450667038682864 | -0.5335218295875515:-0.07237783029645783 | -0.20265511005008463 | 0.1935763164611064
-0.07237783029645783 | -0.20265511005008463 | 0.1935763164611064 | 0.5450667038682864 | -0.5335218295875515:-0.07926534681830114 | -0.21295735962461793 | 0.1905503539134843
-0.07926534681830114 | -0.21295735962461793 | 0.1905503539134843 | 0.5450667038682864 | -0.5335218295875515:-0.08615942792435827 | -0.2232435949860112 | 0.1868255455029768
-0.08615942792435827 | -0.2232435949860112 | 0.1868255455029768 | 0.5450667038682864 | -0.5335218295875515:-0.09303414492435952 | -0.23348766448447433 | 0.1824007365098348
-0.09303414492435952 | -0.23348766448447433 | 0.1824007365098348 | 0.5450667038682864 | -0.5335218295875515:-0.09986359652673771 | -0.24366341656925616 | 0.17727658238910582
-0.09986359652673771 | -0.24366341656925616 | 0.17727658238910582 | 0.5450667038682864 | -0.5335218295875515:-0.1066219674678538 | -0.25374475982490363 | 0.17145554099542615
-0.1066219674678538 | -0.25374475982490363 | 0.17145554099542615 | 0.5450667038682864 | -0.5335218295875515:-0.11328358660317406 | -0.2637057225078583 | 0.1649418611128768
-0.11328358660317406 | -0.2637057225078583 | 0.1649418611128768 | 0.5450667038682864 | -0.5335218295875515:-0.11982298435215011 | -0.2735205114721211 | 0.15774156734012035
-0.11982298435215011 | -0.2735205114721211 | 0.15774156734012035 | 0.5450667038682864 | -0.5335218295875515:-0.1262149493906376 | -0.2831635703747475 | 0.14986244138726246
-0.1262149493906376 | -0.2831635703747475 | 0.14986244138726246 | 0.5450667038682864 | -0.5335218295875515:-0.13243458448694878 | -0.29260963705418774 | 0.1413139998469708
-0.13243458448694878 | -0.29260963705418774 | 0.1413139998469708 | 0.5450667038682864 | -0.5335218295875515:-0.13845736138004905 | -0.30183379997683524 | 0.1321074685082948
-0.13845736138004905 | -0.30183379997683524 | 0.1321074685082948 | 0.5450667038682864 | -0.5335218295875515:-0.14425917460097692 | -0.31081155364973423 | 0.1222557532873827
-0.14425917460097692 | -0.31081155364973423 | 0.1222557532873827 | -0.4854115390424474 | 0.8002724909020613:-0.14138262141039326 | -0.3131346231475831 | 0.1377977001437527
-0.14138262141039326 | -0.3131346231475831 | 0.1377977001437527 | -0.4854115390424474 | 0.8002724909020613:-0.13775941955092796 | -0.31496755199016047 | 0.15346306334145687
-0.13775941955092796 | -0.31496755199016047 | 0.15346306334145687 | -0.4854115390424474 | 0.8002724909020613:-0.13337928020957346 | -0.3163038598453074 | 0.16920009479226117
-0.13337928020957346 | -0.3163038598453074 | 0.16920009479226117 | -0.4854115390424474 | 0.8002724909020613:-0.12823446176578912 | -0.31713859835649316 | 0.18495630196523916
-0.12823446176578912 | -0.31713859835649316 | 0.18495630196523916 | -0.4854115390424474 | 0.8002724909020613:-0.12231979997370157 | -0.3174683715183946 | 0.2006786152483846
-0.12231979997370157 | -0.3174683715183946 | 0.2006786152483846 | -0.8062329860714545 | -0.5487068241712691:-0.1300877353957044 | -0.3138577520221677 | 0.21308866076067634
-0.1300877353957044 | -0.3138577520221677 | 0.21308866076067634 | -0.8062329860714545 | -0.5487068241712691:-0.1382609667221928 | -0.3095705203510679 | 0.2252250247322385
-0.1382609667221928 | -0.3095705203510679 | 0.2252250247322385 | -0.8062329860714545 | -0.5487068241712691:-0.14683285116535005 | -0.30461621987748355 | 0.23703943106317915
-0.14683285116535005 | -0.30461621987748355 | 0.23703943106317915 | -0.8062329860714545 | -0.5487068241712691:-0.15579513780505172 | -0.29900676175760665 | 0.24848421302412493
-0.15579513780505172 | -0.29900676175760665 | 0.24848421302412493 | -0.8062329860714545 | -0.5487068241712691:-0.16513799067691215 | -0.29275639439013723 | 0.2595124774380526
-0.16513799067691215 | -0.29275639439013723 | 0.2595124774380526 | 0.8388843077398407 | -0.04650345382487919:-0.1679571225169969 | -0.30749128895647715 | 0.2499652718295131
-0.1679571225169969 | -0.30749128895647715 | 0.2499652718295131 | 0.8388843077398407 | -0.04650345382487919:-0.17073746070259066 | -0.321906921926125 | 0.23958993310080423
-0.17073746070259066 | -0.321906921926125 | 0.23958993310080423 | 0.8388843077398407 | -0.04650345382487919:-0.17347676737357665 | -0.3359590202111029 | 0.22839910742782088
-0.17347676737357665 | -0.3359590202111029 | 0.22839910742782088 | 0.8388843077398407 | -0.04650345382487919:-0.1761728391810209 | -0.34960392195003287 | 0.2164077172736416
-0.1761728391810209 | -0.34960392195003287 | 0.2164077172736416 | 0.8388843077398407 | -0.04650345382487919:-0.17882351348269854 | -0.3627986886386285 | 0.20363292729468796
-0.17882351348269854 | -0.3627986886386285 | 0.20363292729468796 | 0.8388843077398407 | -0.04650345382487919:-0.18142667442247484 | -0.37550121528008695 | 0.1900941049130367
-0.18142667442247484 | -0.37550121528008695 | 0.1900941049130367 | 0.8388843077398407 | -0.04650345382487919:-0.18398025888014402 | -0.3876703383114979 | 0.1758127756687191
-0.18398025888014402 | -0.3876703383114979 | 0.1758127756687191 | 0.8388843077398407 | -0.04650345382487919:-0.18648226227871367 | -0.39926594106867874 | 0.1608125734766812
-0.18648226227871367 | -0.39926594106867874 | 0.1608125734766812 | 0.8388843077398407 | -0.04650345382487919:-0.18893074423649292 | -0.41024905655860877 | 0.14511918592350703
-0.18893074423649292 | -0.41024905655860877 | 0.14511918592350703 | 0.8388843077398407 | -0.04650345382487919:-0.191323834051766 | -0.42058196731580644 | 0.12876029474912087
-0.191323834051766 | -0.42058196731580644 | 0.12876029474912087 | 0.8388843077398407 | -0.04650345382487919:-0.19365973600825193 | -0.4302283021266913 | 0.11176551166839488
-0.19365973600825193 | -0.4302283021266913 | 0.11176551166839488 | 0.8388843077398407 | -0.04650345382487919:-0.19593673449002935 | -0.43915312941391527 | 0.09416630969696449
-0.19593673449002935 | -0.43915312941391527 | 0.09416630969696449 | 0.8388843077398407 | -0.04650345382487919:-0.19815319889505378 | -0.447323047081138 | 0.0759959501544305
-0.19815319889505378 | -0.447323047081138 | 0.0759959501544305 | 0.8388843077398407 | -0.04650345382487919:-0.20030758833692186 | -0.45470626862745256 | 0.05728940552668149
-0.20030758833692186 | -0.45470626862745256 | 0.05728940552668149 | 0.8388843077398407 | -0.04650345382487919:-0.20239845612502272 | -0.461272705349856 | 0.038083278377111895
-0.20239845612502272 | -0.461272705349856 | 0.038083278377111895 | 0.8388843077398407 | -0.04650345382487919:-0.20442445401377807 | -0.4669940444615239 | 0.018415716504172508
-0.20442445401377807 | -0.4669940444615239 | 0.018415716504172508 | 0.8388843077398407 | -0.04650345382487919:-0.2063843362121922 | -0.4718438229635158 | -0.0016736754501955886
-0.2063843362121922 | -0.4718438229635158 | -0.0016736754501955886 | 0.8388843077398407 | -0.04650345382487919:-0.208276963145531 | -0.47579749711747077 | -0.02214392772997087
-0.208276963145531 | -0.47579749711747077 | -0.02214392772997087 | 0.8388843077398407 | -0.04650345382487919:-0.2101013049614915 | -0.47883250737723415 | -0.042952800314809636
-0.2101013049614915 | -0.47883250737723415 | -0.042952800314809636 | 0.8388843077398407 | -0.04650345382487919:-0.21185644477384002 | -0.480928338647832 | -0.06405688066701565
-0.21185644477384002 | -0.480928338647832 | -0.06405688066701565 | 0.9149891885926325 | 0.2442852696887865:-0.21478320267164364 | -0.48173996435975397 | -0.08413161666102198
-0.21478320267164364 | -0.48173996435975397 | -0.08413161666102198 | 0.9149891885926325 | 0.2442852696887865:-0.21794736857528196 | -0.4815522518599309 | -0.10434625845025813
-0.21794736857528196 | -0.4815522518599309 | -0.10434625845025813 | 0.9149891885926325 | 0.2442852696887865:-0.2213520525147734 | -0.48035344451201567 | -0.12464671451695253
-0.2213520525147734 | -0.48035344451201567 | -0.12464671451695253 | 0.9149891885926325 | 0.2442852696887865:-0.22499960981917067 | -0.478134584004664 | -0.1449781237745782
-0.22499960981917067 | -0.478134584004664 | -0.1449781237745782 | 0.9149891885926325 | 0.2442852696887865:-0.22889163132958945 | -0.4748895506992845 | -0.16528501164285458
-0.22889163132958945 | -0.4748895506992845 | -0.16528501164285458 | 0.9149891885926325 | 0.2442852696887865:-0.23302893578234052 | -0.4706150958923665 | -0.1855114481024014
-0.23302893578234052 | -0.4706150958923665 | -0.1855114481024014 | 0.9149891885926325 | 0.2442852696887865:-0.23741156438098088 | -0.4653108659116576 | -0.20560120728455367
-0.23741156438098088 | -0.4653108659116576 | -0.20560120728455367 | 0.9149891885926325 | 0.2442852696887865:-0.24203877757011405 | -0.45897941798804 | -0.22549792814897351
-0.24203877757011405 | -0.45897941798804 | -0.22549792814897351 | 0.9149891885926325 | 0.2442852696887865:-0.24690905401769747 | -0.4516262278674006 | -0.24514527580010537
-0.24690905401769747 | -0.4516262278674006 | -0.24514527580010537 | 0.9149891885926325 | 0.2442852696887865:-0.252020091806628 | -0.4432596891493823 | -0.2644871029930105
-0.252020091806628 | -0.4432596891493823 | -0.2644871029930105 | 0.757257536261795 | -0.8355986539933848:-0.24183886661197995 | -0.4361378027707872 | -0.29351637439729217
-0.24183886661197995 | -0.4361378027707872 | -0.29351637439729217 | 0.757257536261795 | -0.8355986539933848:-0.23035262395863576 | -0.4278069004808245 | -0.3219735907589101
-0.23035262395863576 | -0.4278069004808245 | -0.3219735907589101 | 0.757257536261795 | -0.8355986539933848:-0.2175827350594357 | -0.41828441669270333 | -0.3497484650115146
-0.2175827350594357 | -0.41828441669270333 | -0.3497484650115146 | 0.757257536261795 | -0.8355986539933848:-0.2035556493399877 | -0.407592413402007 | -0.3767321440077689
-0.2035556493399877 | -0.407592413402007 | -0.3767321440077689 | 0.757257536261795 | -0.8355986539933848:-0.1883028285701549 | -0.39575752859953894 | -0.4028176357369482
-0.1883028285701549 | -0.39575752859953894 | -0.4028176357369482 | 0.757257536261795 | -0.8355986539933848:-0.17186066148100032 | -0.3828109068971379 | -0.4279002311330533
-0.17186066148100032 | -0.3828109068971379 | -0.4279002311330533 | 0.757257536261795 | -0.8355986539933848:-0.15427035916171583 | -0.3687881126026511 | -0.45187791885732764
-0.15427035916171583 | -0.3687881126026511 | -0.45187791885732764 | 0.757257536261795 | -0.8355986539933848:-0.13557783160317705 | -0.35372902554637164 | -0.4746517914661563
-0.13557783160317705 | -0.35372902554637164 | -0.4746517914661563 | 0.757257536261795 | -0.8355986539933848:-0.11583354582555572 | -0.33767772002576635 | -0.49612644140820983
-0.11583354582555572 | -0.33767772002576635 | -0.49612644140820983 | 0.757257536261795 | -0.8355986539933848:-0.09509236609627791 | -0.32068232729868384 | -0.5162103453332971
-0.09509236609627791 | -0.32068232729868384 | -0.5162103453332971 | 0.757257536261795 | -0.8355986539933848:-0.07341337681163296 | -0.30279488211659356 | -0.5348162352395418
-0.07341337681163296 | -0.30279488211659356 | -0.5348162352395418 | 0.757257536261795 | -0.8355986539933848:-0.05085968868000279 | -0.28407115384909076 | -0.5518614550349583
-0.05085968868000279 | -0.28407115384909076 | -0.5518614550349583 | 0.757257536261795 | -0.8355986539933848:-0.027498228906967626 | -0.2645704628083436 | -0.5672683011442179
-0.027498228906967626 | -0.2645704628083436 | -0.5672683011442179 | 0.757257536261795 | -0.8355986539933848:-0.003399516142085446 | -0.24435548243718586 | -0.5809643458509628
-0.003399516142085446 | -0.24435548243718586 | -0.5809643458509628 | 0.757257536261795 | -0.8355986539933848:0.02136257899615579 | -0.223492028077235 | -0.5928827421304008
0.02136257899615579 | -0.223492028077235 | -0.5928827421304008 | 0.757257536261795 | -0.8355986539933848:0.046711086947144764 | -0.20204883308325705 | -0.6029625087957025
0.046711086947144764 | -0.20204883308325705 | -0.6029625087957025 | 0.757257536261795 | -0.8355986539933848:0.07256620486629828 | -0.18009731309694033 | -0.6111487948547705
0.07256620486629828 | -0.18009731309694033 | -0.6111487948547705 | 0.757257536261795 | -0.8355986539933848:0.09884557394731175 | -0.1577113193372348 | -0.6173931220509045
0.09884557394731175 | -0.1577113193372348 | -0.6173931220509045 | 0.757257536261795 | -0.8355986539933848:0.12546456739795353 | -0.13496688180507377 | -0.6216536046415073
0.12546456739795353 | -0.13496688180507377 | -0.6216536046415073 | 0.757257536261795 | -0.8355986539933848:0.15233658801938788 | -0.11194194333778995 | -0.6238951455529501
0.15233658801938788 | -0.11194194333778995 | -0.6238951455529501 | 0.41847017968996125 | 0.15459368014980268:0.14828007846387692 | -0.09939221460751213 | -0.6306087505122897
0.14828007846387692 | -0.09939221460751213 | -0.6306087505122897 | 0.41847017968996125 | 0.15459368014980268:0.1441402296551182 | -0.08663000384107633 | -0.6370094152603913
0.1441402296551182 | -0.08663000384107633 | -0.6370094152603913 | 0.41847017968996125 | 0.15459368014980268:0.13991997865921313 | -0.07366302827441018 | -0.6430905001368181
0.13991997865921313 | -0.07366302827441018 | -0.6430905001368181 | 0.41847017968996125 | 0.15459368014980268:0.13562231995931562 | -0.060499164610284595 | -0.6488455949253757
0.13562231995931562 | -0.060499164610284595 | -0.6488455949253757 | 0.41847017968996125 | 0.15459368014980268:0.1312503032429575 | -0.047146443051914844 | -0.6542685226476261
0.1312503032429575 | -0.047146443051914844 | -0.6542685226476261 | 0.41847017968996125 | 0.15459368014980268:0.1268070311648799 | -0.03361304126865505 | -0.6593533431862264
0.1268070311648799 | -0.03361304126865505 | -0.6593533431862264 | 0.41847017968996125 | 0.15459368014980268:0.12229565708682877 | -0.019907278297711883 | -0.6640943567370439
0.12229565708682877 | -0.019907278297711883 | -0.6640943567370439 | 0.41847017968996125 | 0.15459368014980268:0.11771938279585292 | -0.0060376083859985386 | -0.6684861070890982
0.11771938279585292 | -0.0060376083859985386 | -0.6684861070890982 | 0.41847017968996125 | 0.15459368014980268:0.11308145620257193 | 0.007987385223856336 | -0.6725233847314769
0.11308145620257193 | 0.007987385223856336 | -0.6725233847314769 | 0.41847017968996125 | 0.15459368014980268:0.10838516902092898 | 0.022158996559294764 | -0.676201229786491
0.10838516902092898 | 0.022158996559294764 | -0.676201229786491 | -0.7265889713521545 | -0.7409338337622611:0.1339821354917632 | -0.0024273405553572047 | -0.6751691359790248
0.1339821354917632 | -0.0024273405553572047 | -0.6751691359790248 | -0.7265889713521545 | -0.7409338337622611:0.1595968531410481 | -0.027070883188123673 | -0.6722401065399239
0.1595968531410481 | -0.027070883188123673 | -0.6722401065399239 | -0.7265889713521545 | -0.7409338337622611:0.18515561384865364 | -0.05169943198785987 | -0.6674067216150306
0.18515561384865364 | -0.05169943198785987 | -0.6674067216150306 | -0.7265889713521545 | -0.7409338337622611:0.21058435803951703 | -0.07624034021506532 | -0.660667246083257
0.21058435803951703 | -0.07624034021506532 | -0.660667246083257 | -0.7265889713521545 | -0.7409338337622611:0.23580890051607817 | -0.10062073457322995 | -0.6520256638269739
0.23580890051607817 | -0.10062073457322995 | -0.6520256638269739 | 0.7581735621031025 | 0.06287308035198547:0.23474630174316236 | -0.07616098980042452 | -0.6589123703818771
0.23474630174316236 | -0.07616098980042452 | -0.6589123703818771 | 0.7581735621031025 | 0.06287308035198547:0.233646238122037 | -0.05134915062879841 | -0.6648489682611807
0.233646238122037 | -0.05134915062879841 | -0.6648489682611807 | 0.7581735621031025 | 0.06287308035198547:0.232511982817873 | -0.026223197112010155 | -0.6698187056852554
0.232511982817873 | -0.026223197112010155 | -0.6698187056852554 | 0.7581735621031025 | 0.06287308035198547:0.23134686677969096 | -8.218477212516007E-4 | -0.6738064005634641
0.23134686677969096 | -8.218477212516007E-4 | -0.6738064005634641 | 0.7581735621031025 | 0.06287308035198547:0.23015427327315763 | 0.02481550612404959 | -0.6767984713086346
0.23015427327315763 | 0.02481550612404959 | -0.6767984713086346 | 0.8208380192133578 | 0.4173325215042285:0.21687563703831358 | 0.05277312745341689 | -0.6825716194566258
0.21687563703831358 | 0.05277312745341689 | -0.6825716194566258 | 0.8208380192133578 | 0.4173325215042285:0.20343901343764692 | 0.08105173421632372 | -0.6868940924362654
0.20343901343764692 | 0.08105173421632372 | -0.6868940924362654 | 0.8208380192133578 | 0.4173325215042285:0.18987613027133143 | 0.10958952985137316 | -0.6897454882841334
0.18987613027133143 | 0.10958952985137316 | -0.6897454882841334 | 0.8208380192133578 | 0.4173325215042285:0.1762191801580677 | 0.13832373204026993 | -0.6911087898307287
0.1762191801580677 | 0.13832373204026993 | -0.6911087898307287 | 0.8208380192133578 | 0.4173325215042285:0.16250074441090767 | 0.16719072134210933 | -0.6909704196149846
0.16250074441090767 | 0.16719072134210933 | -0.6909704196149846 | 0.8208380192133578 | 0.4173325215042285:0.14875371579411922 | 0.1961261921987827 | -0.6893202865049162
0.14875371579411922 | 0.1961261921987827 | -0.6893202865049162 | 0.8208380192133578 | 0.4173325215042285:0.1350112203490328 | 0.2250653059442307 | -0.6861518239062327
0.1350112203490328 | 0.2250653059442307 | -0.6861518239062327 | 0.8208380192133578 | 0.4173325215042285:0.12130653847889672 | 0.25394284544571377 | -0.6814620194614349
0.12130653847889672 | 0.25394284544571377 | -0.6814620194614349 | 0.8208380192133578 | 0.4173325215042285:0.1076730254844005 | 0.2826933710016952 | -0.6752514361623767
0.1076730254844005 | 0.2826933710016952 | -0.6752514361623767 | 0.8208380192133578 | 0.4173325215042285:0.09414403174268404 | 0.3112513771182286 | -0.6675242248201414
0.09414403174268404 | 0.3112513771182286 | -0.6675242248201414 | 0.43188872185883787 | 0.1931163917887293:0.08806497663059076 | 0.32672156579834777 | -0.663820038142088
0.08806497663059076 | 0.32672156579834777 | -0.663820038142088 | 0.43188872185883787 | 0.1931163917887293:0.08200044062680067 | 0.34214565106699624 | -0.6596793609695233
0.08200044062680067 | 0.34214565106699624 | -0.6596793609695233 | 0.43188872185883787 | 0.1931163917887293:0.07595531158248914 | 0.3575128774137504 | -0.6551028735921314
0.07595531158248914 | 0.3575128774137504 | -0.6551028735921314 | 0.43188872185883787 | 0.1931163917887293:0.06993446667661107 | 0.372812507902605 | -0.6500915766828541
0.06993446667661107 | 0.372812507902605 | -0.6500915766828541 | 0.43188872185883787 | 0.1931163917887293:0.06394276895094197 | 0.3880338319511232 | -0.644646790236191
0.06394276895094197 | 0.3880338319511232 | -0.644646790236191 | 0.4324558504184344 | 0.7946847782669593:0.03874899056090353 | 0.40318426942297947 | -0.6402136352895944
0.03874899056090353 | 0.40318426942297947 | -0.6402136352895944 | 0.4324558504184344 | 0.7946847782669593:0.013682569137456468 | 0.41826627526647897 | -0.6344111768917564
0.013682569137456468 | 0.41826627526647897 | -0.6344111768917564 | 0.4324558504184344 | 0.7946847782669593:-0.01119956913084419 | 0.43324896390342715 | -0.627243985576694
-0.01119956913084419 | 0.43324896390342715 | -0.627243985576694 | 0.4324558504184344 | 0.7946847782669593:-0.035840648883213255 | 0.4481014969694854 | -0.6187197269295233
-0.035840648883213255 | 0.4481014969694854 | -0.6187197269295233 | 0.4324558504184344 | 0.7946847782669593:-0.060184176225878794 | 0.4627931544868531 | -0.6088491547995929
-0.060184176225878794 | 0.4627931544868531 | -0.6088491547995929 | -0.37167780332963374 | -0.6204971426880037:-0.04112974773784028 | 0.45276933164699074 | -0.6207925604110471
-0.04112974773784028 | 0.45276933164699074 | -0.6207925604110471 | -0.37167780332963374 | -0.6204971426880037:-0.021660077119162402 | 0.44247679828963626 | -0.631959924914117
-0.021660077119162402 | 0.44247679828963626 | -0.631959924914117 | -0.37167780332963374 | -0.6204971426880037:-0.0017999646949133918 | 0.43193034927885066 | -0.6423310606067467
-0.0017999646949133918 | 0.43193034927885066 | -0.6423310606067467 | -0.37167780332963374 | -0.6204971426880037:0.018425101009077238 | 0.4211452006790992 | -0.6518868847482686
0.018425101009077238 | 0.4211452006790992 | -0.6518868847482686 | -0.37167780332963374 | -0.6204971426880037:0.038988980466038825 | 0.41013696777798003 | -0.6606094509297229
0.038988980466038825 | 0.41013696777798003 | -0.6606094509297229 | 0.6991197462678449 | 0.8491433512868403:0.011573009259511657 | 0.4342055285355464 | -0.6487850691809847
0.011573009259511657 | 0.4342055285355464 | -0.6487850691809847 | 0.6991197462678449 | 0.8491433512868403:-0.01535680633708747 | 0.4578967458355443 | -0.6349121454803353
-0.01535680633708747 | 0.4578967458355443 | -0.6349121454803353 | 0.6991197462678449 | 0.8491433512868403:-0.04171104960128691 | 0.4811365620414847 | -0.6190233677922805
-0.04171104960128691 | 0.4811365620414847 | -0.6190233677922805 | 0.6991197462678449 | 0.8491433512868403:-0.06740174593199022 | 0.5038519897640299 | -0.6011580452862546
-0.06740174593199022 | 0.5038519897640299 | -0.6011580452862546 | 0.6991197462678449 | 0.8491433512868403:-0.09234265462169855 | 0.5259713538714905 | -0.5813620061468043
-0.09234265462169855 | 0.5259713538714905 | -0.5813620061468043 | 0.6991197462678449 | 0.8491433512868403:-0.11644955577392668 | 0.5474245298830063 | -0.5596874736610857
-0.11644955577392668 | 0.5474245298830063 | -0.5596874736610857 | 0.6991197462678449 | 0.8491433512868403:-0.13964053140909094 | 0.5681431779503114 | -0.5361929209532335
-0.13964053140909094 | 0.5681431779503114 | -0.5361929209532335 | 0.6991197462678449 | 0.8491433512868403:-0.16183623982053685 | 0.5880609716478915 | -0.5109429048056668
-0.16183623982053685 | 0.5880609716478915 | -0.5109429048056668 | 0.6991197462678449 | 0.8491433512868403:-0.1829601822639244 | 0.6071138208077986 | -0.48400787907725373
-0.1829601822639244 | 0.6071138208077986 | -0.48400787907725373 | 0.6991197462678449 | 0.8491433512868403:-0.20293896108772813 | 0.6252400876545554 | -0.4554639882957403
-0.20293896108772813 | 0.6252400876545554 | -0.4554639882957403 | -0.32892888002887344 | 0.5144218861805687:-0.2153864912134944 | 0.6192119423528819 | -0.46146440545113876
-0.2153864912134944 | 0.6192119423528819 | -0.46146440545113876 | -0.32892888002887344 | 0.5144218861805687:-0.22800609170293296 | 0.6130514871770707 | -0.4670422107772936
-0.22800609170293296 | 0.6130514871770707 | -0.4670422107772936 | -0.32892888002887344 | 0.5144218861805687:-0.24078650066983798 | 0.6067660487092592 | -0.47218982391311215
-0.24078650066983798 | 0.6067660487092592 | -0.47218982391311215 | -0.32892888002887344 | 0.5144218861805687:-0.2537162412267264 | 0.6003630927302304 | -0.4769001034331595
-0.2537162412267264 | 0.6003630927302304 | -0.4769001034331595 | -0.32892888002887344 | 0.5144218861805687:-0.26678363383074544 | 0.5938502164124664 | -0.4811663551337588
-0.26678363383074544 | 0.5938502164124664 | -0.4811663551337588 | -0.40336138708625646 | 0.6898246874773848:-0.28429459708799865 | 0.5853999546742443 | -0.4846890432624704
-0.28429459708799865 | 0.5853999546742443 | -0.4846890432624704 | -0.40336138708625646 | 0.6898246874773848:-0.30194343333426676 | 0.5768436399275032 | -0.48742711276741346
-0.30194343333426676 | 0.5768436399275032 | -0.48742711276741346 | -0.40336138708625646 | 0.6898246874773848:-0.3197023027833925 | 0.5681976441420531 | -0.4893725306405585
-0.3197023027833925 | 0.5681976441420531 | -0.4893725306405585 | -0.40336138708625646 | 0.6898246874773848:-0.3375430633761738 | 0.5594785278613479 | -0.4905186114740019
-0.3375430633761738 | 0.5594785278613479 | -0.4905186114740019 | -0.40336138708625646 | 0.6898246874773848:-0.35543731988442673 | 0.5507030116606355 | -0.49086003247162324
-0.35543731988442673 | 0.5507030116606355 | -0.49086003247162324 | -0.40336138708625646 | 0.6898246874773848:-0.3733564735215591 | 0.5418879472845095 | -0.49039284605400724
-0.3733564735215591 | 0.5418879472845095 | -0.49039284605400724 | -0.40336138708625646 | 0.6898246874773848:-0.3912717719713754 | 0.5330502885152555 | -0.489114490034261
-0.3912717719713754 | 0.5330502885152555 | -0.489114490034261 | -0.40336138708625646 | 0.6898246874773848:-0.40915435974629943 | 0.5242070618237413 | -0.48702379534659457
-0.40915435974629943 | 0.5242070618237413 | -0.48702379534659457 | -0.40336138708625646 | 0.6898246874773848:-0.4269753287855984 | 0.5153753368549863 | -0.48412099131386555
-0.4269753287855984 | 0.5153753368549863 | -0.48412099131386555 | -0.40336138708625646 | 0.6898246874773848:-0.44470576920394755 | 0.5065721968007564 | -0.48040770844477976
-0.44470576920394755 | 0.5065721968007564 | -0.48040770844477976 | 0.6933302423270211 | -0.9016131411235693:-0.42428953991965734 | 0.5240067233486769 | -0.48313567774155075
-0.42428953991965734 | 0.5240067233486769 | -0.48313567774155075 | 0.6933302423270211 | -0.9016131411235693:-0.40374567238090364 | 0.5415482220174495 | -0.4843258847662497
-0.40374567238090364 | 0.5415482220174495 | -0.4843258847662497 | 0.6933302423270211 | -0.9016131411235693:-0.38314476684690746 | 0.5591427573756773 | -0.48396833234825465
-0.38314476684690746 | 0.5591427573756773 | -0.48396833234825465 | 0.6933302423270211 | -0.9016131411235693:-0.3625578404187806 | 0.5767359821206153 | -0.4820581899655778
-0.3625578404187806 | 0.5767359821206153 | -0.4820581899655778 | 0.6933302423270211 | -0.9016131411235693:-0.34205608725504 | 0.5942733209141728 | -0.4785958260841099
-0.34205608725504 | 0.5942733209141728 | -0.4785958260841099 | 0.8332033839131854 | -0.20728968064155673:-0.3379990665343797 | 0.6148925145746804 | -0.45784617476407163
-0.3379990665343797 | 0.6148925145746804 | -0.45784617476407163 | 0.8332033839131854 | -0.20728968064155673:-0.33415072636946164 | 0.6346534878668897 | -0.43616233428890894
-0.33415072636946164 | 0.6346534878668897 | -0.43616233428890894 | 0.8332033839131854 | -0.20728968064155673:-0.3305210617533998 | 0.6535156523104102 | -0.4135825024477029
-0.3305210617533998 | 0.6535156523104102 | -0.4135825024477029 | 0.8332033839131854 | -0.20728968064155673:-0.3271196517835637 | 0.6714400484693601 | -0.3901467491893058
-0.3271196517835637 | 0.6714400484693601 | -0.3901467491893058 | 0.8332033839131854 | -0.20728968064155673:-0.3239556398618504 | 0.6883894271551033 | -0.36589694136079487
-0.3239556398618504 | 0.6883894271551033 | -0.36589694136079487 | 0.5156129704082861 | -0.5894790479778795:-0.3141371914825495 | 0.6988799221303916 | -0.3580854453868483
-0.3141371914825495 | 0.6988799221303916 | -0.3580854453868483 | 0.5156129704082861 | -0.5894790479778795:-0.3045368002582389 | 0.7091691036354939 | -0.3496972345234397
-0.3045368002582389 | 0.7091691036354939 | -0.3496972345234397 | 0.5156129704082861 | -0.5894790479778795:-0.29517213694004596 | 0.7192415473401282 | -0.340743812845794
-0.29517213694004596 | 0.7192415473401282 | -0.340743812845794 | 0.5156129704082861 | -0.5894790479778795:-0.28606051990081305 | 0.7290821229758835 | -0.33123764275042333
-0.28606051990081305 | 0.7290821229758835 | -0.33123764275042333 | 0.5156129704082861 | -0.5894790479778795:-0.27721888578419396 | 0.7386760202698799 | -0.32119212609947567
-0.27721888578419396 | 0.7386760202698799 | -0.32119212609947567 | 0.08373477402826479 | -0.5544441775396207:-0.26876174391459173 | 0.7413012389934779 | -0.32622493659221163
-0.26876174391459173 | 0.7413012389934779 | -0.32622493659221163 | 0.08373477402826479 | -0.5544441775396207:-0.26014841789023535 | 0.7439369724864204 | -0.33101194960306657
-0.26014841789023535 | 0.7439369724864204 | -0.33101194960306657 | 0.08373477402826479 | -0.5544441775396207:-0.25138594734242403 | 0.746582303574856 | -0.33554836032630675
-0.25138594734242403 | 0.746582303574856 | -0.33554836032630675 | 0.08373477402826479 | -0.5544441775396207:-0.24248151506389348 | 0.7492362916662971 | -0.3398295743709383
-0.24248151506389348 | 0.7492362916662971 | -0.3398295743709383 | 0.08373477402826479 | -0.5544441775396207:-0.23344244072326248 | 0.7518979737035263 | -0.34385121200971724
-0.23344244072326248 | 0.7518979737035263 | -0.34385121200971724 | 0.9751483554246312 | 0.006663516788446122:-0.23392762950120272 | 0.7690221051049129 | -0.3072216833992769
-0.23392762950120272 | 0.7690221051049129 | -0.3072216833992769 | 0.9751483554246312 | 0.006663516788446122:-0.2343966662154351 | 0.7843508299097062 | -0.26973443097796235
-0.2343966662154351 | 0.7843508299097062 | -0.26973443097796235 | 0.9751483554246312 | 0.006663516788446122:-0.2348493093606301 | 0.797841155442546 | -0.23147823659446942
-0.2348493093606301 | 0.797841155442546 | -0.23147823659446942 | 0.9751483554246312 | 0.006663516788446122:-0.23528534766325393 | 0.8094545164918703 | -0.19254402953352212
-0.23528534766325393 | 0.8094545164918703 | -0.19254402953352212 | 0.9751483554246312 | 0.006663516788446122:-0.23570460077549882 | 0.8191568817580208 | -0.15302466402796
