0.0 | 0.0 | 0.0 | 0.4737743128235816 | 0.983477941742519:4.91402909205533E-4 | -2.3686500195485571E-4 | 0.009985109821713195
4.91402909205533E-4 | -2.3686500195485571E-4 | 0.009985109821713195 | 0.4737743128235816 | 0.983477941742519:0.0019525966116514248 | -9.418885950562839E-4 | 0.019781562434415298
0.0019525966116514248 | -9.418885950562839E-4 | 0.019781562434415298 | 0.4737743128235816 | 0.983477941742519:0.004359944758978784 | -0.002104711838984974 | 0.02930376205836873
0.004359944758978784 | -0.002104711838984974 | 0.02930376205836873 | 0.25116936708368787 | 0.5969219946818867:0.006940730662673916 | -0.0032803003290919897 | 0.038648936797010064
0.006940730662673916 | -0.0032803003290919897 | 0.038648936797010064 | 0.25116936708368787 | 0.5969219946818867:0.010061778690240776 | -0.004683334939732164 | 0.04773680123589548
0.010061778690240776 | -0.004683334939732164 | 0.04773680123589548 | 0.25116936708368787 | 0.5969219946818867:0.013707552751320178 | -0.0063074588195604075 | 0.05654106361697317
0.013707552751320178 | -0.0063074588195604075 | 0.05654106361697317 | 0.25116936708368787 | 0.5969219946818867:0.017861601266955594 | -0.00814592414769999 | 0.06503632888592745
0.017861601266955594 | -0.00814592414769999 | 0.06503632888592745 | 0.25116936708368787 | 0.5969219946818867:0.022506595997340652 | -0.010191608264148666 | 0.07319813178379675
0.022506595997340652 | -0.010191608264148666 | 0.07319813178379675 | -0.5799673584313745 | -0.46722587297004425:0.023266934783143622 | -0.009028285195202823 | 0.08280341958540627
0.023266934783143622 | -0.009028285195202823 | 0.08280341958540627 | -0.5799673584313745 | -0.46722587297004425:0.0235732095258996 | -0.0073233193427031384 | 0.09237673065266339
0.0235732095258996 | -0.0073233193427031384 | 0.09237673065266339 | -0.5799673584313745 | -0.46722587297004425:0.02342941661595671 | -0.005080880273768962 | 0.10187898759946845
0.02342941661595671 | -0.005080880273768962 | 0.10187898759946845 | -0.5799673584313745 | -0.46722587297004425:0.022840726318611643 | -0.002306604629246145 | 0.11127164136150347
0.022840726318611643 | -0.002306604629246145 | 0.11127164136150347 | -0.5799673584313745 | -0.46722587297004425:0.02181345953904318 | 9.924315479932222E-4 | 0.12051675348174806
0.02181345953904318 | 9.924315479932222E-4 | 0.12051675348174806 | -0.07644438741422133 | -0.6906554938915574:0.018903488166505028 | 0.00155717188255311 | 0.12987646059445535
0.018903488166505028 | 0.00155717188255311 | 0.12987646059445535 | -0.07644438741422133 | -0.6906554938915574:0.015362013733603797 | 0.0021894977796144133 | 0.13907867823367115
0.015362013733603797 | 0.0021894977796144133 | 0.13907867823367115 | -0.07644438741422133 | -0.6906554938915574:0.011199830099359154 | 0.0028883021822929678 | 0.14809123972859317
0.011199830099359154 | 0.0028883021822929678 | 0.14809123972859317 | -0.07644438741422133 | -0.6906554938915574:0.006429131058034443 | 0.00365232154581685 | 0.15688265463588769
0.006429131058034443 | 0.00365232154581685 | 0.15688265463588769 | -0.07644438741422133 | -0.6906554938915574:0.0010634734304615923 | 0.004480139818284545 | 0.16542216453930791
0.0010634734304615923 | 0.004480139818284545 | 0.16542216453930791 | 0.5152958020250173 | -0.35387023505990967:-0.0019585334701464896 | 2.2800281908241793E-4 | 0.1738201930173091
-0.0019585334701464896 | 2.2800281908241793E-4 | 0.1738201930173091 | 0.5152958020250173 | -0.35387023505990967:-0.005271825628604038 | -0.004452008848569777 | 0.18196227863755898
-0.005271825628604038 | -0.004452008848569777 | 0.18196227863755898 | 0.5152958020250173 | -0.35387023505990967:-0.00886850971173861 | -0.009548694247113909 | 0.18982533051543649
-0.00886850971173861 | -0.009548694247113909 | 0.18982533051543649 | 0.5152958020250173 | -0.35387023505990967:-0.012740200794723683 | -0.015050127831877091 | 0.1973869396454102
-0.012740200794723683 | -0.015050127831877091 | 0.1973869396454102 | 0.5152958020250173 | -0.35387023505990967:-0.016878040042919706 | -0.020943684819695996 | 0.2046254083597745
-0.016878040042919706 | -0.020943684819695996 | 0.2046254083597745 | 0.454847329129519 | -0.21388998487578292:-0.019792643711835395 | -0.026575604096922056 | 0.21174477053667795
-0.019792643711835395 | -0.026575604096922056 | 0.21174477053667795 | 0.454847329129519 | -0.21388998487578292:-0.022857211438991748 | -0.032534389576341916 | 0.2185918793536743
-0.022857211438991748 | -0.032534389576341916 | 0.2185918793536743 | 0.454847329129519 | -0.21388998487578292:-0.026066773713946945 | -0.03880956493425036 | 0.22515438207805172
-0.026066773713946945 | -0.03880956493425036 | 0.22515438207805172 | 0.454847329129519 | -0.21388998487578292:-0.029416216605899687 | -0.045390342135881445 | 0.23142037175945607
-0.029416216605899687 | -0.045390342135881445 | 0.23142037175945607 | 0.454847329129519 | -0.21388998487578292:-0.032900288367738714 | -0.05226563538553286 | 0.23737839508464198
-0.032900288367738714 | -0.05226563538553286 | 0.23737839508464198 | 0.6515312706663383 | 0.16624882222096393:-0.0318932259067369 | -0.06181474820191979 | 0.24307140706110708
-0.0318932259067369 | -0.06181474820191979 | 0.24307140706110708 | 0.6515312706663383 | 0.16624882222096393:-0.030772748781384394 | -0.07175876770249578 | 0.24831353729601213
-0.030772748781384394 | -0.07175876770249578 | 0.24831353729601213 | 0.6515312706663383 | 0.16624882222096393:-0.02954451605721964 | -0.0820764041493105 | 0.2530851069329323
-0.02954451605721964 | -0.0820764041493105 | 0.2530851069329323 | 0.6515312706663383 | 0.16624882222096393:-0.02821437494151995 | -0.0927456078214115 | 0.2573674744142149
-0.02821437494151995 | -0.0927456078214115 | 0.2573674744142149 | 0.6515312706663383 | 0.16624882222096393:-0.026788349260993757 | -0.10374361378905705 | 0.2611430626478741
-0.026788349260993757 | -0.10374361378905705 | 0.2611430626478741 | 0.6515312706663383 | 0.16624882222096393:-0.025272627744326537 | -0.11504698748393705 | 0.2643953842264519
-0.025272627744326537 | -0.11504698748393705 | 0.2643953842264519 | 0.6515312706663383 | 0.16624882222096393:-0.023673552128902972 | -0.12663167099000572 | 0.2671090646776104
-0.023673552128902972 | -0.12663167099000572 | 0.2671090646776104 | 0.6515312706663383 | 0.16624882222096393:-0.02199760511109053 | -0.13847302997923272 | 0.2692698637292388
-0.02199760511109053 | -0.13847302997923272 | 0.2692698637292388 | 0.6515312706663383 | 0.16624882222096393:-0.020251398159506745 | -0.15054590121639277 | 0.27086469457476525
-0.020251398159506745 | -0.15054590121639277 | 0.27086469457476525 | 0.6515312706663383 | 0.16624882222096393:-0.018441659210702482 | -0.16282464055692136 | 0.2718816411273206
-0.018441659210702482 | -0.16282464055692136 | 0.2718816411273206 | 0.5033222473769916 | 0.9948654816729239:-0.00521798073820387 | -0.17326152798591155 | 0.2740526686977365
-0.00521798073820387 | -0.17326152798591155 | 0.2740526686977365 | 0.5033222473769916 | 0.9948654816729239:0.008364780814792416 | -0.1838558322322812 | 0.2751486144259969
0.008364780814792416 | -0.1838558322322812 | 0.2751486144259969 | 0.5033222473769916 | 0.9948654816729239:0.022241789937240908 | -0.1945755726829792 | 0.2751346381999591
0.022241789937240908 | -0.1945755726829792 | 0.2751346381999591 | 0.5033222473769916 | 0.9948654816729239:0.036346002956737594 | -0.20538758628234888 | 0.2739808019657328
0.036346002956737594 | -0.20538758628234888 | 0.2739808019657328 | 0.5033222473769916 | 0.9948654816729239:0.05060846337628824 | -0.21625767495458303 | 0.2716622293876947
0.05060846337628824 | -0.21625767495458303 | 0.2716622293876947 | 0.5033222473769916 | 0.9948654816729239:0.06495860540156119 | -0.2271507574442797 | 0.2681592436244298
0.06495860540156119 | -0.2271507574442797 | 0.2681592436244298 | 0.5033222473769916 | 0.9948654816729239:0.07932456438585667 | -0.23803102493754302 | 0.2634574827230365
0.07932456438585667 | -0.23803102493754302 | 0.2634574827230365 | 0.5033222473769916 | 0.9948654816729239:0.09363349289901855 | -0.24886209981430296 | 0.25754799222495706
0.09363349289901855 | -0.24886209981430296 | 0.25754799222495706 | 0.5033222473769916 | 0.9948654816729239:0.10781188111056389 | -0.2596071968733167 | 0.25042729466814784
0.10781188111056389 | -0.2596071968733167 | 0.25042729466814784 | 0.5033222473769916 | 0.9948654816729239:0.12178588016643588 | -0.2702292863646383 | 0.2420974357627923
0.12178588016643588 | -0.2702292863646383 | 0.2420974357627923 | 0.5033222473769916 | 0.9948654816729239:0.13548162723299817 | -0.2806912581602621 | 0.23256600711034103
0.13548162723299817 | -0.2806912581602621 | 0.23256600711034103 | 0.5033222473769916 | 0.9948654816729239:0.1488255708811782 | -0.2909560863921232 | 0.22184614542837444
0.1488255708811782 | -0.2909560863921232 | 0.22184614542837444 | 0.5033222473769916 | 0.9948654816729239:0.1617447954879918 | -0.30098699388764594 | 0.20995650833588364
0.1617447954879918 | -0.30098699388764594 | 0.20995650833588364 | 0.5033222473769916 | 0.9948654816729239:0.1741673433420059 | -0.31074761573661736 | 0.19692122684520186
0.1741673433420059 | -0.31074761573661736 | 0.19692122684520186 | 0.5033222473769916 | 0.9948654816729239:0.18602253315354011 | -0.3202021613292265 | 0.18276983479716158
0.18602253315354011 | -0.3202021613292265 | 0.18276983479716158 | -0.5369580896522164 | 0.8364123820413081:0.19661355707902262 | -0.31966073017238283 | 0.1859615536100847
0.19661355707902262 | -0.31966073017238283 | 0.1859615536100847 | -0.5369580896522164 | 0.8364123820413081:0.20741098352005616 | -0.3189181421144891 | 0.18866767320514377
0.20741098352005616 | -0.3189181421144891 | 0.18866767320514377 | -0.5369580896522164 | 0.8364123820413081:0.21839207515888215 | -0.31798935034217823 | 0.19086853980125795
0.21839207515888215 | -0.31798935034217823 | 0.19086853980125795 | -0.5369580896522164 | 0.8364123820413081:0.2295330764080581 | -0.3168899766772224 | 0.19254607872021445
0.2295330764080581 | -0.3168899766772224 | 0.19254607872021445 | -0.5369580896522164 | 0.8364123820413081:0.2408092921535836 | -0.31563626202914286 | 0.1936838642173786
0.2408092921535836 | -0.31563626202914286 | 0.1936838642173786 | 0.1798214090535093 | 0.8462337721039181:0.25180870002907385 | -0.32137578441197956 | 0.1827622920265224
0.25180870002907385 | -0.32137578441197956 | 0.1827622920265224 | 0.1798214090535093 | 0.8462337721039181:0.26239391844551196 | -0.3269969129193715 | 0.17114192074071255
0.26239391844551196 | -0.3269969129193715 | 0.17114192074071255 | 0.1798214090535093 | 0.8462337721039181:0.27252711444800815 | -0.3324918592187185 | 0.15884176099323355
0.27252711444800815 | -0.3324918592187185 | 0.15884176099323355 | 0.1798214090535093 | 0.8462337721039181:0.28217138170797007 | -0.33785301936393 | 0.14588285575826276
0.28217138170797007 | -0.33785301936393 | 0.14588285575826276 | 0.1798214090535093 | 0.8462337721039181:0.29129084055487464 | -0.34307299530981794 | 0.13228822974181043
0.29129084055487464 | -0.34307299530981794 | 0.13228822974181043 | 0.1798214090535093 | 0.8462337721039181:0.29985073527655537 | -0.3481446158680406 | 0.11808283382561768
0.29985073527655537 | -0.3481446158680406 | 0.11808283382561768 | 0.1798214090535093 | 0.8462337721039181:0.3078175284629494 | -0.3530609570561012 | 0.10329348471695887
0.3078175284629494 | -0.3530609570561012 | 0.10329348471695887 | 0.1798214090535093 | 0.8462337721039181:0.3151589921763236 | -0.3578153617925768 | 0.08794879996765559
0.3151589921763236 | -0.3578153617925768 | 0.08794879996765559 | 0.1798214090535093 | 0.8462337721039181:0.32184429573946627 | -0.36240145889348874 | 0.07207912853547782
0.32184429573946627 | -0.36240145889348874 | 0.07207912853547782 | 0.1798214090535093 | 0.8462337721039181:0.32784408994226943 | -0.366813181326604 | 0.055716477070541615
0.32784408994226943 | -0.366813181326604 | 0.055716477070541615 | 0.1798214090535093 | 0.8462337721039181:0.3331305874763837 | -0.37104478368236293 | 0.038894432118276256
0.3331305874763837 | -0.37104478368236293 | 0.038894432118276256 | 0.1798214090535093 | 0.8462337721039181:0.33767763941731666 | -0.37509085882217974 | 0.021648078439067575
0.33767763941731666 | -0.37509085882217974 | 0.021648078439067575 | 0.1798214090535093 | 0.8462337721039181:0.3414608075833545 | -0.3789463536668993 | 0.004013913652604728
0.3414608075833545 | -0.3789463536668993 | 0.004013913652604728 | 0.1798214090535093 | 0.8462337721039181:0.3444574326109935 | -0.38260658409041426 | -0.013970240577513948
0.3444574326109935 | -0.38260658409041426 | -0.013970240577513948 | 0.1798214090535093 | 0.8462337721039181:0.34664669759722777 | -0.38606724888563804 | -0.032265330596397135
0.34664669759722777 | -0.38606724888563804 | -0.032265330596397135 | -0.09947500297708034 | 0.05764637307645537:0.3497586030843145 | -0.38979010860101226 | -0.031633247191757974
0.3497586030843145 | -0.38979010860101226 | -0.031633247191757974 | -0.09947500297708034 | 0.05764637307645537:0.35283957418521705 | -0.39347548866660986 | -0.030980296559745213
0.35283957418521705 | -0.39347548866660986 | -0.030980296559745213 | -0.09947500297708034 | 0.05764637307645537:0.35589003058299795 | -0.3971235732833769 | -0.03030676504507568
0.35589003058299795 | -0.3971235732833769 | -0.03030676504507568 | -0.09947500297708034 | 0.05764637307645537:0.3589103870008348 | -0.4007345461248093 | -0.02961293700198908
0.3589103870008348 | -0.4007345461248093 | -0.02961293700198908 | -0.09947500297708034 | 0.05764637307645537:0.36190105325561994 | -0.4043085903353525 | -0.028899094803229275
0.36190105325561994 | -0.4043085903353525 | -0.028899094803229275 | -0.09947500297708034 | 0.05764637307645537:0.3648624343109965 | -0.4078458885288718 | -0.028165518849085913
0.3648624343109965 | -0.4078458885288718 | -0.028165518849085913 | -0.09947500297708034 | 0.05764637307645537:0.36779493032982913 | -0.4113466227871747 | -0.02741248757648762
0.36779493032982913 | -0.4113466227871747 | -0.02741248757648762 | -0.09947500297708034 | 0.05764637307645537:0.3706989367261322 | -0.4148109746585984 | -0.026640277468132467
0.3706989367261322 | -0.4148109746585984 | -0.026640277468132467 | -0.09947500297708034 | 0.05764637307645537:0.3735748442164457 | -0.4182391251566706 | -0.025849163061666403
0.3735748442164457 | -0.4182391251566706 | -0.025849163061666403 | -0.09947500297708034 | 0.05764637307645537:0.3764230388706693 | -0.4216312547588039 | -0.02503941695891143
0.3764230388706693 | -0.4216312547588039 | -0.02503941695891143 | -0.09947500297708034 | 0.05764637307645537:0.3792439021623597 | -0.4249875434050949 | -0.02421130983511688
0.3792439021623597 | -0.4249875434050949 | -0.02421130983511688 | -0.09947500297708034 | 0.05764637307645537:0.38203781101850076 | -0.4283081704971252 | -0.023365110448260396
0.38203781101850076 | -0.4283081704971252 | -0.023365110448260396 | -0.09947500297708034 | 0.05764637307645537:0.3848051378687476 | -0.43159331489689023 | -0.02250108564838449
0.3848051378687476 | -0.43159331489689023 | -0.02250108564838449 | -0.09947500297708034 | 0.05764637307645537:0.3875462506941396 | -0.43484315492572634 | -0.02161950038695437
0.3875462506941396 | -0.43484315492572634 | -0.02161950038695437 | -0.09947500297708034 | 0.05764637307645537:0.3902615130753144 | -0.43805786836332317 | -0.02072061772626732
0.3902615130753144 | -0.43805786836332317 | -0.02072061772626732 | -0.8819518717121373 | 0.6749825759242105:0.39273572535713974 | -0.44163031412654163 | -0.014659530772865637
0.39273572535713974 | -0.44163031412654163 | -0.014659530772865637 | -0.8819518717121373 | 0.6749825759242105:0.39539030705057954 | -0.44490274559606746 | -0.008489782268791046
0.39539030705057954 | -0.44490274559606746 | -0.008489782268791046 | -0.8819518717121373 | 0.6749825759242105:0.398230094684763 | -0.44786906167150065 | -0.0022317017434581032
0.398230094684763 | -0.44786906167150065 | -0.0022317017434581032 | -0.8819518717121373 | 0.6749825759242105:0.40125917846774506 | -0.4505241183826918 | 0.004093863044881019
0.40125917846774506 | -0.4505241183826918 | 0.004093863044881019 | -0.8819518717121373 | 0.6749825759242105:0.404480883343183 | -0.4528637553319399 | 0.010465619657244574
0.404480883343183 | -0.4528637553319399 | 0.010465619657244574 | -0.8819518717121373 | 0.6749825759242105:0.40789775279828255 | -0.4548848185830856 | 0.01686190645919794
0.40789775279828255 | -0.4548848185830856 | 0.01686190645919794 | -0.8819518717121373 | 0.6749825759242105:0.4115115354869836 | -0.4565851799079219 | 0.023260769768151945
0.4115115354869836 | -0.4565851799079219 | 0.023260769768151945 | -0.8819518717121373 | 0.6749825759242105:0.41532317472197455 | -0.4579637523135993 | 0.029640042381766207
0.41532317472197455 | -0.4579637523135993 | 0.029640042381766207 | -0.8819518717121373 | 0.6749825759242105:0.41933280087874714 | -0.45902050178836973 | 0.03597742320151198
0.41933280087874714 | -0.45902050178836973 | 0.03597742320151198 | -0.8819518717121373 | 0.6749825759242105:0.4235397267443233 | -0.4597564552165778 | 0.042250557661644095
0.4235397267443233 | -0.4597564552165778 | 0.042250557661644095 | 0.0520176799759271 | 0.4357396492988952:0.42686295542582897 | -0.4626059425894873 | 0.03200763695067721
0.42686295542582897 | -0.4626059425894873 | 0.03200763695067721 | 0.0520176799759271 | 0.4357396492988952:0.42994013885178717 | -0.46540184734038803 | 0.02162382500318394
0.42994013885178717 | -0.46540184734038803 | 0.02162382500318394 | 0.0520176799759271 | 0.4357396492988952:0.43276712468626855 | -0.46814390898992286 | 0.011105848626300485
0.43276712468626855 | -0.46814390898992286 | 0.011105848626300485 | 0.0520176799759271 | 0.4357396492988952:0.43533994558406164 | -0.4708318865699539 | 4.605363364849069E-4
0.43533994558406164 | -0.4708318865699539 | 4.605363364849069E-4 | 0.0520176799759271 | 0.4357396492988952:0.43765482124096877 | -0.4734655588992567 | -0.010305186683373435
0.43765482124096877 | -0.4734655588992567 | -0.010305186683373435 | 0.6898686720773981 | -0.1922533244789928:0.44030234453907013 | -0.4754327498667621 | -0.022542554598944164
0.44030234453907013 | -0.4754327498667621 | -0.022542554598944164 | 0.6898686720773981 | -0.1922533244789928:0.4430457604437059 | -0.4769449539850221 | -0.03487911113043296
0.4430457604437059 | -0.4769449539850221 | -0.03487911113043296 | 0.6898686720773981 | -0.1922533244789928:0.4458866939626063 | -0.4779971508097276 | -0.04729661913276573
0.4458866939626063 | -0.4779971508097276 | -0.04729661913276573 | 0.6898686720773981 | -0.1922533244789928:0.44882656938630916 | -0.47858502494030475 | -0.05977660927758599
0.44882656938630916 | -0.47858502494030475 | -0.05977660927758599 | 0.6898686720773981 | -0.1922533244789928:0.4518666080392073 | -0.478704974715491 | -0.0723004097537352
0.4518666080392073 | -0.478704974715491 | -0.0723004097537352 | 0.6898686720773981 | -0.1922533244789928:0.4550078263533912 | -0.4783541197547265 | -0.08484917627530386
0.4550078263533912 | -0.4783541197547265 | -0.08484917627530386 | 0.6898686720773981 | -0.1922533244789928:0.45825103426745173 | -0.47753030733667856 | -0.09740392234951933
0.45825103426745173 | -0.47753030733667856 | -0.09740392234951933 | 0.6898686720773981 | -0.1922533244789928:0.46159683395201156 | -0.47623211760784656 | -0.10994554975649784
0.46159683395201156 | -0.47623211760784656 | -0.10994554975649784 | 0.6898686720773981 | -0.1922533244789928:0.4650456188631722 | -0.4744588676161001 | -0.12245487919281572
0.4650456188631722 | -0.4744588676161001 | -0.12245487919281572 | 0.6898686720773981 | -0.1922533244789928:0.46859757312460104 | -0.47221061416577825 | -0.13491268103076237
0.46859757312460104 | -0.47221061416577825 | -0.13491268103076237 | 0.1028893600727745 | -0.5224931309838317:0.47425880782314067 | -0.473741455736711 | -0.1256444721781449
0.47425880782314067 | -0.473741455736711 | -0.1256444721781449 | 0.1028893600727745 | -0.5224931309838317:0.479668727343352 | -0.4752946024846594 | -0.11618701310703017
0.479668727343352 | -0.4752946024846594 | -0.11618701310703017 | 0.1028893600727745 | -0.5224931309838317:0.4848211926816113 | -0.4768715490979645 | -0.10654765872347838
0.4848211926816113 | -0.4768715490979645 | -0.10654765872347838 | 0.1028893600727745 | -0.5224931309838317:0.4897102883278137 | -0.4784737440892215 | -0.09673395894435544
0.4897102883278137 | -0.4784737440892215 | -0.09673395894435544 | 0.1028893600727745 | -0.5224931309838317:0.49433032773983143 | -0.4801025887253516 | -0.08675365145232483
0.49433032773983143 | -0.4801025887253516 | -0.08675365145232483 | 0.18038142576884586 | -0.6552309340865372:0.4992344754828508 | -0.4814085989934682 | -0.07516828239867657
0.4992344754828508 | -0.4814085989934682 | -0.07516828239867657 | 0.18038142576884586 | -0.6552309340865372:0.5037451742004997 | -0.4827949406510541 | -0.06338517830784873
0.5037451742004997 | -0.4827949406510541 | -0.06338517830784873 | 0.18038142576884586 | -0.6552309340865372:0.5078544970489567 | -0.4842641318487608 | -0.051418817797124206
0.5078544970489567 | -0.4842641318487608 | -0.051418817797124206 | 0.18038142576884586 | -0.6552309340865372:0.5115550387874315 | -0.48581854592227813 | -0.03928400674563015
0.5115550387874315 | -0.48581854592227813 | -0.03928400674563015 | 0.18038142576884586 | -0.6552309340865372:0.5148399274518454 | -0.48746040811289504 | -0.026995857651421318
0.5148399274518454 | -0.48746040811289504 | -0.026995857651421318 | 0.5114122797316358 | 0.9036911367435629:0.5146309301878595 | -0.4886031108965625 | -0.06292153334850425
0.5146309301878595 | -0.4886031108965625 | -0.06292153334850425 | 0.5114122797316358 | 0.9036911367435629:0.512761772213544 | -0.488799836848699 | -0.09895986089778042
0.512761772213544 | -0.488799836848699 | -0.09895986089778042 | 0.5114122797316358 | 0.9036911367435629:0.5092242736593917 | -0.4880447175873215 | -0.13500760482583196
0.5092242736593917 | -0.4880447175873215 | -0.13500760482583196 | 0.5114122797316358 | 0.9036911367435629:0.5040151756801095 | -0.4863346597673228 | -0.17096084763753971
0.5040151756801095 | -0.4863346597673228 | -0.17096084763753971 | 0.5114122797316358 | 0.9036911367435629:0.4971361736686326 | -0.48366936786933934 | -0.20671530161835605
0.4971361736686326 | -0.48366936786933934 | -0.20671530161835605 | -0.9147647948002968 | 0.509033038548355:0.4941617986427893 | -0.494495329669121 | -0.19772834743651124
0.4941617986427893 | -0.494495329669121 | -0.19772834743651124 | -0.9147647948002968 | 0.509033038548355:0.4913933034435054 | -0.5049123483117555 | -0.18813689662874467
0.4913933034435054 | -0.5049123483117555 | -0.18813689662874467 | -0.9147647948002968 | 0.509033038548355:0.4888470664245723 | -0.5148909710159373 | -0.17796472187073498
0.4888470664245723 | -0.5148909710159373 | -0.17796472187073498 | -0.9147647948002968 | 0.509033038548355:0.48653882821923133 | -0.5244028428357055 | -0.16723747806829792
0.48653882821923133 | -0.5244028428357055 | -0.16723747806829792 | -0.9147647948002968 | 0.509033038548355:0.4844836414670439 | -0.5334207986612327 | -0.15598263270537416
0.4844836414670439 | -0.5334207986612327 | -0.15598263270537416 | 0.4883416705079475 | 0.5456026329658228:0.48140397470417895 | -0.531340098501417 | -0.1827606011374865
0.48140397470417895 | -0.531340098501417 | -0.1827606011374865 | 0.4883416705079475 | 0.5456026329658228:0.47756015741268953 | -0.5285711368591492 | -0.2094706626806886
0.47756015741268953 | -0.5285711368591492 | -0.2094706626806886 | 0.4883416705079475 | 0.5456026329658228:0.4729528956309963 | -0.5251140881089427 | -0.23607248397346936
0.4729528956309963 | -0.5251140881089427 | -0.23607248397346936 | 0.4883416705079475 | 0.5456026329658228:0.4675840894585974 | -0.5209701948605172 | -0.2625257195940556
0.4675840894585974 | -0.5209701948605172 | -0.2625257195940556 | 0.4883416705079475 | 0.5456026329658228:0.4614568328831652 | -0.5161417685876089 | -0.2887900759507165
0.4614568328831652 | -0.5161417685876089 | -0.2887900759507165 | 0.4883416705079475 | 0.5456026329658228:0.4545754117164478 | -0.5106321885633349 | -0.3148253751174126
0.4545754117164478 | -0.5106321885633349 | -0.3148253751174126 | 0.4883416705079475 | 0.5456026329658228:0.4469452996444332 | -0.5044458991058747 | -0.34059161851494135
0.4469452996444332 | -0.5044458991058747 | -0.34059161851494135 | 0.4883416705079475 | 0.5456026329658228:0.43857315240030204 | -0.4975884051407675 | -0.36604905033817214
0.43857315240030204 | -0.4975884051407675 | -0.36604905033817214 | 0.4883416705079475 | 0.5456026329658228:0.42946680007135996 | -0.4900662660888031 | -0.39115822063063366
0.42946680007135996 | -0.4900662660888031 | -0.39115822063063366 | 0.4883416705079475 | 0.5456026329658228:0.4196352375542034 | -0.4818870880908861 | -0.4158800479084821
0.4196352375542034 | -0.4818870880908861 | -0.4158800479084821 | 0.4883416705079475 | 0.5456026329658228:0.4090886131749727 | -0.47305951458392315 | -0.44017588123681595
0.4090886131749727 | -0.47305951458392315 | -0.44017588123681595 | 0.4883416705079475 | 0.5456026329658228:0.39783821549443843 | -0.4635932152441242 | -0.46400756166238555
0.39783821549443843 | -0.4635932152441242 | -0.46400756166238555 | 0.4883416705079475 | 0.5456026329658228:0.3858964583203104 | -0.45349887331674665 | -0.4873374829079218
0.3858964583203104 | -0.45349887331674665 | -0.4873374829079218 | 0.4883416705079475 | 0.5456026329658228:0.3732768639519861 | -0.44278817135346316 | -0.510128651234707
0.3732768639519861 | -0.44278817135346316 | -0.510128651234707 | 0.4883416705079475 | 0.5456026329658228:0.3599940446853793 | -0.4314737753812423 | -0.5323447443814575
0.3599940446853793 | -0.4314737753812423 | -0.5323447443814575 | 0.8450310087537176 | 0.4247685452444301:0.3492470852401084 | -0.4097957263235088 | -0.5592434273617441
0.3492470852401084 | -0.4097957263235088 | -0.5592434273617441 | 0.8450310087537176 | 0.4247685452444301:0.33790562020599424 | -0.386919805361714 | -0.5850215172501163
0.33790562020599424 | -0.386919805361714 | -0.5850215172501163 | 0.8450310087537176 | 0.4247685452444301:0.32599405675769333 | -0.3628930734624447 | -0.609612117446801
0.32599405675769333 | -0.3628930734624447 | -0.609612117446801 | 0.8450310087537176 | 0.4247685452444301:0.3135382845869188 | -0.337765596331586 | -0.6329508984582931
0.3135382845869188 | -0.337765596331586 | -0.6329508984582931 | 0.8450310087537176 | 0.4247685452444301:0.3005656173554314 | -0.311590331453111 | -0.6549762651222766
0.3005656173554314 | -0.311590331453111 | -0.6549762651222766 | 0.9116039673922363 | -0.8527636132163374:0.32968698077522873 | -0.28219330593543646 | -0.6568669965440422
0.32968698077522873 | -0.28219330593543646 | -0.6568669965440422 | 0.9116039673922363 | -0.8527636132163374:0.35887254066587815 | -0.25265129624180815 | -0.6561498572813823
0.35887254066587815 | -0.25265129624180815 | -0.6561498572813823 | 0.9116039673922363 | -0.8527636132163374:0.38800896768128723 | -0.223085376249351 | -0.6528140156532273
0.38800896768128723 | -0.223085376249351 | -0.6528140156532273 | 0.9116039673922363 | -0.8527636132163374:0.4169825575997166 | -0.19361726092943599 | -0.646859258318095
0.4169825575997166 | -0.19361726092943599 | -0.646859258318095 | 0.9116039673922363 | -0.8527636132163374:0.4456796990651597 | -0.1643688073504066 | -0.638296034671499
0.4456796990651597 | -0.1643688073504066 | -0.638296034671499 | -0.41296375778358585 | -0.8549093239507555:0.4736109420414394 | -0.17796838357625688 | -0.6167213120564501
0.4736109420414394 | -0.17796838357625688 | -0.6167213120564501 | -0.41296375778358585 | -0.8549093239507555:0.5006361213212784 | -0.19114725051678505 | -0.5936185950761348
0.5006361213212784 | -0.19114725051678505 | -0.5936185950761348 | -0.41296375778358585 | -0.8549093239507555:0.5266872431511871 | -0.20387206923323475 | -0.5690350559819883
0.5266872431511871 | -0.20387206923323475 | -0.5690350559819883 | -0.41296375778358585 | -0.8549093239507555:0.5516983826626571 | -0.21611046128035127 | -0.5430216326482835
0.5516983826626571 | -0.21611046128035127 | -0.5430216326482835 | -0.41296375778358585 | -0.8549093239507555:0.5756058519852587 | -0.22783109106882904 | -0.5156329156297916
0.5756058519852587 | -0.22783109106882904 | -0.5156329156297916 | 0.18928684898677517 | -0.7940442050683856:0.5971401560569234 | -0.2234785687710641 | -0.4957039904557332
0.5971401560569234 | -0.2234785687710641 | -0.4957039904557332 | 0.18928684898677517 | -0.7940442050683856:0.6178964543944687 | -0.21929827588768802 | -0.47483142899897945
0.6178964543944687 | -0.21929827588768802 | -0.47483142899897945 | 0.18928684898677517 | -0.7940442050683856:0.6378350972733244 | -0.2152999047831372 | -0.45304782662698173
0.6378350972733244 | -0.2152999047831372 | -0.45304782662698173 | 0.18928684898677517 | -0.7940442050683856:0.656917767348915 | -0.2114928377266736 | -0.43038754472092755
0.656917767348915 | -0.2114928377266736 | -0.43038754472092755 | 0.18928684898677517 | -0.7940442050683856:0.6751075535610909 | -0.20788612900734904 | -0.4068866518457277
0.6751075535610909 | -0.20788612900734904 | -0.4068866518457277 | -0.527946719568889 | -0.050199811921709525:0.6776453246543639 | -0.2190486393933213 | -0.40046792446796253
0.6776453246543639 | -0.2190486393933213 | -0.40046792446796253 | -0.527946719568889 | -0.050199811921709525:0.6801531282445765 | -0.23005638678297657 | -0.393724329875921
0.6801531282445765 | -0.23005638678297657 | -0.393724329875921 | -0.527946719568889 | -0.050199811921709525:0.6826302246181655 | -0.24089997588421852 | -0.38665996075410014
0.6826302246181655 | -0.24089997588421852 | -0.38665996075410014 | -0.527946719568889 | -0.050199811921709525:0.6850758839107627 | -0.25157012700425696 | -0.3792791827562425
0.6850758839107627 | -0.25157012700425696 | -0.3792791827562425 | -0.527946719568889 | -0.050199811921709525:0.6874893868556313 | -0.26205768381168326 | -0.37158663096943023
0.6874893868556313 | -0.26205768381168326 | -0.37158663096943023 | -0.29185375745344944 | -0.7235569198922007:0.7018333236275609 | -0.2680222991373711 | -0.3433465253525725
0.7018333236275609 | -0.2680222991373711 | -0.3433465253525725 | -0.29185375745344944 | -0.7235569198922007:0.7151533499022165 | -0.2735789856208797 | -0.31445254462044225
0.7151533499022165 | -0.2735789856208797 | -0.31445254462044225 | -0.29185375745344944 | -0.7235569198922007:0.7274241037880529 | -0.27871719195348277 | -0.284948491914502
0.7274241037880529 | -0.27871719195348277 | -0.284948491914502 | -0.29185375745344944 | -0.7235569198922007:0.738621869509295 | -0.283427022431745 | -0.254879313066505
0.738621869509295 | -0.283427022431745 | -0.254879313066505 | -0.29185375745344944 | -0.7235569198922007:0.7487246206306466 | -0.2876992549215913 | -0.22429102385708255
0.7487246206306466 | -0.2876992549215913 | -0.22429102385708255 | -0.29185375745344944 | -0.7235569198922007:0.7577120604782408 | -0.2915253577051189 | -0.19323063539555285
0.7577120604782408 | -0.2915253577051189 | -0.19323063539555285 | -0.29185375745344944 | -0.7235569198922007:0.7655656596887184 | -0.29489750518208524 | -0.16174607774682137
0.7655656596887184 | -0.29489750518208524 | -0.16174607774682137 | -0.29185375745344944 | -0.7235569198922007:0.7722686908234593 | -0.2978085923993916 | -0.1298861219341294
0.7722686908234593 | -0.2978085923993916 | -0.1298861219341294 | -0.29185375745344944 | -0.7235569198922007:0.7778062599898803 | -0.3002522483844743 | -0.09770030044897027
0.7778062599898803 | -0.3002522483844743 | -0.09770030044897027 | -0.29185375745344944 | -0.7235569198922007:0.782165335416714 | -0.30222284825998 | -0.06523882640182599
0.782165335416714 | -0.30222284825998 | -0.06523882640182599 | 0.8351063168390462 | -0.6279788862286682:0.7857041859098572 | -0.29980164191356806 | -0.05330477393429156
0.7857041859098572 | -0.29980164191356806 | -0.05330477393429156 | 0.8351063168390462 | -0.6279788862286682:0.7888521030936033 | -0.2978704132660539 | -0.04115103959713551
0.7888521030936033 | -0.2978704132660539 | -0.04115103959713551 | 0.8351063168390462 | -0.6279788862286682:0.7916023999218496 | -0.2964390027062791 | -0.02881084760819519
0.7916023999218496 | -0.2964390027062791 | -0.02881084760819519 | 0.8351063168390462 | -0.6279788862286682:0.7939494621839103 | -0.29551583462457387 | -0.016318059935624518
0.7939494621839103 | -0.29551583462457387 | -0.016318059935624518 | 0.8351063168390462 | -0.6279788862286682:0.795888767888222 | -0.2951078896624537 | -0.003707080658653439
0.795888767888222 | -0.2951078896624537 | -0.003707080658653439 | 0.21794017770989393 | 0.6472373313330255:0.7966641384683228 | -0.29557536438148446 | -0.03272909276273417
0.7966641384683228 | -0.29557536438148446 | -0.03272909276273417 | 0.21794017770989393 | 0.6472373313330255:0.7964830096992159 | -0.29572065208913756 | -0.06181477666334345
0.7964830096992159 | -0.29572065208913756 | -0.06181477666334345 | 0.21794017770989393 | 0.6472373313330255:0.7953425015195563 | -0.2955425937472995 | -0.09092849793987234
0.7953425015195563 | -0.2955425937472995 | -0.09092849793987234 | 0.21794017770989393 | 0.6472373313330255:0.7932409404715486 | -0.2950404358537497 | -0.12003449801667365
0.7932409404715486 | -0.2950404358537497 | -0.12003449801667365 | 0.21794017770989393 | 0.6472373313330255:0.7901778636455958 | -0.2942138320202474 | -0.14909693995013562
0.7901778636455958 | -0.2942138320202474 | -0.14909693995013562 | 0.8771352907703016 | -0.14256463490470894:0.7926399269427549 | -0.287876582813432 | -0.1564783205384188
0.7926399269427549 | -0.287876582813432 | -0.1564783205384188 | 0.8771352907703016 | -0.14256463490470894:0.7951411928385568 | -0.2812051408007932 | -0.16356571838052858
0.7951411928385568 | -0.2812051408007932 | -0.16356571838052858 | 0.8771352907703016 | -0.14256463490470894:0.7976796319207722 | -0.2742125217924922 | -0.17034375376183775
0.7976796319207722 | -0.2742125217924922 | -0.17034375376183775 | 0.8771352907703016 | -0.14256463490470894:0.8002531024033459 | -0.26691243757219496 | -0.17679764571695422
0.8002531024033459 | -0.26691243757219496 | -0.17679764571695422 | 0.8771352907703016 | -0.14256463490470894:0.8028593546802654 | -0.2593192686688752 | -0.1829132443027799
0.8028593546802654 | -0.2593192686688752 | -0.1829132443027799 | 0.8771352907703016 | -0.14256463490470894:0.8054960361108812 | -0.2514480356759705 | -0.18867706158265385
0.8054960361108812 | -0.2514480356759705 | -0.18867706158265385 | 0.8771352907703016 | -0.14256463490470894:0.8081606960264338 | -0.2433143691778028 | -0.19407630125498798
