0.0 | 0.0 | 0.0 | -0.39185540839327637 | 0.9307231227893771:4.651043283816695E-4 | 1.9591516909200912E-4 | 0.009987256640851898
4.651043283816695E-4 | 1.9591516909200912E-4 | 0.009987256640851898 | -0.39185540839327637 | 0.9307231227893771:0.001848578413624534 | 7.791707173019358E-4 | 0.01979862749894499
0.001848578413624534 | 7.791707173019358E-4 | 0.01979862749894499 | -0.39185540839327637 | 0.9307231227893771:0.004129349031969827 | 0.0017416223344469683 | 0.02936093713109862
0.004129349031969827 | 0.0017416223344469683 | 0.02936093713109862 | -0.39185540839327637 | 0.9307231227893771:0.007282038255908462 | 0.003073292790391813 | 0.03860312446142295
0.007282038255908462 | 0.003073292790391813 | 0.03860312446142295 | -0.5044452534794781 | -0.7631361101903744:0.007223320680469773 | 0.00503217812709289 | 0.048212820187672034
0.007223320680469773 | 0.00503217812709289 | 0.048212820187672034 | -0.5044452534794781 | -0.7631361101903744:0.006429056781296159 | 0.007458554263773065 | 0.05768544106901241
0.006429056781296159 | 0.007458554263773065 | 0.05768544106901241 | -0.5044452534794781 | -0.7631361101903744:0.004912498918981854 | 0.010344603805370944 | 0.06696247816112558
0.004912498918981854 | 0.010344603805370944 | 0.06696247816112558 | -0.5044452534794781 | -0.7631361101903744:0.0026897442837885838 | 0.013680610037341223 | 0.07598676479314975
0.0026897442837885838 | 0.013680610037341223 | 0.07598676479314975 | -0.5044452534794781 | -0.7631361101903744:-2.2034920040201605E-4 | 0.01745501022245699 | 0.08470265962276285
-2.2034920040201605E-4 | 0.01745501022245699 | 0.08470265962276285 | -0.5044452534794781 | -0.7631361101903744:-0.0037962545713473156 | 0.021654454003731005 | 0.09305622307321376
-0.0037962545713473156 | 0.021654454003731005 | 0.09305622307321376 | -0.5044452534794781 | -0.7631361101903744:-0.008013874780966032 | 0.02626386669287817 | 0.10099538672111119
-0.008013874780966032 | 0.02626386669287817 | 0.10099538672111119 | -0.5044452534794781 | -0.7631361101903744:-0.012846648547353378 | 0.03126651721298768 | 0.10847011522733407
-0.012846648547353378 | 0.03126651721298768 | 0.10847011522733407 | -0.5044452534794781 | -0.7631361101903744:-0.018265662733784563 | 0.036644090454024614 | 0.11543256042777628
-0.018265662733784563 | 0.036644090454024614 | 0.11543256042777628 | -0.5044452534794781 | -0.7631361101903744:-0.02423977086858104 | 0.04237676379046429 | 0.12183720722571567
-0.02423977086858104 | 0.04237676379046429 | 0.12183720722571567 | -0.5044452534794781 | -0.7631361101903744:-0.03073571740722785 | 0.04844328750178206 | 0.12764101095332225
-0.03073571740722785 | 0.04844328750178206 | 0.12764101095332225 | -0.5044452534794781 | -0.7631361101903744:-0.03771826732679817 | 0.054821068828702635 | 0.1328035258961342
-0.03771826732679817 | 0.054821068828702635 | 0.1328035258961342 | -0.5044452534794781 | -0.7631361101903744:-0.045150340632578334 | 0.061486259391054676 | 0.13728702470115905
-0.045150340632578334 | 0.061486259391054676 | 0.13728702470115905 | -0.5044452534794781 | -0.7631361101903744:-0.052993151347806355 | 0.06841384568679798 | 0.1410566084165148
-0.052993151347806355 | 0.06841384568679798 | 0.1410566084165148 | -0.5044452534794781 | -0.7631361101903744:-0.061206350549649485 | 0.07557774238629367 | 0.1440803069381733
-0.061206350549649485 | 0.07557774238629367 | 0.1440803069381733 | -0.5044452534794781 | -0.7631361101903744:-0.0697481730079571 | 0.08295088813118257 | 0.14632916966729126
-0.0697481730079571 | 0.08295088813118257 | 0.14632916966729126 | -0.5044452534794781 | -0.7631361101903744:-0.07857558697794143 | 0.09050534354332018 | 0.14777734620977712
-0.07857558697794143 | 0.09050534354332018 | 0.14777734620977712 | -0.5044452534794781 | -0.7631361101903744:-0.08764444669375682 | 0.09821239114609787 | 0.14840215697804915
-0.08764444669375682 | 0.09821239114609787 | 0.14840215697804915 | -0.5044452534794781 | -0.7631361101903744:-0.09690964710697181 | 0.10604263689815363 | 0.14818415358333725
-0.09690964710697181 | 0.10604263689815363 | 0.14818415358333725 | -0.5044452534794781 | -0.7631361101903744:-0.1063252804121474 | 0.1139661130379399 | 0.14710716893527653
-0.1063252804121474 | 0.1139661130379399 | 0.14710716893527653 | -0.5044452534794781 | -0.7631361101903744:-0.11584479390114677 | 0.12195238193687115 | 0.14515835699389656
-0.11584479390114677 | 0.12195238193687115 | 0.14515835699389656 | -0.5044452534794781 | -0.7631361101903744:-0.1254211486883926 | 0.12997064065880704 | 0.14232822214730456
-0.1254211486883926 | 0.12997064065880704 | 0.14232822214730456 | -0.5044452534794781 | -0.7631361101903744:-0.13500697885104784 | 0.13798982592443737 | 0.13861063821640318
-0.13500697885104784 | 0.13798982592443737 | 0.13861063821640318 | -0.5044452534794781 | -0.7631361101903744:-0.14455475053100364 | 0.14597871918070854 | 0.13400285711570925
-0.14455475053100364 | 0.14597871918070854 | 0.13400285711570925 | -0.5044452534794781 | -0.7631361101903744:-0.15401692054960692 | 0.1539060514777575 | 0.12850550722678467
-0.15401692054960692 | 0.1539060514777575 | 0.12850550722678467 | -0.5044452534794781 | -0.7631361101903744:-0.16334609409121148 | 0.16174060785888855 | 0.1221225815677962
-0.16334609409121148 | 0.16174060785888855 | 0.1221225815677962 | -0.5044452534794781 | -0.7631361101903744:-0.1724951810178883 | 0.16945133097292064 | 0.11486141586930687
-0.1724951810178883 | 0.16945133097292064 | 0.11486141586930687 | -0.5044452534794781 | -0.7631361101903744:-0.18141755038493712 | 0.17700742362273658 | 0.10673265669243426
-0.18141755038493712 | 0.17700742362273658 | 0.10673265669243426 | -0.5044452534794781 | -0.7631361101903744:-0.1900671827351894 | 0.18437844996906305 | 0.09775021975099296
-0.1900671827351894 | 0.18437844996906305 | 0.09775021975099296 | -0.5044452534794781 | -0.7631361101903744:-0.19839881975944706 | 0.19153443511437396 | 0.08793123862406071
-0.19839881975944706 | 0.19153443511437396 | 0.08793123862406071 | 0.973960137720923 | -0.5681711647741519:-0.20601450968268065 | 0.1916182477148114 | 0.0937216012666151
-0.20601450968268065 | 0.1916182477148114 | 0.0937216012666151 | 0.973960137720923 | -0.5681711647741519:-0.21380954570184452 | 0.1912605715206135 | 0.09934689790524365
-0.21380954570184452 | 0.1912605715206135 | 0.09934689790524365 | 0.973960137720923 | -0.5681711647741519:-0.2217797395349237 | 0.19046903072192323 | 0.10477197017916451
-0.2217797395349237 | 0.19046903072192323 | 0.10477197017916451 | 0.973960137720923 | -0.5681711647741519:-0.22991965572598083 | 0.18925338857855856 | 0.10996222974912317
-0.22991965572598083 | 0.18925338857855856 | 0.10996222974912317 | 0.973960137720923 | -0.5681711647741519:-0.2382226352800263 | 0.18762551109016545 | 0.11488382502224681
-0.2382226352800263 | 0.18762551109016545 | 0.11488382502224681 | 0.973960137720923 | -0.5681711647741519:-0.24668082470818753 | 0.18559932130590706 | 0.11950380444372932
-0.24668082470818753 | 0.18559932130590706 | 0.11950380444372932 | 0.973960137720923 | -0.5681711647741519:-0.2552852103407144 | 0.18319074450143402 | 0.12379027567725753
-0.2552852103407144 | 0.18319074450143402 | 0.12379027567725753 | 0.973960137720923 | -0.5681711647741519:-0.26402565774476816 | 0.18041764448665276 | 0.1277125600163771
-0.26402565774476816 | 0.18041764448665276 | 0.1277125600163771 | 0.973960137720923 | -0.5681711647741519:-0.27289095606415525 | 0.17729975134232534 | 0.13124134139174615
-0.27289095606415525 | 0.17729975134232534 | 0.13124134139174615 | 0.973960137720923 | -0.5681711647741519:-0.281868867079182 | 0.1738585809166482 | 0.13434880936427973
-0.281868867079182 | 0.1738585809166482 | 0.13434880936427973 | 0.973960137720923 | -0.5681711647741519:-0.29094617876676665 | 0.17011734644459686 | 0.13700879552148404
-0.29094617876676665 | 0.17011734644459686 | 0.13700879552148404 | 0.973960137720923 | -0.5681711647741519:-0.3001087631238244 | 0.1661008626828271 | 0.139196902723695
-0.3001087631238244 | 0.1661008626828271 | 0.139196902723695 | 0.973960137720923 | -0.5681711647741519:-0.30934163800090886 | 0.1618354429812574 | 0.1408906266782921
-0.30934163800090886 | 0.1618354429812574 | 0.1408906266782921 | 0.973960137720923 | -0.5681711647741519:-0.31862903267808207 | 0.1573487897389274 | 0.14206946935319653
-0.31862903267808207 | 0.1573487897389274 | 0.14206946935319653 | 0.973960137720923 | -0.5681711647741519:-0.327954456901125 | 0.1526698787163676 | 0.14271504377590105
-0.327954456901125 | 0.1526698787163676 | 0.14271504377590105 | -0.35972608915740834 | 0.4448135377039959:-0.3298646294349954 | 0.15765107033025316 | 0.14951813692524318
-0.3298646294349954 | 0.15765107033025316 | 0.14951813692524318 | -0.35972608915740834 | 0.4448135377039959:-0.33152281255472094 | 0.16277021953219517 | 0.1563162344058302
-0.33152281255472094 | 0.16277021953219517 | 0.1563162344058302 | -0.35972608915740834 | 0.4448135377039959:-0.3329293009902621 | 0.1680278464460203 | 0.16309824375471216
-0.3329293009902621 | 0.1680278464460203 | 0.16309824375471216 | -0.35972608915740834 | 0.4448135377039959:-0.33408470208082264 | 0.17342421159197485 | 0.1698530957675457
-0.33408470208082264 | 0.17342421159197485 | 0.1698530957675457 | -0.35972608915740834 | 0.4448135377039959:-0.3349899339046525 | 0.1789593173399826 | 0.17656975840286915
-0.3349899339046525 | 0.1789593173399826 | 0.17656975840286915 | -0.35972608915740834 | 0.4448135377039959:-0.33564622306262937 | 0.18463290964349355 | 0.18323725054564122
-0.33564622306262937 | 0.18463290964349355 | 0.18323725054564122 | -0.35972608915740834 | 0.4448135377039959:-0.33605510212084866 | 0.19044448004983394 | 0.18984465561664532
-0.33605510212084866 | 0.19044448004983394 | 0.18984465561664532 | -0.35972608915740834 | 0.4448135377039959:-0.3362184067176859 | 0.19639326798274048 | 0.1963811350146667
-0.3362184067176859 | 0.19639326798274048 | 0.1963811350146667 | -0.35972608915740834 | 0.4448135377039959:-0.336138272341179 | 0.20247826329251062 | 0.2028359413786225
-0.336138272341179 | 0.20247826329251062 | 0.2028359413786225 | -0.35972608915740834 | 0.4448135377039959:-0.33581713078271136 | 0.2086982090689995 | 0.20919843165710983
-0.33581713078271136 | 0.2086982090689995 | 0.20919843165710983 | -0.35972608915740834 | 0.4448135377039959:-0.3352577062733868 | 0.21505160471246842 | 0.21545807997313382
-0.3352577062733868 | 0.21505160471246842 | 0.21545807997313382 | -0.35972608915740834 | 0.4448135377039959:-0.3344630113096301 | 0.22153670925706148 | 0.22160449027209594
-0.3344630113096301 | 0.22153670925706148 | 0.22160449027209594 | -0.35972608915740834 | 0.4448135377039959:-0.3334363421748794 | 0.22815154494151102 | 0.2276274087414203
-0.3334363421748794 | 0.22815154494151102 | 0.2276274087414203 | -0.35972608915740834 | 0.4448135377039959:-0.33218127416439636 | 0.23489390102146412 | 0.2335167359905368
-0.33218127416439636 | 0.23489390102146412 | 0.2335167359905368 | -0.35972608915740834 | 0.4448135377039959:-0.3307016565205565 | 0.24176133781761422 | 0.23926253898026495
-0.3307016565205565 | 0.24176133781761422 | 0.23926253898026495 | -0.35972608915740834 | 0.4448135377039959:-0.32900160708607196 | 0.24875119099366927 | 0.2448550626909629
-0.32900160708607196 | 0.24875119099366927 | 0.2448550626909629 | -0.35972608915740834 | 0.4448135377039959:-0.32708550668296077 | 0.2558605760579855 | 0.2502847415191862
-0.32708550668296077 | 0.2558605760579855 | 0.2502847415191862 | -0.35972608915740834 | 0.4448135377039959:-0.3249579932251443 | 0.26308639308255444 | 0.25554221039291214
-0.3249579932251443 | 0.26308639308255444 | 0.25554221039291214 | -0.35972608915740834 | 0.4448135377039959:-0.32262395557284584 | 0.2704253316328238 | 0.2606183155957744
-0.32262395557284584 | 0.2704253316328238 | 0.2606183155957744 | -0.35972608915740834 | 0.4448135377039959:-0.3200885271371128 | 0.2778738759017365 | 0.265504125291109
-0.3200885271371128 | 0.2778738759017365 | 0.265504125291109 | 0.9426600330905062 | 0.9820713024491341:-0.30910104167613994 | 0.2677047401320003 | 0.2966120327635071
-0.30910104167613994 | 0.2677047401320003 | 0.2966120327635071 | 0.9426600330905062 | 0.9820713024491341:-0.2964423639023508 | 0.2559149362420161 | 0.32686603351825383
-0.2964423639023508 | 0.2559149362420161 | 0.32686603351825383 | 0.9426600330905062 | 0.9820713024491341:-0.28215109621694445 | 0.24253733644234288 | 0.3560902807254305
-0.28215109621694445 | 0.24253733644234288 | 0.3560902807254305 | 0.9426600330905062 | 0.9820713024491341:-0.26627541000338795 | 0.22761407410321688 | 0.38411215090562756
-0.26627541000338795 | 0.22761407410321688 | 0.38411215090562756 | 0.9426600330905062 | 0.9820713024491341:-0.24887287069689634 | 0.21119639952930847 | 0.4107632488180002
-0.24887287069689634 | 0.21119639952930847 | 0.4107632488180002 | 0.21955487346375957 | -0.4533353292437037:-0.26050982126654354 | 0.20854697450295845 | 0.41100036072599444
-0.26050982126654354 | 0.20854697450295845 | 0.41100036072599444 | 0.21955487346375957 | -0.4533353292437037:-0.27220777003651975 | 0.20583616555241413 | 0.4108743715731684
-0.27220777003651975 | 0.20583616555241413 | 0.4108743715731684 | 0.21955487346375957 | -0.4533353292437037:-0.2839562595580727 | 0.20306931816253737 | 0.41038209399487613
-0.2839562595580727 | 0.20306931816253737 | 0.41038209399487613 | 0.21955487346375957 | -0.4533353292437037:-0.29574475906499664 | 0.2002518123910093 | 0.40952071420947256
-0.29574475906499664 | 0.2002518123910093 | 0.40952071420947256 | 0.21955487346375957 | -0.4533353292437037:-0.3075626747451725 | 0.19738905793053263 | 0.4082877932612998
-0.3075626747451725 | 0.19738905793053263 | 0.4082877932612998 | 0.21955487346375957 | -0.4533353292437037:-0.3193993600027447 | 0.19448648917350475 | 0.40668126793432435
-0.3193993600027447 | 0.19448648917350475 | 0.40668126793432435 | 0.21955487346375957 | -0.4533353292437037:-0.331244125702856 | 0.1915495602830095 | 0.404699451338173
-0.331244125702856 | 0.1915495602830095 | 0.404699451338173 | 0.21955487346375957 | -0.4533353292437037:-0.3430862503909715 | 0.1885837402740531 | 0.4023410331684527
-0.3430862503909715 | 0.1885837402740531 | 0.4023410331684527 | 0.21955487346375957 | -0.4533353292437037:-0.35491499047893527 | 0.18559450810885458 | 0.3996050796435462
-0.35491499047893527 | 0.18559450810885458 | 0.3996050796435462 | 0.21955487346375957 | -0.4533353292437037:-0.36671959038988433 | 0.18258734780997976 | 0.3964910331202365
-0.36671959038988433 | 0.18258734780997976 | 0.3964910331202365 | -0.7956754879199941 | 0.6590571810770511:-0.3563740586482034 | 0.19970723226893483 | 0.40380844227276036
-0.3563740586482034 | 0.19970723226893483 | 0.40380844227276036 | -0.7956754879199941 | 0.6590571810770511:-0.34569102135562346 | 0.21720748783795862 | 0.410088658012457
-0.34569102135562346 | 0.21720748783795862 | 0.410088658012457 | -0.7956754879199941 | 0.6590571810770511:-0.33470694926216993 | 0.2350452138733896 | 0.41529877697947626
-0.33470694926216993 | 0.2350452138733896 | 0.41529877697947626 | -0.7956754879199941 | 0.6590571810770511:-0.32345956348734006 | 0.2531759326917875 | 0.4194090443898837
-0.32345956348734006 | 0.2531759326917875 | 0.4194090443898837 | -0.7956754879199941 | 0.6590571810770511:-0.31198771972231043 | 0.271553727092277 | 0.42239297131291664
-0.31198771972231043 | 0.271553727092277 | 0.42239297131291664 | -0.7956754879199941 | 0.6590571810770511:-0.3003312883543394 | 0.29013138300812 | 0.4242274415695668
-0.3003312883543394 | 0.29013138300812 | 0.4242274415695668 | -0.7956754879199941 | 0.6590571810770511:-0.2885310309003337 | 0.3088605368274422 | 0.42489280790109163
-0.2885310309003337 | 0.3088605368274422 | 0.42489280790109163 | -0.7956754879199941 | 0.6590571810770511:-0.276628473147543 | 0.32769182690886467 | 0.424372977090826
-0.276628473147543 | 0.32769182690886467 | 0.424372977090826 | -0.7956754879199941 | 0.6590571810770511:-0.26466577540939085 | 0.34657504880506274 | 0.42265548375828743
-0.26466577540939085 | 0.34657504880506274 | 0.42265548375828743 | -0.7956754879199941 | 0.6590571810770511:-0.25268560031299003 | 0.36545931369619744 | 0.419731552580771
-0.25268560031299003 | 0.36545931369619744 | 0.419731552580771 | 0.9959056457147162 | -0.5003171102726087:-0.26522376090845157 | 0.34630315274921664 | 0.4336857350733858
-0.26522376090845157 | 0.34630315274921664 | 0.4336857350733858 | 0.9959056457147162 | -0.5003171102726087:-0.2781359658659106 | 0.32631652035625613 | 0.4463861367035342
-0.2781359658659106 | 0.32631652035625613 | 0.4463861367035342 | 0.9959056457147162 | -0.5003171102726087:-0.29138985454676103 | 0.30556293546832336 | 0.4577744412593212
-0.29138985454676103 | 0.30556293546832336 | 0.4577744412593212 | 0.9959056457147162 | -0.5003171102726087:-0.30495146059330835 | 0.28410921224014984 | 0.4677965049773043
-0.30495146059330835 | 0.28410921224014984 | 0.4677965049773043 | 0.9959056457147162 | -0.5003171102726087:-0.31878532657236747 | 0.2620252374608114 | 0.4764025820174602
-0.31878532657236747 | 0.2620252374608114 | 0.4764025820174602 | 0.9959056457147162 | -0.5003171102726087:-0.33285462455366144 | 0.239383735787694 | 0.4835475346489453
-0.33285462455366144 | 0.239383735787694 | 0.4835475346489453 | 0.9959056457147162 | -0.5003171102726087:-0.3471212821915195 | 0.2162600236230361 | 0.48919102734982545
-0.3471212821915195 | 0.2162600236230361 | 0.48919102734982545 | 0.9959056457147162 | -0.5003171102726087:-0.36154611385839885 | 0.1927317525135237 | 0.4932977040822628
-0.36154611385839885 | 0.1927317525135237 | 0.4932977040822628 | 0.9959056457147162 | -0.5003171102726087:-0.37608895636049766 | 0.16887864299122413 | 0.4958373480658196
-0.37608895636049766 | 0.16887864299122413 | 0.4958373480658196 | 0.9959056457147162 | -0.5003171102726087:-0.39070880874914593 | 0.14478220980874568 | 0.4967850234347253
-0.39070880874914593 | 0.14478220980874568 | 0.4967850234347253 | 0.0912571197903167 | -0.21861342101346692:-0.3982708113331661 | 0.1432867763221921 | 0.49581432809407744
-0.3982708113331661 | 0.1432867763221921 | 0.49581432809407744 | 0.0912571197903167 | -0.21861342101346692:-0.4058290453448521 | 0.14177597139902431 | 0.49470753997171
-0.4058290453448521 | 0.14177597139902431 | 0.49470753997171 | 0.0912571197903167 | -0.21861342101346692:-0.4133814424655107 | 0.14025082540571177 | 0.4934649404963558
-0.4133814424655107 | 0.14025082540571177 | 0.4934649404963558 | 0.0912571197903167 | -0.21861342101346692:-0.4209259467396187 | 0.1387123619584152 | 0.4920868434840031
-0.4209259467396187 | 0.1387123619584152 | 0.4920868434840031 | 0.0912571197903167 | -0.21861342101346692:-0.4284605148909897 | 0.137161597806859 | 0.4905735947950838
-0.4284605148909897 | 0.137161597806859 | 0.4905735947950838 | 0.9504638061103705 | 0.04798756370416646:-0.4294142931402618 | 0.11427307584892787 | 0.5000617540906305
-0.4294142931402618 | 0.11427307584892787 | 0.5000617540906305 | 0.9504638061103705 | 0.04798756370416646:-0.43032047255505645 | 0.09083575453425397 | 0.5084583045493716
-0.43032047255505645 | 0.09083575453425397 | 0.5084583045493716 | 0.9504638061103705 | 0.04798756370416646:-0.43118201087625607 | 0.06690329229817848 | 0.5157323580093482
-0.43118201087625607 | 0.06690329229817848 | 0.5157323580093482 | 0.9504638061103705 | 0.04798756370416646:-0.4320019449171433 | 0.04253102050942914 | 0.521855739696548
-0.4320019449171433 | 0.04253102050942914 | 0.521855739696548 | 0.9504638061103705 | 0.04798756370416646:-0.4327833834375028 | 0.017775803971204596 | 0.5268030760007534
-0.4327833834375028 | 0.017775803971204596 | 0.5268030760007534 | -0.5448774940459353 | 0.5563181834846087:-0.41993210997917885 | 0.03226934742825094 | 0.5404647827397859
-0.41993210997917885 | 0.03226934742825094 | 0.5404647827397859 | -0.5448774940459353 | 0.5563181834846087:-0.4066278065375819 | 0.04719575394391029 | 0.5533867133857377
-0.4066278065375819 | 0.04719575394391029 | 0.5533867133857377 | -0.5448774940459353 | 0.5563181834846087:-0.39289189520494006 | 0.0625346369058768 | 0.5655405617276621
-0.39289189520494006 | 0.0625346369058768 | 0.5655405617276621 | -0.5448774940459353 | 0.5563181834846087:-0.37874668091520647 | 0.07826472613911051 | 0.5768992537718773
-0.37874668091520647 | 0.07826472613911051 | 0.5768992537718773 | -0.5448774940459353 | 0.5563181834846087:-0.3642153131960484 | 0.09436390465839395 | 0.5874370013077019
-0.3642153131960484 | 0.09436390465839395 | 0.5874370013077019 | -0.5448774940459353 | 0.5563181834846087:-0.3493217463452787 | 0.11080924699554373 | 0.5971293531457249
-0.3493217463452787 | 0.11080924699554373 | 0.5971293531457249 | -0.5448774940459353 | 0.5563181834846087:-0.3340906981058467 | 0.12757705902988548 | 0.605953243938977
-0.3340906981058467 | 0.12757705902988548 | 0.605953243938977 | -0.5448774940459353 | 0.5563181834846087:-0.3185476069158639 | 0.14464291924827322 | 0.6138870405020356
-0.3185476069158639 | 0.14464291924827322 | 0.6138870405020356 | -0.5448774940459353 | 0.5563181834846087:-0.3027185878125209 | 0.16198172135852928 | 0.6209105855476054
-0.3027185878125209 | 0.16198172135852928 | 0.6209105855476054 | -0.5448774940459353 | 0.5563181834846087:-0.2866303870708684 | 0.17956771817796735 | 0.6270052387649656
-0.2866303870708684 | 0.17956771817796735 | 0.6270052387649656 | -0.7361436537865294 | 0.5741184925440055:-0.26980259713608135 | 0.2033366975555957 | 0.630478957318644
-0.26980259713608135 | 0.2033366975555957 | 0.630478957318644 | -0.7361436537865294 | 0.5741184925440055:-0.25282479601730046 | 0.2273010302099081 | 0.6325645617594731
-0.25282479601730046 | 0.2273010302099081 | 0.6325645617594731 | -0.7361436537865294 | 0.5741184925440055:-0.23573877918890673 | 0.25140762579848186 | 0.633246984760838
-0.23573877918890673 | 0.25140762579848186 | 0.633246984760838 | -0.7361436537865294 | 0.5741184925440055:-0.21858682567819443 | 0.2756027101607259 | 0.6325145012568285
-0.21858682567819443 | 0.2756027101607259 | 0.6325145012568285 | -0.7361436537865294 | 0.5741184925440055:-0.20141159488571247 | 0.2998319568528167 | 0.630358771476871
-0.20141159488571247 | 0.2998319568528167 | 0.630358771476871 | -0.7361436537865294 | 0.5741184925440055:-0.18425602221059023 | 0.3240406203693986 | 0.6267748755730835
-0.18425602221059023 | 0.3240406203693986 | 0.6267748755730835 | -0.7361436537865294 | 0.5741184925440055:-0.16716321374202892 | 0.34817367071897465 | 0.6217613397483674
-0.16716321374202892 | 0.34817367071897465 | 0.6217613397483674 | -0.7361436537865294 | 0.5741184925440055:-0.15017634027999804 | 0.3721759290169473 | 0.6153201538144444
-0.15017634027999804 | 0.3721759290169473 | 0.6153201538144444 | -0.7361436537865294 | 0.5741184925440055:-0.13333853094970038 | 0.39599220375795596 | 0.607456780130363
-0.13333853094970038 | 0.39599220375795596 | 0.607456780130363 | -0.7361436537865294 | 0.5741184925440055:-0.1166927666752926 | 0.4195674274277046 | 0.5981801538934448
-0.1166927666752926 | 0.4195674274277046 | 0.5981801538934448 | -0.7361436537865294 | 0.5741184925440055:-0.10028177377826353 | 0.4428467931139153 | 0.5875026747761254
-0.10028177377826353 | 0.4428467931139153 | 0.5875026747761254 | -0.7361436537865294 | 0.5741184925440055:-0.084147917965673 | 0.46577589077627835 | 0.5754401899235404
-0.084147917965673 | 0.46577589077627835 | 0.5754401899235404 | -0.7361436537865294 | 0.5741184925440055:-0.06833309897202611 | 0.488300842836324 | 0.562011968348024
-0.06833309897202611 | 0.488300842836324 | 0.562011968348024 | -0.7361436537865294 | 0.5741184925440055:-0.052878646116973016 | 0.5103684387500707 | 0.5472406667779453
-0.052878646116973016 | 0.5103684387500707 | 0.5472406667779453 | -0.7361436537865294 | 0.5741184925440055:-0.03782521503848102 | 0.531926268229018 | 0.5311522870394327
-0.03782521503848102 | 0.531926268229018 | 0.5311522870394327 | 0.9315818538244154 | 0.43624230201779923:-0.025788421296525144 | 0.508282530601651 | 0.5578640004641144
-0.025788421296525144 | 0.508282530601651 | 0.5578640004641144 | 0.9315818538244154 | 0.43624230201779923:-0.013154591197569232 | 0.4833180139552766 | 0.5832351089458712
-0.013154591197569232 | 0.4833180139552766 | 0.5832351089458712 | 0.9315818538244154 | 0.43624230201779923:4.630045052778087E-5 | 0.457095041002205 | 0.6071865878262983
4.630045052778087E-5 | 0.457095041002205 | 0.6071865878262983 | 0.9315818538244154 | 0.43624230201779923:0.013782482997484635 | 0.42967985341559256 | 0.6296430570135954
0.013782482997484635 | 0.42967985341559256 | 0.6296430570135954 | 0.9315818538244154 | 0.43624230201779923:0.02802047522829554 | 0.4011424351660544 | 0.6505330152017166
0.02802047522829554 | 0.4011424351660544 | 0.6505330152017166 | -0.5034247888175791 | 0.2613222616516433:0.036495072812336105 | 0.41867207373281445 | 0.6417777937454261
0.036495072812336105 | 0.41867207373281445 | 0.6417777937454261 | -0.5034247888175791 | 0.2613222616516433:0.044872724418574705 | 0.4360115944258922 | 0.6324203151545547
0.044872724418574705 | 0.4360115944258922 | 0.6324203151545547 | -0.5034247888175791 | 0.2613222616516433:0.05314468485373425 | 0.4531441875418416 | 0.6224662323626475
0.05314468485373425 | 0.4531441875418416 | 0.6224662323626475 | -0.5034247888175791 | 0.2613222616516433:0.061302290885926425 | 0.4700531926757954 | 0.6119217949286266
0.061302290885926425 | 0.4700531926757954 | 0.6119217949286266 | -0.5034247888175791 | 0.2613222616516433:0.06933696975873005 | 0.4867221152076482 | 0.6007938432619824
0.06933696975873005 | 0.4867221152076482 | 0.6007938432619824 | -0.5034247888175791 | 0.2613222616516433:0.07724024760623394 | 0.5031346426044401 | 0.5890898022836595
0.07724024760623394 | 0.5031346426044401 | 0.5890898022836595 | -0.5034247888175791 | 0.2613222616516433:0.08500375776130653 | 0.5192746605240686 | 0.5768176745301759
0.08500375776130653 | 0.5192746605240686 | 0.5768176745301759 | -0.5034247888175791 | 0.2613222616516433:0.09261924894980211 | 0.5351262687058345 | 0.5639860327091881
0.09261924894980211 | 0.5351262687058345 | 0.5639860327091881 | -0.5034247888175791 | 0.2613222616516433:0.10007859336310787 | 0.5506737966334185 | 0.550604011714988
0.10007859336310787 | 0.5506737966334185 | 0.550604011714988 | -0.5034247888175791 | 0.2613222616516433:0.10737379460185537 | 0.5659018189563163 | 0.5366813001130026
0.10737379460185537 | 0.5659018189563163 | 0.5366813001130026 | -0.5034247888175791 | 0.2613222616516433:0.11449699548381176 | 0.5807951706558896 | 0.5222281311026862
0.11449699548381176 | 0.5807951706558896 | 0.5222281311026862 | -0.5034247888175791 | 0.2613222616516433:0.12144048570887378 | 0.595338961942538 | 0.5072552729688269
0.12144048570887378 | 0.595338961942538 | 0.5072552729688269 | -0.5034247888175791 | 0.2613222616516433:0.12819670937439298 | 0.6095185928708489 | 0.49177401903147455
0.12819670937439298 | 0.6095185928708489 | 0.49177401903147455 | -0.5034247888175791 | 0.2613222616516433:0.1347582723343379 | 0.6233197676597584 | 0.47579617710529476
0.1347582723343379 | 0.6233197676597584 | 0.47579617710529476 | -0.5034247888175791 | 0.2613222616516433:0.1411179493956496 | 0.6367285087051471 | 0.4593340584794916
0.1411179493956496 | 0.6367285087051471 | 0.4593340584794916 | 0.8201870097365891 | -0.1662085711269332:0.13742977569784642 | 0.6189271116655419 | 0.4874414026002398
0.13742977569784642 | 0.6189271116655419 | 0.4874414026002398 | 0.8201870097365891 | -0.1662085711269332:0.13350025694893475 | 0.599921334167945 | 0.5148167070451279
0.13350025694893475 | 0.599921334167945 | 0.5148167070451279 | 0.8201870097365891 | -0.1662085711269332:0.1293356190873851 | 0.5797407753218096 | 0.5414058195992695
0.1293356190873851 | 0.5797407753218096 | 0.5414058195992695 | 0.8201870097365891 | -0.1662085711269332:0.1249425586454187 | 0.5584173834023574 | 0.5671558776309809
0.1249425586454187 | 0.5584173834023574 | 0.5671558776309809 | 0.8201870097365891 | -0.1662085711269332:0.12032823104818391 | 0.5359854002719331 | 0.5920154139357621
0.12032823104818391 | 0.5359854002719331 | 0.5920154139357621 | 0.8201870097365891 | -0.1662085711269332:0.11550023799997433 | 0.512481301242552 | 0.6159344600072814
0.11550023799997433 | 0.512481301242552 | 0.6159344600072814 | 0.8201870097365891 | -0.1662085711269332:0.11046661398180291 | 0.4879437304960206 | 0.6388646465330083
0.11046661398180291 | 0.4879437304960206 | 0.6388646465330083 | 0.8201870097365891 | -0.1662085711269332:0.10523581188656905 | 0.4624134321866151 | 0.6607593009176895
0.10523581188656905 | 0.4624134321866151 | 0.6607593009176895 | 0.8201870097365891 | -0.1662085711269332:0.0998166878195299 | 0.4359331773596651 | 0.6815735416438713
0.0998166878195299 | 0.4359331773596651 | 0.6815735416438713 | 0.8201870097365891 | -0.1662085711269332:0.0942184850935277 | 0.40854768682712006 | 0.7012643692848997
0.0942184850935277 | 0.40854768682712006 | 0.7012643692848997 | 0.8201870097365891 | -0.1662085711269332:0.08845081744987127 | 0.38030355014930706 | 0.71979075399247
0.08845081744987127 | 0.38030355014930706 | 0.71979075399247 | 0.8201870097365891 | -0.1662085711269332:0.08252365153728292 | 0.35124914087905523 | 0.7371137192878052
0.08252365153728292 | 0.35124914087905523 | 0.7371137192878052 | 0.8201870097365891 | -0.1662085711269332:0.07644728868269368 | 0.32143452823189733 | 0.7531964219927687
0.07644728868269368 | 0.32143452823189733 | 0.7531964219927687 | 0.8201870097365891 | -0.1662085711269332:0.07023234598908701 | 0.29091138535244454 | 0.7680042281447896
0.07023234598908701 | 0.29091138535244454 | 0.7680042281447896 | 0.8201870097365891 | -0.1662085711269332:0.06388973679675658 | 0.25973289435387414 | 0.7815047847475256
0.06388973679675658 | 0.25973289435387414 | 0.7815047847475256 | 0.8201870097365891 | -0.1662085711269332:0.057430650545672535 | 0.22795364831311105 | 0.7936680872169575
0.057430650545672535 | 0.22795364831311105 | 0.7936680872169575 | 0.8201870097365891 | -0.1662085711269332:0.05086653207765934 | 0.1956295504105725 | 0.8044665423914097
0.05086653207765934 | 0.1956295504105725 | 0.8044665423914097 | 0.8201870097365891 | -0.1662085711269332:0.0442090604181864 | 0.1628177104080848 | 0.8138750269823873
0.0442090604181864 | 0.1628177104080848 | 0.8138750269823873 | 0.8201870097365891 | -0.1662085711269332:0.037470127078631066 | 0.1295763386641937 | 0.8218709413520457
0.037470127078631066 | 0.1295763386641937 | 0.8218709413520457 | 0.8201870097365891 | -0.1662085711269332:0.030661813920573877 | 0.0959646378901482 | 0.8284342585120186
0.030661813920573877 | 0.0959646378901482 | 0.8284342585120186 | 0.12691828278191775 | -0.34290047175045024:0.01647692789077837 | 0.0908854089250255 | 0.8310748852032077
0.01647692789077837 | 0.0908854089250255 | 0.8310748852032077 | 0.12691828278191775 | -0.34290047175045024:0.002221147491809461 | 0.08577739173173171 | 0.8334246209320355
0.002221147491809461 | 0.08577739173173171 | 0.8334246209320355 | 0.12691828278191775 | -0.34290047175045024:-0.01209998354221753 | 0.080642648872562 | 0.8354817131621104
-0.01209998354221753 | 0.080642648872562 | 0.8354817131621104 | 0.12691828278191775 | -0.34290047175045024:-0.026480891164517573 | 0.07548325435728742 | 0.8372445324533118
-0.026480891164517573 | 0.07548325435728742 | 0.8372445324533118 | 0.12691828278191775 | -0.34290047175045024:-0.040915973394014316 | 0.07030129276588326 | 0.8387115729088208
-0.040915973394014316 | 0.07030129276588326 | 0.8387115729088208 | -0.08849746088653876 | -0.37700593897989965:-0.05681761359691606 | 0.07414999200815231 | 0.8390359760968238
-0.05681761359691606 | 0.07414999200815231 | 0.8390359760968238 | -0.08849746088653876 | -0.37700593897989965:-0.07275031591134606 | 0.07800555630210226 | 0.8390250482245563
-0.07275031591134606 | 0.07800555630210226 | 0.8390250482245563 | -0.08849746088653876 | -0.37700593897989965:-0.08870712185003526 | 0.08186636597506691 | 0.8386778766315217
-0.08870712185003526 | 0.08186636597506691 | 0.8386778766315217 | -0.08849746088653876 | -0.37700593897989965:-0.10468105682279472 | 0.08573079711583631 | 0.8379937032024856
-0.10468105682279472 | 0.08573079711583631 | 0.8379937032024856 | -0.08849746088653876 | -0.37700593897989965:-0.12066513335498996 | 0.08959722233091583 | 0.8369719245033309
-0.12066513335498996 | 0.08959722233091583 | 0.8369719245033309 | -0.08849746088653876 | -0.37700593897989965:-0.13665235430190137 | 0.0934640115001173 | 0.8356120918485601
-0.13665235430190137 | 0.0934640115001173 | 0.8356120918485601 | -0.08849746088653876 | -0.37700593897989965:-0.15263571605767723 | 0.0973295325308996 | 0.8339139113006553
-0.15263571605767723 | 0.0973295325308996 | 0.8339139113006553 | -0.08849746088653876 | -0.37700593897989965:-0.16860821175762197 | 0.10119215211135213 | 0.8318772436015109
-0.16860821175762197 | 0.10119215211135213 | 0.8318772436015109 | -0.08849746088653876 | -0.37700593897989965:-0.18456283447245525 | 0.10505023646139477 | 0.8295021040364929
-0.18456283447245525 | 0.10505023646139477 | 0.8295021040364929 | -0.08849746088653876 | -0.37700593897989965:-0.2004925803933162 | 0.10890215208195997 | 0.826788662231067
-0.2004925803933162 | 0.10890215208195997 | 0.826788662231067 | -0.08849746088653876 | -0.37700593897989965:-0.2163904520062161 | 0.11274626650185837 | 0.8237372418807354
-0.2163904520062161 | 0.11274626650185837 | 0.8237372418807354 | -0.08849746088653876 | -0.37700593897989965:-0.23224946125467483 | 0.11658094902194449 | 0.8203483204144391
-0.23224946125467483 | 0.11658094902194449 | 0.8203483204144391 | -0.08849746088653876 | -0.37700593897989965:-0.2480626326893116 | 0.1204045714564117 | 0.8166225285917648
-0.2480626326893116 | 0.1204045714564117 | 0.8166225285917648 | -0.08849746088653876 | -0.37700593897989965:-0.26382300660313973 | 0.12421550887083299 | 0.8125606500346834
-0.26382300660313973 | 0.12421550887083299 | 0.8125606500346834 | -0.08849746088653876 | -0.37700593897989965:-0.27952364215127545 | 0.12801214031672004 | 0.8081636206939322
-0.27952364215127545 | 0.12801214031672004 | 0.8081636206939322 | -0.08849746088653876 | -0.37700593897989965:-0.29515762045397764 | 0.13179284956223825 | 0.803432528250724
