0.0 | 0.0 | 0.0 | -0.9961511938774363 | 0.4160499795769408:2.0775202499618545E-4 | 4.978696854056608E-4 | 0.009985437640507506
2.0775202499618545E-4 | 4.978696854056608E-4 | 0.009985437640507506 | -0.9961511938774363 | 0.4160499795769408:8.251355119710783E-4 | 0.0019788498845705327 | 0.019784168027016436
8.251355119710783E-4 | 0.0019788498845705327 | 0.019784168027016436 | -0.9961511938774363 | 0.4160499795769408:0.0018416526615760934 | 0.004419911158484391 | 0.029312490542859296
0.0018416526615760934 | 0.004419911158484391 | 0.029312490542859296 | 0.8339839395323665 | -0.7406393458138019:9.94035795412641E-4 | 0.004237598397470732 | 0.039162853325304225
9.94035795412641E-4 | 0.004237598397470732 | 0.039162853325304225 | 0.8339839395323665 | -0.7406393458138019:-5.744674008329531E-4 | 0.003235483902390146 | 0.0488996609387759
-5.744674008329531E-4 | 0.003235483902390146 | 0.0488996609387759 | 0.8339839395323665 | -0.7406393458138019:-0.002851284646591272 | 0.001425905648325454 | 0.05843295203115678
-0.002851284646591272 | 0.001425905648325454 | 0.05843295203115678 | 0.8339839395323665 | -0.7406393458138019:-0.005819551799823687 | -0.0011739246635408263 | 0.06767474915159871
-0.005819551799823687 | -0.0011739246635408263 | 0.06767474915159871 | 0.8339839395323665 | -0.7406393458138019:-0.009458240696043915 | -0.004542056547231166 | 0.07653949075015393
-0.009458240696043915 | -0.004542056547231166 | 0.07653949075015393 | 0.05084642370365189 | -0.47670352174129715:-0.01262665865648127 | -0.005302377161518601 | 0.0853915614707656
-0.01262665865648127 | -0.005302377161518601 | 0.0853915614707656 | 0.05084642370365189 | -0.47670352174129715:-0.01620618563140697 | -0.006102472299496675 | 0.0940367319654195
-0.01620618563140697 | -0.006102472299496675 | 0.0940367319654195 | 0.05084642370365189 | -0.47670352174129715:-0.020186708553816185 | -0.0069413236244875165 | 0.10246167988919808
-0.020186708553816185 | -0.0069413236244875165 | 0.10246167988919808 | 0.05084642370365189 | -0.47670352174129715:-0.024557769689365336 | -0.007817875091304716 | 0.11065348684926857
-0.024557769689365336 | -0.007817875091304716 | 0.11065348684926857 | 0.05084642370365189 | -0.47670352174129715:-0.029308580366342374 | -0.008731034405707883 | 0.1185996457091476
-0.029308580366342374 | -0.008731034405707883 | 0.1185996457091476 | 0.05084642370365189 | -0.47670352174129715:-0.03442803481355601 | -0.009679674495861601 | 0.12628806747356158
-0.03442803481355601 | -0.009679674495861601 | 0.12628806747356158 | 0.05084642370365189 | -0.47670352174129715:-0.0399047240947186 | -0.01066263499457376 | 0.13370708775379225
-0.0399047240947186 | -0.01066263499457376 | 0.13370708775379225 | 0.05084642370365189 | -0.47670352174129715:-0.04572695012796832 | -0.011678723731106233 | 0.14084547281368032
-0.04572695012796832 | -0.011678723731106233 | 0.14084547281368032 | 0.05084642370365189 | -0.47670352174129715:-0.051882739779253784 | -0.012726718231353296 | 0.14769242519674664
-0.051882739779253784 | -0.012726718231353296 | 0.14769242519674664 | 0.05084642370365189 | -0.47670352174129715:-0.058359859018387694 | -0.013805367225194543 | 0.1542375889351555
-0.058359859018387694 | -0.013805367225194543 | 0.1542375889351555 | 0.05084642370365189 | -0.47670352174129715:-0.06514582712666522 | -0.014913392159837002 | 0.1604710543415333
-0.06514582712666522 | -0.014913392159837002 | 0.1604710543415333 | 0.05084642370365189 | -0.47670352174129715:-0.07222793094503838 | -0.016049488717970073 | 0.16638336238491314
-0.07222793094503838 | -0.016049488717970073 | 0.16638336238491314 | 0.05084642370365189 | -0.47670352174129715:-0.07959323915193822 | -0.017212328339567984 | 0.17196550865234617
-0.07959323915193822 | -0.017212328339567984 | 0.17196550865234617 | 0.05084642370365189 | -0.47670352174129715:-0.08722861655994418 | -0.01840055974618937 | 0.1772089468979816
-0.08722861655994418 | -0.01840055974618937 | 0.1772089468979816 | 0.05084642370365189 | -0.47670352174129715:-0.0951207384206113 | -0.019612810466626884 | 0.18210559218167743
-0.0951207384206113 | -0.019612810466626884 | 0.18210559218167743 | 0.05084642370365189 | -0.47670352174129715:-0.10325610472688351 | -0.020847688362778838 | 0.18664782359944532
-0.10325610472688351 | -0.020847688362778838 | 0.18664782359944532 | 0.05084642370365189 | -0.47670352174129715:-0.11162105450264337 | -0.02210378315462802 | 0.19082848660830054
-0.11162105450264337 | -0.02210378315462802 | 0.19082848660830054 | 0.05084642370365189 | -0.47670352174129715:-0.12020178006907911 | -0.023379667943218774 | 0.19464089494830894
-0.12020178006907911 | -0.023379667943218774 | 0.19464089494830894 | 0.05084642370365189 | -0.47670352174129715:-0.12898434127767877 | -0.024673900730546094 | 0.19807883216488564
-0.12898434127767877 | -0.024673900730546094 | 0.19807883216488564 | 0.05084642370365189 | -0.47670352174129715:-0.13795467969979924 | -0.025985025935279626 | 0.2011365527346105
-0.13795467969979924 | -0.025985025935279626 | 0.2011365527346105 | 0.20480626190497286 | 0.24461499696603828:-0.1396566612171739 | -0.028906211180911745 | 0.20876397634052513
-0.1396566612171739 | -0.028906211180911745 | 0.20876397634052513 | 0.20480626190497286 | 0.24461499696603828:-0.14114825664322783 | -0.03195985217723507 | 0.21635996189126017
-0.14114825664322783 | -0.03195985217723507 | 0.21635996189126017 | 0.20480626190497286 | 0.24461499696603828:-0.14243133042665113 | -0.03514485552019253 | 0.22391882712659283
-0.14243133042665113 | -0.03514485552019253 | 0.22391882712659283 | 0.20480626190497286 | 0.24461499696603828:-0.14350782282570562 | -0.03846005955013476 | 0.2314349675763827
-0.14350782282570562 | -0.03846005955013476 | 0.2314349675763827 | 0.20480626190497286 | 0.24461499696603828:-0.14437974835352319 | -0.04190423569037982 | 0.23890285792311516
-0.14437974835352319 | -0.04190423569037982 | 0.23890285792311516 | 0.20480626190497286 | 0.24461499696603828:-0.14504919421609808 | -0.04547608979167106 | 0.24631705332153953
-0.14504919421609808 | -0.04547608979167106 | 0.24631705332153953 | 0.20480626190497286 | 0.24461499696603828:-0.1455183187435276 | -0.04917426348207288 | 0.2536721906755277
-0.1455183187435276 | -0.04917426348207288 | 0.2536721906755277 | 0.20480626190497286 | 0.24461499696603828:-0.1457893498150491 | -0.05299733552185004 | 0.26096298987233
-0.1457893498150491 | -0.05299733552185004 | 0.26096298987233 | 0.20480626190497286 | 0.24461499696603828:-0.14586458327841756 | -0.05694382316287494 | 0.2681842549743747
-0.14586458327841756 | -0.05694382316287494 | 0.2681842549743747 | 0.20480626190497286 | 0.24461499696603828:-0.1457463813641624 | -0.06101218351211912 | 0.27533087536880974
-0.1457463813641624 | -0.06101218351211912 | 0.27533087536880974 | 0.20480626190497286 | 0.24461499696603828:-0.1454371710952551 | -0.06520081489878571 | 0.28239782687494674
-0.1454371710952551 | -0.06520081489878571 | 0.28239782687494674 | 0.20480626190497286 | 0.24461499696603828:-0.1449394426927113 | -0.06950805824464568 | 0.28938017280980954
-0.1449394426927113 | -0.06950805824464568 | 0.28938017280980954 | 0.20480626190497286 | 0.24461499696603828:-0.14425574797765206 | -0.07393219843714549 | 0.296273065011996
-0.14425574797765206 | -0.07393219843714549 | 0.296273065011996 | 0.20480626190497286 | 0.24461499696603828:-0.14338869877033478 | -0.07847146570486019 | 0.303071744824039
-0.14338869877033478 | -0.07847146570486019 | 0.303071744824039 | 0.20480626190497286 | 0.24461499696603828:-0.1423409652866594 | -0.08312403699486515 | 0.3097715440335058
-0.1423409652866594 | -0.08312403699486515 | 0.3097715440335058 | 0.20480626190497286 | 0.24461499696603828:-0.14111527453266337 | -0.08788803735161554 | 0.3163678857730412
-0.14111527453266337 | -0.08788803735161554 | 0.3163678857730412 | 0.20480626190497286 | 0.24461499696603828:-0.13971440869748442 | -0.0927615412969165 | 0.32285628537960154
-0.13971440869748442 | -0.0927615412969165 | 0.32285628537960154 | 0.20480626190497286 | 0.24461499696603828:-0.1381412035452958 | -0.09774257421057309 | 0.32923235121310324
-0.1381412035452958 | -0.09774257421057309 | 0.32923235121310324 | 0.20480626190497286 | 0.24461499696603828:-0.13639854680669172 | -0.10282911371133086 | 0.3354917854347441
-0.13639854680669172 | -0.10282911371133086 | 0.3354917854347441 | 0.20480626190497286 | 0.24461499696603828:-0.13448937656999949 | -0.1080190910376908 | 0.3416303847452369
-0.13448937656999949 | -0.1080190910376908 | 0.3416303847452369 | 0.20480626190497286 | 0.24461499696603828:-0.13241667967299087 | -0.11331039242822305 | 0.3476440410832353
-0.13241667967299087 | -0.11331039242822305 | 0.3476440410832353 | 0.20480626190497286 | 0.24461499696603828:-0.1301834900954617 | -0.11870086050098116 | 0.3535287422841993
-0.1301834900954617 | -0.11870086050098116 | 0.3535287422841993 | 0.20480626190497286 | 0.24461499696603828:-0.1277928873531362 | -0.12418829563164202 | 0.3592805726999817
-0.1277928873531362 | -0.12418829563164202 | 0.3592805726999817 | 0.20480626190497286 | 0.24461499696603828:-0.12524799489334626 | -0.12977045732998693 | 0.3648957137794113
-0.12524799489334626 | -0.12977045732998693 | 0.3648957137794113 | 0.20480626190497286 | 0.24461499696603828:-0.12255197849293697 | -0.13544506561436043 | 0.3703704446101739
-0.12255197849293697 | -0.13544506561436043 | 0.3703704446101739 | 0.09562595679978414 | -0.6922258933936996:-0.13719539522180124 | -0.13916489603168491 | 0.37044854960588935
-0.13719539522180124 | -0.13916489603168491 | 0.37044854960588935 | 0.09562595679978414 | -0.6922258933936996:-0.15198931444316255 | -0.14289010708329108 | 0.36987194265040024
-0.15198931444316255 | -0.14289010708329108 | 0.36987194265040024 | 0.09562595679978414 | -0.6922258933936996:-0.16690486448904274 | -0.14661690167046393 | 0.3686317610618435
-0.16690486448904274 | -0.14661690167046393 | 0.3686317610618435 | 0.09562595679978414 | -0.6922258933936996:-0.18191281190914044 | -0.15034142796838124 | 0.36672042050328635
-0.18191281190914044 | -0.15034142796838124 | 0.36672042050328635 | 0.09562595679978414 | -0.6922258933936996:-0.1969836154678415 | -0.15405978687332045 | 0.36413162683181
-0.1969836154678415 | -0.15405978687332045 | 0.36413162683181 | 0.09562595679978414 | -0.6922258933936996:-0.21208748041126402 | -0.15776803949235996 | 0.36086038570487844
-0.21208748041126402 | -0.15776803949235996 | 0.36086038570487844 | 0.09562595679978414 | -0.6922258933936996:-0.22719441291634723 | -0.16146221466342237 | 0.3569030099430215
-0.22719441291634723 | -0.16146221466342237 | 0.3569030099430215 | 0.09562595679978414 | -0.6922258933936996:-0.24227427463435447 | -0.1651383164935467 | 0.3522571246512758
-0.24227427463435447 | -0.1651383164935467 | 0.3522571246512758 | 0.09562595679978414 | -0.6922258933936996:-0.25729683724167973 | -0.16879233190335263 | 0.3469216701051572
-0.25729683724167973 | -0.16879233190335263 | 0.3469216701051572 | 0.09562595679978414 | -0.6922258933936996:-0.2722318369114545 | -0.17242023816572338 | 0.3408969024102859
-0.2722318369114545 | -0.17242023816572338 | 0.3408969024102859 | 0.09562595679978414 | -0.6922258933936996:-0.2870490286201921 | -0.17601801042683451 | 0.3341843919480194
-0.2870490286201921 | -0.17601801042683451 | 0.3341843919480194 | 0.09562595679978414 | -0.6922258933936996:-0.3017182402045817 | -0.17958162919776477 | 0.32678701962273315
-0.3017182402045817 | -0.17958162919776477 | 0.32678701962273315 | 0.09562595679978414 | -0.6922258933936996:-0.316209426084483 | -0.1831070878050527 | 0.31870897092955097
-0.316209426084483 | -0.1831070878050527 | 0.31870897092955097 | 0.09562595679978414 | -0.6922258933936996:-0.3304927205693069 | -0.18659039978871217 | 0.3099557278644536
-0.3304927205693069 | -0.18659039978871217 | 0.3099557278644536 | 0.09562595679978414 | -0.6922258933936996:-0.3445384906661033 | -0.19002760623635329 | 0.3005340587017997
-0.3445384906661033 | -0.19002760623635329 | 0.3005340587017997 | 0.7096073830669039 | -0.06679935521830305:-0.3490405599328952 | -0.20261410572711291 | 0.29543393227960024
-0.3490405599328952 | -0.20261410572711291 | 0.29543393227960024 | 0.7096073830669039 | -0.06679935521830305:-0.35349845110115297 | -0.2150947710299107 | 0.2897603568109197
-0.35349845110115297 | -0.2150947710299107 | 0.2897603568109197 | 0.7096073830669039 | -0.06679935521830305:-0.3579101290650293 | -0.22744440041225822 | 0.28351599215826795
-0.3579101290650293 | -0.22744440041225822 | 0.28351599215826795 | 0.7096073830669039 | -0.06679935521830305:-0.36227356720363346 | -0.2396378982889651 | 0.27670458778503715
-0.36227356720363346 | -0.2396378982889651 | 0.27670458778503715 | 0.7096073830669039 | -0.06679935521830305:-0.3665867516692991 | -0.25165032054052006 | 0.2693309763990932
-0.3665867516692991 | -0.25165032054052006 | 0.2693309763990932 | 0.7096073830669039 | -0.06679935521830305:-0.37084768563564374 | -0.2634569194402463 | 0.261401065759717
-0.37084768563564374 | -0.2634569194402463 | 0.261401065759717 | 0.7096073830669039 | -0.06679935521830305:-0.3750543934987327 | -0.27503318811907995 | 0.25292182867027435
-0.3750543934987327 | -0.27503318811907995 | 0.25292182867027435 | 0.7096073830669039 | -0.06679935521830305:-0.3792049250248297 | -0.28635490449800116 | 0.2439012911816505
-0.3792049250248297 | -0.28635490449800116 | 0.2439012911816505 | 0.7096073830669039 | -0.06679935521830305:-0.38329735943830734 | -0.2973981746194134 | 0.2343485190341319
-0.38329735943830734 | -0.2973981746194134 | 0.2343485190341319 | 0.7096073830669039 | -0.06679935521830305:-0.387329809443429 | -0.30813947531006924 | 0.22427360236792282
-0.387329809443429 | -0.30813947531006924 | 0.22427360236792282 | 0.13581157468359573 | -0.6278437362487654:-0.3974241381814103 | -0.3122573341114112 | 0.21167326920914675
-0.3974241381814103 | -0.3122573341114112 | 0.21167326920914675 | 0.13581157468359573 | -0.6278437362487654:-0.40713666392513126 | -0.31627531320245694 | 0.1985957262291258
-0.40713666392513126 | -0.31627531320245694 | 0.1985957262291258 | 0.13581157468359573 | -0.6278437362487654:-0.4164480995845796 | -0.32018938295877675 | 0.1850548301546091
-0.4164480995845796 | -0.32018938295877675 | 0.1850548301546091 | 0.13581157468359573 | -0.6278437362487654:-0.4253396803893281 | -0.32399562225568346 | 0.17106519903125772
-0.4253396803893281 | -0.32399562225568346 | 0.17106519903125772 | 0.13581157468359573 | -0.6278437362487654:-0.43379319091008917 | -0.32769022440463935 | 0.15664219078343677
-0.43379319091008917 | -0.32769022440463935 | 0.15664219078343677 | 0.23731194022137525 | -0.5325789488477852:-0.44106572929766763 | -0.3320548988222498 | 0.14222202188136635
-0.44106572929766763 | -0.3320548988222498 | 0.14222202188136635 | 0.23731194022137525 | -0.5325789488477852:-0.44794337651197225 | -0.336235423074287 | 0.1274330336206866
-0.44794337651197225 | -0.336235423074287 | 0.1274330336206866 | 0.23731194022137525 | -0.5325789488477852:-0.4544131735227328 | -0.3402260406266606 | 0.112289765596568
-0.4544131735227328 | -0.3402260406266606 | 0.112289765596568 | 0.23731194022137525 | -0.5325789488477852:-0.4604626341949061 | -0.34402120168360106 | 0.09680725134143842
-0.4604626341949061 | -0.34402120168360106 | 0.09680725134143842 | 0.23731194022137525 | -0.5325789488477852:-0.4660797596616355 | -0.34761556971281315 | 0.08100099967779073
-0.4660797596616355 | -0.34761556971281315 | 0.08100099967779073 | 0.23731194022137525 | -0.5325789488477852:-0.47125305208886203 | -0.35100402770222594 | 0.06488697560785894
-0.47125305208886203 | -0.35100402770222594 | 0.06488697560785894 | 0.23731194022137525 | -0.5325789488477852:-0.4759715278203558 | -0.3541816841431853 | 0.04848158076315556
-0.4759715278203558 | -0.3541816841431853 | 0.04848158076315556 | 0.23731194022137525 | -0.5325789488477852:-0.48022472989266163 | -0.3571438787352612 | 0.03180163343716558
-0.48022472989266163 | -0.3571438787352612 | 0.03180163343716558 | 0.23731194022137525 | -0.5325789488477852:-0.48400273991011034 | -0.35988618780817383 | 0.014864348224772783
-0.48400273991011034 | -0.35988618780817383 | 0.014864348224772783 | 0.23731194022137525 | -0.5325789488477852:-0.48729618927086094 | -0.36240442945661755 | -0.0023126847078387414
-0.48729618927086094 | -0.36240442945661755 | -0.0023126847078387414 | 0.23731194022137525 | -0.5325789488477852:-0.4900962697354778 | -0.3646946683841268 | -0.019711520698717067
-0.4900962697354778 | -0.3646946683841268 | -0.019711520698717067 | 0.23731194022137525 | -0.5325789488477852:-0.49239474333045763 | -0.36675322045240044 | -0.03731388198698937
-0.49239474333045763 | -0.36675322045240044 | -0.03731388198698937 | 0.23731194022137525 | -0.5325789488477852:-0.49418395157967154 | -0.3685766569328397 | -0.055101179406587875
-0.49418395157967154 | -0.3685766569328397 | -0.055101179406587875 | 0.23731194022137525 | -0.5325789488477852:-0.4954568240575483 | -0.3701618084573841 | -0.0730545343524085
-0.4954568240575483 | -0.3701618084573841 | -0.0730545343524085 | 0.23731194022137525 | -0.5325789488477852:-0.4962068862583955 | -0.37150576866603835 | -0.0911548009941967
-0.4962068862583955 | -0.37150576866603835 | -0.0911548009941967 | 0.4572959808620718 | 0.24152860828198586:-0.5003385206957773 | -0.37152607031105056 | -0.09418319087999905
-0.5003385206957773 | -0.37152607031105056 | -0.09418319087999905 | 0.4572959808620718 | 0.24152860828198586:-0.5044838317953904 | -0.3714419131829505 | -0.09716975300748487
-0.5044838317953904 | -0.3714419131829505 | -0.09716975300748487 | 0.4572959808620718 | 0.24152860828198586:-0.5086426055969646 | -0.3712544471729249 | -0.10011133219149215
-0.5086426055969646 | -0.3712544471729249 | -0.10011133219149215 | 0.4572959808620718 | 0.24152860828198586:-0.5128145798323658 | -0.3709649062438167 | -0.10300480946414226
-0.5128145798323658 | -0.3709649062438167 | -0.10300480946414226 | 0.4572959808620718 | 0.24152860828198586:-0.5169994445743704 | -0.370574607312232 | -0.10584710490611471
-0.5169994445743704 | -0.370574607312232 | -0.10584710490611471 | 0.4572959808620718 | 0.24152860828198586:-0.5211968429213591 | -0.3700849490612512 | -0.10863518043184328
-0.5211968429213591 | -0.3700849490612512 | -0.10863518043184328 | 0.4572959808620718 | 0.24152860828198586:-0.5254063717172102 | -0.3694974106852307 | -0.11136604252657989
-0.5254063717172102 | -0.3694974106852307 | -0.11136604252657989 | 0.4572959808620718 | 0.24152860828198586:-0.5296275823056078 | -0.36881355056807763 | -0.11403674493336169
-0.5296275823056078 | -0.36881355056807763 | -0.11403674493336169 | 0.4572959808620718 | 0.24152860828198586:-0.5338599813179989 | -0.36803500489644136 | -0.1166443912879771
-0.5338599813179989 | -0.36803500489644136 | -0.1166443912879771 | 0.4572959808620718 | 0.24152860828198586:-0.5381030314943978 | -0.3671634862094173 | -0.11918613770007624
-0.5381030314943978 | -0.3671634862094173 | -0.11918613770007624 | 0.4572959808620718 | 0.24152860828198586:-0.5423561525361649 | -0.36620078188623495 | -0.12165919527858549
-0.5423561525361649 | -0.36620078188623495 | -0.12165919527858549 | 0.4572959808620718 | 0.24152860828198586:-0.5466187219899794 | -0.3651487525735675 | -0.12406083259970302
-0.5466187219899794 | -0.3651487525735675 | -0.12406083259970302 | 0.4572959808620718 | 0.24152860828198586:-0.5508900761620978 | -0.36400933055406526 | -0.12638837811575598
-0.5508900761620978 | -0.36400933055406526 | -0.12638837811575598 | 0.4572959808620718 | 0.24152860828198586:-0.5551695110620187 | -0.36278451805779 | -0.12863922250327064
-0.5551695110620187 | -0.36278451805779 | -0.12863922250327064 | 0.4572959808620718 | 0.24152860828198586:-0.5594562833746828 | -0.3614763855182126 | -0.1308108209487031
-0.5594562833746828 | -0.3614763855182126 | -0.1308108209487031 | 0.4572959808620718 | 0.24152860828198586:-0.563749611460235 | -0.3600870697745542 | -0.13290069537026739
-0.563749611460235 | -0.3600870697745542 | -0.13290069537026739 | 0.4572959808620718 | 0.24152860828198586:-0.5680486763804993 | -0.3586187722221652 | -0.13490643657440415
-0.5680486763804993 | -0.3586187722221652 | -0.13490643657440415 | 0.4572959808620718 | 0.24152860828198586:-0.5723526229511329 | -0.357073756912758 | -0.13682570634546565
-0.5723526229511329 | -0.357073756912758 | -0.13682570634546565 | 0.4572959808620718 | 0.24152860828198586:-0.5766605608185635 | -0.3554543486062869 | -0.13865623946731986
-0.5766605608185635 | -0.3554543486062869 | -0.13865623946731986 | 0.4572959808620718 | 0.24152860828198586:-0.5809715655606951 | -0.3537629307763659 | -0.14039584567548857
-0.5809715655606951 | -0.3537629307763659 | -0.14039584567548857 | 0.4572959808620718 | 0.24152860828198586:-0.585284679810421 | -0.3520019435709756 | -0.14204241153869646
-0.585284679810421 | -0.3520019435709756 | -0.14204241153869646 | 0.4572959808620718 | 0.24152860828198586:-0.5895989144009448 | -0.35017388173046626 | -0.1435939022685595
-0.5895989144009448 | -0.35017388173046626 | -0.1435939022685595 | 0.4572959808620718 | 0.24152860828198586:-0.5939132495318518 | -0.34828129246467654 | -0.14504836345641436
-0.5939132495318518 | -0.34828129246467654 | -0.14504836345641436 | 0.4572959808620718 | 0.24152860828198586:-0.5982266359550295 | -0.34632677329111416 | -0.146403922736134
-0.5982266359550295 | -0.34632677329111416 | -0.146403922736134 | 0.4572959808620718 | 0.24152860828198586:-0.6025379961792368 | -0.34431296983617443 | -0.14765879137203797
-0.6025379961792368 | -0.34431296983617443 | -0.14765879137203797 | 0.4572959808620718 | 0.24152860828198586:-0.6068462256924434 | -0.3422425736012933 | -0.14881126577093085
-0.6068462256924434 | -0.3422425736012933 | -0.14881126577093085 | 0.4572959808620718 | 0.24152860828198586:-0.6111501942008317 | -0.3401183196960744 | -0.14985972891741994
-0.6111501942008317 | -0.3401183196960744 | -0.14985972891741994 | 0.4572959808620718 | 0.24152860828198586:-0.6154487468833452 | -0.3379429845403301 | -0.15080265173174112
-0.6154487468833452 | -0.3379429845403301 | -0.15080265173174112 | 0.4572959808620718 | 0.24152860828198586:-0.6197407056608881 | -0.3357193835370609 | -0.15163859434932903
-0.6197407056608881 | -0.3357193835370609 | -0.15163859434932903 | 0.4572959808620718 | 0.24152860828198586:-0.6240248704789195 | -0.3334503687183634 | -0.15236620732148864
-0.6240248704789195 | -0.3334503687183634 | -0.15236620732148864 | -0.9789156338522405 | 0.14990589674278088:-0.6274114091263812 | -0.3418054283673335 | -0.1316889764524678
-0.6274114091263812 | -0.3418054283673335 | -0.1316889764524678 | -0.9789156338522405 | 0.14990589674278088:-0.6306193098698571 | -0.34914853918336775 | -0.11051666673080796
-0.6306193098698571 | -0.34914853918336775 | -0.11051666673080796 | -0.9789156338522405 | 0.14990589674278088:-0.6336448070529173 | -0.3554524034364661 | -0.08890138357914523
-0.6336448070529173 | -0.3554524034364661 | -0.08890138357914523 | -0.9789156338522405 | 0.14990589674278088:-0.6364845459520225 | -0.3606923848623431 | -0.06689673591681533
-0.6364845459520225 | -0.3606923848623431 | -0.06689673591681533 | -0.9789156338522405 | 0.14990589674278088:-0.6391355944169419 | -0.36484658800844727 | -0.04455769481416283
-0.6391355944169419 | -0.36484658800844727 | -0.04455769481416283 | 0.16293787340623922 | 0.2740692013921684:-0.6420063656302517 | -0.36577017383095267 | -0.03890412433821844
-0.6420063656302517 | -0.36577017383095267 | -0.03890412433821844 | 0.16293787340623922 | 0.2740692013921684:-0.6447785124644412 | -0.36672564381854045 | -0.033197608686624136
-0.6447785124644412 | -0.36672564381854045 | -0.033197608686624136 | 0.16293787340623922 | 0.2740692013921684:-0.6474512361437661 | -0.3677137463675173 | -0.027440157687481204
-0.6474512361437661 | -0.3677137463675173 | -0.027440157687481204 | 0.16293787340623922 | 0.2740692013921684:-0.6500237718116821 | -0.36873520712307695 | -0.021633797720804537
-0.6500237718116821 | -0.36873520712307695 | -0.021633797720804537 | 0.16293787340623922 | 0.2740692013921684:-0.6524953886852742 | -0.36979072891083575 | -0.015780570933038973
-0.6524953886852742 | -0.36979072891083575 | -0.015780570933038973 | 0.16293787340623922 | 0.2740692013921684:-0.6548653901977133 | -0.3708809916751967 | -0.009882534451802982
-0.6548653901977133 | -0.3708809916751967 | -0.009882534451802982 | 0.16293787340623922 | 0.2740692013921684:-0.657133114128932 | -0.3720066524244814 | -0.00394175960103027
-0.657133114128932 | -0.3720066524244814 | -0.00394175960103027 | 0.16293787340623922 | 0.2740692013921684:-0.6592979327244208 | -0.3731683451828438 | 0.002039668883249135
-0.6592979327244208 | -0.3731683451828438 | 0.002039668883249135 | 0.16293787340623922 | 0.2740692013921684:-0.6613592528023204 | -0.37436668094889924 | 0.008059653636294684
-0.6613592528023204 | -0.37436668094889924 | 0.008059653636294684 | 0.16293787340623922 | 0.2740692013921684:-0.6633165158488552 | -0.3756022476610603 | 0.014116085447016147
-0.6633165158488552 | -0.3756022476610603 | 0.014116085447016147 | 0.3663859909465428 | -0.08558967538938766:-0.6654085981494475 | -0.3769689223806445 | 0.004408316954201297
-0.6654085981494475 | -0.3769689223806445 | 0.004408316954201297 | 0.3663859909465428 | -0.08558967538938766:-0.6674382933848619 | -0.3781458808703526 | -0.005361857173300066
-0.6674382933848619 | -0.3781458808703526 | -0.005361857173300066 | 0.3663859909465428 | -0.08558967538938766:-0.6694054306563189 | -0.37913158379926415 | -0.015190077828435733
-0.6694054306563189 | -0.37913158379926415 | -0.015190077828435733 | 0.3663859909465428 | -0.08558967538938766:-0.6713098596308598 | -0.3799245872841368 | -0.025071956491068192
-0.6713098596308598 | -0.3799245872841368 | -0.025071956491068192 | 0.3663859909465428 | -0.08558967538938766:-0.6731514506457117 | -0.38052354327896865 | -0.035003077368129354
-0.6731514506457117 | -0.38052354327896865 | -0.035003077368129354 | -0.6893712902996503 | -0.832019655631842:-0.6736201373900528 | -0.38261740751285345 | -0.0499910479964516
-0.6736201373900528 | -0.38261740751285345 | -0.0499910479964516 | -0.6893712902996503 | -0.832019655631842:-0.673442763056336 | -0.38521971256489707 | -0.06494565060138768
-0.673442763056336 | -0.38521971256489707 | -0.06494565060138768 | -0.6893712902996503 | -0.832019655631842:-0.672620580361901 | -0.38833048093901823 | -0.07982126279143209
-0.672620580361901 | -0.38833048093901823 | -0.07982126279143209 | -0.6893712902996503 | -0.832019655631842:-0.671156808069 | -0.391948103090634 | -0.09457228606936141
-0.671156808069 | -0.391948103090634 | -0.09457228606936141 | -0.6893712902996503 | -0.832019655631842:-0.6690566289646966 | -0.3960693366464909 | -0.10915328978845196
-0.6690566289646966 | -0.3960693366464909 | -0.10915328978845196 | 0.38874816393745304 | -0.9510586273270898:-0.6645605741418592 | -0.3949509535765685 | -0.14890871674101014
-0.6645605741418592 | -0.3949509535765685 | -0.14890871674101014 | 0.38874816393745304 | -0.9510586273270898:-0.6581409408022623 | -0.3930412864655608 | -0.1884777501999526
-0.6581409408022623 | -0.3930412864655608 | -0.1884777501999526 | 0.38874816393745304 | -0.9510586273270898:-0.6498051832989873 | -0.3903423464171496 | -0.2277504324519093
-0.6498051832989873 | -0.3903423464171496 | -0.2277504324519093 | 0.38874816393745304 | -0.9510586273270898:-0.6395661812511619 | -0.38685836475548996 | -0.26661714604010633
-0.6395661812511619 | -0.38685836475548996 | -0.26661714604010633 | 0.38874816393745304 | -0.9510586273270898:-0.6274422221052305 | -0.3825957889557827 | -0.30496892802204734
-0.6274422221052305 | -0.3825957889557827 | -0.30496892802204734 | -0.43065951189371265 | -0.2331940113124258:-0.6255431067010306 | -0.3900727074117327 | -0.30473652769246584
-0.6255431067010306 | -0.3900727074117327 | -0.30473652769246584 | -0.43065951189371265 | -0.2331940113124258:-0.6236238140663346 | -0.3975493069074929 | -0.3043102378800775
-0.6236238140663346 | -0.3975493069074929 | -0.3043102378800775 | -0.43065951189371265 | -0.2331940113124258:-0.621686982895632 | -0.4050211161091539 | -0.3036895758037943
-0.621686982895632 | -0.4050211161091539 | -0.3036895758037943 | -0.43065951189371265 | -0.2331940113124258:-0.6197352559437164 | -0.41248365069804294 | -0.30287419975726415
-0.6197352559437164 | -0.41248365069804294 | -0.30287419975726415 | -0.43065951189371265 | -0.2331940113124258:-0.6177712782190952 | -0.4199324167446221 | -0.30186390932461293
-0.6177712782190952 | -0.4199324167446221 | -0.30186390932461293 | 0.14208605878402247 | 0.6732642592637645:-0.6291951927340307 | -0.41878498720664936 | -0.2845593554253565
-0.6291951927340307 | -0.41878498720664936 | -0.2845593554253565 | 0.14208605878402247 | 0.6732642592637645:-0.6400370222081548 | -0.41774560469733757 | -0.2668217908731396
-0.6400370222081548 | -0.41774560469733757 | -0.2668217908731396 | 0.14208605878402247 | 0.6732642592637645:-0.650280784387995 | -0.4168178482098597 | -0.24867202575713954
-0.650280784387995 | -0.4168178482098597 | -0.24867202575713954 | 0.14208605878402247 | 0.6732642592637645:-0.6599112325841716 | -0.41600514236422015 | -0.23013148145144413
-0.6599112325841716 | -0.41600514236422015 | -0.23013148145144413 | 0.14208605878402247 | 0.6732642592637645:-0.668913877531125 | -0.41531075270905404 | -0.21122216287512074
-0.668913877531125 | -0.41531075270905404 | -0.21122216287512074 | 0.4543834658500152 | -0.5098736747520258:-0.664576343716277 | -0.41133558099807743 | -0.23812050342491098
-0.664576343716277 | -0.41133558099807743 | -0.23812050342491098 | 0.4543834658500152 | -0.5098736747520258:-0.659527397412603 | -0.4067287250076461 | -0.2648554760857085
-0.659527397412603 | -0.4067287250076461 | -0.2648554760857085 | 0.4543834658500152 | -0.5098736747520258:-0.6537707761537632 | -0.4014930856352805 | -0.2913928990692778
-0.6537707761537632 | -0.4014930856352805 | -0.2913928990692778 | 0.4543834658500152 | -0.5098736747520258:-0.6473111421319402 | -0.3956323899424632 | -0.31769874297762435
-0.6473111421319402 | -0.3956323899424632 | -0.31769874297762435 | 0.4543834658500152 | -0.5098736747520258:-0.6401540776474945 | -0.389151187607915 | -0.3437391759077393
-0.6401540776474945 | -0.389151187607915 | -0.3437391759077393 | 0.7353272860966591 | 0.7715687577656716:-0.6548714928515409 | -0.3770552512689491 | -0.3335647895110885
-0.6548714928515409 | -0.3770552512689491 | -0.3335647895110885 | 0.7353272860966591 | 0.7715687577656716:-0.6691819064590874 | -0.36530709430044794 | -0.32236079319534205
-0.6691819064590874 | -0.36530709430044794 | -0.32236079319534205 | 0.7353272860966591 | 0.7715687577656716:-0.6830450140294744 | -0.353945864045059 | -0.31015573030577315
-0.6830450140294744 | -0.353945864045059 | -0.31015573030577315 | 0.7353272860966591 | 0.7715687577656716:-0.6964216610809189 | -0.34300966638068076 | -0.29698122186073306
-0.6964216610809189 | -0.34300966638068076 | -0.29698122186073306 | 0.7353272860966591 | 0.7715687577656716:-0.7092739646108157 | -0.332535448352985 | -0.28287188074769354
-0.7092739646108157 | -0.332535448352985 | -0.28287188074769354 | 0.39439864942346525 | -0.7699540424205433:-0.6990108663624142 | -0.3275489267769558 | -0.31709334352709284
-0.6990108663624142 | -0.3275489267769558 | -0.31709334352709284 | 0.39439864942346525 | -0.7699540424205433:-0.6874025791225762 | -0.32186949035283163 | -0.3508487379475165
-0.6874025791225762 | -0.32186949035283163 | -0.3508487379475165 | 0.39439864942346525 | -0.7699540424205433:-0.6744667454505588 | -0.31550550289164647 | -0.38407054056591683
-0.6744667454505588 | -0.31550550289164647 | -0.38407054056591683 | 0.39439864942346525 | -0.7699540424205433:-0.6602237035025809 | -0.3084667172786624 | -0.41669207469287706
-0.6602237035025809 | -0.3084667172786624 | -0.41669207469287706 | 0.39439864942346525 | -0.7699540424205433:-0.6446964523943279 | -0.3007642590784201 | -0.4486476469785403
-0.6446964523943279 | -0.3007642590784201 | -0.4486476469785403 | 0.39439864942346525 | -0.7699540424205433:-0.6279106120960165 | -0.29241060732180557 | -0.47987268219541157
-0.6279106120960165 | -0.29241060732180557 | -0.47987268219541157 | 0.39439864942346525 | -0.7699540424205433:-0.6098943779392556 | -0.28341957251267047 | -0.510303855941963
-0.6098943779392556 | -0.28341957251267047 | -0.510303855941963 | 0.39439864942346525 | -0.7699540424205433:-0.5906784698255052 | -0.27380627189764084 | -0.5398792249953122
-0.5906784698255052 | -0.27380627189764084 | -0.5398792249953122 | 0.39439864942346525 | -0.7699540424205433:-0.5702960762371134 | -0.263587102047957 | -0.5685383550461305
-0.5702960762371134 | -0.263587102047957 | -0.5685383550461305 | 0.39439864942346525 | -0.7699540424205433:-0.5487827931621325 | -0.2527797088078785 | -0.5962224455543792
-0.5487827931621325 | -0.2527797088078785 | -0.5962224455543792 | 0.257599333073556 | 0.9403445747362997:-0.5773757201126557 | -0.24551603859548266 | -0.5739938080507305
-0.5773757201126557 | -0.24551603859548266 | -0.5739938080507305 | 0.257599333073556 | 0.9403445747362997:-0.6049243401810145 | -0.2385218576635708 | -0.5503006646359547
-0.6049243401810145 | -0.2385218576635708 | -0.5503006646359547 | 0.257599333073556 | 0.9403445747362997:-0.6313582372866051 | -0.23181686486496744 | -0.5251959906115151
-0.6313582372866051 | -0.23181686486496744 | -0.5251959906115151 | 0.257599333073556 | 0.9403445747362997:-0.6566095463576858 | -0.2254200832104516 | -0.4987364222316457
-0.6566095463576858 | -0.2254200832104516 | -0.4987364222316457 | 0.257599333073556 | 0.9403445747362997:-0.680613129958985 | -0.21934981063991188 | -0.4709821233865811
-0.680613129958985 | -0.21934981063991188 | -0.4709821233865811 | 0.257599333073556 | 0.9403445747362997:-0.7033067483234987 | -0.21362357254097475 | -0.44199664312315834
-0.7033067483234987 | -0.21362357254097475 | -0.44199664312315834 | 0.257599333073556 | 0.9403445747362997:-0.7246312223497142 | -0.20825807613761071 | -0.41184676435571477
-0.7246312223497142 | -0.20825807613761071 | -0.41184676435571477 | 0.257599333073556 | 0.9403445747362997:-0.7445305891427125 | -0.203269166866491 | -0.38060234414272237
-0.7445305891427125 | -0.203269166866491 | -0.38060234414272237 | 0.257599333073556 | 0.9403445747362997:-0.7629522496968946 | -0.1986717868538932 | -0.34833614592616086
-0.7629522496968946 | -0.1986717868538932 | -0.34833614592616086 | 0.257599333073556 | 0.9403445747362997:-0.7798471083376768 | -0.19447993560068255 | -0.3151236641511822
-0.7798471083376768 | -0.19447993560068255 | -0.3151236641511822 | 0.20830214430182248 | -0.7858913186734455:-0.7680009344095993 | -0.1914901376191409 | -0.34807341803664094
-0.7680009344095993 | -0.1914901376191409 | -0.34807341803664094 | 0.20830214430182248 | -0.7858913186734455:-0.75483619256579 | -0.1881486152512366 | -0.38054385362392873
