0.0 | 0.0 | 0.0 | -0.7799354974964849 | -0.7451424119327379:-3.722018259167773E-4 | 3.8986891578862704E-4 | 0.009985462835005999
-3.722018259167773E-4 | 3.8986891578862704E-4 | 0.009985462835005999 | -0.7799354974964849 | -0.7451424119327379:-0.0014786458418266568 | 0.0015499605813467099 | 0.019784368290918973
-0.0014786458418266568 | 0.0015499605813467099 | 0.019784368290918973 | -0.7799354974964849 | -0.7451424119327379:-0.003301059666723545 | 0.003462798101335207 | 0.029313161470338207
-0.003301059666723545 | 0.003462798101335207 | 0.029313161470338207 | -0.7799354974964849 | -0.7451424119327379:-0.005817241223482171 | 0.006106742119713515 | 0.03849080192917831
-0.005817241223482171 | 0.006106742119713515 | 0.03849080192917831 | -0.8895716264376088 | 0.7714392456436179:-0.005398702228672021 | 0.009716612291229887 | 0.047732763052567406
-0.005398702228672021 | 0.009716612291229887 | 0.047732763052567406 | -0.8895716264376088 | 0.7714392456436179:-0.004265682008552912 | 0.014124764920674604 | 0.05662921407777852
-0.004265682008552912 | 0.014124764920674604 | 0.05662921407777852 | -0.8895716264376088 | 0.7714392456436179:-0.0024438072530537855 | 0.0193040220684908 | 0.06508839753049273
-0.0024438072530537855 | 0.0193040220684908 | 0.06508839753049273 | -0.8895716264376088 | 0.7714392456436179:3.6837841038833696E-5 | 0.02522198250467167 | 0.07302213692123061
3.6837841038833696E-5 | 0.02522198250467167 | 0.07302213692123061 | -0.8895716264376088 | 0.7714392456436179:0.0031419211629144204 | 0.03184125292814122 | 0.08034630935007525
0.0031419211629144204 | 0.03184125292814122 | 0.08034630935007525 | -0.8895716264376088 | 0.7714392456436179:0.006833092038464866 | 0.03911970253199071 | 0.08698129285440825
0.006833092038464866 | 0.03911970253199071 | 0.08698129285440825 | -0.8895716264376088 | 0.7714392456436179:0.011068229052251568 | 0.04701073947258538 | 0.09285238662253481
0.011068229052251568 | 0.04701073947258538 | 0.09285238662253481 | -0.8895716264376088 | 0.7714392456436179:0.015801704983816955 | 0.05546360771641223 | 0.09789020233733692
0.015801704983816955 | 0.05546360771641223 | 0.09789020233733692 | -0.8895716264376088 | 0.7714392456436179:0.02098466743778464 | 0.06442370266184683 | 0.10203102506141393
0.02098466743778464 | 0.06442370266184683 | 0.10203102506141393 | -0.8895716264376088 | 0.7714392456436179:0.026565333690315475 | 0.07383290386403774 | 0.1052171422278807
0.026565333690315475 | 0.07383290386403774 | 0.1052171422278807 | -0.8895716264376088 | 0.7714392456436179:0.03248929822456198 | 0.08362992313002782 | 0.10739713945838836
0.03248929822456198 | 0.08362992313002782 | 0.10739713945838836 | -0.8895716264376088 | 0.7714392456436179:0.03869985138492893 | 0.09375066619824973 | 0.10852616209131871
0.03869985138492893 | 0.09375066619824973 | 0.10852616209131871 | -0.8895716264376088 | 0.7714392456436179:0.04513830754431292 | 0.10412860617177505 | 0.108566141467757
0.04513830754431292 | 0.10412860617177505 | 0.108566141467757 | -0.8895716264376088 | 0.7714392456436179:0.05174434115013579 | 0.11469516683827652 | 0.10748598519005559
0.05174434115013579 | 0.11469516683827652 | 0.10748598519005559 | -0.8895716264376088 | 0.7714392456436179:0.0584563289939555 | 0.1253801139816497 | 0.10526173073682932
0.0584563289939555 | 0.1253801139816497 | 0.10526173073682932 | -0.8895716264376088 | 0.7714392456436179:0.06521169703574725 | 0.1361119527706679 | 0.1018766619883682
0.06521169703574725 | 0.1361119527706679 | 0.1018766619883682 | -0.8895716264376088 | 0.7714392456436179:0.07194727010759105 | 0.1468183292989218 | 0.09732138838695992
0.07194727010759105 | 0.1468183292989218 | 0.09732138838695992 | -0.8895716264376088 | 0.7714392456436179:0.07859962282243094 | 0.15742643434758027 | 0.09159388662681112
0.07859962282243094 | 0.15742643434758027 | 0.09159388662681112 | -0.8895716264376088 | 0.7714392456436179:0.08510543002171955 | 0.16786340744814338 | 0.08469950493738643
0.08510543002171955 | 0.16786340744814338 | 0.08469950493738643 | -0.8895716264376088 | 0.7714392456436179:0.09140181511102641 | 0.1780567393362391 | 0.0766509301913989
0.09140181511102641 | 0.1780567393362391 | 0.0766509301913989 | -0.8895716264376088 | 0.7714392456436179:0.09742669465494347 | 0.18793467090950722 | 0.06746811823365784
0.09742669465494347 | 0.18793467090950722 | 0.06746811823365784 | -0.8895716264376088 | 0.7714392456436179:0.10311911763171056 | 0.19742658683256142 | 0.05717818798887975
0.10311911763171056 | 0.19742658683256142 | 0.05717818798887975 | -0.8895716264376088 | 0.7714392456436179:0.10841959778372579 | 0.20646340196971735 | 0.045815280064717356
0.10841959778372579 | 0.20646340196971735 | 0.045815280064717356 | -0.8895716264376088 | 0.7714392456436179:0.11327043754229604 | 0.21497793887140482 | 0.03342038072005549
0.11327043754229604 | 0.21497793887140482 | 0.03342038072005549 | -0.8895716264376088 | 0.7714392456436179:0.11761604205338339 | 0.22290529459269437 | 0.0200411122174442
0.11761604205338339 | 0.22290529459269437 | 0.0200411122174442 | -0.8895716264376088 | 0.7714392456436179:0.12140322188547081 | 0.23018319518186758 | 0.0057314907218106725
0.12140322188547081 | 0.23018319518186758 | 0.0057314907218106725 | -0.8895716264376088 | 0.7714392456436179:0.12458148306072059 | 0.2367523362431616 | -0.009448346955231557
0.12458148306072059 | 0.2367523362431616 | -0.009448346955231557 | -0.8895716264376088 | 0.7714392456436179:0.12710330311603246 | 0.24255670805037743 | -0.025432446335601266
0.12710330311603246 | 0.24255670805037743 | -0.025432446335601266 | -0.8895716264376088 | 0.7714392456436179:0.12892439197111893 | 0.2475439037665912 | -0.04214936642616962
0.12892439197111893 | 0.2475439037665912 | -0.04214936642616962 | -0.8895716264376088 | 0.7714392456436179:0.1300039364559642 | 0.25166540940942816 | -0.05952253737219171
0.1300039364559642 | 0.25166540940942816 | -0.05952253737219171 | -0.7779435946339741 | 0.15986813610216943:0.1326238627416938 | 0.2552769295880628 | -0.07202686896313226
0.1326238627416938 | 0.2552769295880628 | -0.07202686896313226 | -0.7779435946339741 | 0.15986813610216943:0.13509530055163177 | 0.25826727096010726 | -0.08492473547028978
0.13509530055163177 | 0.25826727096010726 | -0.08492473547028978 | -0.7779435946339741 | 0.15986813610216943:0.1374139069984439 | 0.2606137035826652 | -0.09818241154046481
0.1374139069984439 | 0.2606137035826652 | -0.09818241154046481 | -0.7779435946339741 | 0.15986813610216943:0.13957569605735243 | 0.26229522186879084 | -0.11176505180031349
0.13957569605735243 | 0.26229522186879084 | -0.11176505180031349 | -0.7779435946339741 | 0.15986813610216943:0.14157704784049407 | 0.2632925913629629 | -0.1256367799710525
0.14157704784049407 | 0.2632925913629629 | -0.1256367799710525 | -0.7779435946339741 | 0.15986813610216943:0.1434147169895632 | 0.2635883912615897 | -0.13976077978954105
0.1434147169895632 | 0.2635883912615897 | -0.13976077978954105 | -0.7779435946339741 | 0.15986813610216943:0.14508584017559567 | 0.26316705262025764 | -0.1540993875317236
0.14508584017559567 | 0.26316705262025764 | -0.1540993875317236 | -0.7779435946339741 | 0.15986813610216943:0.1465879426965837 | 0.26201489219846685 | -0.16861418593290267
0.1465879426965837 | 0.26201489219846685 | -0.16861418593290267 | -0.7779435946339741 | 0.15986813610216943:0.14791894416550466 | 0.26012014190168387 | -0.1832660992981896
0.14791894416550466 | 0.26012014190168387 | -0.1832660992981896 | -0.7779435946339741 | 0.15986813610216943:0.14907716328318577 | 0.25747297378955647 | -0.1980154895957713
0.14907716328318577 | 0.25747297378955647 | -0.1980154895957713 | -0.7779435946339741 | 0.15986813610216943:0.15006132169230302 | 0.2540655206281981 | -0.21282225332531318
0.15006132169230302 | 0.2540655206281981 | -0.21282225332531318 | -0.7779435946339741 | 0.15986813610216943:0.15087054691065127 | 0.2498918919734603 | -0.22764591895390154
0.15087054691065127 | 0.2498918919734603 | -0.22764591895390154 | -0.7779435946339741 | 0.15986813610216943:0.1515043743436646 | 0.24494818578101984 | -0.24244574471239777
0.1515043743436646 | 0.24494818578101984 | -0.24244574471239777 | -0.7779435946339741 | 0.15986813610216943:0.1519627483779895 | 0.23923249554804205 | -0.2571808165459435
0.1519627483779895 | 0.23923249554804205 | -0.2571808165459435 | -0.7779435946339741 | 0.15986813610216943:0.15224602255970643 | 0.23274491299995415 | -0.27181014601359665
0.15224602255970643 | 0.23274491299995415 | -0.27181014601359665 | 0.2778956268154391 | 0.7749155616148442:0.14395641030170747 | 0.24021557668542393 | -0.27855562397641975
0.14395641030170747 | 0.24021557668542393 | -0.27855562397641975 | 0.2778956268154391 | 0.7749155616148442:0.13522857014723222 | 0.24780100435024188 | -0.2848581766572924
0.13522857014723222 | 0.24780100435024188 | -0.2848581766572924 | 0.2778956268154391 | 0.7749155616148442:0.12608254583064316 | 0.2554946407413681 | -0.2906922667432472
0.12608254583064316 | 0.2554946407413681 | -0.2906922667432472 | 0.2778956268154391 | 0.7749155616148442:0.11653960619644721 | 0.2632894793344551 | -0.29603342671380495
0.11653960619644721 | 0.2632894793344551 | -0.29603342671380495 | 0.2778956268154391 | 0.7749155616148442:0.10662219288461117 | 0.2711780807076156 | -0.300858320793848
0.10662219288461117 | 0.2711780807076156 | -0.300858320793848 | 0.2778956268154391 | 0.7749155616148442:0.09635386542130675 | 0.2791525918649089 | -0.30514480405314837
0.09635386542130675 | 0.2791525918649089 | -0.30514480405314837 | 0.2778956268154391 | 0.7749155616148442:0.08575924385064049 | 0.2872047664617483 | -0.3088719785362981
0.08575924385064049 | 0.2872047664617483 | -0.3088719785362981 | 0.2778956268154391 | 0.7749155616148442:0.0748639490472387 | 0.2953259858828474 | -0.3120202463138342
0.0748639490472387 | 0.2953259858828474 | -0.3120202463138342 | 0.2778956268154391 | 0.7749155616148442:0.06369454085359205 | 0.30350728112180647 | -0.3145713593525561
0.06369454085359205 | 0.30350728112180647 | -0.3145713593525561 | 0.2778956268154391 | 0.7749155616148442:0.052278454189694123 | 0.31173935541009534 | -0.3165084661104176
0.052278454189694123 | 0.31173935541009534 | -0.3165084661104176 | -0.04423872851729338 | 0.5950260322973011:0.04334874045940751 | 0.31488154366447674 | -0.32254861136093727
0.04334874045940751 | 0.31488154366447674 | -0.32254861136093727 | -0.04423872851729338 | 0.5950260322973011:0.03412139272248993 | 0.31796330357539837 | -0.32831027661285006
0.03412139272248993 | 0.31796330357539837 | -0.32831027661285006 | -0.04423872851729338 | 0.5950260322973011:0.024606607813765002 | 0.32098575945021324 | -0.3337810899894782
0.024606607813765002 | 0.32098575945021324 | -0.3337810899894782 | -0.04423872851729338 | 0.5950260322973011:0.014815030744721902 | 0.3239500655592362 | -0.33894908101134824
0.014815030744721902 | 0.3239500655592362 | -0.33894908101134824 | -0.04423872851729338 | 0.5950260322973011:0.004757739025372132 | 0.3268574050245423 | -0.34380269537639574
0.004757739025372132 | 0.3268574050245423 | -0.34380269537639574 | -0.04423872851729338 | 0.5950260322973011:-0.005553773455559963 | 0.3297089886748825 | -0.348330809143798
-0.005553773455559963 | 0.3297089886748825 | -0.348330809143798 | -0.04423872851729338 | 0.5950260322973011:-0.016107612970539975 | 0.33250605386833065 | -0.352522742309489
-0.016107612970539975 | 0.33250605386833065 | -0.352522742309489 | -0.04423872851729338 | 0.5950260322973011:-0.026891502891321473 | 0.33524986328425754 | -0.3563682717621335
-0.026891502891321473 | 0.33524986328425754 | -0.3563682717621335 | -0.04423872851729338 | 0.5950260322973011:-0.03789280100313519 | 0.3379417036862886 | -0.3598576436091312
-0.03789280100313519 | 0.3379417036862886 | -0.3598576436091312 | -0.04423872851729338 | 0.5950260322973011:-0.04909851717259617 | 0.3405828846578949 | -0.3629815848629452
-0.04909851717259617 | 0.3405828846578949 | -0.3629815848629452 | -0.04423872851729338 | 0.5950260322973011:-0.0604953313467842 | 0.3431747373122729 | -0.365731314478829
-0.0604953313467842 | 0.3431747373122729 | -0.365731314478829 | -0.04423872851729338 | 0.5950260322973011:-0.0720696118607389 | 0.3457186129782279 | -0.3680985537357877
-0.0720696118607389 | 0.3457186129782279 | -0.3680985537357877 | -0.04423872851729338 | 0.5950260322973011:-0.08380743403048996 | 0.3482158818637302 | -0.3700755359533723
-0.08380743403048996 | 0.3482158818637302 | -0.3700755359533723 | -0.04423872851729338 | 0.5950260322973011:-0.09569459900858757 | 0.35066793169887234 | -0.37165501553766944
-0.09569459900858757 | 0.35066793169887234 | -0.37165501553766944 | -0.04423872851729338 | 0.5950260322973011:-0.10771665287899967 | 0.3530761663599229 | -0.3728302763506477
-0.10771665287899967 | 0.3530761663599229 | -0.3728302763506477 | -0.04423872851729338 | 0.5950260322973011:-0.11985890596816073 | 0.355442004476231 | -0.3735951393977128
-0.11985890596816073 | 0.355442004476231 | -0.3735951393977128 | -0.04423872851729338 | 0.5950260322973011:-0.13210645234889906 | 0.3577668780216783 | -0.3739439698292131
-0.13210645234889906 | 0.3577668780216783 | -0.3739439698292131 | -0.04423872851729338 | 0.5950260322973011:-0.14444418951393523 | 0.36005223089243366 | -0.37387168325225417
-0.14444418951393523 | 0.36005223089243366 | -0.37387168325225417 | -0.04423872851729338 | 0.5950260322973011:-0.15685683819562968 | 0.3622995174727297 | -0.3733737513500799
-0.15685683819562968 | 0.3622995174727297 | -0.3733737513500799 | -0.04423872851729338 | 0.5950260322973011:-0.1693289623086791 | 0.36451020119040756 | -0.3724462068069485
-0.1693289623086791 | 0.36451020119040756 | -0.3724462068069485 | -0.04423872851729338 | 0.5950260322973011:-0.18184498899248824 | 0.3666857530639547 | -0.3710856475372122
-0.18184498899248824 | 0.3666857530639547 | -0.3710856475372122 | -0.04423872851729338 | 0.5950260322973011:-0.19438922873001552 | 0.3688276502427499 | -0.36928924021807497
-0.19438922873001552 | 0.3688276502427499 | -0.36928924021807497 | -0.04423872851729338 | 0.5950260322973011:-0.20694589551996057 | 0.37093737454228304 | -0.36705472312622156
-0.20694589551996057 | 0.37093737454228304 | -0.36705472312622156 | -0.04423872851729338 | 0.5950260322973011:-0.21949912707928032 | 0.37301641097598903 | -0.3643804082792883
-0.21949912707928032 | 0.37301641097598903 | -0.3643804082792883 | -0.04423872851729338 | 0.5950260322973011:-0.23203300505313873 | 0.3750662462855061 | -0.36126518288380893
-0.23203300505313873 | 0.3750662462855061 | -0.36126518288380893 | 0.675086742776309 | 0.10945019341515017:-0.23570013518146338 | 0.38996303890606043 | -0.34974416494239513
-0.23570013518146338 | 0.38996303890606043 | -0.34974416494239513 | 0.675086742776309 | 0.10945019341515017:-0.23929741978985763 | 0.4045191562807062 | -0.337572332297972
-0.23929741978985763 | 0.4045191562807062 | -0.337572332297972 | 0.675086742776309 | 0.10945019341515017:-0.2428206636294301 | 0.4187077285187293 | -0.3247615001860229
-0.2428206636294301 | 0.4187077285187293 | -0.3247615001860229 | 0.675086742776309 | 0.10945019341515017:-0.2462657466319198 | 0.4325023388076623 | -0.31132458557514653
-0.2462657466319198 | 0.4325023388076623 | -0.31132458557514653 | 0.675086742776309 | 0.10945019341515017:-0.24962863075676367 | 0.44587706590095166 | -0.29727558759482875
-0.24962863075676367 | 0.44587706590095166 | -0.29727558759482875 | 0.675086742776309 | 0.10945019341515017:-0.2529053666956036 | 0.45880652575427305 | -0.2826295663466549
-0.2529053666956036 | 0.45880652575427305 | -0.2826295663466549 | 0.675086742776309 | 0.10945019341515017:-0.2560921004250112 | 0.4712659122530596 | -0.2674026201367816
-0.2560921004250112 | 0.4712659122530596 | -0.2674026201367816 | 0.675086742776309 | 0.10945019341515017:-0.25918507959846737 | 0.48323103697516956 | -0.25161186116950063
-0.25918507959846737 | 0.48323103697516956 | -0.25161186116950063 | 0.675086742776309 | 0.10945019341515017:-0.26218065976891225 | 0.4946783679344833 | -0.23527538974370188
-0.26218065976891225 | 0.4946783679344833 | -0.23527538974370188 | 0.675086742776309 | 0.10945019341515017:-0.2650753104334625 | 0.5055850672528059 | -0.21841226699587324
-0.2650753104334625 | 0.5055850672528059 | -0.21841226699587324 | 0.675086742776309 | 0.10945019341515017:-0.2678656208921866 | 0.5159290277093014 | -0.2010424862351048
-0.2678656208921866 | 0.5159290277093014 | -0.2010424862351048 | 0.675086742776309 | 0.10945019341515017:-0.270548305913132 | 0.5256889081185108 | -0.18318694291730786
-0.270548305913132 | 0.5256889081185108 | -0.18318694291730786 | 0.675086742776309 | 0.10945019341515017:-0.27312021119611085 | 0.5348441674898545 | -0.1648674033075057
-0.27312021119611085 | 0.5348441674898545 | -0.1648674033075057 | 0.675086742776309 | 0.10945019341515017:-0.2755783186280666 | 0.543375097923537 | -0.1461064718806231
-0.2755783186280666 | 0.543375097923537 | -0.1461064718806231 | 0.675086742776309 | 0.10945019341515017:-0.27791975132317503 | 0.5512628561997097 | -0.1269275575127402
-0.27791975132317503 | 0.5512628561997097 | -0.1269275575127402 | 0.675086742776309 | 0.10945019341515017:-0.28014177844116706 | 0.5584894940198026 | -0.10735483851617289
-0.28014177844116706 | 0.5584894940198026 | -0.10735483851617289 | 0.675086742776309 | 0.10945019341515017:-0.28224181977769747 | 0.5650379868610145 | -0.08741322657312978
-0.28224181977769747 | 0.5650379868610145 | -0.08741322657312978 | 0.675086742776309 | 0.10945019341515017:-0.2842174501209389 | 0.5708922614071206 | -0.06712832962388404
-0.2842174501209389 | 0.5708922614071206 | -0.06712832962388404 | 0.675086742776309 | 0.10945019341515017:-0.28606640336892775 | 0.576037221520803 | -0.04652641376669919
-0.28606640336892775 | 0.576037221520803 | -0.04652641376669919 | 0.675086742776309 | 0.10945019341515017:-0.287786576402548 | 0.5804587727250414 | -0.025634364227709483
-0.287786576402548 | 0.5804587727250414 | -0.025634364227709483 | 0.8917470408467714 | -0.6238767772047222:-0.28921468848994847 | 0.5841752509019145 | -0.008759427350888416
-0.28921468848994847 | 0.5841752509019145 | -0.008759427350888416 | 0.8917470408467714 | -0.6238767772047222:-0.29115958672709974 | 0.5871033528528002 | 0.008302911683035319
-0.29115958672709974 | 0.5871033528528002 | 0.008302911683035319 | 0.8917470408467714 | -0.6238767772047222:-0.2936286768002945 | 0.58923183564848 | 0.02549906899774257
-0.2936286768002945 | 0.58923183564848 | 0.02549906899774257 | 0.8917470408467714 | -0.6238767772047222:-0.29662757628868786 | 0.5905519874092242 | 0.04277457984471056
-0.29662757628868786 | 0.5905519874092242 | 0.04277457984471056 | 0.8917470408467714 | -0.6238767772047222:-0.3001600857862097 | 0.591057672682286 | 0.06007427992053138
-0.3001600857862097 | 0.591057672682286 | 0.06007427992053138 | 0.8917470408467714 | -0.6238767772047222:-0.3042281661771882 | 0.5907453690909925 | 0.07734248976686686
-0.3042281661771882 | 0.5907453690909925 | 0.07734248976686686 | 0.8917470408467714 | -0.6238767772047222:-0.30883192215452215 | 0.589614195114315 | 0.09452320162306194
-0.30883192215452215 | 0.589614195114315 | 0.09452320162306194 | 0.8917470408467714 | -0.6238767772047222:-0.313969592047898 | 0.5876659288862953 | 0.1115602680930543
-0.313969592047898 | 0.5876659288862953 | 0.1115602680930543 | 0.8917470408467714 | -0.6238767772047222:-0.31963754400800504 | 0.584905017935192 | 0.12839759198195821
-0.31963754400800504 | 0.584905017935192 | 0.12839759198195821 | 0.8917470408467714 | -0.6238767772047222:-0.32583027857101765 | 0.5813385798132344 | 0.1449793166536555
-0.32583027857101765 | 0.5813385798132344 | 0.1449793166536555 | -0.2287896468095152 | -0.8618750525860353:-0.33303221688426277 | 0.5856770537294977 | 0.12473331715649216
-0.33303221688426277 | 0.5856770537294977 | 0.12473331715649216 | -0.2287896468095152 | -0.8618750525860353:-0.3393596667596368 | 0.5897628440650777 | 0.10404456318726218
-0.3393596667596368 | 0.5897628440650777 | 0.10404456318726218 | -0.2287896468095152 | -0.8618750525860353:-0.34479003727422697 | 0.5935899451528996 | 0.08295514631252132
-0.34479003727422697 | 0.5935899451528996 | 0.08295514631252132 | -0.2287896468095152 | -0.8618750525860353:-0.3493026702511921 | 0.5971528551992904 | 0.06150834697166374
-0.3493026702511921 | 0.5971528551992904 | 0.06150834697166374 | -0.2287896468095152 | -0.8618750525860353:-0.3528788964295648 | 0.600446591768069 | 0.039748537872739576
-0.3528788964295648 | 0.600446591768069 | 0.039748537872739576 | -0.2287896468095152 | -0.8618750525860353:-0.35550208706249364 | 0.6034667060668255 | 0.01772108463763189
-0.35550208706249364 | 0.6034667060668255 | 0.01772108463763189 | -0.2287896468095152 | -0.8618750525860353:-0.35715770082346054 | 0.606209296001964 | -0.00452775607134015
-0.35715770082346054 | 0.606209296001964 | -0.00452775607134015 | -0.2287896468095152 | -0.8618750525860353:-0.3578333259110309 | 0.6086710179722346 | -0.026950940705857462
-0.3578333259110309 | 0.6086710179722346 | -0.026950940705857462 | -0.2287896468095152 | -0.8618750525860353:-0.3575187172539156 | 0.6108490973732117 | -0.04950074502462165
-0.3575187172539156 | 0.6108490973732117 | -0.04950074502462165 | -0.2287896468095152 | -0.8618750525860353:-0.35620582872953754 | 0.612741337788286 | -0.07212887207823648
-0.35620582872953754 | 0.612741337788286 | -0.07212887207823648 | -0.2287896468095152 | -0.8618750525860353:-0.35388884032082224 | 0.6143461288447725 | -0.09478656173541289
-0.35388884032082224 | 0.6143461288447725 | -0.09478656173541289 | -0.2287896468095152 | -0.8618750525860353:-0.35056418014774593 | 0.6156624527168759 | -0.11742470149680884
-0.35056418014774593 | 0.6156624527168759 | -0.11742470149680884 | -0.2287896468095152 | -0.8618750525860353:-0.34623054132188 | 0.6166898892602006 | -0.13999393834020246
-0.34623054132188 | 0.6166898892602006 | -0.13999393834020246 | -0.2287896468095152 | -0.8618750525860353:-0.34088889358419294 | 0.6174286197659313 | -0.16244479133868417
-0.34088889358419294 | 0.6174286197659313 | -0.16244479133868417 | -0.2287896468095152 | -0.8618750525860353:-0.33454248969827916 | 0.6178794293256615 | -0.18472776479212527
-0.33454248969827916 | 0.6178794293256615 | -0.18472776479212527 | 0.21218817712557403 | 0.7726179082439837:-0.3424580670904085 | 0.6221376751069059 | -0.1657303095911722
-0.3424580670904085 | 0.6221376751069059 | -0.1657303095911722 | 0.21218817712557403 | 0.7726179082439837:-0.3496413541114798 | 0.6261771993051397 | -0.14631694085661096
-0.3496413541114798 | 0.6261771993051397 | -0.14631694085661096 | 0.21218817712557403 | 0.7726179082439837:-0.3560737642581895 | 0.6299929285689245 | -0.12651929248108473
-0.3560737642581895 | 0.6299929285689245 | -0.12651929248108473 | 0.21218817712557403 | 0.7726179082439837:-0.361738009598529 | 0.6335801395585179 | -0.10636986494288081
-0.361738009598529 | 0.6335801395585179 | -0.10636986494288081 | 0.21218817712557403 | 0.7726179082439837:-0.36661813706726143 | 0.6369344692420569 | -0.08590196696983199
-0.36661813706726143 | 0.6369344692420569 | -0.08590196696983199 | 0.21218817712557403 | 0.7726179082439837:-0.37069956229000134 | 0.6400519245213019 | -0.06514965561743935
-0.37069956229000134 | 0.6400519245213019 | -0.06514965561743935 | 0.21218817712557403 | 0.7726179082439837:-0.3739691008741506 | 0.6429288911693405 | -0.04414767487399729
-0.3739691008741506 | 0.6429288911693405 | -0.04414767487399729 | 0.21218817712557403 | 0.7726179082439837:-0.3764149971097268 | 0.6455621420641009 | -0.022931392908059678
-0.3764149971097268 | 0.6455621420641009 | -0.022931392908059678 | 0.21218817712557403 | 0.7726179082439837:-0.3780269500280138 | 0.6479488447026753 | -0.0015367380759023774
-0.3780269500280138 | 0.6479488447026753 | -0.0015367380759023774 | 0.21218817712557403 | 0.7726179082439837:-0.37879613677086965 | 0.650086567982882 | 0.019999866191440674
-0.37879613677086965 | 0.650086567982882 | 0.019999866191440674 | -0.6883417425225633 | 0.47100824274431363:-0.37999181547474237 | 0.652527085143852 | 0.006560482260436373
-0.37999181547474237 | 0.652527085143852 | 0.006560482260436373 | -0.6883417425225633 | 0.47100824274431363:-0.38149385238641287 | 0.6544818097904539 | -0.006967024840829339
-0.38149385238641287 | 0.6544818097904539 | -0.006967024840829339 | -0.6883417425225633 | 0.47100824274431363:-0.38330496950582216 | 0.6559467298919799 | -0.02055769891886783
-0.38330496950582216 | 0.6559467298919799 | -0.02055769891886783 | -0.6883417425225633 | 0.47100824274431363:-0.3854272626864752 | 0.6569187404514523 | -0.034186344290365156
-0.3854272626864752 | 0.6569187404514523 | -0.034186344290365156 | -0.6883417425225633 | 0.47100824274431363:-0.3878621959260773 | 0.6573956527357012 | -0.04782757495429024
-0.3878621959260773 | 0.6573956527357012 | -0.04782757495429024 | -0.007115193361812322 | -0.38961122654780533:-0.3880422006617863 | 0.6594004283820496 | -0.05577864970743818
-0.3880422006617863 | 0.6594004283820496 | -0.05577864970743818 | -0.007115193361812322 | -0.38961122654780533:-0.3880518421950434 | 0.6613820965435551 | -0.06375434911778655
-0.3880518421950434 | 0.6613820965435551 | -0.06375434911778655 | -0.007115193361812322 | -0.38961122654780533:-0.38789040810485886 | 0.6633408435310741 | -0.07175081370023761
-0.38789040810485886 | 0.6633408435310741 | -0.07175081370023761 | -0.007115193361812322 | -0.38961122654780533:-0.38755727416794983 | 0.6652768552637696 | -0.07976417122433688
-0.38755727416794983 | 0.6652768552637696 | -0.07976417122433688 | -0.007115193361812322 | -0.38961122654780533:-0.38705190445263327 | 0.6671903172911584 | -0.0877905386790161
-0.38705190445263327 | 0.6671903172911584 | -0.0877905386790161 | -0.007115193361812322 | -0.38961122654780533:-0.38637385137107216 | 0.6690814148142366 | -0.09582602423366993
-0.38637385137107216 | 0.6690814148142366 | -0.09582602423366993 | -0.007115193361812322 | -0.38961122654780533:-0.38552275569016103 | 0.6709503327056225 | -0.10386672919472772
-0.38552275569016103 | 0.6709503327056225 | -0.10386672919472772 | -0.007115193361812322 | -0.38961122654780533:-0.3844983465012355 | 0.6727972555287351 | -0.11190874995692823
-0.3844983465012355 | 0.6727972555287351 | -0.11190874995692823 | -0.007115193361812322 | -0.38961122654780533:-0.38330044114886874 | 0.6746223675560827 | -0.11994817994845874
-0.38330044114886874 | 0.6746223675560827 | -0.11994817994845874 | -0.007115193361812322 | -0.38961122654780533:-0.3819289451190109 | 0.6764258527865792 | -0.12798111156917713
-0.3819289451190109 | 0.6764258527865792 | -0.12798111156917713 | -0.007115193361812322 | -0.38961122654780533:-0.3803838518867124 | 0.6782078949619077 | -0.13600363812114935
-0.3803838518867124 | 0.6782078949619077 | -0.13600363812114935 | -0.007115193361812322 | -0.38961122654780533:-0.3786652427237627 | 0.6799686775820462 | -0.14401185573063913
-0.3786652427237627 | 0.6799686775820462 | -0.14401185573063913 | -0.007115193361812322 | -0.38961122654780533:-0.3767732864665021 | 0.6817083839197693 | -0.15200186526087478
-0.3767732864665021 | 0.6817083839197693 | -0.15200186526087478 | -0.007115193361812322 | -0.38961122654780533:-0.37470823924415697 | 0.6834271970343195 | -0.15996977421475833
-0.37470823924415697 | 0.6834271970343195 | -0.15996977421475833 | -0.007115193361812322 | -0.38961122654780533:-0.37247044416797337 | 0.6851252997841684 | -0.16791169862675304
-0.37247044416797337 | 0.6851252997841684 | -0.16791169862675304 | 0.27843091763667416 | -0.8636174481686576:-0.3662137298814656 | 0.689139689779168 | -0.17473072365580933
-0.3662137298814656 | 0.689139689779168 | -0.17473072365580933 | 0.27843091763667416 | -0.8636174481686576:-0.3596429596136552 | 0.6932371108135698 | -0.18122752947402532
-0.3596429596136552 | 0.6932371108135698 | -0.18122752947402532 | 0.27843091763667416 | -0.8636174481686576:-0.35277222477158077 | 0.6974133330749055 | -0.18738658092424387
-0.35277222477158077 | 0.6974133330749055 | -0.18738658092424387 | 0.27843091763667416 | -0.8636174481686576:-0.3456163228810354 | 0.7016638923133058 | -0.19319302823888052
-0.3456163228810354 | 0.7016638923133058 | -0.19319302823888052 | 0.27843091763667416 | -0.8636174481686576:-0.33819072653533055 | 0.705984099624672 | -0.19863274249738083
-0.33819072653533055 | 0.705984099624672 | -0.19863274249738083 | 0.6703954479792735 | -0.30629550118126647:-0.33627235744818407 | 0.7139410687730248 | -0.18044860781187566
-0.33627235744818407 | 0.7139410687730248 | -0.18044860781187566 | 0.6703954479792735 | -0.30629550118126647:-0.3346228956639088 | 0.7212804720378045 | -0.16193205945443623
-0.3346228956639088 | 0.7212804720378045 | -0.16193205945443623 | 0.6703954479792735 | -0.30629550118126647:-0.3332479560341106 | 0.72798993751627 | -0.14310856995103194
-0.3332479560341106 | 0.72798993751627 | -0.14310856995103194 | 0.6703954479792735 | -0.30629550118126647:-0.33215274028948016 | 0.7340579850032753 | -0.12400415610068549
-0.33215274028948016 | 0.7340579850032753 | -0.12400415610068549 | 0.6703954479792735 | -0.30629550118126647:-0.33134202847120164 | 0.7394740454268884 | -0.1046453404708032
-0.33134202847120164 | 0.7394740454268884 | -0.1046453404708032 | 0.05187677837178817 | 0.0887641750857624:-0.33253765861482876 | 0.7413994606948648 | -0.10148207812763488
-0.33253765861482876 | 0.7413994606948648 | -0.10148207812763488 | 0.05187677837178817 | 0.0887641750857624:-0.3337127560872233 | 0.7433006765203629 | -0.09829876857144981
-0.3337127560872233 | 0.7433006765203629 | -0.09829876857144981 | 0.05187677837178817 | 0.0887641750857624:-0.33486725422903163 | 0.7451777757830627 | -0.09509573341336974
-0.33486725422903163 | 0.7451777757830627 | -0.09509573341336974 | 0.05187677837178817 | 0.0887641750857624:-0.3360010883236306 | 0.7470308412780895 | -0.09187329222239882
-0.3360010883236306 | 0.7470308412780895 | -0.09187329222239882 | 0.05187677837178817 | 0.0887641750857624:-0.33711419557358724 | 0.7488599557145506 | -0.0886317625383306
-0.33711419557358724 | 0.7488599557145506 | -0.0886317625383306 | 0.05187677837178817 | 0.0887641750857624:-0.33820651507740607 | 0.7506652017140141 | -0.08537145988463735
-0.33820651507740607 | 0.7506652017140141 | -0.08537145988463735 | 0.05187677837178817 | 0.0887641750857624:-0.339277987806593 | 0.7524466618090173 | -0.08209269778129524
-0.339277987806593 | 0.7524466618090173 | -0.08209269778129524 | 0.05187677837178817 | 0.0887641750857624:-0.3403285565829606 | 0.7542044184417165 | -0.07879578775757778
-0.3403285565829606 | 0.7542044184417165 | -0.07879578775757778 | 0.05187677837178817 | 0.0887641750857624:-0.3413581660562883 | 0.7559385539624941 | -0.07548103936474249
-0.3413581660562883 | 0.7559385539624941 | -0.07548103936474249 | 0.05187677837178817 | 0.0887641750857624:-0.3423667626821896 | 0.7576491506287084 | -0.07214876018873895
-0.3423667626821896 | 0.7576491506287084 | -0.07214876018873895 | 0.7423466172571265 | 0.5553726508185515:-0.34413694539414763 | 0.7613111142498497 | -0.03452914215787928
-0.34413694539414763 | 0.7613111142498497 | -0.03452914215787928 | 0.7423466172571265 | 0.5553726508185515:-0.3448521515639058 | 0.7635609547521369 | 0.0033098555763864113
-0.3448521515639058 | 0.7635609547521369 | 0.0033098555763864113 | 0.7423466172571265 | 0.5553726508185515:-0.3445061851412561 | 0.7643889010770408 | 0.041284812665782766
-0.3445061851412561 | 0.7643889010770408 | 0.041284812665782766 | 0.7423466172571265 | 0.5553726508185515:-0.34309524173469796 | 0.7637883678475106 | 0.07931173083504106
-0.34309524173469796 | 0.7637883678475106 | 0.07931173083504106 | 0.7423466172571265 | 0.5553726508185515:-0.3406179233406199 | 0.761755978617316 | 0.11730622538652113
-0.3406179233406199 | 0.761755978617316 | 0.11730622538652113 | 0.9014233193474126 | -0.41905618677403345:-0.3443593052290055 | 0.757108217411286 | 0.14460860190499858
-0.3443593052290055 | 0.757108217411286 | 0.14460860190499858 | 0.9014233193474126 | -0.41905618677403345:-0.34866726299344464 | 0.7512074897138774 | 0.17163610908510307
-0.34866726299344464 | 0.7512074897138774 | 0.17163610908510307 | 0.9014233193474126 | -0.41905618677403345:-0.35353567265488195 | 0.7440656773395915 | 0.19831901588518974
-0.35353567265488195 | 0.7440656773395915 | 0.19831901588518974 | 0.9014233193474126 | -0.41905618677403345:-0.35895691565603727 | 0.7356978898202442 | 0.2245882620606352
-0.35895691565603727 | 0.7356978898202442 | 0.2245882620606352 | 0.9014233193474126 | -0.41905618677403345:-0.3649218952211193 | 0.7261224333419278 | 0.2503756402880022
-0.3649218952211193 | 0.7261224333419278 | 0.2503756402880022 | 0.9014233193474126 | -0.41905618677403345:-0.37142005663689304 | 0.7153607712027252 | 0.27561397638287843
-0.37142005663689304 | 0.7153607712027252 | 0.27561397638287843 | 0.9014233193474126 | -0.41905618677403345:-0.37843941140587845 | 0.7034374758858064 | 0.3002373071323099
-0.37843941140587845 | 0.7034374758858064 | 0.3002373071323099 | 0.9014233193474126 | -0.41905618677403345:-0.38596656521214356 | 0.6903801728657157 | 0.3241810552690154
-0.38596656521214356 | 0.6903801728657157 | 0.3241810552690154 | 0.9014233193474126 | -0.41905618677403345:-0.3939867496300167 | 0.6762194762869314 | 0.34738220112185303
-0.3939867496300167 | 0.6762194762869314 | 0.34738220112185303 | 0.9014233193474126 | -0.41905618677403345:-0.4024838574962146 | 0.6609889166757483 | 0.3697794504856624
-0.4024838574962146 | 0.6609889166757483 | 0.3697794504856624 | 0.3620982081081683 | -0.8571704575184151:-0.41916204199217333 | 0.6552715486234888 | 0.36469435436868025
-0.41916204199217333 | 0.6552715486234888 | 0.36469435436868025 | 0.3620982081081683 | -0.8571704575184151:-0.4356215178609162 | 0.6496253203441285 | 0.35878006226527503
-0.4356215178609162 | 0.6496253203441285 | 0.35878006226527503 | 0.3620982081081683 | -0.8571704575184151:-0.4518260886007752 | 0.644065753362483 | 0.35204712152396667
-0.4518260886007752 | 0.644065753362483 | 0.35204712152396667 | 0.3620982081081683 | -0.8571704575184151:-0.46774002266034387 | 0.6386081884644881 | 0.3445079596609659
-0.46774002266034387 | 0.6386081884644881 | 0.3445079596609659 | 0.3620982081081683 | -0.8571704575184151:-0.4833281363192228 | 0.6332677504837534 | 0.3361768600640893
-0.4833281363192228 | 0.6332677504837534 | 0.3361768600640893 | 0.11089284618386896 | 0.8446873945201689:-0.4692884618714288 | 0.6323822691595637 | 0.3603501196976211
