0.0 | 0.0 | 0.0 | -0.9113386282387712 | 0.12146369408044277:6.066843486187348E-5 | 4.5551164268753386E-4 | 0.009989435844149935
6.066843486187348E-5 | 4.5551164268753386E-4 | 0.009989435844149935 | -0.9113386282387712 | 0.12146369408044277:2.410798386399025E-4 | 0.0018110378231832591 | 0.01981595373718866
2.410798386399025E-4 | 0.0018110378231832591 | 0.01981595373718866 | -0.9113386282387712 | 0.12146369408044277:5.384905909917687E-4 | 0.004047392198385458 | 0.029419008230663755
5.384905909917687E-4 | 0.004047392198385458 | 0.029419008230663755 | -0.9113386282387712 | 0.12146369408044277:9.496990606249478E-4 | 0.007141913300974467 | 0.038739715719345605
9.496990606249478E-4 | 0.007141913300974467 | 0.038739715719345605 | -0.9113386282387712 | 0.12146369408044277:0.0014710620693874803 | 0.011068583869227155 | 0.04772103976573
0.0014710620693874803 | 0.011068583869227155 | 0.04772103976573 | -0.9113386282387712 | 0.12146369408044277:0.0020985125383904697 | 0.01579815922608452 | 0.056307968568602956
0.0020985125383904697 | 0.01579815922608452 | 0.056307968568602956 | -0.9113386282387712 | 0.12146369408044277:0.002827578252103247 | 0.021298304236351817 | 0.06444768415453223
0.002827578252103247 | 0.021298304236351817 | 0.06444768415453223 | -0.9113386282387712 | 0.12146369408044277:0.003653401674045686 | 0.027533738352911286 | 0.0720897228983226
0.003653401674045686 | 0.027533738352911286 | 0.0720897228983226 | -0.9113386282387712 | 0.12146369408044277:0.004570760745583654 | 0.034466388246294555 | 0.07918612700636479
0.004570760745583654 | 0.034466388246294555 | 0.07918612700636479 | -0.9113386282387712 | 0.12146369408044277:0.005574090597416086 | 0.04205554749691898 | 0.08569158662533954
0.005574090597416086 | 0.04205554749691898 | 0.08569158662533954 | 0.06872051826030234 | -0.09692051666406609:0.0056459300970730444 | 0.04571072472250459 | 0.0939826268003584
0.0056459300970730444 | 0.04571072472250459 | 0.0939826268003584 | 0.06872051826030234 | -0.09692051666406609:0.005633619429510954 | 0.04927024547849079 | 0.10222085216614607
0.005633619429510954 | 0.04927024547849079 | 0.10222085216614607 | 0.06872051826030234 | -0.09692051666406609:0.005538172435851821 | 0.05273518672822741 | 0.1104057450227528
0.005538172435851821 | 0.05273518672822741 | 0.1104057450227528 | 0.06872051826030234 | -0.09692051666406609:0.005360596814339563 | 0.056106617512046486 | 0.11853680077860684
0.005360596814339563 | 0.056106617512046486 | 0.11853680077860684 | 0.06872051826030234 | -0.09692051666406609:0.005101894121978853 | 0.059385598984021515 | 0.1266135277740119
0.005101894121978853 | 0.059385598984021515 | 0.1266135277740119 | 0.06872051826030234 | -0.09692051666406609:0.004763059776949144 | 0.06257318444892024 | 0.13463544710656628
0.004763059776949144 | 0.06257318444892024 | 0.13463544710656628 | 0.06872051826030234 | -0.09692051666406609:0.004345083061776965 | 0.06567041939934226 | 0.14260209245848876
0.004345083061776965 | 0.06567041939934226 | 0.14260209245848876 | 0.06872051826030234 | -0.09692051666406609:0.003848947127249494 | 0.0686783415530346 | 0.15051300992583627
0.003848947127249494 | 0.0686783415530346 | 0.15051300992583627 | 0.06872051826030234 | -0.09692051666406609:0.003275628997052908 | 0.07159798089037539 | 0.1583677578495979
0.003275628997052908 | 0.07159798089037539 | 0.1583677578495979 | 0.06872051826030234 | -0.09692051666406609:0.0026260995731190867 | 0.07443035969201892 | 0.16616590664864894
0.0026260995731190867 | 0.07443035969201892 | 0.16616590664864894 | 0.06872051826030234 | -0.09692051666406609:0.0019013236416646068 | 0.07717649257669221 | 0.17390703865455293
0.0019013236416646068 | 0.07717649257669221 | 0.17390703865455293 | 0.06872051826030234 | -0.09692051666406609:0.00110225987990617 | 0.0798373865391372 | 0.18159074794819263
0.00110225987990617 | 0.0798373865391372 | 0.18159074794819263 | 0.06872051826030234 | -0.09692051666406609:2.2986086343666778E-4 | 0.08241404098818976 | 0.18921664019821804
2.2986086343666778E-4 | 0.08241404098818976 | 0.18921664019821804 | 0.06872051826030234 | -0.09692051666406609:-7.149269257532981E-4 | 0.08490744778498781 | 0.19678433250129634
-7.149269257532981E-4 | 0.08490744778498781 | 0.19678433250129634 | 0.06872051826030234 | -0.09692051666406609:-0.0017311630906238773 | 0.08731859128130161 | 0.20429345322414472
-0.0017311630906238773 | 0.08731859128130161 | 0.20429345322414472 | 0.31416066667593245 | 0.43249614467054864:0.0028108935871544727 | 0.08704310642987134 | 0.2128279852168622
0.0028108935871544727 | 0.08704310642987134 | 0.2128279852168622 | 0.31416066667593245 | 0.43249614467054864:0.007690418056224654 | 0.08649185458888148 | 0.22122613313937123
0.007690418056224654 | 0.08649185458888148 | 0.22122613313937123 | 0.31416066667593245 | 0.43249614467054864:0.012902005532245395 | 0.08566892568042489 | 0.22947113434134137
0.012902005532245395 | 0.08566892568042489 | 0.22947113434134137 | 0.31416066667593245 | 0.43249614467054864:0.018439804522009454 | 0.08457873365705065 | 0.23754654555861476
0.018439804522009454 | 0.08457873365705065 | 0.23754654555861476 | 0.31416066667593245 | 0.43249614467054864:0.024297527685258807 | 0.08322600876784036 | 0.2454362589903134
0.024297527685258807 | 0.08322600876784036 | 0.2454362589903134 | 0.31416066667593245 | 0.43249614467054864:0.0304684630306373 | 0.08161578957756199 | 0.25312451787721413
0.0304684630306373 | 0.08161578957756199 | 0.25312451787721413 | 0.31416066667593245 | 0.43249614467054864:0.03694548543199658 | 0.07975341474884401 | 0.26059593157213357
0.03694548543199658 | 0.07975341474884401 | 0.26059593157213357 | 0.31416066667593245 | 0.43249614467054864:0.04372106845114354 | 0.07764451459741051 | 0.26783549009359575
0.04372106845114354 | 0.07764451459741051 | 0.26783549009359575 | 0.31416066667593245 | 0.43249614467054864:0.05078729645300184 | 0.07529500243050269 | 0.27482857815458495
0.05078729645300184 | 0.07529500243050269 | 0.27482857815458495 | 0.31416066667593245 | 0.43249614467054864:0.05813587699905598 | 0.07271106567869656 | 0.28156098865874046
0.05813587699905598 | 0.07271106567869656 | 0.28156098865874046 | -0.24319686731489898 | -0.76034432004194:0.0485516804389462 | 0.0779351971107326 | 0.28936788618103737
0.0485516804389462 | 0.0779351971107326 | 0.28936788618103737 | -0.24319686731489898 | -0.76034432004194:0.038416614646217595 | 0.08331639446105266 | 0.2966890837234928
0.038416614646217595 | 0.08331639446105266 | 0.2966890837234928 | -0.24319686731489898 | -0.76034432004194:0.027754407850476892 | 0.08884748770987039 | 0.3034920129452061
0.027754407850476892 | 0.08884748770987039 | 0.3034920129452061 | -0.24319686731489898 | -0.76034432004194:0.016590333962069603 | 0.09452080227373472 | 0.30974542511537617
0.016590333962069603 | 0.09452080227373472 | 0.30974542511537617 | -0.24319686731489898 | -0.76034432004194:0.004951146037523335 | 0.10032817985524334 | 0.31541946532244847
0.004951146037523335 | 0.10032817985524334 | 0.31541946532244847 | -0.42950697772574076 | 0.9635320275487957:0.02043285281151841 | 0.10924220226687908 | 0.31890760356537307
0.02043285281151841 | 0.10924220226687908 | 0.31890760356537307 | -0.42950697772574076 | 0.9635320275487957:0.03634970110684721 | 0.11834123434239885 | 0.32131701458118656
0.03634970110684721 | 0.11834123434239885 | 0.32131701458118656 | -0.42950697772574076 | 0.9635320275487957:0.0526391250124586 | 0.1275980070292828 | 0.3226094179314076
0.0526391250124586 | 0.1275980070292828 | 0.3226094179314076 | -0.42950697772574076 | 0.9635320275487957:0.06923622306639698 | 0.1369841612500533 | 0.3227509131614834
0.06923622306639698 | 0.1369841612500533 | 0.3227509131614834 | -0.42950697772574076 | 0.9635320275487957:0.08607401460959052 | 0.14647036050747375 | 0.3217121353825192
0.08607401460959052 | 0.14647036050747375 | 0.3217121353825192 | -0.42950697772574076 | 0.9635320275487957:0.10308370396421807 | 0.15602640716637595 | 0.3194683932086715
0.10308370396421807 | 0.15602640716637595 | 0.3194683932086715 | -0.42950697772574076 | 0.9635320275487957:0.12019495143841519 | 0.1656213619719793 | 0.315999788606085
0.12019495143841519 | 0.1656213619719793 | 0.315999788606085 | -0.42950697772574076 | 0.9635320275487957:0.13733615014026146 | 0.17522366635546227 | 0.3112913182753019
0.13733615014026146 | 0.17522366635546227 | 0.3112913182753019 | -0.42950697772574076 | 0.9635320275487957:0.15443470756876332 | 0.18480126707005518 | 0.30533295625594015
0.15443470756876332 | 0.18480126707005518 | 0.30533295625594015 | -0.42950697772574076 | 0.9635320275487957:0.17141733093790457 | 0.19432174269498814 | 0.29811971751003696
0.17141733093790457 | 0.19432174269498814 | 0.29811971751003696 | 0.9568638394234517 | 0.9030102491827536:0.18793757079727902 | 0.18259643779410784 | 0.30360219883474215
0.18793757079727902 | 0.18259643779410784 | 0.30360219883474215 | 0.9568638394234517 | 0.9030102491827536:0.20484192957369252 | 0.17037483241913076 | 0.3077149884579935
0.20484192957369252 | 0.17037483241913076 | 0.3077149884579935 | 0.9568638394234517 | 0.9030102491827536:0.22206237234130666 | 0.15772821763986933 | 0.31040092078286463
0.22206237234130666 | 0.15772821763986933 | 0.31040092078286463 | 0.9568638394234517 | 0.9030102491827536:0.23952772287554014 | 0.14473138210877723 | 0.31161012446585445
0.23952772287554014 | 0.14473138210877723 | 0.31161012446585445 | 0.9568638394234517 | 0.9030102491827536:0.2571640446974488 | 0.13146221694968885 | 0.31130038226234014
0.2571640446974488 | 0.13146221694968885 | 0.31130038226234014 | 0.9568638394234517 | 0.9030102491827536:0.27489503953191274 | 0.11800130119999608 | 0.3094374493576435
0.27489503953191274 | 0.11800130119999608 | 0.3094374493576435 | 0.9568638394234517 | 0.9030102491827536:0.2926424610077496 | 0.10443147006455433 | 0.30599532837913124
0.2926424610077496 | 0.10443147006455433 | 0.30599532837913124 | 0.9568638394234517 | 0.9030102491827536:0.31032654134877813 | 0.09083736832902245 | 0.30095649951941184
0.31032654134877813 | 0.09083736832902245 | 0.30095649951941184 | 0.9568638394234517 | 0.9030102491827536:0.3278664287377979 | 0.0773049913572077 | 0.29431210444274924
0.3278664287377979 | 0.0773049913572077 | 0.29431210444274924 | 0.9568638394234517 | 0.9030102491827536:0.34518063298069235 | 0.06392121616093238 | 0.2860620828952438
0.34518063298069235 | 0.06392121616093238 | 0.2860620828952438 | 0.9568638394234517 | 0.9030102491827536:0.3621874770556648 | 0.050773325081749476 | 0.27621526119261475
0.3621874770556648 | 0.050773325081749476 | 0.27621526119261475 | 0.9568638394234517 | 0.9030102491827536:0.37880555210311595 | 0.03794852466121057 | 0.2647893920163451
0.37880555210311595 | 0.03794852466121057 | 0.2647893920163451 | 0.9568638394234517 | 0.9030102491827536:0.39495417339495464 | 0.025533462300314724 | 0.2518111452082774
0.39495417339495464 | 0.025533462300314724 | 0.2518111452082774 | 0.9568638394234517 | 0.9030102491827536:0.41055383481833285 | 0.013613743319039529 | 0.23731604951391105
0.41055383481833285 | 0.013613743319039529 | 0.23731604951391105 | 0.9568638394234517 | 0.9030102491827536:0.4255266594177094 | 0.002273451023606654 | 0.22134838548458013
0.4255266594177094 | 0.002273451023606654 | 0.22134838548458013 | 0.44221935021197245 | 0.40919978595629725:0.43463031258570606 | -0.002649365072336707 | 0.21489878349228597
0.43463031258570606 | -0.002649365072336707 | 0.21489878349228597 | 0.44221935021197245 | 0.40919978595629725:0.4435969928194883 | -0.007478570263856454 | 0.20803785190900115
0.4435969928194883 | -0.007478570263856454 | 0.20803785190900115 | 0.44221935021197245 | 0.40919978595629725:0.4524159314166498 | -0.012201970385112837 | 0.20077081471493052
0.4524159314166498 | -0.012201970385112837 | 0.20077081471493052 | 0.44221935021197245 | 0.40919978595629725:0.4610765038188731 | -0.01680752536407759 | 0.19310349913286373
0.4610765038188731 | -0.01680752536407759 | 0.19310349913286373 | 0.44221935021197245 | 0.40919978595629725:0.46956824387710316 | -0.02128336469092229 | 0.18504232641242524
0.46956824387710316 | -0.02128336469092229 | 0.18504232641242524 | 0.8447793631788196 | 0.0185902812296197:0.47434045370849276 | -0.029362892989626133 | 0.18533992572197278
0.47434045370849276 | -0.029362892989626133 | 0.18533992572197278 | 0.8447793631788196 | 0.0185902812296197:0.47906824667485637 | -0.037519841814629196 | 0.1852559450872473
0.47906824667485637 | -0.037519841814629196 | 0.1852559450872473 | 0.8447793631788196 | 0.0185902812296197:0.48375167351758463 | -0.04573575233373095 | 0.1847849141653306
0.48375167351758463 | -0.04573575233373095 | 0.1847849141653306 | 0.8447793631788196 | 0.0185902812296197:0.48839077425459365 | -0.053991867988819386 | 0.18392226982247095
0.48839077425459365 | -0.053991867988819386 | 0.18392226982247095 | 0.8447793631788196 | 0.0185902812296197:0.4929855792144622 | -0.062269179113808804 | 0.18266437005238956
0.4929855792144622 | -0.062269179113808804 | 0.18266437005238956 | 0.8447793631788196 | 0.0185902812296197:0.4975361100816631 | -0.07054846812444548 | 0.18100850572092853
0.4975361100816631 | -0.07054846812444548 | 0.18100850572092853 | 0.8447793631788196 | 0.0185902812296197:0.5020423809506411 | -0.078810355175853 | 0.17895291011686965
0.5020423809506411 | -0.078810355175853 | 0.17895291011686965 | 0.8447793631788196 | 0.0185902812296197:0.506504399386376 | -0.08703534418319503 | 0.17649676629358524
0.506504399386376 | -0.08703534418319503 | 0.17649676629358524 | 0.8447793631788196 | 0.0185902812296197:0.5109221674891646 | -0.09520386910046374 | 0.17364021219108494
0.5109221674891646 | -0.09520386910046374 | 0.17364021219108494 | 0.8447793631788196 | 0.0185902812296197:0.5152956829612876 | -0.10329634035232349 | 0.17038434353292686
0.5152956829612876 | -0.10329634035232349 | 0.17038434353292686 | 0.41557802284956447 | -0.7037324509040392:0.5131830457016644 | -0.10767941387393343 | 0.1877334711840497
0.5131830457016644 | -0.10767941387393343 | 0.1877334711840497 | 0.41557802284956447 | -0.7037324509040392:0.5103690588731222 | -0.11244420275699962 | 0.2050122783773034
0.5103690588731222 | -0.11244420275699962 | 0.2050122783773034 | 0.41557802284956447 | -0.7037324509040392:0.5068541275762364 | -0.11759118913603661 | 0.22218325134955563
0.5068541275762364 | -0.11759118913603661 | 0.22218325134955563 | 0.41557802284956447 | -0.7037324509040392:0.5026401805921044 | -0.12311995261511433 | 0.23920882722665127
0.5026401805921044 | -0.12311995261511433 | 0.23920882722665127 | 0.41557802284956447 | -0.7037324509040392:0.4977306711992302 | -0.12902916895693206 | 0.25605147696217045
0.4977306711992302 | -0.12902916895693206 | 0.25605147696217045 | -0.7879156925859745 | -0.36120176257077197:0.49658951101893223 | -0.11972485163092639 | 0.27188030435682364
0.49658951101893223 | -0.11972485163092639 | 0.27188030435682364 | -0.7879156925859745 | -0.36120176257077197:0.4950960678697989 | -0.10971687651314177 | 0.2873850364891801
0.4950960678697989 | -0.10971687651314177 | 0.2873850364891801 | -0.7879156925859745 | -0.36120176257077197:0.4932561666578543 | -0.09901646352586235 | 0.3025263337738444
0.4932561666578543 | -0.09901646352586235 | 0.3025263337738444 | -0.7879156925859745 | -0.36120176257077197:0.49107644017558627 | -0.08763661309316895 | 0.3172654095860743
0.49107644017558627 | -0.08763661309316895 | 0.3172654095860743 | -0.7879156925859745 | -0.36120176257077197:0.4885643170239291 | -0.07559208160725106 | 0.3315641260460289
0.4885643170239291 | -0.07559208160725106 | 0.3315641260460289 | -0.36204539680003833 | 0.4362454397489879:0.49907874852075196 | -0.07005103235732157 | 0.32433337917711924
0.49907874852075196 | -0.07005103235732157 | 0.32433337917711924 | -0.36204539680003833 | 0.4362454397489879:0.5094437839687274 | -0.06459771851872764 | 0.31668886150533027
0.5094437839687274 | -0.06459771851872764 | 0.31668886150533027 | -0.36204539680003833 | 0.4362454397489879:0.5196484406249908 | -0.05924162360878915 | 0.308635421276378
0.5196484406249908 | -0.05924162360878915 | 0.308635421276378 | -0.36204539680003833 | 0.4362454397489879:0.5296818658470741 | -0.053992124365686234 | 0.30017839746380304
0.5296818658470741 | -0.053992124365686234 | 0.30017839746380304 | -0.36204539680003833 | 0.4362454397489879:0.5395333492895915 | -0.048858480599914156 | 0.29132361325240197
0.5395333492895915 | -0.048858480599914156 | 0.29132361325240197 | -0.36204539680003833 | 0.4362454397489879:0.5491923349019139 | -0.04384982520616765 | 0.28207736903384983
0.5491923349019139 | -0.04384982520616765 | 0.28207736903384983 | -0.36204539680003833 | 0.4362454397489879:0.5586484327159482 | -0.03897515434477361 | 0.2724464349241842
0.5586484327159482 | -0.03897515434477361 | 0.2724464349241842 | -0.36204539680003833 | 0.4362454397489879:0.567891430413404 | -0.03424331780156953 | 0.26243804281324756
0.567891430413404 | -0.03424331780156953 | 0.26243804281324756 | -0.36204539680003833 | 0.4362454397489879:0.5769113046622074 | -0.029663009534907303 | 0.25205987795646934
0.5769113046622074 | -0.029663009534907303 | 0.25205987795646934 | -0.36204539680003833 | 0.4362454397489879:0.5856982322120245 | -0.025242758418211775 | 0.24132007011985834
0.5856982322120245 | -0.025242758418211775 | 0.24132007011985834 | -0.36204539680003833 | 0.4362454397489879:0.5942426007391539 | -0.02099091918631002 | 0.23022718428929778
0.5942426007391539 | -0.02099091918631002 | 0.23022718428929778 | -0.36204539680003833 | 0.4362454397489879:0.602535019431258 | -0.016915663593476182 | 0.21879021095570295
0.602535019431258 | -0.016915663593476182 | 0.21879021095570295 | -0.36204539680003833 | 0.4362454397489879:0.6105663293028805 | -0.013024971790912776 | 0.20701855598780838
0.6105663293028805 | -0.013024971790912776 | 0.20701855598780838 | -0.36204539680003833 | 0.4362454397489879:0.6183276132328288 | -0.009326623931112277 | 0.1949220301047596
0.6183276132328288 | -0.009326623931112277 | 0.1949220301047596 | -0.36204539680003833 | 0.4362454397489879:0.6258102057148847 | -0.005828192006306576 | 0.18251083796092615
0.6258102057148847 | -0.005828192006306576 | 0.18251083796092615 | -0.295935500559537 | -0.4458747209135625:0.6249037290169319 | -0.003143778131958319 | 0.19753135532441846
0.6249037290169319 | -0.003143778131958319 | 0.19753135532441846 | -0.295935500559537 | -0.4458747209135625:0.6236064008565094 | -2.2187415437513458E-4 | 0.2125492086166645
0.6236064008565094 | -2.2187415437513458E-4 | 0.2125492086166645 | -0.295935500559537 | -0.4458747209135625:0.6219176648373725 | 0.0029382148610133108 | 0.2275500353448301
0.6219176648373725 | 0.0029382148610133108 | 0.2275500353448301 | -0.295935500559537 | -0.4458747209135625:0.6198373405862831 | 0.006336932264662032 | 0.2425194490100786
0.6198373405862831 | 0.006336932264662032 | 0.2425194490100786 | -0.295935500559537 | -0.4458747209135625:0.6173656236726721 | 0.009974469794766794 | 0.2574430530833709
0.6173656236726721 | 0.009974469794766794 | 0.2574430530833709 | -0.295935500559537 | -0.4458747209135625:0.6145030851803028 | 0.013850767780180018 | 0.27230645494152483
0.6145030851803028 | 0.013850767780180018 | 0.27230645494152483 | -0.295935500559537 | -0.4458747209135625:0.6112506709330319 | 0.017965515573040047 | 0.2870952797515578
0.6112506709330319 | 0.017965515573040047 | 0.2870952797515578 | -0.295935500559537 | -0.4458747209135625:0.6076097003771821 | 0.02231815220958211 | 0.30179518429143215
0.6076097003771821 | 0.02231815220958211 | 0.30179518429143215 | -0.295935500559537 | -0.4458747209135625:0.6035818651232105 | 0.02690786729742589 | 0.3163918706954796
0.6035818651232105 | 0.02690786729742589 | 0.3163918706954796 | -0.295935500559537 | -0.4458747209135625:0.5991692271496092 | 0.031733602127453686 | 0.330871100112919
0.5991692271496092 | 0.031733602127453686 | 0.330871100112919 | -0.295935500559537 | -0.4458747209135625:0.5943742166723212 | 0.03679405100821853 | 0.34521870626797124
0.5943742166723212 | 0.03679405100821853 | 0.34521870626797124 | -0.295935500559537 | -0.4458747209135625:0.5891996296831579 | 0.04208766282065435 | 0.35942060891028405
0.5891996296831579 | 0.04208766282065435 | 0.35942060891028405 | -0.295935500559537 | -0.4458747209135625:0.5836486251608903 | 0.04761264279069044 | 0.37346282714448975
0.5836486251608903 | 0.04761264279069044 | 0.37346282714448975 | -0.295935500559537 | -0.4458747209135625:0.5777247219590862 | 0.053366954477201745 | 0.38733149262793276
0.5777247219590862 | 0.053366954477201745 | 0.38733149262793276 | -0.295935500559537 | -0.4458747209135625:0.5714317953749415 | 0.059348321972576557 | 0.40101286262572344
0.5714317953749415 | 0.059348321972576557 | 0.40101286262572344 | -0.25554684796777605 | -0.37629908614764496:0.5662101097043859 | 0.06474269025217216 | 0.4126576427490427
0.5662101097043859 | 0.06474269025217216 | 0.4126576427490427 | -0.25554684796777605 | -0.37629908614764496:0.560714430865815 | 0.07030483620869354 | 0.4241556406336393
0.560714430865815 | 0.07030483620869354 | 0.4241556406336393 | -0.25554684796777605 | -0.37629908614764496:0.5549477596777379 | 0.07603297056237235 | 0.43549804606067255
0.5549477596777379 | 0.07603297056237235 | 0.43549804606067255 | -0.25554684796777605 | -0.37629908614764496:0.5489132890960278 | 0.08192517099851315 | 0.4466761478447161
0.5489132890960278 | 0.08192517099851315 | 0.4466761478447161 | -0.25554684796777605 | -0.37629908614764496:0.5426144016767296 | 0.08797938387210591 | 0.45768133971387215
0.5426144016767296 | 0.08797938387210591 | 0.45768133971387215 | -0.8292741617613146 | -0.13099860937989938:0.5417793612532122 | 0.107300890671151 | 0.459005123273009
0.5417793612532122 | 0.107300890671151 | 0.459005123273009 | -0.8292741617613146 | -0.13099860937989938:0.540907721501739 | 0.12673072504857252 | 0.4594980633041459
0.540907721501739 | 0.12673072504857252 | 0.4594980633041459 | -0.8292741617613146 | -0.13099860937989938:0.5400054524489164 | 0.1462326369707725 | 0.45915332484715776
0.5400054524489164 | 0.1462326369707725 | 0.45915332484715776 | -0.8292741617613146 | -0.13099860937989938:0.5390785717625732 | 0.16577002645208472 | 0.45796572522288415
0.5390785717625732 | 0.16577002645208472 | 0.45796572522288415 | -0.8292741617613146 | -0.13099860937989938:0.5381331330099783 | 0.18530601769752542 | 0.4559317503550844
0.5381331330099783 | 0.18530601769752542 | 0.4559317503550844 | -0.8292741617613146 | -0.13099860937989938:0.5371752138202197 | 0.20480353392176953 | 0.453049567670611
0.5371752138202197 | 0.20480353392176953 | 0.453049567670611 | -0.8292741617613146 | -0.13099860937989938:0.5362109039751672 | 0.22422537269069354 | 0.44931903555225716
0.5362109039751672 | 0.22422537269069354 | 0.44931903555225716 | -0.8292741617613146 | -0.13099860937989938:0.5352462934533833 | 0.24353428163102997 | 0.4447417093259105
0.5352462934533833 | 0.24353428163102997 | 0.4447417093259105 | -0.8292741617613146 | -0.13099860937989938:0.5342874604515657 | 0.26269303435317237 | 0.4393208437704246
0.5342874604515657 | 0.26269303435317237 | 0.4393208437704246 | -0.8292741617613146 | -0.13099860937989938:0.5333404594080022 | 0.2816645064320191 | 0.4330613921459161
0.5333404594080022 | 0.2816645064320191 | 0.4330613921459161 | -0.8292741617613146 | -0.13099860937989938:0.532411309052506 | 0.30041175129084774 | 0.42597000174307453
0.532411309052506 | 0.30041175129084774 | 0.42597000174307453 | -0.8292741617613146 | -0.13099860937989938:0.5315059805072835 | 0.31889807583366814 | 0.418055005963069
0.5315059805072835 | 0.31889807583366814 | 0.418055005963069 | -0.8292741617613146 | -0.13099860937989938:0.5306303854628496 | 0.33708711567223215 | 0.4093264129447931
0.5306303854628496 | 0.33708711567223215 | 0.4093264129447931 | -0.8292741617613146 | -0.13099860937989938:0.5297903644531843 | 0.3549429097949419 | 0.3997958907628245
0.5297903644531843 | 0.3549429097949419 | 0.3997958907628245 | -0.8292741617613146 | -0.13099860937989938:0.5289916752538559 | 0.3724299745262183 | 0.3894767492266169
0.5289916752538559 | 0.3724299745262183 | 0.3894767492266169 | 0.8030799353482092 | 0.7177542420339167:0.5449119091496968 | 0.35765092203519977 | 0.3861209233187921
0.5449119091496968 | 0.35765092203519977 | 0.3861209233187921 | 0.8030799353482092 | 0.7177542420339167:0.5607075036087323 | 0.34295641519773223 | 0.3815749254868095
0.5607075036087323 | 0.34295641519773223 | 0.3815749254868095 | 0.8030799353482092 | 0.7177542420339167:0.5763345162747342 | 0.328396062398836 | 0.3758452661209901
0.5763345162747342 | 0.328396062398836 | 0.3758452661209901 | 0.8030799353482092 | 0.7177542420339167:0.5917492470820704 | 0.31401927252555684 | 0.36894217602590373
0.5917492470820704 | 0.31401927252555684 | 0.36894217602590373 | 0.8030799353482092 | 0.7177542420339167:0.6069083780917808 | 0.2998750981992284 | 0.36087958973882905
0.6069083780917808 | 0.2998750981992284 | 0.36087958973882905 | -0.14643646146267897 | -0.2273633530573722:0.6046215578931395 | 0.3034276020541462 | 0.36666004545531905
0.6046215578931395 | 0.3034276020541462 | 0.36666004545531905 | -0.14643646146267897 | -0.2273633530573722:0.6022386442499297 | 0.30702116992656414 | 0.3723907077947146
0.6022386442499297 | 0.30702116992656414 | 0.3723907077947146 | -0.14643646146267897 | -0.2273633530573722:0.5997604921265491 | 0.31065546767377583 | 0.3780698221357426
0.5997604921265491 | 0.31065546767377583 | 0.3780698221357426 | -0.14643646146267897 | -0.2273633530573722:0.5971879776625002 | 0.3143301453448988 | 0.38369565279249684
0.5971879776625002 | 0.3143301453448988 | 0.38369565279249684 | -0.14643646146267897 | -0.2273633530573722:0.5945219978666358 | 0.31804483739763967 | 0.3892664833387869
0.5945219978666358 | 0.31804483739763967 | 0.3892664833387869 | -0.14643646146267897 | -0.2273633530573722:0.5917634703089405 | 0.3217991629164132 | 0.39478061692609145
0.5917634703089405 | 0.3217991629164132 | 0.39478061692609145 | -0.14643646146267897 | -0.2273633530573722:0.5889133328100442 | 0.3255927258317879 | 0.40023637659524525
0.5889133328100442 | 0.3255927258317879 | 0.40023637659524525 | -0.14643646146267897 | -0.2273633530573722:0.5859725431284062 | 0.3294251151412144 | 0.4056321055817236
0.5859725431284062 | 0.3294251151412144 | 0.4056321055817236 | -0.14643646146267897 | -0.2273633530573722:0.5829420786453241 | 0.33329590513098317 | 0.41096616761460325
0.5829420786453241 | 0.33329590513098317 | 0.41096616761460325 | -0.14643646146267897 | -0.2273633530573722:0.5798229360478118 | 0.33720465559937907 | 0.41623694720919246
0.5798229360478118 | 0.33720465559937907 | 0.41623694720919246 | 0.10620298356063729 | 0.437684530308174:0.5904023469736757 | 0.3358833249201023 | 0.40631471036537903
0.5904023469736757 | 0.3358833249201023 | 0.40631471036537903 | 0.10620298356063729 | 0.437684530308174:0.6007693925395401 | 0.3346000684467203 | 0.3961160541144224
0.6007693925395401 | 0.3346000684467203 | 0.3961160541144224 | 0.10620298356063729 | 0.437684530308174:0.6109171259412634 | 0.3333567124666601 | 0.385646073947413
0.6109171259412634 | 0.3333567124666601 | 0.385646073947413 | 0.10620298356063729 | 0.437684530308174:0.6208387273692466 | 0.3321550516626086 | 0.37491004650755855
0.6208387273692466 | 0.3321550516626086 | 0.37491004650755855 | 0.10620298356063729 | 0.437684530308174:0.6305275082476385 | 0.33099684808728824 | 0.36391342606616206
0.6305275082476385 | 0.33099684808728824 | 0.36391342606616206 | 0.10620298356063729 | 0.437684530308174:0.6399769153805437 | 0.329883830160389 | 0.35266184089972796
0.6399769153805437 | 0.329883830160389 | 0.35266184089972796 | 0.10620298356063729 | 0.437684530308174:0.6491805350033601 | 0.3288176916881653 | 0.3411610895706474
0.6491805350033601 | 0.3288176916881653 | 0.3411610895706474 | 0.10620298356063729 | 0.437684530308174:0.658132096737134 | 0.32780009090616957 | 0.32941713711411325
0.658132096737134 | 0.32780009090616957 | 0.32941713711411325 | 0.10620298356063729 | 0.437684530308174:0.6668254774441493 | 0.326832649545592 | 0.3174361111338371
0.6668254774441493 | 0.326832649545592 | 0.3174361111338371 | 0.10620298356063729 | 0.437684530308174:0.6752547049828337 | 0.32591695192367 | 0.3052242978091826
0.6752547049828337 | 0.32591695192367 | 0.3052242978091826 | 0.886936071166951 | 0.12244464540873556:0.6787905659542446 | 0.31279943918760544 | 0.3159744798874726
0.6787905659542446 | 0.31279943918760544 | 0.3159744798874726 | 0.886936071166951 | 0.12244464540873556:0.6823772763272018 | 0.29917763606112935 | 0.32612514001900195
0.6823772763272018 | 0.29917763606112935 | 0.32612514001900195 | 0.886936071166951 | 0.12244464540873556:0.6860112208132279 | 0.28507842949357887 | 0.33565233935568983
0.6860112208132279 | 0.28507842949357887 | 0.33565233935568983 | 0.886936071166951 | 0.12244464540873556:0.6896886317912916 | 0.27052982548774374 | 0.3445333883284434
0.6896886317912916 | 0.27052982548774374 | 0.3445333883284434 | 0.886936071166951 | 0.12244464540873556:0.6934055974789004 | 0.2555608911994298 | 0.3527468995909828
0.6934055974789004 | 0.2555608911994298 | 0.3527468995909828 | 0.886936071166951 | 0.12244464540873556:0.6971580704305325 | 0.24020169460203533 | 0.36027283819004197
0.6971580704305325 | 0.24020169460203533 | 0.36027283819004197 | 0.886936071166951 | 0.12244464540873556:0.7009418763451976 | 0.22448324184761503 | 0.3670925688495359
0.7009418763451976 | 0.22448324184761503 | 0.3670925688495359 | 0.886936071166951 | 0.12244464540873556:0.7047527231636082 | 0.2084374124609738 | 0.3731889002625053
0.7047527231636082 | 0.2084374124609738 | 0.3731889002625053 | 0.886936071166951 | 0.12244464540873556:0.7085862104354561 | 0.1920968925079869 | 0.3785461262913259
0.7085862104354561 | 0.1920968925079869 | 0.3785461262913259 | 0.886936071166951 | 0.12244464540873556:0.7124378389362533 | 0.17549510588384365 | 0.3831500639835923
0.7124378389362533 | 0.17549510588384365 | 0.3831500639835923 | 0.9880638221832332 | 0.4061320547030429:0.7217361500377422 | 0.1566852249045425 | 0.3775862986549541
0.7217361500377422 | 0.1566852249045425 | 0.3775862986549541 | 0.9880638221832332 | 0.4061320547030429:0.7309016195152793 | 0.13813106862096447 | 0.37088979207139516
0.7309016195152793 | 0.13813106862096447 | 0.37088979207139516 | 0.9880638221832332 | 0.4061320547030429:0.7399110438947787 | 0.11988986669950208 | 0.36307567969929977
0.7399110438947787 | 0.11988986669950208 | 0.36307567969929977 | 0.9880638221832332 | 0.4061320547030429:0.7487415594692095 | 0.10201810172575065 | 0.3541624814665454
0.7487415594692095 | 0.10201810172575065 | 0.3541624814665454 | 0.9880638221832332 | 0.4061320547030429:0.757370712681336 | 0.08457133685075036 | 0.3441720559248864
0.757370712681336 | 0.08457133685075036 | 0.3441720559248864 | 0.9880638221832332 | 0.4061320547030429:0.7657765294131309 | 0.06760404584423796 | 0.33312954415608687
0.7657765294131309 | 0.06760404584423796 | 0.33312954415608687 | 0.9880638221832332 | 0.4061320547030429:0.7739375829682444 | 0.05116944607792817 | 0.32106330357819957
0.7739375829682444 | 0.05116944607792817 | 0.32106330357819957 | 0.9880638221832332 | 0.4061320547030429:0.7818330605380623 | 0.03531933495322548 | 0.30800483183929117
0.7818330605380623 | 0.03531933495322548 | 0.30800483183929117 | 0.9880638221832332 | 0.4061320547030429:0.789442827946516 | 0.02010393027759605 | 0.29398868101633724
0.789442827946516 | 0.02010393027759605 | 0.29398868101633724 | 0.9880638221832332 | 0.4061320547030429:0.7967474924735143 | 0.005571715082112405 | 0.27905236236703246
0.7967474924735143 | 0.005571715082112405 | 0.27905236236703246 | 0.9880638221832332 | 0.4061320547030429:0.8037284635630471 | -0.008230712640585836 | 0.26323624191100947
0.8037284635630471 | -0.008230712640585836 | 0.26323624191100947 | 0.9880638221832332 | 0.4061320547030429:0.8103680112279505 | -0.021258784813230847 | 0.2465834271453602
0.8103680112279505 | -0.021258784813230847 | 0.2465834271453602 | 0.9880638221832332 | 0.4061320547030429:0.8166493219705586 | -0.03347010231741265 | 0.22913964522654595
0.8166493219705586 | -0.03347010231741265 | 0.22913964522654595 | 0.9880638221832332 | 0.4061320547030429:0.8225565520455831 | -0.04482456777244437 | 0.21095311297701613
0.8225565520455831 | -0.04482456777244437 | 0.21095311297701613 | 0.9880638221832332 | 0.4061320547030429:0.8280748778998515 | -0.05528451163750958 | 0.19207439910001511
0.8280748778998515 | -0.05528451163750958 | 0.19207439910001511 | 0.9880638221832332 | 0.4061320547030429:0.8331905436317442 | -0.06481481124480837 | 0.1725562790101165
0.8331905436317442 | -0.06481481124480837 | 0.1725562790101165 | 0.9880638221832332 | 0.4061320547030429:0.8378909053223254 | -0.07338300239279505 | 0.152453582709704
0.8378909053223254 | -0.07338300239279505 | 0.152453582709704 | 0.9880638221832332 | 0.4061320547030429:0.8421644720995118 | -0.08095938315091544 | 0.1318230361629915
0.8421644720995118 | -0.08095938315091544 | 0.1318230361629915 | 0.9880638221832332 | 0.4061320547030429:0.8460009438062883 | -0.08751710955065306 | 0.11072309663950364
0.8460009438062883 | -0.08751710955065306 | 0.11072309663950364 | 0.9880638221832332 | 0.4061320547030429:0.8493912451545924 | -0.0930322828621648 | 0.08921378251723411
0.8493912451545924 | -0.0930322828621648 | 0.08921378251723411 | -0.7355476369957332 | -0.11886164123494103:0.850218042805011 | -0.089836142651599 | 0.09778059059461697
0.850218042805011 | -0.089836142651599 | 0.09778059059461697 | -0.7355476369957332 | -0.11886164123494103:0.8509797286539396 | -0.08631977336210994 | 0.10624068389619623
0.8509797286539396 | -0.08631977336210994 | 0.10624068389619623 | -0.7355476369957332 | -0.11886164123494103:0.8516770890694687 | -0.08248696352926288 | 0.11458149171588872
0.8516770890694687 | -0.08248696352926288 | 0.11458149171588872 | -0.7355476369957332 | -0.11886164123494103:0.8523109863383098 | -0.07834198269263837 | 0.12279058888166361
0.8523109863383098 | -0.07834198269263837 | 0.12279058888166361 | -0.7355476369957332 | -0.11886164123494103:0.8528823577116071 | -0.07388957575223287 | 0.13085571465767742
