0.0 | 0.0 | 0.0 | 0.4318816544740134 | 0.35904722921656473:1.7947211928218774E-4 | -2.159240452683786E-4 | 0.009996057551108604
1.7947211928218774E-4 | -2.159240452683786E-4 | 0.009996057551108604 | 0.4318816544740134 | 0.35904722921656473:7.139341262025808E-4 | -8.59108118525187E-4 | 0.01986862429319472
7.139341262025808E-4 | -8.59108118525187E-4 | 0.01986862429319472 | 0.4318816544740134 | 0.35904722921656473:0.0015970966375393665 | -0.0019222355806467473 | 0.029595670185060124
0.0015970966375393665 | -0.0019222355806467473 | 0.029595670185060124 | 0.7457333769301853 | 0.7887452975575622:0.003660452089429925 | -0.004012130108711043 | 0.039027917320962224
0.003660452089429925 | -0.004012130108711043 | 0.039027917320962224 | 0.7457333769301853 | 0.7887452975575622:0.0064544728436039655 | -0.0067963017821297544 | 0.04810535595130638
0.0064544728436039655 | -0.0067963017821297544 | 0.04810535595130638 | 0.7457333769301853 | 0.7887452975575622:0.009952084897314608 | -0.01025065693248628 | 0.056749034818033645
0.009952084897314608 | -0.01025065693248628 | 0.056749034818033645 | 0.7457333769301853 | 0.7887452975575622:0.014122331575897734 | -0.014347371068205383 | 0.06488320005432788
0.014122331575897734 | -0.014347371068205383 | 0.06488320005432788 | 0.7457333769301853 | 0.7887452975575622:0.018930561644538928 | -0.019055060453607497 | 0.07243563174272116
0.018930561644538928 | -0.019055060453607497 | 0.07243563174272116 | -0.5873660018679256 | 0.17851336926475936:0.021919830050332004 | -0.01894075948569851 | 0.08148641091295716
0.021919830050332004 | -0.01894075948569851 | 0.08148641091295716 | -0.5873660018679256 | 0.17851336926475936:0.025043534847058083 | -0.018286919425400727 | 0.09044997247050429
0.025043534847058083 | -0.018286919425400727 | 0.09044997247050429 | -0.5873660018679256 | 0.17851336926475936:0.028299672208771928 | -0.017100727427177942 | 0.099301433504006
0.028299672208771928 | -0.017100727427177942 | 0.099301433504006 | -0.5873660018679256 | 0.17851336926475936:0.031685960632537424 | -0.01539028152280597 | 0.10801637148322696
0.031685960632537424 | -0.01539028152280597 | 0.10801637148322696 | -0.5873660018679256 | 0.17851336926475936:0.0351998478627118 | -0.013164568410613642 | 0.11657085680487878
0.0351998478627118 | -0.013164568410613642 | 0.11657085680487878 | -0.5873660018679256 | 0.17851336926475936:0.038838518102822434 | -0.010433440282300088 | 0.12494148430816931
0.038838518102822434 | -0.010433440282300088 | 0.12494148430816931 | -0.5873660018679256 | 0.17851336926475936:0.04259889950288548 | -0.007207590726916235 | 0.13310540373237945
0.04259889950288548 | -0.007207590726916235 | 0.13310540373237945 | -0.5873660018679256 | 0.17851336926475936:0.04647767190983054 | -0.003498529752225865 | 0.14104034909031293
0.04647767190983054 | -0.003498529752225865 | 0.14104034909031293 | -0.5873660018679256 | 0.17851336926475936:0.05047127486852976 | 6.814420357659223E-4 | 0.14872466693301356
0.05047127486852976 | 6.814420357659223E-4 | 0.14872466693301356 | -0.5873660018679256 | 0.17851336926475936:0.054575915860774316 | 0.00531926005380523 | 0.15613734348270492
0.054575915860774316 | 0.00531926005380523 | 0.15613734348270492 | -0.5873660018679256 | 0.17851336926475936:0.05878757876940888 | 0.010401123121111633 | 0.1632580306124749
0.05878757876940888 | 0.010401123121111633 | 0.1632580306124749 | -0.5873660018679256 | 0.17851336926475936:0.06310203255470875 | 0.015912521555630166 | 0.17006707065280136
0.06310203255470875 | 0.015912521555630166 | 0.17006707065280136 | -0.5873660018679256 | 0.17851336926475936:0.06751484012998199 | 0.021838265944227553 | 0.17654552000659485
0.06751484012998199 | 0.021838265944227553 | 0.17654552000659485 | -0.5873660018679256 | 0.17851336926475936:0.0720213674232878 | 0.028162516543936977 | 0.1826751715560131
0.0720213674232878 | 0.028162516543936977 | 0.1826751715560131 | -0.5873660018679256 | 0.17851336926475936:0.07661679261208532 | 0.0348688132710826 | 0.18843857584588308
0.07661679261208532 | 0.0348688132710826 | 0.18843857584588308 | -0.5197867007916701 | 0.6618810206374504:0.08596086319671392 | 0.041282534496257295 | 0.19193837988242857
0.08596086319671392 | 0.041282534496257295 | 0.19193837988242857 | -0.5197867007916701 | 0.6618810206374504:0.0956079440178157 | 0.047952085861774574 | 0.19473845753069519
0.0956079440178157 | 0.047952085861774574 | 0.19473845753069519 | -0.5197867007916701 | 0.6618810206374504:0.10552504344926716 | 0.05485178894134668 | 0.19681438272177498
0.10552504344926716 | 0.05485178894134668 | 0.19681438272177498 | -0.5197867007916701 | 0.6618810206374504:0.11567823387188914 | 0.06195520034056756 | 0.19814410105512392
0.11567823387188914 | 0.06195520034056756 | 0.19814410105512392 | -0.5197867007916701 | 0.6618810206374504:0.12603275255161916 | 0.0692351902389512 | 0.19870798118528787
0.12603275255161916 | 0.0692351902389512 | 0.19870798118528787 | -0.5197867007916701 | 0.6618810206374504:0.1365531039430241 | 0.07666402213682855 | 0.1984888596319725
0.1365531039430241 | 0.07666402213682855 | 0.1984888596319725 | -0.5197867007916701 | 0.6618810206374504:0.1472031631627151 | 0.08421343360719402 | 0.1974720789609976
0.1472031631627151 | 0.08421343360719402 | 0.1974720789609976 | -0.5197867007916701 | 0.6618810206374504:0.15794628037687541 | 0.09185471785210964 | 0.1956455192990858
0.15794628037687541 | 0.09185471785210964 | 0.1956455192990858 | -0.5197867007916701 | 0.6618810206374504:0.16874538584730403 | 0.09955880586323262 | 0.19299962316073804
0.16874538584730403 | 0.09955880586323262 | 0.19299962316073804 | -0.5197867007916701 | 0.6618810206374504:0.17956309538112203 | 0.10729634898641704 | 0.1895274135806977
0.17956309538112203 | 0.10729634898641704 | 0.1895274135806977 | -0.5197867007916701 | 0.6618810206374504:0.1903618159305731 | 0.11503780169115096 | 0.18522450556059677
0.1903618159305731 | 0.11503780169115096 | 0.18522450556059677 | -0.5197867007916701 | 0.6618810206374504:0.20110385109116935 | 0.12275350434682522 | 0.18008911085333068
0.20110385109116935 | 0.12275350434682522 | 0.18008911085333068 | -0.5197867007916701 | 0.6618810206374504:0.21175150624876826 | 0.13041376580947678 | 0.17412203612347454
0.21175150624876826 | 0.13041376580947678 | 0.17412203612347454 | -0.5197867007916701 | 0.6618810206374504:0.22226719312902965 | 0.13798894562470146 | 0.1673266745366
0.22226719312902965 | 0.13798894562470146 | 0.1673266745366 | -0.5197867007916701 | 0.6618810206374504:0.23261353350606306 | 0.14544953565488672 | 0.15970899084466428
0.23261353350606306 | 0.14544953565488672 | 0.15970899084466428 | -0.5197867007916701 | 0.6618810206374504:0.24275346183091617 | 0.15276624094175517 | 0.15127750004868457
0.24275346183091617 | 0.15276624094175517 | 0.15127750004868457 | -0.5197867007916701 | 0.6618810206374504:0.25265032654490627 | 0.1599100596184344 | 0.14204323973364996
0.25265032654490627 | 0.1599100596184344 | 0.14204323973364996 | -0.5197867007916701 | 0.6618810206374504:0.26226798984757327 | 0.1668523616888642 | 0.1320197361840485
0.26226798984757327 | 0.1668523616888642 | 0.1320197361840485 | -0.5197867007916701 | 0.6618810206374504:0.27157092569430974 | 0.17356496649630238 | 0.1212229644014684
0.27157092569430974 | 0.17356496649630238 | 0.1212229644014684 | -0.5197867007916701 | 0.6618810206374504:0.2805243158043913 | 0.1800202187069997 | 0.10967130215843301
0.2805243158043913 | 0.1800202187069997 | 0.10967130215843301 | 0.3588419202643336 | 0.45179353242144327:0.2882376099251127 | 0.18131676120879225 | 0.10848861365998008
0.2882376099251127 | 0.18131676120879225 | 0.10848861365998008 | 0.3588419202643336 | 0.45179353242144327:0.295914454647634 | 0.18256585968529504 | 0.10707634173123637
0.295914454647634 | 0.18256585968529504 | 0.10707634173123637 | 0.3588419202643336 | 0.45179353242144327:0.30354794405473395 | 0.18377374124969892 | 0.10543434783216554
0.30354794405473395 | 0.18377374124969892 | 0.10543434783216554 | 0.3588419202643336 | 0.45179353242144327:0.3111311871568363 | 0.1849466168246403 | 0.10356283887246676
0.3111311871568363 | 0.1849466168246403 | 0.10356283887246676 | 0.3588419202643336 | 0.45179353242144327:0.318657317272506 | 0.18609067374633903 | 0.10146236500938333
0.318657317272506 | 0.18609067374633903 | 0.10146236500938333 | 0.3588419202643336 | 0.45179353242144327:0.3261195013050404 | 0.1872120684470513 | 0.09913381705991053
0.3261195013050404 | 0.1872120684470513 | 0.09913381705991053 | 0.3588419202643336 | 0.45179353242144327:0.3335109489061079 | 0.188316919223102 | 0.09657842353354251
0.3335109489061079 | 0.188316919223102 | 0.09657842353354251 | 0.3588419202643336 | 0.45179353242144327:0.3408249215175365 | 0.18941129909561605 | 0.093797747291962
0.3408249215175365 | 0.18941129909561605 | 0.093797747291962 | 0.3588419202643336 | 0.45179353242144327:0.34805474128259295 | 0.19050122877090425 | 0.09079368184244352
0.34805474128259295 | 0.19050122877090425 | 0.09079368184244352 | 0.3588419202643336 | 0.45179353242144327:0.3551937998182826 | 0.19159266970729183 | 0.08756844727201596
0.3551937998182826 | 0.19159266970729183 | 0.08756844727201596 | 0.3588419202643336 | 0.45179353242144327:0.3622355668404218 | 0.1926915172950201 | 0.08412458582973859
0.3622355668404218 | 0.1926915172950201 | 0.08412458582973859 | 0.3588419202643336 | 0.45179353242144327:0.369173598633461 | 0.1938035941556664 | 0.08046495716474222
0.369173598633461 | 0.1938035941556664 | 0.08046495716474222 | 0.3588419202643336 | 0.45179353242144327:0.3760015463572586 | 0.19493464356735757 | 0.07659273322793947
0.3760015463572586 | 0.19493464356735757 | 0.07659273322793947 | 0.3588419202643336 | 0.45179353242144327:0.38271316418322776 | 0.19609032302186735 | 0.07251139284561425
0.38271316418322776 | 0.19609032302186735 | 0.07251139284561425 | 0.3588419202643336 | 0.45179353242144327:0.3893023172525467 | 0.19727619791950435 | 0.06822471597330715
0.3893023172525467 | 0.19727619791950435 | 0.06822471597330715 | 0.3588419202643336 | 0.45179353242144327:0.3957629894493184 | 0.19849773540750082 | 0.06373677763872543
0.3957629894493184 | 0.19849773540750082 | 0.06373677763872543 | 0.3588419202643336 | 0.45179353242144327:0.40208929098186275 | 0.1997602983674236 | 0.05905194158256588
0.40208929098186275 | 0.1997602983674236 | 0.05905194158256588 | 0.3588419202643336 | 0.45179353242144327:0.40827546576553075 | 0.2010691395569406 | 0.05417485360644836
0.40827546576553075 | 0.2010691395569406 | 0.05417485360644836 | 0.3588419202643336 | 0.45179353242144327:0.4143158986007158 | 0.20242939591105102 | 0.0491104346372957
0.4143158986007158 | 0.20242939591105102 | 0.0491104346372957 | 0.3588419202643336 | 0.45179353242144327:0.4202051221399721 | 0.20384608300771223 | 0.043863873517759444
0.4202051221399721 | 0.20384608300771223 | 0.043863873517759444 | 0.8046231939549486 | 0.7338985343773983:0.4266050932237935 | 0.20420214830992123 | 0.036990129889158396
0.4266050932237935 | 0.20420214830992123 | 0.036990129889158396 | 0.8046231939549486 | 0.7338985343773983:0.43271674824803164 | 0.204793223678851 | 0.02981887878938494
0.43271674824803164 | 0.204793223678851 | 0.02981887878938494 | 0.8046231939549486 | 0.7338985343773983:0.43852684461405467 | 0.20563500199354312 | 0.022371128895422032
0.43852684461405467 | 0.20563500199354312 | 0.022371128895422032 | 0.8046231939549486 | 0.7338985343773983:0.44402299809178736 | 0.2067422544624753 | 0.01466922847154617
0.44402299809178736 | 0.2067422544624753 | 0.01466922847154617 | 0.8046231939549486 | 0.7338985343773983:0.4491937385173692 | 0.20812876806246106 | 0.006736787347358053
0.4491937385173692 | 0.20812876806246106 | 0.006736787347358053 | -0.8850063339824537 | 0.8730126091563468:0.45323292221754663 | 0.21034636770114634 | -0.02230068324365231
0.45323292221754663 | 0.21034636770114634 | -0.02230068324365231 | -0.8850063339824537 | 0.8730126091563468:0.45593427791148855 | 0.2112441491392394 | -0.051844223538264345
0.45593427791148855 | 0.2112441491392394 | -0.051844223538264345 | -0.8850063339824537 | 0.8730126091563468:0.4572679041731398 | 0.21078877487500058 | -0.08176851335034918
0.4572679041731398 | 0.21078877487500058 | -0.08176851335034918 | -0.8850063339824537 | 0.8730126091563468:0.4572099362366959 | 0.20895295243574008 | -0.11194474783083574
0.4572099362366959 | 0.20895295243574008 | -0.11194474783083574 | -0.8850063339824537 | 0.8730126091563468:0.45574271526782795 | 0.20571561900317015 | -0.14224122733629407
0.45574271526782795 | 0.20571561900317015 | -0.14224122733629407 | -0.8850063339824537 | 0.8730126091563468:0.45285492868361743 | 0.20106209706328393 | -0.17252396417323013
0.45285492868361743 | 0.20106209706328393 | -0.17252396417323013 | -0.8850063339824537 | 0.8730126091563468:0.44854172079739385 | 0.19498422028413032 | -0.20265730337657661
0.44854172079739385 | 0.19498422028413032 | -0.20265730337657661 | -0.8850063339824537 | 0.8730126091563468:0.44280477320315015 | 0.1874804289637959 | -0.23250455461620856
0.44280477320315015 | 0.1874804289637959 | -0.23250455461620856 | -0.8850063339824537 | 0.8730126091563468:0.4356523544550761 | 0.1785558345325926 | -0.26192863227403507
0.4356523544550761 | 0.1785558345325926 | -0.26192863227403507 | -0.8850063339824537 | 0.8730126091563468:0.42709933874043315 | 0.16822225273722147 | -0.29079270069661955
0.42709933874043315 | 0.16822225273722147 | -0.29079270069661955 | -0.9060098915603514 | 0.8966729723243008:0.416782206554835 | 0.15618258976560462 | -0.3196181349152152
0.416782206554835 | 0.15618258976560462 | -0.3196181349152152 | -0.9060098915603514 | 0.8966729723243008:0.40505043258212936 | 0.14271617752218368 | -0.34755839663048693
0.40505043258212936 | 0.14271617752218368 | -0.34755839663048693 | -0.9060098915603514 | 0.8966729723243008:0.39194198454620377 | 0.12785795011623513 | -0.3744721299546061
0.39194198454620377 | 0.12785795011623513 | -0.3744721299546061 | -0.9060098915603514 | 0.8966729723243008:0.3775018029976138 | 0.1116499616488742 | -0.4002211689447517
0.3775018029976138 | 0.1116499616488742 | -0.4002211689447517 | -0.9060098915603514 | 0.8966729723243008:0.36178164403904844 | 0.09414124313321182 | -0.4246712375020145
0.36178164403904844 | 0.09414124313321182 | -0.4246712375020145 | -0.9060098915603514 | 0.8966729723243008:0.34483988788786135 | 0.07538762455374481 | -0.44769263416588956
0.34483988788786135 | 0.07538762455374481 | -0.44769263416588956 | -0.9060098915603514 | 0.8966729723243008:0.32674131410682605 | 0.055451522828526834 | -0.46916089843507347
0.32674131410682605 | 0.055451522828526834 | -0.46916089843507347 | -0.9060098915603514 | 0.8966729723243008:0.30755684449513154 | 0.03440169660203196 | -0.4889574553315752
0.30755684449513154 | 0.03440169660203196 | -0.4889574553315752 | -0.9060098915603514 | 0.8966729723243008:0.2873632547874223 | 0.012312968956445403 | -0.5069702350269507
0.2873632547874223 | 0.012312968956445403 | -0.5069702350269507 | -0.9060098915603514 | 0.8966729723243008:0.2662428564591224 | -0.010734080716305883 | -0.5230942644662393
0.2662428564591224 | -0.010734080716305883 | -0.5230942644662393 | -0.9060098915603514 | 0.8966729723243008:0.2442831500802285 | -0.03465345429100708 | -0.5372322280563304
0.2442831500802285 | -0.03465345429100708 | -0.5372322280563304 | -0.9060098915603514 | 0.8966729723243008:0.22157645179701646 | -0.05935410040139821 | -0.5492949946304153
0.22157645179701646 | -0.05935410040139821 | -0.5492949946304153 | -0.9060098915603514 | 0.8966729723243008:0.19821949465053024 | -0.08474030618107342 | -0.5592021080581188
0.19821949465053024 | -0.08474030618107342 | -0.5592021080581188 | -0.9060098915603514 | 0.8966729723243008:0.17431300656233262 | -0.11071211345930898 | -0.5668822390411564
0.17431300656233262 | -0.11071211345930898 | -0.5668822390411564 | -0.9060098915603514 | 0.8966729723243008:0.14996126693059608 | -0.13716575750002136 | -0.572273595816069
0.14996126693059608 | -0.13716575750002136 | -0.572273595816069 | -0.9060098915603514 | 0.8966729723243008:0.12527164388327705 | -0.16399412626313215 | -0.5753242916778929
0.12527164388327705 | -0.16399412626313215 | -0.5753242916778929 | -0.9060098915603514 | 0.8966729723243008:0.10035411432899011 | -0.1910872380680857 | -0.5759926674406262
0.10035411432899011 | -0.1910872380680857 | -0.5759926674406262 | -0.9060098915603514 | 0.8966729723243008:0.07532076903000373 | -0.21833273544982124 | -0.5742475671610752
0.07532076903000373 | -0.21833273544982124 | -0.5742475671610752 | -0.9060098915603514 | 0.8966729723243008:0.05028530499515682 | -0.24561639291844184 | -0.570068565671149
0.05028530499515682 | -0.24561639291844184 | -0.570068565671149 | -0.9060098915603514 | 0.8966729723243008:0.02536250755320779 | -0.27282263626537073 | -0.563446146688853
0.02536250755320779 | -0.27282263626537073 | -0.563446146688853 | -0.9060098915603514 | 0.8966729723243008:6.677245185180425E-4 | -0.2998350710015405 | -0.5543818305090964
6.677245185180425E-4 | -0.2998350710015405 | -0.5543818305090964 | -0.9060098915603514 | 0.8966729723243008:-0.02368366509852393 | -0.3265370174670039 | -0.5428882505108774
-0.02368366509852393 | -0.3265370174670039 | -0.5428882505108774 | -0.9060098915603514 | 0.8966729723243008:-0.04757678535516163 | -0.3528120501168184 | -0.5289891779563494
-0.04757678535516163 | -0.3528120501168184 | -0.5289891779563494 | -0.9060098915603514 | 0.8966729723243008:-0.0708977981154355 | -0.378544538465027 | -0.5127194947986249
-0.0708977981154355 | -0.378544538465027 | -0.5127194947986249 | -0.9060098915603514 | 0.8966729723243008:-0.09353443576058496 | -0.40362018715726755 | -0.4941251144577752
-0.09353443576058496 | -0.40362018715726755 | -0.4941251144577752 | -0.9060098915603514 | 0.8966729723243008:-0.11537652937223086 | -0.42792657264299816 | -0.47326285076726293
-0.11537652937223086 | -0.42792657264299816 | -0.47326285076726293 | -0.9060098915603514 | 0.8966729723243008:-0.1363165299073934 | -0.45135367393045733 | -0.4502002355348713
-0.1363165299073934 | -0.45135367393045733 | -0.4502002355348713 | -0.9060098915603514 | 0.8966729723243008:-0.15625001991331544 | -0.4737943949312964 | -0.42501528540193245
-0.15625001991331544 | -0.4737943949312964 | -0.42501528540193245 | -0.9060098915603514 | 0.8966729723243008:-0.17507621337027857 | -0.495145075937129 | -0.3977962189212745
-0.17507621337027857 | -0.495145075937129 | -0.3977962189212745 | -0.9060098915603514 | 0.8966729723243008:-0.1926984413020172 | -0.5153059918168981 | -0.3686411250066275
-0.1926984413020172 | -0.5153059918168981 | -0.3686411250066275 | -0.9060098915603514 | 0.8966729723243008:-0.20902462085567564 | -0.5341818345817635 | -0.33765758413333025
-0.20902462085567564 | -0.5341818345817635 | -0.33765758413333025 | -0.9060098915603514 | 0.8966729723243008:-0.22396770562598078 | -0.5516821780328072 | -0.3049622438908397
-0.22396770562598078 | -0.5516821780328072 | -0.3049622438908397 | -0.9060098915603514 | 0.8966729723243008:-0.23744611508150015 | -0.5677219222860019 | -0.27068035070101537
-0.23744611508150015 | -0.5677219222860019 | -0.27068035070101537 | -0.9060098915603514 | 0.8966729723243008:-0.24938414104380513 | -0.5822217160581639 | -0.23494523972117598
-0.24938414104380513 | -0.5822217160581639 | -0.23494523972117598 | -0.9060098915603514 | 0.8966729723243008:-0.25971232927271615 | -0.5951083546966045 | -0.19789778514687484
-0.25971232927271615 | -0.5951083546966045 | -0.19789778514687484 | -0.9060098915603514 | 0.8966729723243008:-0.2683678343220599 | -0.6063151520434753 | -0.15968581331501497
-0.2683678343220599 | -0.6063151520434753 | -0.15968581331501497 | -0.9060098915603514 | 0.8966729723243008:-0.2752947459502586 | -0.6157822843428169 | -0.12046348118288641
-0.2752947459502586 | -0.6157822843428169 | -0.12046348118288641 | -0.9060098915603514 | 0.8966729723243008:-0.28044438549755313 | -0.6234571045235867 | -0.0803906229216711
-0.28044438549755313 | -0.6234571045235867 | -0.0803906229216711 | -0.9060098915603514 | 0.8966729723243008:-0.28377557077660853 | -0.6292944253248351 | -0.039632067513746705
-0.28377557077660853 | -0.6292944253248351 | -0.039632067513746705 | -0.9060098915603514 | 0.8966729723243008:-0.2852548481649073 | -0.6332567698691469 | 0.0016430696194529304
-0.2852548481649073 | -0.6332567698691469 | 0.0016430696194529304 | -0.9060098915603514 | 0.8966729723243008:-0.28485669073479514 | -0.6353145884367946 | 0.043262117808405165
-0.28485669073479514 | -0.6353145884367946 | 0.043262117808405165 | -0.9060098915603514 | 0.8966729723243008:-0.2825636614101832 | -0.6354464403451354 | 0.08504960188522048
-0.2825636614101832 | -0.6354464403451354 | 0.08504960188522048 | -0.9060098915603514 | 0.8966729723243008:-0.2783665402963429 | -0.633639139994882 | 0.12682800913728443
-0.2783665402963429 | -0.633639139994882 | 0.12682800913728443 | -0.9060098915603514 | 0.8966729723243008:-0.27226441549094815 | -0.6298878663063245 | 0.16841856903048402
-0.27226441549094815 | -0.6298878663063245 | 0.16841856903048402 | -0.9060098915603514 | 0.8966729723243008:-0.26426473684914953 | -0.624196234933609 | 0.20964204220361715
-0.26426473684914953 | -0.624196234933609 | 0.20964204220361715 | -0.9060098915603514 | 0.8966729723243008:-0.25438333234284016 | -0.616576332813068 | 0.25031951518747064
-0.25438333234284016 | -0.616576332813068 | 0.25031951518747064 | -0.9060098915603514 | 0.8966729723243008:-0.24264438682304856 | -0.60704871477156 | 0.290273197269844
-0.24264438682304856 | -0.60704871477156 | 0.290273197269844 | -0.9060098915603514 | 0.8966729723243008:-0.22908038316444745 | -0.595642362092093 | 0.32932721591179437
-0.22908038316444745 | -0.595642362092093 | 0.32932721591179437 | -0.9060098915603514 | 0.8966729723243008:-0.21373200594093333 | -0.5823946031058274 | 0.3673084071205963
-0.21373200594093333 | -0.5823946031058274 | 0.3673084071205963 | -0.9060098915603514 | 0.8966729723243008:-0.19664800795079174 | -0.5673509960512337 | 0.4040470972013548
-0.19664800795079174 | -0.5673509960512337 | 0.4040470972013548 | -0.9060098915603514 | 0.8966729723243008:-0.17788504007805273 | -0.5505651746117834 | 0.4393778723417352
-0.17788504007805273 | -0.5505651746117834 | 0.4393778723417352 | -0.9060098915603514 | 0.8966729723243008:-0.15750744514280868 | -0.5320986567124706 | 0.47314033253282783
-0.15750744514280868 | -0.5320986567124706 | 0.47314033253282783 | -0.9060098915603514 | 0.8966729723243008:-0.13558701655636796 | -0.5120206173218431 | 0.505179826393408
-0.13558701655636796 | -0.5120206173218431 | 0.505179826393408 | -0.9060098915603514 | 0.8966729723243008:-0.11220272275692977 | -0.49040762616934686 | 0.5353481635446533
-0.11220272275692977 | -0.49040762616934686 | 0.5353481635446533 | -0.9060098915603514 | 0.8966729723243008:-0.08744039855668362 | -0.4673433514469707 | 0.5635043012771233
-0.08744039855668362 | -0.4673433514469707 | 0.5635043012771233 | -0.9060098915603514 | 0.8966729723243008:-0.061392404681836155 | -0.44291823071857905 | 0.5895150023613667
-0.061392404681836155 | -0.44291823071857905 | 0.5895150023613667 | -0.9060098915603514 | 0.8966729723243008:-0.034157256931688806 | -0.4172291104095134 | 0.6132554609771379
-0.034157256931688806 | -0.4172291104095134 | 0.6132554609771379 | -0.9060098915603514 | 0.8966729723243008:-0.005839226521480612 | -0.39037885539197603 | 0.6346098938734861
-0.005839226521480612 | -0.39037885539197603 | 0.6346098938734861 | -0.9060098915603514 | 0.8966729723243008:0.023452086694685903 | -0.36247593031817793 | 0.653472094022264
0.023452086694685903 | -0.36247593031817793 | 0.653472094022264 | -0.9060098915603514 | 0.8966729723243008:0.05360220630049284 | -0.3336339544822735 | 0.6697459441901557
0.05360220630049284 | -0.3336339544822735 | 0.6697459441901557 | 0.5468965303160138 | 0.4492262971706116:0.06864816565833465 | -0.3529927488282354 | 0.6611978541846661
0.06864816565833465 | -0.3529927488282354 | 0.6611978541846661 | 0.5468965303160138 | 0.4492262971706116:0.08353226276221548 | -0.37215784620830306 | 0.6517279456836516
0.08353226276221548 | -0.37215784620830306 | 0.6517279456836516 | 0.5468965303160138 | 0.4492262971706116:0.09823212869275721 | -0.39110199883277197 | 0.6413440680257739
0.09823212869275721 | -0.39110199883277197 | 0.6413440680257739 | 0.5468965303160138 | 0.4492262971706116:0.11272557636028324 | -0.409798160787874 | 0.6300554284646667
0.11272557636028324 | -0.409798160787874 | 0.6300554284646667 | 0.5468965303160138 | 0.4492262971706116:0.12699063357747065 | -0.42821952845523015 | 0.6178725814821531
0.12699063357747065 | -0.42821952845523015 | 0.6178725814821531 | 0.11282206248490878 | -0.59146373668388:0.10907588834746917 | -0.4330435005099069 | 0.6208618054267324
0.10907588834746917 | -0.4330435005099069 | 0.6208618054267324 | 0.11282206248490878 | -0.59146373668388:0.09102161982116996 | -0.4378815555904012 | 0.6232750116978207
0.09102161982116996 | -0.4378815555904012 | 0.6232750116978207 | 0.11282206248490878 | -0.59146373668388:0.0728460658616612 | -0.4427303720912086 | 0.6251067070566481
0.0728460658616612 | -0.4427303720912086 | 0.6251067070566481 | 0.11282206248490878 | -0.59146373668388:0.05456765164992916 | -0.4475865895409079 | 0.6263520087933485
0.05456765164992916 | -0.4475865895409079 | 0.6263520087933485 | 0.11282206248490878 | -0.59146373668388:0.03620496972938625 | -0.45244681240570017 | 0.6270066507079934
0.03620496972938625 | -0.45244681240570017 | 0.6270066507079934 | 0.11282206248490878 | -0.59146373668388:0.01777675988729399 | -0.45730761392580277 | 0.6270669884170545
0.01777675988729399 | -0.45730761392580277 | 0.6270669884170545 | 0.11282206248490878 | -0.59146373668388:-6.981111052226652E-4 | -0.46216553998060306 | 0.6265300039813679
-6.981111052226652E-4 | -0.46216553998060306 | 0.6265300039813679 | 0.11282206248490878 | -0.59146373668388:-0.019200669872709852 | -0.4670171129784002 | 0.6253933098523579
-0.019200669872709852 | -0.4670171129784002 | 0.6253933098523579 | 0.11282206248490878 | -0.59146373668388:-0.03771185691265089 | -0.4718588357665894 | 0.6236551521340141
-0.03771185691265089 | -0.4718588357665894 | 0.6236551521340141 | 0.11282206248490878 | -0.59146373668388:-0.05621254714857926 | -0.47668719555807115 | 0.6213144131588209
-0.05621254714857926 | -0.47668719555807115 | 0.6213144131588209 | -0.26603683088666963 | 0.6981271817988228:-0.03436932512667923 | -0.46966251356752764 | 0.6309014908811177
-0.03436932512667923 | -0.46966251356752764 | 0.6309014908811177 | -0.26603683088666963 | 0.6981271817988228:-0.012147045456806893 | -0.4624753246493043 | 0.6396278891075777
-0.012147045456806893 | -0.4624753246493043 | 0.6396278891075777 | -0.26603683088666963 | 0.6981271817988228:0.010423345977738308 | -0.4551374282301808 | 0.6474762222764241
0.010423345977738308 | -0.4551374282301808 | 0.6474762222764241 | -0.26603683088666963 | 0.6981271817988228:0.033310237789045516 | -0.4476608847456305 | 0.6544304068969069
0.033310237789045516 | -0.4476608847456305 | 0.6544304068969069 | -0.26603683088666963 | 0.6981271817988228:0.056481401778647466 | -0.44005799728735795 | 0.6604756900465922
0.056481401778647466 | -0.44005799728735795 | 0.6604756900465922 | -0.7661236674727767 | 0.5355513782705992:0.07477477144017897 | -0.4155054411996595 | 0.6768228783133008
0.07477477144017897 | -0.4155054411996595 | 0.6768228783133008 | -0.7661236674727767 | 0.5355513782705992:0.09351879220431414 | -0.3902676999656549 | 0.691738528376197
0.09351879220431414 | -0.3902676999656549 | 0.691738528376197 | -0.7661236674727767 | 0.5355513782705992:0.11267418018042719 | -0.36440031857203437 | 0.7051816110714562
0.11267418018042719 | -0.36440031857203437 | 0.7051816110714562 | -0.7661236674727767 | 0.5355513782705992:0.13220051248026365 | -0.3379605330451696 | 0.7171143793253538
0.13220051248026365 | -0.3379605330451696 | 0.7171143793253538 | -0.7661236674727767 | 0.5355513782705992:0.152056320061849 | -0.31100713955630965 | 0.7275024682105329
0.152056320061849 | -0.31100713955630965 | 0.7275024682105329 | -0.7661236674727767 | 0.5355513782705992:0.1721991832715304 | -0.283600359514697 | 0.7363149870762733
0.1721991832715304 | -0.283600359514697 | 0.7363149870762733 | -0.7661236674727767 | 0.5355513782705992:0.1925858298563803 | -0.25580170097029153 | 0.7435246035236585
0.1925858298563803 | -0.25580170097029153 | 0.7435246035236585 | -0.7661236674727767 | 0.5355513782705992:0.21317223521313267 | -0.2276738166564023 | 0.7491076190161667
0.21317223521313267 | -0.2276738166564023 | 0.7491076190161667 | -0.7661236674727767 | 0.5355513782705992:0.23391372463462545 | -0.19928035901076413 | 0.7530440359363908
0.23391372463462545 | -0.19928035901076413 | 0.7530440359363908 | -0.7661236674727767 | 0.5355513782705992:0.25476507730984466 | -0.17068583252059 | 0.7553176159200774
0.25476507730984466 | -0.17068583252059 | 0.7553176159200774 | -0.7661236674727767 | 0.5355513782705992:0.2756806318295304 | -0.14195544374371494 | 0.7559159293196913
0.2756806318295304 | -0.14195544374371494 | 0.7559159293196913 | -0.7661236674727767 | 0.5355513782705992:0.29661439294574166 | -0.11315494936334147 | 0.7548303956709574
0.29661439294574166 | -0.11315494936334147 | 0.7548303956709574 | -0.7661236674727767 | 0.5355513782705992:0.3175201393307745 | -0.08435050263860688 | 0.7520563150573274
0.3175201393307745 | -0.08435050263860688 | 0.7520563150573274 | -0.7661236674727767 | 0.5355513782705992:0.3383515320784376 | -0.05560849861703687 | 0.7475928902892477
0.3383515320784376 | -0.05560849861703687 | 0.7475928902892477 | -0.7661236674727767 | 0.5355513782705992:0.3590622236889942 | -0.02699541847784559 | 0.7414432398368795
0.3590622236889942 | -0.02699541847784559 | 0.7414432398368795 | 0.15508114373077975 | -0.41585840309454114:0.3443063318989097 | -0.03281355886107562 | 0.7501128072695913
0.3443063318989097 | -0.03281355886107562 | 0.7501128072695913 | 0.15508114373077975 | -0.41585840309454114:0.3293339992035129 | -0.038710299255757974 | 0.7584265341930845
0.3293339992035129 | -0.038710299255757974 | 0.7584265341930845 | 0.15508114373077975 | -0.41585840309454114:0.31415313412640344 | -0.04468274839943831 | 0.7663784986680326
0.31415313412640344 | -0.04468274839943831 | 0.7663784986680326 | 0.15508114373077975 | -0.41585840309454114:0.2987717800384466 | -0.05072796358940579 | 0.7739629865529167
0.2987717800384466 | -0.05072796358940579 | 0.7739629865529167 | 0.15508114373077975 | -0.41585840309454114:0.2831981102558778 | -0.05684295250140892 | 0.7811744947847572
0.2831981102558778 | -0.05684295250140892 | 0.7811744947847572 | -0.2364186187036792 | 0.24921340442187012:0.29350532997139567 | -0.04770051686341503 | 0.7797640420050129
0.29350532997139567 | -0.04770051686341503 | 0.7797640420050129 | -0.2364186187036792 | 0.24921340442187012:0.30380618279325944 | -0.0385561554793199 | 0.7780953268687334
0.30380618279325944 | -0.0385561554793199 | 0.7780953268687334 | -0.2364186187036792 | 0.24921340442187012:0.31409704266123484 | -0.029413372206725796 | 0.7761682771996483
0.31409704266123484 | -0.029413372206725796 | 0.7761682771996483 | -0.2364186187036792 | 0.24921340442187012:0.3243742855371643 | -0.020275668923929402 | 0.7739829194362997
0.3243742855371643 | -0.020275668923929402 | 0.7739829194362997 | -0.2364186187036792 | 0.24921340442187012:0.3346342907595137 | -0.011146544249903911 | 0.7715393783906066
0.3346342907595137 | -0.011146544249903911 | 0.7715393783906066 | 0.01690768844162993 | 0.8133461248555123:0.36641614665905564 | -0.01182108486763056 | 0.7587179717092525
0.36641614665905564 | -0.01182108486763056 | 0.7587179717092525 | 0.01690768844162993 | 0.8133461248555123:0.3977005578039794 | -0.012485760993463657 | 0.7445711542957021
0.3977005578039794 | -0.012485760993463657 | 0.7445711542957021 | 0.01690768844162993 | 0.8133461248555123:0.4284317639009636 | -0.013139406145601384 | 0.7291187053657815
0.4284317639009636 | -0.013139406145601384 | 0.7291187053657815 | 0.01690768844162993 | 0.8133461248555123:0.45855481730587044 | -0.013780869726854661 | 0.7123827645663461
0.45855481730587044 | -0.013780869726854661 | 0.7123827645663461 | 0.01690768844162993 | 0.8133461248555123:0.48801568310396704 | -0.014409019119533184 | 0.6943877973087105
0.48801568310396704 | -0.014409019119533184 | 0.6943877973087105 | 0.01690768844162993 | 0.8133461248555123:0.5167613376597622 | -0.015022741750328805 | 0.6751605558637124
0.5167613376597622 | -0.015022741750328805 | 0.6751605558637124 | 0.01690768844162993 | 0.8133461248555123:0.5447398654579096 | -0.015620947121444573 | 0.6547300362877877
0.5447398654579096 | -0.015620947121444573 | 0.6547300362877877 | 0.01690768844162993 | 0.8133461248555123:0.5719005540598232 | -0.01620256880427462 | 0.6331274312569946
0.5719005540598232 | -0.01620256880427462 | 0.6331274312569946 | 0.01690768844162993 | 0.8133461248555123:0.5981939870041799 | -0.01676656639206442 | 0.6103860788931428
0.5981939870041799 | -0.01676656639206442 | 0.6103860788931428 | 0.01690768844162993 | 0.8133461248555123:0.6235721344832967 | -0.01731192740796672 | 0.5865414076733444
0.6235721344832967 | -0.01731192740796672 | 0.5865414076733444 | -0.24482240184359383 | 0.48673309712262425:0.6387351031425972 | -0.01014789322902132 | 0.5723206564427983
0.6387351031425972 | -0.01014789322902132 | 0.5723206564427983 | -0.24482240184359383 | 0.48673309712262425:0.6535575144457475 | -0.003146674292494822 | 0.5576130071503442
0.6535575144457475 | -0.003146674292494822 | 0.5576130071503442 | -0.24482240184359383 | 0.48673309712262425:0.6680266865638522 | 0.003685232213651801 | 0.5424288541705593
0.6680266865638522 | 0.003685232213651801 | 0.5424288541705593 | -0.24482240184359383 | 0.48673309712262425:0.6821302049799733 | 0.010341461559761456 | 0.5267790071697505
0.6821302049799733 | 0.010341461559761456 | 0.5267790071697505 | -0.24482240184359383 | 0.48673309712262425:0.6958559331323464 | 0.016815786876474448 | 0.5106746822373154
0.6958559331323464 | 0.016815786876474448 | 0.5106746822373154 | -0.24482240184359383 | 0.48673309712262425:0.7091920228159125 | 0.023102124437329508 | 0.49412749268167033
0.7091920228159125 | 0.023102124437329508 | 0.49412749268167033 | -0.24482240184359383 | 0.48673309712262425:0.7221269243341482 | 0.029194538817804983 | 0.47714943949883803
