0.0 | 0.0 | 0.0 | -0.803311210039749 | -0.545877914734809:-2.726849651812453E-4 | 4.0154761709065845E-4 | 0.00998821317458598
-2.726849651812453E-4 | 4.0154761709065845E-4 | 0.00998821317458598 | 0.6576214948549668 | 0.1826527850259314:-3.609558760367833E-4 | 1.452034540502245E-4 | 0.019896196290057216
-3.609558760367833E-4 | 1.452034540502245E-4 | 0.019896196290057216 | 0.6576214948549668 | 0.1826527850259314:-2.6759733462508465E-4 | -7.596373617165808E-4 | 0.029690078203756663
-2.6759733462508465E-4 | -7.596373617165808E-4 | 0.029690078203756663 | 0.6576214948549668 | 0.1826527850259314:4.224440659058226E-6 | -0.0023021935106448677 | 0.03933667900463568
4.224440659058226E-6 | -0.0023021935106448677 | 0.03933667900463568 | 0.6576214948549668 | 0.1826527850259314:4.509722433243074E-4 | -0.00447033485633086 | 0.048803564819719036
4.509722433243074E-4 | -0.00447033485633086 | 0.048803564819719036 | 0.6576214948549668 | 0.1826527850259314:0.001068749008060142 | -0.007250621656266665 | 0.05805910071026529
0.001068749008060142 | -0.007250621656266665 | 0.05805910071026529 | 0.6576214948549668 | 0.1826527850259314:0.001853309417908328 | -0.010628345525646843 | 0.06707250159780287
0.001853309417908328 | -0.010628345525646843 | 0.06707250159780287 | 0.6576214948549668 | 0.1826527850259314:0.0028000719657577324 | -0.014587572070293042 | 0.0758138811637818
0.0028000719657577324 | -0.014587572070293042 | 0.0758138811637818 | 0.6576214948549668 | 0.1826527850259314:0.0039041314462019147 | -0.019111185103298345 | 0.08425429867018103
0.0039041314462019147 | -0.019111185103298345 | 0.08425429867018103 | 0.6576214948549668 | 0.1826527850259314:0.005160271853446653 | -0.02418093235864549 | 0.09236580365203911
0.005160271853446653 | -0.02418093235864549 | 0.09236580365203911 | 0.6576214948549668 | 0.1826527850259314:0.006562979660639873 | -0.02977747261387753 | 0.10012147843653174
0.006562979660639873 | -0.02977747261387753 | 0.10012147843653174 | 0.6576214948549668 | 0.1826527850259314:0.00810645745571938 | -0.035880424132829436 | 0.107495478446897
0.00810645745571938 | -0.035880424132829436 | 0.107495478446897 | 0.6576214948549668 | 0.1826527850259314:0.00978463790863409 | -0.04246841433850945 | 0.1144630702531998
0.00978463790863409 | -0.04246841433850945 | 0.1144630702531998 | 0.6576214948549668 | 0.1826527850259314:0.01159119804459232 | -0.04951913062543212 | 0.12100066733563308
0.01159119804459232 | -0.04951913062543212 | 0.12100066733563308 | 0.6576214948549668 | 0.1826527850259314:0.013519573797825674 | -0.057009372220045984 | 0.12708586352975992
0.013519573797825674 | -0.057009372220045984 | 0.12708586352975992 | 0.6576214948549668 | 0.1826527850259314:0.015562974820229114 | -0.0649151029973809 | 0.13269746412681283
0.015562974820229114 | -0.0649151029973809 | 0.13269746412681283 | -0.14887619432276966 | -0.6570608104514823:0.011820947851551133 | -0.0675898098890686 | 0.14127534567464028
0.011820947851551133 | -0.0675898098890686 | 0.14127534567464028 | -0.14887619432276966 | -0.6570608104514823:0.007541843398573056 | -0.07010740635517632 | 0.14971228179979135
0.007541843398573056 | -0.07010740635517632 | 0.14971228179979135 | -0.14887619432276966 | -0.6570608104514823:0.002734420964455045 | -0.07247012396770947 | 0.15798085774329684
0.002734420964455045 | -0.07247012396770947 | 0.15798085774329684 | -0.14887619432276966 | -0.6570608104514823:-0.002591422685020453 | -0.07468045049033623 | 0.16605420265156456
-0.002591422685020453 | -0.07468045049033623 | 0.16605420265156456 | -0.14887619432276966 | -0.6570608104514823:-0.008424681910416537 | -0.0767411236484008 | 0.17390603441949914
-0.008424681910416537 | -0.0767411236484008 | 0.17390603441949914 | -0.2660693078975873 | -0.8622601620557042:-0.016634486458075443 | -0.07758792441254925 | 0.18180712541662158
-0.016634486458075443 | -0.07758792441254925 | 0.18180712541662158 | -0.2660693078975873 | -0.8622601620557042:-0.02548866040795999 | -0.07819985546352992 | 0.1892886016431321
-0.02548866040795999 | -0.07819985546352992 | 0.1892886016431321 | -0.2660693078975873 | -0.8622601620557042:-0.03496197346152386 | -0.07858473656309695 | 0.19630577912744895
-0.03496197346152386 | -0.07858473656309695 | 0.19630577912744895 | -0.2660693078975873 | -0.8622601620557042:-0.04502676226582565 | -0.07875114609529055 | 0.2028156700252186
-0.04502676226582565 | -0.07875114609529055 | 0.2028156700252186 | -0.2660693078975873 | -0.8622601620557042:-0.05565303174060422 | -0.07870839072324909 | 0.20877711579343394
-0.05565303174060422 | -0.07870839072324909 | 0.20877711579343394 | 0.6696385881436318 | 0.18371141328743623:-0.05555842196752994 | -0.08852145186930116 | 0.21344366875438459
-0.05555842196752994 | -0.08852145186930116 | 0.21344366875438459 | 0.6696385881436318 | 0.18371141328743623:-0.055343934622710256 | -0.09868415392910546 | 0.2176260892762354
-0.055343934622710256 | -0.09868415392910546 | 0.2176260892762354 | 0.6696385881436318 | 0.18371141328743623:-0.055016372381058165 | -0.10917295835661545 | 0.22130615404539666
-0.055016372381058165 | -0.10917295835661545 | 0.22130615404539666 | 0.6696385881436318 | 0.18371141328743623:-0.05458272486064969 | -0.11996361584582838 | 0.22446681855940742
-0.05458272486064969 | -0.11996361584582838 | 0.22446681855940742 | 0.6696385881436318 | 0.18371141328743623:-0.054050154382154936 | -0.13103121791219285 | 0.22709224258460026
-0.054050154382154936 | -0.13103121791219285 | 0.22709224258460026 | 0.6696385881436318 | 0.18371141328743623:-0.05342598154065992 | -0.1423502491954327 | 0.2291678133165096
-0.05342598154065992 | -0.1423502491954327 | 0.2291678133165096 | 0.6696385881436318 | 0.18371141328743623:-0.05271767061472604 | -0.15389464039348422 | 0.2306801662266853
-0.05271767061472604 | -0.15389464039348422 | 0.2306801662266853 | 0.6696385881436318 | 0.18371141328743623:-0.05193281483754536 | -0.16563782173716746 | 0.23161720358319915
-0.05193281483754536 | -0.16563782173716746 | 0.23161720358319915 | 0.6696385881436318 | 0.18371141328743623:-0.051079121555017704 | -0.17755277691523252 | 0.23196811063576384
-0.051079121555017704 | -0.17755277691523252 | 0.23196811063576384 | 0.6696385881436318 | 0.18371141328743623:-0.05016439729551658 | -0.1896120973596176 | 0.2317233694599672
-0.05016439729551658 | -0.1896120973596176 | 0.2317233694599672 | 0.1463486154547915 | 0.5262320664583218:-0.04509873242605844 | -0.19569101418828483 | 0.2368818303861122
-0.04509873242605844 | -0.19569101418828483 | 0.2368818303861122 | 0.1463486154547915 | 0.5262320664583218:-0.03975230706688804 | -0.20180199626106976 | 0.24180011070495055
-0.03975230706688804 | -0.20180199626106976 | 0.24180011070495055 | 0.1463486154547915 | 0.5262320664583218:-0.03413464886548068 | -0.20794290213859412 | 0.2464674924211261
-0.03413464886548068 | -0.20794290213859412 | 0.2464674924211261 | 0.1463486154547915 | 0.5262320664583218:-0.028255614527307626 | -0.2141114927680583 | 0.25087364456388794
-0.028255614527307626 | -0.2141114927680583 | 0.25087364456388794 | 0.1463486154547915 | 0.5262320664583218:-0.022125375932722458 | -0.22030543535622993 | 0.25500863266619334
-0.022125375932722458 | -0.22030543535622993 | 0.25500863266619334 | -0.48413293149185566 | 0.007540507992620293:-0.022459212861788647 | -0.2182665858482773 | 0.26537869853357066
-0.022459212861788647 | -0.2182665858482773 | 0.26537869853357066 | -0.48413293149185566 | 0.007540507992620293:-0.02278289754911389 | -0.21581183007670202 | 0.27574473521025844
-0.02278289754911389 | -0.21581183007670202 | 0.27574473521025844 | -0.48413293149185566 | 0.007540507992620293:-0.023096481429250804 | -0.21294193468735667 | 0.2860922088447113
-0.023096481429250804 | -0.21294193468735667 | 0.2860922088447113 | -0.48413293149185566 | 0.007540507992620293:-0.02340002260753915 | -0.2096581192307001 | 0.29640666749112476
-0.02340002260753915 | -0.2096581192307001 | 0.29640666749112476 | -0.48413293149185566 | 0.007540507992620293:-0.02369358579014591 | -0.20596205158828607 | 0.3066737538712925
-0.02369358579014591 | -0.20596205158828607 | 0.3066737538712925 | -0.485387441955359 | -0.39048608649620986:-0.03027864282103332 | -0.20183596683000093 | 0.31635197893255285
-0.03027864282103332 | -0.20183596683000093 | 0.31635197893255285 | -0.485387441955359 | -0.39048608649620986:-0.03714806640563828 | -0.1973143385142171 | 0.3258126903590366
-0.03714806640563828 | -0.1973143385142171 | 0.3258126903590366 | -0.485387441955359 | -0.39048608649620986:-0.04429659452739432 | -0.1924038469209277 | 0.33503488294779515
-0.04429659452739432 | -0.1924038469209277 | 0.33503488294779515 | -0.485387441955359 | -0.39048608649620986:-0.051718452670965975 | -0.18711181010437272 | 0.3439979348352882
-0.051718452670965975 | -0.18711181010437272 | 0.3439979348352882 | -0.485387441955359 | -0.39048608649620986:-0.05940736494534948 | -0.18144617046191946 | 0.35268163684054166
-0.05940736494534948 | -0.18144617046191946 | 0.35268163684054166 | 0.545368171783644 | 0.947237795927732:-0.04352421379163296 | -0.19384708021957842 | 0.3552538051297809
-0.04352421379163296 | -0.19384708021957842 | 0.3552538051297809 | 0.545368171783644 | 0.947237795927732:-0.027304747690924724 | -0.2064250410510935 | 0.3566255356156347
-0.027304747690924724 | -0.2064250410510935 | 0.3566255356156347 | 0.545368171783644 | 0.947237795927732:-0.010814295465449986 | -0.21914321555174165 | 0.3567644527610785
-0.010814295465449986 | -0.21914321555174165 | 0.3567644527610785 | 0.545368171783644 | 0.947237795927732:0.00587986678788055 | -0.2319635768765922 | 0.3556429593515542
0.00587986678788055 | -0.2319635768765922 | 0.3556429593515542 | 0.545368171783644 | 0.947237795927732:0.022708781617129192 | -0.244847059893873 | 0.3532383804287118
0.022708781617129192 | -0.244847059893873 | 0.3532383804287118 | 0.5318335595596975 | -0.04769363915429481:0.022171773597895017 | -0.25751611439236655 | 0.35124428279781306
0.022171773597895017 | -0.25751611439236655 | 0.35124428279781306 | 0.5318335595596975 | -0.04769363915429481:0.02162681129361621 | -0.2702136189159452 | 0.34877741546584495
0.02162681129361621 | -0.2702136189159452 | 0.34877741546584495 | 0.5318335595596975 | -0.04769363915429481:0.021075483520084592 | -0.282922540828503 | 0.3458362784455584
0.021075483520084592 | -0.282922540828503 | 0.3458362784455584 | 0.5318335595596975 | -0.04769363915429481:0.020519378811359568 | -0.29562583620689864 | 0.3424199564730088
0.020519378811359568 | -0.29562583620689864 | 0.3424199564730088 | 0.5318335595596975 | -0.04769363915429481:0.019960083753355784 | -0.30830646851512 | 0.3385281171775887
0.019960083753355784 | -0.30830646851512 | 0.3385281171775887 | 0.5318335595596975 | -0.04769363915429481:0.01939918133043217 | -0.3209474271403181 | 0.3341610086892448
0.01939918133043217 | -0.3209474271403181 | 0.3341610086892448 | 0.5318335595596975 | -0.04769363915429481:0.01883824928638078 | -0.33353174577496425 | 0.32931945668965135
0.01883824928638078 | -0.33353174577496425 | 0.32931945668965135 | 0.5318335595596975 | -0.04769363915429481:0.018278858501195705 | -0.3460425206296911 | 0.3240048609145063
0.018278858501195705 | -0.3460425206296911 | 0.3240048609145063 | 0.5318335595596975 | -0.04769363915429481:0.017722571384970687 | -0.35846292846167316 | 0.3182191911145029
0.017722571384970687 | -0.35846292846167316 | 0.3182191911145029 | 0.5318335595596975 | -0.04769363915429481:0.017170940290254788 | -0.3707762444036291 | 0.31196498248295157
0.017170940290254788 | -0.3707762444036291 | 0.31196498248295157 | -0.25945781521192246 | -0.7214300020079549:0.005797597988790204 | -0.370594013076893 | 0.3205314870768863
0.005797597988790204 | -0.370594013076893 | 0.3205314870768863 | -0.25945781521192246 | -0.7214300020079549:-0.00599992411294592 | -0.3702181081464335 | 0.3286952029362258
-0.00599992411294592 | -0.3702181081464335 | 0.3286952029362258 | -0.25945781521192246 | -0.7214300020079549:-0.018205962182625934 | -0.3696543976860607 | 0.33643300354218475
-0.018205962182625934 | -0.3696543976860607 | 0.33643300354218475 | -0.25945781521192246 | -0.7214300020079549:-0.030803839453563464 | -0.36890911506815627 | 0.34372251617993577
-0.030803839453563464 | -0.36890911506815627 | 0.34372251617993577 | -0.25945781521192246 | -0.7214300020079549:-0.04377589973206031 | -0.3679888472599355 | 0.35054216931872517
-0.04377589973206031 | -0.3679888472599355 | 0.35054216931872517 | 0.2344463534610164 | -0.08033374679452376:-0.045599896768035775 | -0.3756458831576719 | 0.34934897820592425
-0.045599896768035775 | -0.3756458831576719 | 0.34934897820592425 | 0.2344463534610164 | -0.08033374679452376:-0.04742743206839206 | -0.3832909948599781 | 0.3479821218429642
-0.04742743206839206 | -0.3832909948599781 | 0.3479821218429642 | 0.2344463534610164 | -0.08033374679452376:-0.049257416530275044 | -0.39092123161165304 | 0.34644244704505667
-0.049257416530275044 | -0.39092123161165304 | 0.34644244704505667 | 0.2344463534610164 | -0.08033374679452376:-0.051088771381642584 | -0.3985336702228448 | 0.3447308445802122
-0.051088771381642584 | -0.3985336702228448 | 0.3447308445802122 | 0.2344463534610164 | -0.08033374679452376:-0.05292042830782684 | -0.4061254154654783 | 0.3428482485210189
-0.05292042830782684 | -0.4061254154654783 | 0.3428482485210189 | 0.2344463534610164 | -0.08033374679452376:-0.054751329574851626 | -0.41369360045998604 | 0.34079563559568626
-0.054751329574851626 | -0.41369360045998604 | 0.34079563559568626 | 0.2344463534610164 | -0.08033374679452376:-0.056580428149524575 | -0.42123538705240726 | 0.3385740245384419
-0.056580428149524575 | -0.42123538705240726 | 0.3385740245384419 | 0.2344463534610164 | -0.08033374679452376:-0.058406687816327185 | -0.42874796618190736 | 0.33618447543944185
-0.058406687816327185 | -0.42874796618190736 | 0.33618447543944185 | 0.2344463534610164 | -0.08033374679452376:-0.06022908329112098 | -0.43622855823878837 | 0.3336280890942618
-0.06022908329112098 | -0.43622855823878837 | 0.3336280890942618 | 0.2344463534610164 | -0.08033374679452376:-0.06204660033169662 | -0.4436744134130599 | 0.330906006353068
-0.06204660033169662 | -0.4436744134130599 | 0.330906006353068 | 0.6993015507726885 | -0.033955255561466835:-0.06307946360609518 | -0.4585902637814101 | 0.31759449067988044
-0.06307946360609518 | -0.4585902637814101 | 0.31759449067988044 | 0.6993015507726885 | -0.033955255561466835:-0.06408787279230177 | -0.47308001695772006 | 0.3036152725078196
-0.06408787279230177 | -0.47308001695772006 | 0.3036152725078196 | 0.6993015507726885 | -0.033955255561466835:-0.06507047081988593 | -0.4871147950531203 | 0.28898364515729114
-0.06507047081988593 | -0.4871147950531203 | 0.28898364515729114 | 0.6993015507726885 | -0.033955255561466835:-0.06602593103008703 | -0.5006663321033571 | 0.2737161059902107
-0.06602593103008703 | -0.5006663321033571 | 0.2737161059902107 | 0.6993015507726885 | -0.033955255561466835:-0.06695295949003066 | -0.5137070221299034 | 0.25783033002186073
-0.06695295949003066 | -0.5137070221299034 | 0.25783033002186073 | 0.8745671005097586 | -0.16219403042331781:-0.06935891139138484 | -0.5283057147998989 | 0.23628474713826364
-0.06935891139138484 | -0.5283057147998989 | 0.23628474713826364 | 0.8745671005097586 | -0.16219403042331781:-0.07159237880160774 | -0.5419807137126362 | 0.2139147631251319
-0.07159237880160774 | -0.5419807137126362 | 0.2139147631251319 | 0.8745671005097586 | -0.16219403042331781:-0.07364542261379103 | -0.5546883741882382 | 0.19076358519966874
-0.07364542261379103 | -0.5546883741882382 | 0.19076358519966874 | 0.8745671005097586 | -0.16219403042331781:-0.07551049341493288 | -0.5663871016285498 | 0.16687672349518579
-0.07551049341493288 | -0.5663871016285498 | 0.16687672349518579 | 0.8745671005097586 | -0.16219403042331781:-0.07718045211761071 | -0.5770374650794707 | 0.1423018865419472
-0.07718045211761071 | -0.5770374650794707 | 0.1423018865419472 | 0.8745671005097586 | -0.16219403042331781:-0.07864858959555487 | -0.5866023055435399 | 0.11708887115936406
-0.07864858959555487 | -0.5866023055435399 | 0.11708887115936406 | 0.8745671005097586 | -0.16219403042331781:-0.07990864527652564 | -0.5950468387853753 | 0.09128944703436659
-0.07990864527652564 | -0.5950468387853753 | 0.09128944703436659 | 0.8745671005097586 | -0.16219403042331781:-0.08095482464851855 | -0.6023387523865971 | 0.06495723627265448
-0.08095482464851855 | -0.6023387523865971 | 0.06495723627265448 | 0.8745671005097586 | -0.16219403042331781:-0.08178181563802056 | -0.6084482968211127 | 0.03814758822063524
-0.08178181563802056 | -0.6084482968211127 | 0.03814758822063524 | 0.8745671005097586 | -0.16219403042331781:-0.082384803821828 | -0.6133483703364213 | 0.010917449866163054
-0.082384803821828 | -0.6133483703364213 | 0.010917449866163054 | -0.09840991603368487 | -0.7949980459865942:-0.0833837021576449 | -0.6170628179276108 | 0.010715917170447398
-0.0833837021576449 | -0.6170628179276108 | 0.010715917170447398 | -0.09840991603368487 | -0.7949980459865942:-0.08437233850230852 | -0.6207400916307151 | 0.01049071039685856
-0.08437233850230852 | -0.6207400916307151 | 0.01049071039685856 | -0.09840991603368487 | -0.7949980459865942:-0.08534969463233066 | -0.6243807017490042 | 0.010242000133562357
-0.08534969463233066 | -0.6243807017490042 | 0.010242000133562357 | -0.09840991603368487 | -0.7949980459865942:-0.08631475803837718 | -0.6279851541595463 | 0.009970005591434017
-0.08631475803837718 | -0.6279851541595463 | 0.009970005591434017 | -0.09840991603368487 | -0.7949980459865942:-0.08726652410030766 | -0.6315539500816811 | 0.009674994313790819
-0.08726652410030766 | -0.6315539500816811 | 0.009674994313790819 | 0.9917611167704716 | -0.9106637679700049:-0.0866808400067387 | -0.6348447031253386 | -0.025736756114561388
-0.0866808400067387 | -0.6348447031253386 | -0.025736756114561388 | 0.9917611167704716 | -0.9106637679700049:-0.08445850700795177 | -0.6363287528531636 | -0.06140076366098768
-0.08445850700795177 | -0.6363287528531636 | -0.06140076366098768 | 0.9917611167704716 | -0.9106637679700049:-0.08058532720462264 | -0.6359867219295516 | -0.09714687637258024
-0.08058532720462264 | -0.6359867219295516 | -0.09714687637258024 | 0.9917611167704716 | -0.9106637679700049:-0.07505526364460291 | -0.6338080688418231 | -0.1328029617230122
-0.07505526364460291 | -0.6338080688418231 | -0.1328029617230122 | 0.9917611167704716 | -0.9106637679700049:-0.06787053128719744 | -0.6297912082726711 | -0.16819576445842088
-0.06787053128719744 | -0.6297912082726711 | -0.16819576445842088 | -0.5291389107969529 | -0.32966262834790405:-0.06570831400726096 | -0.6373539987687202 | -0.15337684383493766
-0.06570831400726096 | -0.6373539987687202 | -0.15337684383493766 | -0.5291389107969529 | -0.32966262834790405:-0.06377872322705347 | -0.6445086428146816 | -0.13823934797834525
-0.06377872322705347 | -0.6445086428146816 | -0.13823934797834525 | -0.5291389107969529 | -0.32966262834790405:-0.06208841560104972 | -0.6512446356062469 | -0.12279911191044235
-0.06208841560104972 | -0.6512446356062469 | -0.12279911191044235 | -0.5291389107969529 | -0.32966262834790405:-0.06064374690921159 | -0.6575519453935428 | -0.10707242404700779
-0.06064374690921159 | -0.6575519453935428 | -0.10707242404700779 | -0.5291389107969529 | -0.32966262834790405:-0.05945076400583327 | -0.6634210267125908 | -0.09107600585100073
-0.05945076400583327 | -0.6634210267125908 | -0.09107600585100073 | -0.5291389107969529 | -0.32966262834790405:-0.05851519716279663 | -0.668842832989796 | -0.07482699099050905
-0.05851519716279663 | -0.668842832989796 | -0.07482699099050905 | -0.5291389107969529 | -0.32966262834790405:-0.0578424528148771 | -0.6738088285069566 | -0.0583429040281338
-0.0578424528148771 | -0.6738088285069566 | -0.0583429040281338 | -0.5291389107969529 | -0.32966262834790405:-0.057437606714224376 | -0.6783109997148884 | -0.04164163866876436
-0.057437606714224376 | -0.6783109997148884 | -0.04164163866876436 | -0.5291389107969529 | -0.32966262834790405:-0.05730539750066743 | -0.6823418658847302 | -0.02474143559315678
-0.05730539750066743 | -0.6823418658847302 | -0.02474143559315678 | -0.5291389107969529 | -0.32966262834790405:-0.057450220693953113 | -0.6858944890866994 | -0.007660859905023187
-0.057450220693953113 | -0.6858944890866994 | -0.007660859905023187 | -0.6362068346302512 | -0.26083252435723225:-0.05789090433972799 | -0.6888962194345893 | 0.013468152559834579
-0.05789090433972799 | -0.6888962194345893 | 0.013468152559834579 | -0.6362068346302512 | -0.26083252435723225:-0.0586076321254998 | -0.6911899060863149 | 0.03476814411919804
-0.0586076321254998 | -0.6911899060863149 | 0.03476814411919804 | -0.6362068346302512 | -0.26083252435723225:-0.05960351692698662 | -0.6927678798359338 | 0.05621082468548977
-0.05960351692698662 | -0.6927678798359338 | 0.05621082468548977 | -0.6362068346302512 | -0.26083252435723225:-0.06088125951054035 | -0.6936234675454074 | 0.07776756128591344
-0.06088125951054035 | -0.6936234675454074 | 0.07776756128591344 | -0.6362068346302512 | -0.26083252435723225:-0.06244314398316231 | -0.6937510039405907 | 0.09940941953686178
-0.06244314398316231 | -0.6937510039405907 | 0.09940941953686178 | -0.04356577077097867 | 0.9061573843313022:-0.058051648532631006 | -0.696454218682824 | 0.10408159221678304
-0.058051648532631006 | -0.696454218682824 | 0.10408159221678304 | -0.04356577077097867 | 0.9061573843313022:-0.05343023559864779 | -0.6991170872833052 | 0.10856834206584409
-0.05343023559864779 | -0.6991170872833052 | 0.10856834206584409 | -0.04356577077097867 | 0.9061573843313022:-0.04858723852978297 | -0.7017402886920436 | 0.11285814601172106
-0.04858723852978297 | -0.7017402886920436 | 0.11285814601172106 | -0.04356577077097867 | 0.9061573843313022:-0.04353156165998939 | -0.7043245268225888 | 0.11693987203418033
-0.04353156165998939 | -0.7043245268225888 | 0.11693987203418033 | -0.04356577077097867 | 0.9061573843313022:-0.03827266136017915 | -0.7068705297008933 | 0.12080280726214454
-0.03827266136017915 | -0.7068705297008933 | 0.12080280726214454 | -0.04356577077097867 | 0.9061573843313022:-0.0328205257280354 | -0.7093790485473974 | 0.12443668512430861
-0.0328205257280354 | -0.7093790485473974 | 0.12443668512430861 | -0.04356577077097867 | 0.9061573843313022:-0.027185652964125673 | -0.7118508567945412 | 0.12783171148808137
-0.027185652964125673 | -0.7118508567945412 | 0.12783171148808137 | -0.04356577077097867 | 0.9061573843313022:-0.021379028485390528 | -0.7142867490421949 | 0.13097858972432874
-0.021379028485390528 | -0.7142867490421949 | 0.13097858972432874 | -0.04356577077097867 | 0.9061573843313022:-0.015412100830054953 | -0.716687539953405 | 0.13386854463781006
-0.015412100830054953 | -0.716687539953405 | 0.13386854463781006 | -0.04356577077097867 | 0.9061573843313022:-0.009296756410755336 | -0.7190540630932247 | 0.13649334520603063
-0.009296756410755336 | -0.7190540630932247 | 0.13649334520603063 | 0.19130620903556061 | 0.43705856951934496:-0.006486086708458849 | -0.7229646396136786 | 0.13025669870385315
-0.006486086708458849 | -0.7229646396136786 | 0.13025669870385315 | 0.19130620903556061 | 0.43705856951934496:-0.003803200061216039 | -0.7267933848849424 | 0.12389366552024228
-0.003803200061216039 | -0.7267933848849424 | 0.12389366552024228 | 0.19130620903556061 | 0.43705856951934496:-0.0012515428581725274 | -0.7305390368025826 | 0.11740815053756393
-0.0012515428581725274 | -0.7305390368025826 | 0.11740815053756393 | 0.19130620903556061 | 0.43705856951934496:0.0011655387932449912 | -0.7342003740283687 | 0.11080415826320689
0.0011655387932449912 | -0.7342003740283687 | 0.11080415826320689 | 0.19130620903556061 | 0.43705856951934496:0.003444801357963989 | -0.7377762170341242 | 0.10408578975086513
0.003444801357963989 | -0.7377762170341242 | 0.10408578975086513 | 0.19130620903556061 | 0.43705856951934496:0.0055831060841988744 | -0.7412654291106548 | 0.09725723946347742
0.0055831060841988744 | -0.7412654291106548 | 0.09725723946347742 | 0.19130620903556061 | 0.43705856951934496:0.007577421133573736 | -0.7446669173413909 | 0.09032279208015126
0.007577421133573736 | -0.7446669173413909 | 0.09032279208015126 | 0.19130620903556061 | 0.43705856951934496:0.009424823629373691 | -0.7479796335401332 | 0.08328681924949422
0.009424823629373691 | -0.7479796335401332 | 0.08328681924949422 | 0.19130620903556061 | 0.43705856951934496:0.011122501621930958 | -0.7512025751525186 | 0.07615377629184295
0.011122501621930958 | -0.7512025751525186 | 0.07615377629184295 | 0.19130620903556061 | 0.43705856951934496:0.012667755970206862 | -0.7543347861208218 | 0.06892819885272061
0.012667755970206862 | -0.7543347861208218 | 0.06892819885272061 | 0.19130620903556061 | 0.43705856951934496:0.014058002138695791 | -0.7573753577116378 | 0.061614699510109006
0.014058002138695791 | -0.7573753577116378 | 0.061614699510109006 | 0.19130620903556061 | 0.43705856951934496:0.015290771908815337 | -0.7603234293060623 | 0.05421796433792281
0.015290771908815337 | -0.7603234293060623 | 0.05421796433792281 | 0.19130620903556061 | 0.43705856951934496:0.016363715004029444 | -0.763178189152157 | 0.04674274942823686
0.016363715004029444 | -0.763178189152157 | 0.04674274942823686 | 0.19130620903556061 | 0.43705856951934496:0.017274600628001124 | -0.7659388750791649 | 0.039193877374749775
0.017274600628001124 | -0.7659388750791649 | 0.039193877374749775 | 0.19130620903556061 | 0.43705856951934496:0.018021318915120155 | -0.768604775173408 | 0.03157623371999918
0.018021318915120155 | -0.768604775173408 | 0.03157623371999918 | -0.188085235231642 | 0.6439495044532575:0.01931882525477402 | -0.770575632731763 | 0.038317096624506775
0.01931882525477402 | -0.770575632731763 | 0.038317096624506775 | -0.188085235231642 | 0.6439495044532575:0.020836978203663037 | -0.7724588269425823 | 0.04504929454584783
0.020836978203663037 | -0.7724588269425823 | 0.04504929454584783 | -0.188085235231642 | 0.6439495044532575:0.022575896930651318 | -0.7742545150320339 | 0.05176436746765489
0.022575896930651318 | -0.7742545150320339 | 0.05176436746765489 | -0.188085235231642 | 0.6439495044532575:0.024535405471758587 | -0.7759629380643602 | 0.05845384694300293
0.024535405471758587 | -0.7759629380643602 | 0.05845384694300293 | -0.188085235231642 | 0.6439495044532575:0.026715032532801608 | -0.7775844210752041 | 0.06510926726849675
0.026715032532801608 | -0.7775844210752041 | 0.06510926726849675 | -0.188085235231642 | 0.6439495044532575:0.029114011681051544 | -0.7791193730911274 | 0.07172217665421599
0.029114011681051544 | -0.7791193730911274 | 0.07172217665421599 | -0.188085235231642 | 0.6439495044532575:0.03173128192505725 | -0.780568287035436 | 0.07828414837505449
0.03173128192505725 | -0.780568287035436 | 0.07828414837505449 | -0.188085235231642 | 0.6439495044532575:0.034565488681280954 | -0.7819317395205729 | 0.08478679188886673
0.034565488681280954 | -0.7819317395205729 | 0.08478679188886673 | -0.188085235231642 | 0.6439495044532575:0.03761498512572814 | -0.7832103905277847 | 0.09122176390712866
0.03761498512572814 | -0.7832103905277847 | 0.09122176390712866 | -0.188085235231642 | 0.6439495044532575:0.04087783392823763 | -0.7844049829743653 | 0.097580779403728
0.04087783392823763 | -0.7844049829743653 | 0.097580779403728 | -0.188085235231642 | 0.6439495044532575:0.04435180936664196 | -0.7855163421693874 | 0.10385562254775138
0.04435180936664196 | -0.7855163421693874 | 0.10385562254775138 | -0.188085235231642 | 0.6439495044532575:0.048034399817518114 | -0.7865453751589797 | 0.1100381575461995
0.048034399817518114 | -0.7865453751589797 | 0.1100381575461995 | -0.188085235231642 | 0.6439495044532575:0.051922810619784876 | -0.7874930699617266 | 0.11612033938273925
0.051922810619784876 | -0.7874930699617266 | 0.11612033938273925 | -0.188085235231642 | 0.6439495044532575:0.05601396730693864 | -0.7883604946958798 | 0.12209422443875084
0.05601396730693864 | -0.7883604946958798 | 0.12209422443875084 | -0.188085235231642 | 0.6439495044532575:0.060304519203262075 | -0.7891487965993633 | 0.12795198098313776
0.060304519203262075 | -0.7891487965993633 | 0.12795198098313776 | 0.5773565912631087 | -0.6214071685941531:0.05715078797725237 | -0.7944731422552564 | 0.10720794793322952
0.05715078797725237 | -0.7944731422552564 | 0.10720794793322952 | 0.5773565912631087 | -0.6214071685941531:0.05463963731532129 | -0.7991836670611292 | 0.08617646381080846
0.05463963731532129 | -0.7991836670611292 | 0.08617646381080846 | 0.5773565912631087 | -0.6214071685941531:0.05278087991912983 | -0.8032709056203373 | 0.0648961765300804
0.05278087991912983 | -0.8032709056203373 | 0.0648961765300804 | 0.5773565912631087 | -0.6214071685941531:0.051583073487394326 | -0.8067265473760301 | 0.04340636375149032
0.051583073487394326 | -0.8067265473760301 | 0.04340636375149032 | 0.5773565912631087 | -0.6214071685941531:0.051053500608218005 | -0.8095434564127544 | 0.021746856776804435
0.051053500608218005 | -0.8095434564127544 | 0.021746856776804435 | 0.5773565912631087 | -0.6214071685941531:0.051198151166423234 | -0.8117156889387616 | -4.203677572434117E-5
0.051198151166423234 | -0.8117156889387616 | -4.203677572434117E-5 | 0.5773565912631087 | -0.6214071685941531:0.05202170730190181 | -0.813238508413292 | -0.021919611361809643
0.05202170730190181 | -0.813238508413292 | -0.021919611361809643 | 0.5773565912631087 | -0.6214071685941531:0.05352753094990037 | -0.814108398287928 | -0.043844842811036955
0.05352753094990037 | -0.814108398287928 | -0.043844842811036955 | 0.5773565912631087 | -0.6214071685941531:0.05571765398901052 | -0.8143230723357959 | -0.06577646837823892
0.05571765398901052 | -0.8143230723357959 | -0.06577646837823892 | 0.5773565912631087 | -0.6214071685941531:0.05859277101742277 | -0.813881482547103 | -0.08767306738701564
0.05859277101742277 | -0.813881482547103 | -0.08767306738701564 | 0.5773565912631087 | -0.6214071685941531:0.062152234772779646 | -0.8127838245746659 | -0.10949314230506602
0.062152234772779646 | -0.8127838245746659 | -0.10949314230506602 | 0.5773565912631087 | -0.6214071685941531:0.06639405420570821 | -0.8110315407174511 | -0.13119520009013996
0.06639405420570821 | -0.8110315407174511 | -0.13119520009013996 | 0.5773565912631087 | -0.6214071685941531:0.07131489521184875 | -0.80862732043569 | -0.1527378336450944
0.07131489521184875 | -0.80862732043569 | -0.1527378336450944 | 0.5773565912631087 | -0.6214071685941531:0.07691008402192478 | -0.8055750983952379 | -0.17407980322033012
0.07691008402192478 | -0.8055750983952379 | -0.17407980322033012 | 0.5773565912631087 | -0.6214071685941531:0.0831736132441554 | -0.8018800500444883 | -0.19518011760220944
0.0831736132441554 | -0.8018800500444883 | -0.19518011760220944 | 0.5773565912631087 | -0.6214071685941531:0.09009815054805648 | -0.7975485847315156 | -0.21599811492641408
0.09009815054805648 | -0.7975485847315156 | -0.21599811492641408 | 0.5773565912631087 | -0.6214071685941531:0.09767504997348464 | -0.7925883363742514 | -0.23649354295621805
0.09767504997348464 | -0.7925883363742514 | -0.23649354295621805 | 0.5773565912631087 | -0.6214071685941531:0.1058943658435898 | -0.7870081517010448 | -0.25662663866664204
0.1058943658435898 | -0.7870081517010448 | -0.25662663866664204 | 0.5773565912631087 | -0.6214071685941531:0.1147448692552464 | -0.7808180760841452 | -0.27635820697704716
0.1147448692552464 | -0.7808180760841452 | -0.27635820697704716 | 0.5773565912631087 | -0.6214071685941531:0.12421406711544503 | -0.7740293369928821 | -0.295649698476371
0.12421406711544503 | -0.7740293369928821 | -0.295649698476371 | 0.5773565912631087 | -0.6214071685941531:0.13428822368715165 | -0.7666543250984574 | -0.31446328598736883
0.13428822368715165 | -0.7666543250984574 | -0.31446328598736883 | 0.5773565912631087 | -0.6214071685941531:0.1449523846032239 | -0.7587065730664619 | -0.3327619398185355
0.1449523846032239 | -0.7587065730664619 | -0.3327619398185355 | 0.5773565912631087 | -0.6214071685941531:0.15619040330213796 | -0.7502007320780564 | -0.3505095015550701
0.15619040330213796 | -0.7502007320780564 | -0.3505095015550701 | 0.5773565912631087 | -0.6214071685941531:0.16798496983456035 | -0.741152546125079 | -0.36767075624315737
0.16798496983456035 | -0.741152546125079 | -0.36767075624315737 | 0.5773565912631087 | -0.6214071685941531:0.18031764198516842 | -0.7315788241284906 | -0.38421150282507455
0.18031764198516842 | -0.7315788241284906 | -0.38421150282507455 | 0.5773565912631087 | -0.6214071685941531:0.19316887864961085 | -0.7214974099343152 | -0.40009862268616203
0.19316887864961085 | -0.7214974099343152 | -0.40009862268616203 | 0.5773565912631087 | -0.6214071685941531:0.20651807540211697 | -0.7109271502447143 | -0.41530014617839583
0.20651807540211697 | -0.7109271502447143 | -0.41530014617839583 | 0.5773565912631087 | -0.6214071685941531:0.22034360218500404 | -0.6998878605464398 | -0.4297853169893848
0.22034360218500404 | -0.6998878605464398 | -0.4297853169893848 | 0.5773565912631087 | -0.6214071685941531:0.23462284304721281 | -0.6884002891023755 | -0.44352465422983656
0.23462284304721281 | -0.6884002891023755 | -0.44352465422983656 | 0.5773565912631087 | -0.6214071685941531:0.2493322378550329 | -0.6764860790758576 | -0.45649001211707585
0.2493322378550329 | -0.6764860790758576 | -0.45649001211707585 | 0.5773565912631087 | -0.6214071685941531:0.2644473258943625 | -0.6641677288610452 | -0.4686546371369431
0.2644473258943625 | -0.6641677288610452 | -0.4686546371369431 | 0.5773565912631087 | -0.6214071685941531:0.2799427912801877 | -0.6514685506959665 | -0.4799932225713448
0.2799427912801877 | -0.6514685506959665 | -0.4799932225713448 | 0.5773565912631087 | -0.6214071685941531:0.2957925100854829 | -0.6384126276382887 | -0.4904819602839545
0.2957925100854829 | -0.6384126276382887 | -0.4904819602839545 | 0.5773565912631087 | -0.6214071685941531:0.3119695990984163 | -0.6250247689871173 | -0.5000985896619028
0.3119695990984163 | -0.6250247689871173 | -0.5000985896619028 | 0.5773565912631087 | -0.6214071685941531:0.32844646611361283 | -0.6113304642368149 | -0.5088224436168467
0.32844646611361283 | -0.6113304642368149 | -0.5088224436168467 | 0.5773565912631087 | -0.6214071685941531:0.3451948616602778 | -0.5973558356518822 | -0.5166344915546723
0.3451948616602778 | -0.5973558356518822 | -0.5166344915546723 | 0.5773565912631087 | -0.6214071685941531:0.36218593206722893 | -0.5831275895546923 | -0.5235173792288847
0.36218593206722893 | -0.5831275895546923 | -0.5235173792288847 | 0.5773565912631087 | -0.6214071685941531:0.3793902737623236 | -0.5686729664200101 | -0.5294554653988737
0.3793902737623236 | -0.5686729664200101 | -0.5294554653988737 | 0.5773565912631087 | -0.6214071685941531:0.3967779887014091 | -0.5540196898727032 | -0.5344348552204927
