0.0 | 0.0 | 0.0 | 0.8089389540107697 | -0.823853829176785:-4.11473623079237E-4 | -4.0435920367642986E-4 | 0.009983345285620062
-4.11473623079237E-4 | -4.0435920367642986E-4 | 0.009983345285620062 | 0.8089389540107697 | -0.823853829176785:-0.0016342667237687633 | -0.0016073513513117366 | 0.019767538893575458
-0.0016342667237687633 | -0.0016073513513117366 | 0.019767538893575458 | 0.8089389540107697 | -0.823853829176785:-0.003647082670473331 | -0.003590023124779851 | 0.029256792766095878
-0.003647082670473331 | -0.003590023124779851 | 0.029256792766095878 | 0.8089389540107697 | -0.823853829176785:-0.00642362996332752 | -0.006328455530114185 | 0.038358337511129284
-0.00642362996332752 | -0.006328455530114185 | 0.038358337511129284 | 0.8089389540107697 | -0.823853829176785:-0.009932822283726423 | -0.009793950690574649 | 0.046982898805363105
-0.009932822283726423 | -0.009793950690574649 | 0.046982898805363105 | 0.8089389540107697 | -0.823853829176785:-0.01413899993918533 | -0.013953240101899356 | 0.05504515133513346
-0.01413899993918533 | -0.013953240101899356 | 0.05504515133513346 | -0.14372824667127926 | -0.7550499694388371:-0.01881819593671273 | -0.015738435084431623 | 0.06335056525224478
-0.01881819593671273 | -0.015738435084431623 | 0.06335056525224478 | -0.14372824667127926 | -0.7550499694388371:-0.024108723743310648 | -0.01737956959194764 | 0.0713099028137244
-0.024108723743310648 | -0.01737956959194764 | 0.0713099028137244 | -0.14372824667127926 | -0.7550499694388371:-0.029987222924188095 | -0.01888123306347267 | 0.07888936545633829
-0.029987222924188095 | -0.01888123306347267 | 0.07888936545633829 | -0.14372824667127926 | -0.7550499694388371:-0.03642880939987009 | -0.020248307426058876 | 0.08605658296556773
-0.03642880939987009 | -0.020248307426058876 | 0.08605658296556773 | -0.14372824667127926 | -0.7550499694388371:-0.043407151642026354 | -0.0214859528470972 | 0.09278067707336224
-0.043407151642026354 | -0.0214859528470972 | 0.09278067707336224 | -0.14372824667127926 | -0.7550499694388371:-0.050894549172782216 | -0.02259959303393133 | 0.0990323211591061
-0.050894549172782216 | -0.02259959303393133 | 0.0990323211591061 | -0.14372824667127926 | -0.7550499694388371:-0.05886201318652082 | -0.02359490011495069 | 0.10478379597731069
-0.05886201318652082 | -0.02359490011495069 | 0.10478379597731069 | -0.14372824667127926 | -0.7550499694388371:-0.06727934911118677 | -0.024477779136748756 | 0.11000904134380818
-0.06727934911118677 | -0.024477779136748756 | 0.11000904134380818 | -0.14372824667127926 | -0.7550499694388371:-0.07611524092445088 | -0.025254352212276565 | 0.11468370372051329
-0.07611524092445088 | -0.025254352212276565 | 0.11468370372051329 | -0.14372824667127926 | -0.7550499694388371:-0.08533733703879215 | -0.025930942355202324 | 0.11878517964713087
-0.08533733703879215 | -0.025930942355202324 | 0.11878517964713087 | -0.5549875464795035 | 0.7777264713957579:-0.08525038635079452 | -0.023922062952504763 | 0.1297187227641996
-0.08525038635079452 | -0.023922062952504763 | 0.1297187227641996 | -0.5549875464795035 | 0.7777264713957579:-0.0844191522844201 | -0.021403962712058355 | 0.14071592751781603
-0.0844191522844201 | -0.021403962712058355 | 0.14071592751781603 | -0.5549875464795035 | 0.7777264713957579:-0.08284074846333078 | -0.018373502450228285 | 0.1517141131897768
-0.08284074846333078 | -0.018373502450228285 | 0.1517141131897768 | -0.5549875464795035 | 0.7777264713957579:-0.08051550034297517 | -0.014829836746961922 | 0.16265058721627046
-0.08051550034297517 | -0.014829836746961922 | 0.16265058721627046 | -0.5549875464795035 | 0.7777264713957579:-0.07744692743808301 | -0.01077440446254685 | 0.17346287721153653
-0.07744692743808301 | -0.01077440446254685 | 0.17346287721153653 | -0.5549875464795035 | 0.7777264713957579:-0.07364171503430461 | -0.006210911716748813 | 0.18408896053017276
-0.07364171503430461 | -0.006210911716748813 | 0.18408896053017276 | -0.5549875464795035 | 0.7777264713957579:-0.06910967556108605 | -0.0011453074471192703 | 0.1944674906780426
-0.06910967556108605 | -0.0011453074471192703 | 0.1944674906780426 | -0.5549875464795035 | 0.7777264713957579:-0.06386369983156959 | 0.004414248316048974 | 0.20453801989722553
-0.06386369983156959 | 0.004414248316048974 | 0.20453801989722553 | -0.5549875464795035 | 0.7777264713957579:-0.05791969838314692 | 0.010457423300530788 | 0.21424121726773793
-0.05791969838314692 | 0.010457423300530788 | 0.21424121726773793 | -0.5549875464795035 | 0.7777264713957579:-0.05129653317922944 | 0.016971758791674008 | 0.22351908168766865
-0.05129653317922944 | 0.016971758791674008 | 0.22351908168766865 | -0.6051298661552029 | 0.4683432674038923:-0.04760567309543906 | 0.02452035689949783 | 0.23154575662394228
-0.04760567309543906 | 0.02452035689949783 | 0.23154575662394228 | -0.6051298661552029 | 0.4683432674038923:-0.04354419397794418 | 0.03252470945695163 | 0.23918334916010808
-0.04354419397794418 | 0.03252470945695163 | 0.23918334916010808 | -0.6051298661552029 | 0.4683432674038923:-0.039125307694064526 | 0.0409685242186113 | 0.24639955398877111
-0.039125307694064526 | 0.0409685242186113 | 0.24639955398877111 | -0.6051298661552029 | 0.4683432674038923:-0.03436316087117497 | 0.04983428084938657 | 0.2531632146291538
-0.03436316087117497 | 0.04983428084938657 | 0.2531632146291538 | -0.6051298661552029 | 0.4683432674038923:-0.029272797224696445 | 0.05910327861679887 | 0.25944439037639144
-0.029272797224696445 | 0.05910327861679887 | 0.25944439037639144 | 0.2716349377935825 | 0.3781261540873795:-0.025014056553206876 | 0.057094500719202745 | 0.26786252177606595
-0.025014056553206876 | 0.057094500719202745 | 0.26786252177606595 | 0.2716349377935825 | 0.3781261540873795:-0.02045681658935572 | 0.054860337552612215 | 0.27613024869777814
-0.02045681658935572 | 0.054860337552612215 | 0.27613024869777814 | 0.2716349377935825 | 0.3781261540873795:-0.01560624615352868 | 0.052404517483352064 | 0.2842351946378532
-0.01560624615352868 | 0.052404517483352064 | 0.2842351946378532 | 0.2716349377935825 | 0.3781261540873795:-0.01046779268164122 | 0.04973096975344371 | 0.2921652367493861
-0.01046779268164122 | 0.04973096975344371 | 0.2921652367493861 | 0.2716349377935825 | 0.3781261540873795:-0.005047174938645149 | 0.046843819311863655 | 0.2999085140379183
-0.005047174938645149 | 0.046843819311863655 | 0.2999085140379183 | 0.2716349377935825 | 0.3781261540873795:6.496244005451679E-4 | 0.04374738154855695 | 0.307453435276523
6.496244005451679E-4 | 0.04374738154855695 | 0.307453435276523 | 0.2716349377935825 | 0.3781261540873795:0.0066163662962439584 | 0.04044615693583253 | 0.3147886866378391
0.0066163662962439584 | 0.04044615693583253 | 0.3147886866378391 | 0.2716349377935825 | 0.3781261540873795:0.012846563008823475 | 0.03694482558177958 | 0.3219032390407728
0.012846563008823475 | 0.03694482558177958 | 0.3219032390407728 | 0.2716349377935825 | 0.3781261540873795:0.019333485876703804 | 0.03324824170034646 | 0.32878635520979405
0.019333485876703804 | 0.03324824170034646 | 0.32878635520979405 | 0.2716349377935825 | 0.3781261540873795:0.026070173201017344 | 0.029361428002727563 | 0.3354275964449762
0.026070173201017344 | 0.029361428002727563 | 0.3354275964449762 | -0.24156637137404813 | -0.49900153579246487:0.018050614079676786 | 0.03406578777576397 | 0.34217578787835023
0.018050614079676786 | 0.03406578777576397 | 0.34217578787835023 | -0.24156637137404813 | -0.49900153579246487:0.009700716810813192 | 0.03892340271219619 | 0.3485969452428188
0.009700716810813192 | 0.03892340271219619 | 0.3485969452428188 | -0.24156637137404813 | -0.49900153579246487:0.0010321890086810726 | 0.04392877758989344 | 0.35467684453564274
0.0010321890086810726 | 0.04392877758989344 | 0.35467684453564274 | -0.24156637137404813 | -0.49900153579246487:-0.007942842537111083 | 0.04907621032670262 | 0.3604017721695918
-0.007942842537111083 | 0.04907621032670262 | 0.3604017721695918 | -0.24156637137404813 | -0.49900153579246487:-0.017211849134176394 | 0.05435980026957343 | 0.3657585383550135
-0.017211849134176394 | 0.05435980026957343 | 0.3657585383550135 | -0.24156637137404813 | -0.49900153579246487:-0.02676191775582537 | 0.05977345663091438 | 0.37073448980672197
-0.02676191775582537 | 0.05977345663091438 | 0.37073448980672197 | -0.24156637137404813 | -0.49900153579246487:-0.03657976888534176 | 0.06531090706248865 | 0.3753175217691602
-0.03657976888534176 | 0.06531090706248865 | 0.3753175217691602 | -0.24156637137404813 | -0.49900153579246487:-0.04665177461589454 | 0.07096570635712807 | 0.3794960893539763
-0.04665177461589454 | 0.07096570635712807 | 0.3794960893539763 | -0.24156637137404813 | -0.49900153579246487:-0.056963976985880294 | 0.07673124526851216 | 0.3832592181848362
-0.056963976985880294 | 0.07673124526851216 | 0.3832592181848362 | -0.24156637137404813 | -0.49900153579246487:-0.0675021065294572 | 0.0826007594392471 | 0.3865965143450154
-0.0675021065294572 | 0.0826007594392471 | 0.3865965143450154 | -0.24156637137404813 | -0.49900153579246487:-0.07825160102202844 | 0.08856733842746577 | 0.38949817362394334
-0.07825160102202844 | 0.08856733842746577 | 0.38949817362394334 | -0.24156637137404813 | -0.49900153579246487:-0.0891976244004331 | 0.09462393482217278 | 0.391954990059622
-0.0891976244004331 | 0.09462393482217278 | 0.391954990059622 | -0.24156637137404813 | -0.49900153579246487:-0.10032508583763744 | 0.10076337343756578 | 0.39395836377444304
-0.10032508583763744 | 0.10076337343756578 | 0.39395836377444304 | -0.24156637137404813 | -0.49900153579246487:-0.11161865895175138 | 0.10697836057658011 | 0.3955003081026831
-0.11161865895175138 | 0.10697836057658011 | 0.3955003081026831 | -0.24156637137404813 | -0.49900153579246487:-0.12306280112926515 | 0.11326149335392982 | 0.3965734560085501
-0.12306280112926515 | 0.11326149335392982 | 0.3965734560085501 | -0.24156637137404813 | -0.49900153579246487:-0.13464177294246626 | 0.11960526906894975 | 0.39717106579435324
-0.13464177294246626 | 0.11960526906894975 | 0.39717106579435324 | -0.24156637137404813 | -0.49900153579246487:-0.14633965764110446 | 0.12600209461858647 | 0.3972870260990522
-0.14633965764110446 | 0.12600209461858647 | 0.3972870260990522 | -0.24156637137404813 | -0.49900153579246487:-0.15814038069846248 | 0.13244429594093177 | 0.39691586018801495
-0.15814038069846248 | 0.13244429594093177 | 0.39691586018801495 | -0.24156637137404813 | -0.49900153579246487:-0.1700277293921375 | 0.13892412747975236 | 0.39605272953554227
-0.1700277293921375 | 0.13892412747975236 | 0.39605272953554227 | -0.24156637137404813 | -0.49900153579246487:-0.18198537239995893 | 0.145433781660532 | 0.39469343670230295
-0.18198537239995893 | 0.145433781660532 | 0.39469343670230295 | 0.4967882967595798 | -0.396287331811773:-0.19208260944311784 | 0.13718847052054794 | 0.3991625654520359
-0.19208260944311784 | 0.13718847052054794 | 0.3991625654520359 | 0.4967882967595798 | -0.396287331811773:-0.2023316630372114 | 0.1287035426605765 | 0.4031710627878091
-0.2023316630372114 | 0.1287035426605765 | 0.4031710627878091 | 0.4967882967595798 | -0.396287331811773:-0.21272144055593545 | 0.11999318153517069 | 0.4067061811196897
-0.21272144055593545 | 0.11999318153517069 | 0.4067061811196897 | 0.4967882967595798 | -0.396287331811773:-0.2232405470389045 | 0.1110719542237415 | 0.4097558948374882
-0.2232405470389045 | 0.1110719542237415 | 0.4097558948374882 | 0.4967882967595798 | -0.396287331811773:-0.23387730319136946 | 0.10195478911479339 | 0.41230891686766924
-0.23387730319136946 | 0.10195478911479339 | 0.41230891686766924 | 0.20934374339561357 | -0.00955526913777116:-0.2365616626686995 | 0.09867086504793043 | 0.4176321455835392
-0.2365616626686995 | 0.09867086504793043 | 0.4176321455835392 | 0.20934374339561357 | -0.00955526913777116:-0.23922576086893343 | 0.09527547826690319 | 0.42288485631418027
-0.23922576086893343 | 0.09527547826690319 | 0.42288485631418027 | 0.20934374339561357 | -0.00955526913777116:-0.2418697747997145 | 0.0917702934964657 | 0.4280656747859659
-0.2418697747997145 | 0.0917702934964657 | 0.4280656747859659 | 0.20934374339561357 | -0.00955526913777116:-0.24449387860787475 | 0.08815698279127893 | 0.43317325580295574
-0.24449387860787475 | 0.08815698279127893 | 0.43317325580295574 | 0.20934374339561357 | -0.00955526913777116:-0.24709824362096366 | 0.08443722518031516 | 0.4382062831350204
-0.24709824362096366 | 0.08443722518031516 | 0.4382062831350204 | 0.20934374339561357 | -0.00955526913777116:-0.24968303838836992 | 0.08061270631492157 | 0.44316346940358287
-0.24968303838836992 | 0.08061270631492157 | 0.44316346940358287 | 0.20934374339561357 | -0.00955526913777116:-0.2522484287220159 | 0.07668511812051815 | 0.4480435559650431
-0.2522484287220159 | 0.07668511812051815 | 0.4480435559650431 | 0.20934374339561357 | -0.00955526913777116:-0.2547945777366394 | 0.0726561584519243 | 0.4528453127918972
-0.2547945777366394 | 0.0726561584519243 | 0.4528453127918972 | 0.20934374339561357 | -0.00955526913777116:-0.25732164588967077 | 0.06852753075229367 | 0.4575675383516469
-0.25732164588967077 | 0.06852753075229367 | 0.4575675383516469 | 0.20934374339561357 | -0.00955526913777116:-0.2598297910206915 | 0.06430094371564721 | 0.46220905948352353
-0.2598297910206915 | 0.06430094371564721 | 0.46220905948352353 | 0.20934374339561357 | -0.00955526913777116:-0.26231916839049774 | 0.05997811095298289 | 0.4667687312730564
-0.26231916839049774 | 0.05997811095298289 | 0.4667687312730564 | 0.20934374339561357 | -0.00955526913777116:-0.26478993071975676 | 0.055560750661955094 | 0.4712454369245833
-0.26478993071975676 | 0.055560750661955094 | 0.4712454369245833 | 0.20934374339561357 | -0.00955526913777116:-0.26724222822726595 | 0.05105058530009998 | 0.4756380876316939
-0.26724222822726595 | 0.05105058530009998 | 0.4756380876316939 | 0.20934374339561357 | -0.00955526913777116:-0.26967620866781505 | 0.04644934126159761 | 0.4799456224456975
-0.26967620866781505 | 0.04644934126159761 | 0.4799456224456975 | 0.20934374339561357 | -0.00955526913777116:-0.27209201736965927 | 0.04175874855755213 | 0.4841670081421263
-0.27209201736965927 | 0.04175874855755213 | 0.4841670081421263 | 0.20934374339561357 | -0.00955526913777116:-0.2744897972716007 | 0.03698054049977095 | 0.4883012390853487
-0.2744897972716007 | 0.03698054049977095 | 0.4883012390853487 | 0.20934374339561357 | -0.00955526913777116:-0.2768696889596818 | 0.03211645338803404 | 0.4923473370913065
-0.2768696889596818 | 0.03211645338803404 | 0.4923473370913065 | 0.20934374339561357 | -0.00955526913777116:-0.2792318307035 | 0.02716822620082926 | 0.4963043512884333
-0.2792318307035 | 0.02716822620082926 | 0.4963043512884333 | 0.20934374339561357 | -0.00955526913777116:-0.2815763584921349 | 0.022137600289540593 | 0.5001713579768357
-0.2815763584921349 | 0.022137600289540593 | 0.5001713579768357 | 0.20934374339561357 | -0.00955526913777116:-0.2839034060697134 | 0.017026319076076213 | 0.50394746048568
-0.2839034060697134 | 0.017026319076076213 | 0.50394746048568 | -0.12017745898167909 | -0.622779542865765:-0.30163253080631947 | 0.02020016665862956 | 0.49835513264755704
-0.30163253080631947 | 0.02020016665862956 | 0.49835513264755704 | -0.12017745898167909 | -0.622779542865765:-0.3192665141564035 | 0.023360320315189753 | 0.4920886881396527
-0.3192665141564035 | 0.023360320315189753 | 0.4920886881396527 | -0.12017745898167909 | -0.622779542865765:-0.33678022599356616 | 0.026501899703651688 | 0.4851497860059375
-0.33678022599356616 | 0.026501899703651688 | 0.4851497860059375 | -0.12017745898167909 | -0.622779542865765:-0.35414859187051917 | 0.02962003259573498 | 0.47754104838913847
-0.35414859187051917 | 0.02962003259573498 | 0.47754104838913847 | -0.12017745898167909 | -0.622779542865765:-0.37134662776228566 | 0.032709861588938516 | 0.4692660569572773
-0.37134662776228566 | 0.032709861588938516 | 0.4692660569572773 | 0.2804448813024989 | 0.5164452162699222:-0.3614968254005042 | 0.0263013737696971 | 0.4823131267412535
-0.3614968254005042 | 0.0263013737696971 | 0.4823131267412535 | 0.2804448813024989 | 0.5164452162699222:-0.35120906017188425 | 0.019664343738622136 | 0.49504081116282705
-0.35120906017188425 | 0.019664343738622136 | 0.49504081116282705 | 0.2804448813024989 | 0.5164452162699222:-0.34049214871707 | 0.012803317233760048 | 0.507431050029993
-0.34049214871707 | 0.012803317233760048 | 0.507431050029993 | 0.2804448813024989 | 0.5164452162699222:-0.329355460021425 | 0.005723143504902328 | 0.5194661301212129
-0.329355460021425 | 0.005723143504902328 | 0.5194661301212129 | 0.2804448813024989 | 0.5164452162699222:-0.31780890398637496 | -0.0015710307573275628 | 0.5311287060741705
-0.31780890398637496 | -0.0015710307573275628 | 0.5311287060741705 | 0.2804448813024989 | 0.5164452162699222:-0.3058629194258966 | -0.009073767807832311 | 0.5424018207870631
-0.3058629194258966 | -0.009073767807832311 | 0.5424018207870631 | 0.2804448813024989 | 0.5164452162699222:-0.29352846150401035 | -0.016779345540388846 | 0.5532689253130094
-0.29352846150401035 | -0.016779345540388846 | 0.5532689253130094 | 0.2804448813024989 | 0.5164452162699222:-0.2808169886295673 | -0.02468176447925563 | 0.5637138982288477
-0.2808169886295673 | -0.02468176447925563 | 0.5637138982288477 | 0.2804448813024989 | 0.5164452162699222:-0.26774044882510317 | -0.032774755060065885 | 0.5737210644600665
-0.26774044882510317 | -0.032774755060065885 | 0.5737210644600665 | 0.2804448813024989 | 0.5164452162699222:-0.25431126558695816 | -0.04105178519079988 | 0.5832752135446029
-0.25431126558695816 | -0.04105178519079988 | 0.5832752135446029 | -0.0875549274455314 | 0.6714319444422536:-0.23591749321330902 | -0.038716757835026705 | 0.5950190709419019
-0.23591749321330902 | -0.038716757835026705 | 0.5950190709419019 | -0.0875549274455314 | 0.6714319444422536:-0.21701440665238358 | -0.036313578679090686 | 0.6061383061650716
-0.21701440665238358 | -0.036313578679090686 | 0.6061383061650716 | -0.0875549274455314 | 0.6714319444422536:-0.1976242764916396 | -0.033845108480710984 | 0.6166115268087395
-0.1976242764916396 | -0.033845108480710984 | 0.6166115268087395 | -0.0875549274455314 | 0.6714319444422536:-0.17777021249870373 | -0.03131431924500694 | 0.6264181928476802
-0.17777021249870373 | -0.03131431924500694 | 0.6264181928476802 | -0.0875549274455314 | 0.6714319444422536:-0.15747613044234754 | -0.028724289968438566 | 0.6355386484890033
-0.15747613044234754 | -0.028724289968438566 | 0.6355386484890033 | -0.0875549274455314 | 0.6714319444422536:-0.1367667177842975 | -0.026078202232608927 | 0.6439541526970274
-0.1367667177842975 | -0.026078202232608927 | 0.6439541526970274 | -0.0875549274455314 | 0.6714319444422536:-0.1156673982938301 | -0.02337933565461503 | 0.6516469083522622
-0.1156673982938301 | -0.02337933565461503 | 0.6516469083522622 | -0.0875549274455314 | 0.6714319444422536:-0.09420429563826893 | -0.02063106320079955 | 0.6586000900077806
-0.09420429563826893 | -0.02063106320079955 | 0.6586000900077806 | -0.0875549274455314 | 0.6714319444422536:-0.07240419600370984 | -0.01783684637090044 | 0.6647978702086235
-0.07240419600370984 | -0.01783684637090044 | 0.6647978702086235 | -0.0875549274455314 | 0.6714319444422536:-0.05029450980130257 | -0.015000230259750058 | 0.6702254443417033
-0.05029450980130257 | -0.015000230259750058 | 0.6702254443417033 | -0.0875549274455314 | 0.6714319444422536:-0.02790323251545601 | -0.012124838503809077 | 0.6748690539860007
-0.02790323251545601 | -0.012124838503809077 | 0.6748690539860007 | -0.0875549274455314 | 0.6714319444422536:-0.005258904751231697 | -0.009214368119928373 | 0.6787160087348525
-0.005258904751231697 | -0.009214368119928373 | 0.6787160087348525 | -0.0875549274455314 | 0.6714319444422536:0.01760942846099489 | -0.006272584243868451 | 0.6817547064644813
0.01760942846099489 | -0.006272584243868451 | 0.6817547064644813 | -0.0875549274455314 | 0.6714319444422536:0.040672259044734815 | -0.003303314776193389 | 0.6839746520249577
0.040672259044734815 | -0.003303314776193389 | 0.6839746520249577 | -0.0875549274455314 | 0.6714319444422536:0.06389965788097207 | -3.104449432482781E-4 | 0.685366474332092
0.06389965788097207 | -3.104449432482781E-4 | 0.685366474332092 | -0.8217697521466327 | -0.8161166362458134:0.036072946728337385 | 0.02796862939994682 | 0.6899472786914558
0.036072946728337385 | 0.02796862939994682 | 0.6899472786914558 | -0.8217697521466327 | -0.8161166362458134:0.008003033959370853 | 0.056537099361251286 | 0.6921897662546925
0.008003033959370853 | 0.056537099361251286 | 0.6921897662546925 | -0.8217697521466327 | -0.8161166362458134:-0.02021109564447876 | 0.08529589859688436 | 0.6920662487577758
-0.02021109564447876 | 0.08529589859688436 | 0.6920662487577758 | -0.8217697521466327 | -0.8161166362458134:-0.04846921829518536 | 0.11414453820864745 | 0.6895575359262338
-0.04846921829518536 | 0.11414453820864745 | 0.6895575359262338 | -0.8217697521466327 | -0.8161166362458134:-0.0766702395145753 | 0.14298147514787152 | 0.684653055590239
-0.0766702395145753 | 0.14298147514787152 | 0.684653055590239 | 0.4160273152159759 | 0.8337250031489094:-0.048155510204265894 | 0.129252021780339 | 0.6929837026651455
-0.048155510204265894 | 0.129252021780339 | 0.6929837026651455 | 0.4160273152159759 | 0.8337250031489094:-0.019207794120058352 | 0.11528686711186653 | 0.6998189591766746
-0.019207794120058352 | 0.11528686711186653 | 0.6998189591766746 | 0.4160273152159759 | 0.8337250031489094:0.010108111492208138 | 0.10111809557430407 | 0.7051312434378687
0.010108111492208138 | 0.10111809557430407 | 0.7051312434378687 | 0.4160273152159759 | 0.8337250031489094:0.03972610757496042 | 0.08677847779276338 | 0.7088965381384682
0.03972610757496042 | 0.08677847779276338 | 0.7088965381384682 | 0.4160273152159759 | 0.8337250031489094:0.06957895306950945 | 0.07230139163342564 | 0.7110944653611426
0.06957895306950945 | 0.07230139163342564 | 0.7110944653611426 | 0.6386173303942451 | -0.8436016010085596:0.03960472523294101 | 0.04975705872453329 | 0.7181476247110368
0.03960472523294101 | 0.04975705872453329 | 0.7181476247110368 | 0.6386173303942451 | -0.8436016010085596:0.009271153657959275 | 0.02690826089829068 | 0.7231885229409158
0.009271153657959275 | 0.02690826089829068 | 0.7231885229409158 | 0.6386173303942451 | -0.8436016010085596:-0.021333998796857045 | 0.003820961124181288 | 0.7261874926173348
-0.021333998796857045 | 0.003820961124181288 | 0.7261874926173348 | 0.6386173303942451 | -0.8436016010085596:-0.05212159420438489 | -0.019437739779128105 | 0.7271209415975974
-0.05212159420438489 | -0.019437739779128105 | 0.7271209415975974 | 0.6386173303942451 | -0.8436016010085596:-0.08300139140074059 | -0.04279980727516719 | 0.7259714554573904
-0.08300139140074059 | -0.04279980727516719 | 0.7259714554573904 | 0.42877396869768103 | -0.2450474922328727:-0.09221298641301168 | -0.058566354544839605 | 0.7264664440026678
-0.09221298641301168 | -0.058566354544839605 | 0.7264664440026678 | 0.42877396869768103 | -0.2450474922328727:-0.10145451104166092 | -0.07439395849754149 | 0.7264745350854511
-0.10145451104166092 | -0.07439395849754149 | 0.7264745350854511 | 0.42877396869768103 | -0.2450474922328727:-0.11071924407024802 | -0.09027085209432562 | 0.7259930762199431
-0.11071924407024802 | -0.09027085209432562 | 0.7259930762199431 | 0.42877396869768103 | -0.2450474922328727:-0.12000042952351642 | -0.10618520370690065 | 0.7250197987782059
-0.12000042952351642 | -0.10618520370690065 | 0.7250197987782059 | 0.42877396869768103 | -0.2450474922328727:-0.1292912820384835 | -0.12212512649658569 | 0.7235528194766943
-0.1292912820384835 | -0.12212512649658569 | 0.7235528194766943 | 0.42877396869768103 | -0.2450474922328727:-0.1385849922415261 | -0.13807868780697685 | 0.7215906415656548
-0.1385849922415261 | -0.13807868780697685 | 0.7215906415656548 | 0.42877396869768103 | -0.2450474922328727:-0.14787473212755842 | -0.1540339185634787 | 0.719132155721816
-0.14787473212755842 | -0.1540339185634787 | 0.719132155721816 | 0.42877396869768103 | -0.2450474922328727:-0.15715366043740175 | -0.16997882267289555 | 0.7161766406451946
-0.15715366043740175 | -0.16997882267289555 | 0.7161766406451946 | 0.42877396869768103 | -0.2450474922328727:-0.16641492802951063 | -0.1859013864163095 | 0.7127237633606995
-0.16641492802951063 | -0.1859013864163095 | 0.7127237633606995 | 0.42877396869768103 | -0.2450474922328727:-0.17565168324215108 | -0.20178958782850787 | 0.7087735792257988
-0.17565168324215108 | -0.20178958782850787 | 0.7087735792257988 | 0.42877396869768103 | -0.2450474922328727:-0.18485707724231304 | -0.21763140605728326 | 0.7043265316453997
-0.18485707724231304 | -0.21763140605728326 | 0.7043265316453997 | 0.42877396869768103 | -0.2450474922328727:-0.19402426935749162 | -0.23341483069596047 | 0.6993834514954713
-0.19402426935749162 | -0.23341483069596047 | 0.6993834514954713 | 0.42877396869768103 | -0.2450474922328727:-0.2031464323866139 | -0.24912787108257217 | 0.6939455562570203
-0.2031464323866139 | -0.24912787108257217 | 0.6939455562570203 | 0.42877396869768103 | -0.2450474922328727:-0.21221675788639516 | -0.264758565559152 | 0.6880144488623117
-0.21221675788639516 | -0.264758565559152 | 0.6880144488623117 | 0.42877396869768103 | -0.2450474922328727:-0.22122846142946173 | -0.2802949906846848 | 0.6815921162553025
-0.22122846142946173 | -0.2802949906846848 | 0.6815921162553025 | 0.7741300758574363 | 0.026924007735580124:-0.2209860996503643 | -0.30737868260799517 | 0.67254123435103
-0.2209860996503643 | -0.30737868260799517 | 0.67254123435103 | 0.7741300758574363 | 0.026924007735580124:-0.22074809441839705 | -0.3341589483831362 | 0.6623928848858185
-0.22074809441839705 | -0.3341589483831362 | 0.6623928848858185 | 0.7741300758574363 | 0.026924007735580124:-0.22051607640609205 | -0.36059068538027905 | 0.6511576556967498
-0.22051607640609205 | -0.36059068538027905 | 0.6511576556967498 | 0.7741300758574363 | 0.026924007735580124:-0.22029166048311666 | -0.38662918924781015 | 0.638848005347711
-0.22029166048311666 | -0.38662918924781015 | 0.638848005347711 | 0.7741300758574363 | 0.026924007735580124:-0.22007644303569407 | -0.4122302315150694 | 0.6254782466178312
-0.22007644303569407 | -0.4122302315150694 | 0.6254782466178312 | -0.3909519649288684 | -0.149266212568538:-0.22542888210201895 | -0.4010486434281959 | 0.6335301875560049
-0.22542888210201895 | -0.4010486434281959 | 0.6335301875560049 | -0.3909519649288684 | -0.149266212568538:-0.23084656014724558 | -0.3896660354306849 | 0.6413208084607618
-0.23084656014724558 | -0.3896660354306849 | 0.6413208084607618 | -0.3909519649288684 | -0.149266212568538:-0.23632741212137987 | -0.37808804060723467 | 0.6488448244272575
-0.23632741212137987 | -0.37808804060723467 | 0.6488448244272575 | -0.3909519649288684 | -0.149266212568538:-0.2418693284897948 | -0.36632040722777814 | 0.6560970967253184
-0.2418693284897948 | -0.36632040722777814 | 0.6560970967253184 | -0.3909519649288684 | -0.149266212568538:-0.24747015654739712 | -0.3543689953588416 | 0.6630726354461274
-0.24747015654739712 | -0.3543689953588416 | 0.6630726354461274 | 0.6985037156357596 | 0.6367767851794792:-0.22724062087229058 | -0.37829998963647515 | 0.6595754810563221
-0.22724062087229058 | -0.37829998963647515 | 0.6595754810563221 | 0.6985037156357596 | 0.6367767851794792:-0.20709944411584047 | -0.4021436398336311 | 0.6545682852493258
-0.20709944411584047 | -0.4021436398336311 | 0.6545682852493258 | 0.6985037156357596 | 0.6367767851794792:-0.18709630182916115 | -0.4258455461211059 | 0.6480553922385184
-0.18709630182916115 | -0.4258455461211059 | 0.6480553922385184 | 0.6985037156357596 | 0.6367767851794792:-0.16728072602088773 | -0.4493514011202362 | 0.6400447724847993
-0.16728072602088773 | -0.4493514011202362 | 0.6400447724847993 | 0.6985037156357596 | 0.6367767851794792:-0.14770198426054293 | -0.4726071226741144 | 0.6305480148975704
-0.14770198426054293 | -0.4726071226741144 | 0.6305480148975704 | 0.6985037156357596 | 0.6367767851794792:-0.12840895917821982 | -0.4955589863395513 | 0.6195803101231405
-0.12840895917821982 | -0.4955589863395513 | 0.6195803101231405 | 0.6985037156357596 | 0.6367767851794792:-0.10945002865814502 | -0.518153757272759 | 0.607160424952923
-0.10945002865814502 | -0.518153757272759 | 0.607160424952923 | 0.6985037156357596 | 0.6367767851794792:-0.09087294702205995 | -0.5403388211832798 | 0.5933106679060955
-0.09087294702205995 | -0.5403388211832798 | 0.5933106679060955 | 0.6985037156357596 | 0.6367767851794792:-0.07272472749572145 | -0.5620623140329721 | 0.5780568460630491
-0.07272472749572145 | -0.5620623140329721 | 0.5780568460630491 | 0.6985037156357596 | 0.6367767851794792:-0.05505152624879983 | -0.5832732501600146 | 0.5614282132474102
-0.05505152624879983 | -0.5832732501600146 | 0.5614282132474102 | 0.6985037156357596 | 0.6367767851794792:-0.037898528294483924 | -0.6039216485117311 | 0.543457409675554
-0.037898528294483924 | -0.6039216485117311 | 0.543457409675554 | 0.6985037156357596 | 0.6367767851794792:-0.021309835530555432 | -0.6239586566747413 | 0.5241803932134843
-0.021309835530555432 | -0.6239586566747413 | 0.5241803932134843 | 0.6985037156357596 | 0.6367767851794792:-0.005328357198436606 | -0.643336672396309 | 0.5036363624017497
-0.005328357198436606 | -0.643336672396309 | 0.5036363624017497 | 0.6985037156357596 | 0.6367767851794792:0.010004296969224669 | -0.6620094622969486 | 0.4818676714288159
0.010004296969224669 | -0.6620094622969486 | 0.4818676714288159 | 0.6985037156357596 | 0.6367767851794792:0.02464792064843735 | -0.6799322774812033 | 0.4589197372532112
0.02464792064843735 | -0.6799322774812033 | 0.4589197372532112 | 0.6985037156357596 | 0.6367767851794792:0.03856381161448397 | -0.697061965761101 | 0.43484093909420096
0.03856381161448397 | -0.697061965761101 | 0.43484093909420096 | 0.6985037156357596 | 0.6367767851794792:0.05171486897427968 | -0.713357080215081 | 0.40968251052866833
0.05171486897427968 | -0.713357080215081 | 0.40968251052866833 | 0.6985037156357596 | 0.6367767851794792:0.06406568670003665 | -0.7287779838140711 | 0.383498424450778
0.06406568670003665 | -0.7287779838140711 | 0.383498424450778 | 0.6985037156357596 | 0.6367767851794792:0.07558264323273534 | -0.7432869498560724 | 0.35634527116771153
0.07558264323273534 | -0.7432869498560724 | 0.35634527116771153 | 0.6985037156357596 | 0.6367767851794792:0.08623398693346118 | -0.7568482579606854 | 0.32828212992193073
0.08623398693346118 | -0.7568482579606854 | 0.32828212992193073 | 0.6985037156357596 | 0.6367767851794792:0.09598991717084004 | -0.7694282853859278 | 0.2993704341460415
0.09598991717084004 | -0.7694282853859278 | 0.2993704341460415 | 0.6985037156357596 | 0.6367767851794792:0.10482266084329339 | -0.7809955934409789 | 0.2696738307721205
0.10482266084329339 | -0.7809955934409789 | 0.2696738307721205 | 0.6985037156357596 | 0.6367767851794792:0.11270654414602888 | -0.7915210087804212 | 0.23925803393102285
0.11270654414602888 | -0.7915210087804212 | 0.23925803393102285 | 0.6985037156357596 | 0.6367767851794792:0.11961805940413583 | -0.8009776993779347 | 0.20819067339182595
0.11961805940413583 | -0.8009776993779347 | 0.20819067339182595 | 0.6985037156357596 | 0.6367767851794792:0.12553592680514214 | -0.8093412449903461 | 0.17654113810336014
0.12553592680514214 | -0.8093412449903461 | 0.17654113810336014 | 0.6392464359833827 | 0.7476597380163139:0.13133000889765611 | -0.8161462526362975 | 0.14607211410077525
0.13133000889765611 | -0.8161462526362975 | 0.14607211410077525 | 0.6392464359833827 | 0.7476597380163139:0.13597959795663073 | -0.8219664534097042 | 0.1151436703289761
0.13597959795663073 | -0.8219664534097042 | 0.1151436703289761 | 0.6392464359833827 | 0.7476597380163139:0.13946714705560836 | -0.8267857749240726 | 0.08383130948455175
0.13946714705560836 | -0.8267857749240726 | 0.08383130948455175 | 0.6392464359833827 | 0.7476597380163139:0.1417780153716457 | -0.8305906086096719 | 0.052211751178347754
0.1417780153716457 | -0.8305906086096719 | 0.052211751178347754 | 0.6392464359833827 | 0.7476597380163139:0.14290051318526764 | -0.8333698512963217 | 0.020362738252998724
0.14290051318526764 | -0.8333698512963217 | 0.020362738252998724 | 0.32918898083411596 | 0.11184786275467307:0.1431960662616163 | -0.8351121118904281 | 0.005855192323778624
0.1431960662616163 | -0.8351121118904281 | 0.005855192323778624 | 0.32918898083411596 | 0.11184786275467307:0.14340764398699335 | -0.8366001308825162 | -0.008706807229131641
0.14340764398699335 | -0.8366001308825162 | -0.008706807229131641 | 0.32918898083411596 | 0.11184786275467307:0.14353484923350734 | -0.8378327719929963 | -0.02331806796995295
0.14353484923350734 | -0.8378327719929963 | -0.02331806796995295 | 0.32918898083411596 | 0.11184786275467307:0.1435773181533726 | -0.8388089959771747 | -0.03797337758402364
0.1435773181533726 | -0.8388089959771747 | -0.03797337758402364 | 0.32918898083411596 | 0.11184786275467307:0.14353472023671188 | -0.8395278608193166 | -0.05266750587020397
0.14353472023671188 | -0.8395278608193166 | -0.05266750587020397 | 0.32918898083411596 | 0.11184786275467307:0.14340675835754269 | -0.8399885218917902 | -0.06739520673242794
0.14340675835754269 | -0.8399885218917902 | -0.06739520673242794 | 0.32918898083411596 | 0.11184786275467307:0.14319316880789046 | -0.8401902320793226 | -0.08215122016935084
0.14319316880789046 | -0.8401902320793226 | -0.08215122016935084 | 0.32918898083411596 | 0.11184786275467307:0.14289372132020617 | -0.8401323418685251 | -0.09693027426173728
0.14289372132020617 | -0.8401323418685251 | -0.09693027426173728 | 0.32918898083411596 | 0.11184786275467307:0.1425082190780067 | -0.8398142994028568 | -0.11172708715687918
0.1425082190780067 | -0.8398142994028568 | -0.11172708715687918 | 0.32918898083411596 | 0.11184786275467307:0.1420364987148659 | -0.8392356505030918 | -0.12653636904940413
0.1420364987148659 | -0.8392356505030918 | -0.12653636904940413 | 0.32918898083411596 | 0.11184786275467307:0.1414784303017953 | -0.8383960386535207 | -0.14135282415782058
0.1414784303017953 | -0.8383960386535207 | -0.14135282415782058 | 0.32918898083411596 | 0.11184786275467307:0.1408339173230324 | -0.8372952049539713 | -0.15617115269630233
0.1408339173230324 | -0.8372952049539713 | -0.15617115269630233 | 0.32918898083411596 | 0.11184786275467307:0.14010289664037145 | -0.8359329880378965 | -0.17098605284094504
0.14010289664037145 | -0.8359329880378965 | -0.17098605284094504 | 0.32918898083411596 | 0.11184786275467307:0.13928533844599755 | -0.8343093239566457 | -0.18579222269008255
