0.0 | 0.0 | 0.0 | 0.9879773433393839 | 0.29061998333400907:1.4512762409681404E-4 | -4.937877870305751E-4 | 0.009986746797336129
1.4512762409681404E-4 | -4.937877870305751E-4 | 0.009986746797336129 | 0.9879773433393839 | 0.29061998333400907:5.764896558867106E-4 | -0.0019627743866434955 | 0.019794574417849747
5.764896558867106E-4 | -0.0019627743866434955 | 0.019794574417849747 | 0.9879773433393839 | 0.29061998333400907:0.0012869853194959363 | -0.004384721250157986 | 0.029347355747082485
0.0012869853194959363 | -0.004384721250157986 | 0.029347355747082485 | 0.9879773433393839 | 0.29061998333400907:0.0022681269141018616 | -0.007732618804264124 | 0.03857118917857689
0.0022681269141018616 | -0.007732618804264124 | 0.03857118917857689 | 0.9879773433393839 | 0.29061998333400907:0.0035100927069662826 | -0.011974858952128242 | 0.04739469602254695
0.0035100927069662826 | -0.011974858952128242 | 0.04739469602254695 | 0.9879773433393839 | 0.29061998333400907:0.005001784442382211 | -0.017075423595651618 | 0.05574930470911982
0.005001784442382211 | -0.017075423595651618 | 0.05574930470911982 | 0.9879773433393839 | 0.29061998333400907:0.006730889206814927 | -0.022994088317594752 | 0.06356952090370468
0.006730889206814927 | -0.022994088317594752 | 0.06356952090370468 | 0.9879773433393839 | 0.29061998333400907:0.008683945378456941 | -0.029686640319827484 | 0.07079318271006474
0.008683945378456941 | -0.029686640319827484 | 0.07079318271006474 | 0.9879773433393839 | 0.29061998333400907:0.010846412378379647 | -0.03710510967496039 | 0.07736170019675831
0.010846412378379647 | -0.03710510967496039 | 0.07736170019675831 | -0.4365551429857204 | -0.9854563717817715:0.007721699517342716 | -0.03914789504212379 | 0.08689421873724751
0.007721699517342716 | -0.03914789504212379 | 0.08689421873724751 | -0.4365551429857204 | -0.9854563717817715:0.0037122482548793967 | -0.040764471831093774 | 0.09632527223340293
0.0037122482548793967 | -0.040764471831093774 | 0.09632527223340293 | -0.4365551429857204 | -0.9854563717817715:-0.0011715710441236524 | -0.04195891434566712 | 0.10557686443147452
-0.0011715710441236524 | -0.04195891434566712 | 0.10557686443147452 | -0.4365551429857204 | -0.9854563717817715:-0.006914377068517413 | -0.042737526438629825 | 0.11457222626309194
-0.006914377068517413 | -0.042737526438629825 | 0.11457222626309194 | -0.4365551429857204 | -0.9854563717817715:-0.013495885404089192 | -0.043108797675216026 | 0.12323617287887956
-0.013495885404089192 | -0.043108797675216026 | 0.12323617287887956 | -0.4365551429857204 | -0.9854563717817715:-0.020891036416838822 | -0.043083350513377416 | 0.13149545091627757
-0.020891036416838822 | -0.043083350513377416 | 0.13149545091627757 | -0.4365551429857204 | -0.9854563717817715:-0.029070142485367174 | -0.04267387879284512 | 0.1392790747124506
-0.029070142485367174 | -0.04267387879284512 | 0.1392790747124506 | -0.4365551429857204 | -0.9854563717817715:-0.03799905382527016 | -0.04189507785484503 | 0.14651865022705923
-0.03799905382527016 | -0.04189507785484503 | 0.14651865022705923 | -0.4365551429857204 | -0.9854563717817715:-0.047639342085666864 | -0.04076356664276548 | 0.15314868549747396
-0.047639342085666864 | -0.04076356664276548 | 0.15314868549747396 | -0.4365551429857204 | -0.9854563717817715:-0.05794850083878755 | -0.03929780216096157 | 0.1591068865105112
-0.05794850083878755 | -0.03929780216096157 | 0.1591068865105112 | 0.9178647263471256 | -0.6227812174796821:-0.06579800061999447 | -0.04876844990809781 | 0.162635004790455
-0.06579800061999447 | -0.04876844990809781 | 0.162635004790455 | 0.9178647263471256 | -0.6227812174796821:-0.07393267897857159 | -0.05870168858000069 | 0.16520155831146055
-0.07393267897857159 | -0.05870168858000069 | 0.16520155831146055 | 0.9178647263471256 | -0.6227812174796821:-0.0823108277130517 | -0.0690368837261357 | 0.16676108458870975
-0.0823108277130517 | -0.0690368837261357 | 0.16676108458870975 | 0.9178647263471256 | -0.6227812174796821:-0.09088905068628056 | -0.07971079081005161 | 0.16727353110909204
-0.09088905068628056 | -0.07971079081005161 | 0.16727353110909204 | 0.9178647263471256 | -0.6227812174796821:-0.0996224802827782 | -0.09065786992679947 | 0.16670444316362198
-0.0996224802827782 | -0.09065786992679947 | 0.16670444316362198 | 0.9906062923410501 | -0.0025586848710077437:-0.10329600630485858 | -0.10242213502003561 | 0.16793745764018064
-0.10329600630485858 | -0.10242213502003561 | 0.16793745764018064 | 0.9906062923410501 | -0.0025586848710077437:-0.10693381583191619 | -0.11448348717169177 | 0.1683414535633574
-0.10693381583191619 | -0.11448348717169177 | 0.1683414535633574 | 0.9906062923410501 | -0.0025586848710077437:-0.1105361265372462 | -0.12678572008596234 | 0.16789321408659807
-0.1105361265372462 | -0.12678572008596234 | 0.16789321408659807 | 0.9906062923410501 | -0.0025586848710077437:-0.11410314911605435 | -0.13927124578799077 | 0.16657316569110003
-0.11410314911605435 | -0.13927124578799077 | 0.16657316569110003 | 0.9906062923410501 | -0.0025586848710077437:-0.11763508791056743 | -0.1518813208623775 | 0.16436544755526938
-0.11763508791056743 | -0.1518813208623775 | 0.16436544755526938 | 0.9906062923410501 | -0.0025586848710077437:-0.121132141541477 | -0.1645562756196095 | 0.16125796741240217
-0.121132141541477 | -0.1645562756196095 | 0.16125796741240217 | 0.9906062923410501 | -0.0025586848710077437:-0.1245945035437015 | -0.17723574541133935 | 0.15724244380438668
-0.1245945035437015 | -0.17723574541133935 | 0.15724244380438668 | 0.9906062923410501 | -0.0025586848710077437:-0.12802236300445258 | -0.18985890331479283 | 0.15231443468271655
-0.12802236300445258 | -0.18985890331479283 | 0.15231443468271655 | 0.9906062923410501 | -0.0025586848710077437:-0.13141590520160218 | -0.20236469340830832 | 0.14647335235140346
-0.13141590520160218 | -0.20236469340830832 | 0.14647335235140346 | 0.9906062923410501 | -0.0025586848710077437:-0.13477531224035544 | -0.21469206386405526 | 0.13972246478928385
-0.13477531224035544 | -0.21469206386405526 | 0.13972246478928385 | 0.9906062923410501 | -0.0025586848710077437:-0.138100763686257 | -0.22678019909031688 | 0.13206888343170498
-0.138100763686257 | -0.22678019909031688 | 0.13206888343170498 | 0.9906062923410501 | -0.0025586848710077437:-0.1413924371925812 | -0.23856875016434964 | 0.12352353753345025
-0.1413924371925812 | -0.23856875016434964 | 0.12352353753345025 | 0.9906062923410501 | -0.0025586848710077437:-0.14465050912018862 | -0.24999806280762815 | 0.11410113527592536
-0.14465050912018862 | -0.24999806280762815 | 0.11410113527592536 | 0.9906062923410501 | -0.0025586848710077437:-0.14787515514796468 | -0.2610094021682956 | 0.10382011182200479
-0.14787515514796468 | -0.2610094021682956 | 0.10382011182200479 | 0.9906062923410501 | -0.0025586848710077437:-0.15106655087200505 | -0.2715451736907317 | 0.0927025645613675
-0.15106655087200505 | -0.2715451736907317 | 0.0927025645613675 | -0.7276166540416751 | 0.24141260361957761:-0.1529400891040118 | -0.2735781979460903 | 0.10650819394711775
-0.1529400891040118 | -0.2735781979460903 | 0.10650819394711775 | -0.7276166540416751 | 0.24141260361957761:-0.15458623463265253 | -0.2749699340817804 | 0.1206153027401724
-0.15458623463265253 | -0.2749699340817804 | 0.1206153027401724 | -0.7276166540416751 | 0.24141260361957761:-0.1559997433414324 | -0.2757035647309154 | 0.13498961755512706
-0.1559997433414324 | -0.2757035647309154 | 0.13498961755512706 | -0.7276166540416751 | 0.24141260361957761:-0.15717590955551275 | -0.2757638846241699 | 0.1495960521215327
-0.15717590955551275 | -0.2757638846241699 | 0.1495960521215327 | -0.7276166540416751 | 0.24141260361957761:-0.1581105757127932 | -0.2751373311877856 | 0.16439878892219273
-0.1581105757127932 | -0.2751373311877856 | 0.16439878892219273 | 0.18013972839362857 | -0.10003487037718695:-0.161775921760547 | -0.28158049139254526 | 0.1640182262928116
-0.161775921760547 | -0.28158049139254526 | 0.1640182262928116 | 0.18013972839362857 | -0.10003487037718695:-0.16542454126082706 | -0.28799585949725515 | 0.16347369842467963
-0.16542454126082706 | -0.28799585949725515 | 0.16347369842467963 | 0.18013972839362857 | -0.10003487037718695:-0.16905532787129163 | -0.29438142052152116 | 0.1627667154607737
-0.16905532787129163 | -0.29438142052152116 | 0.1627667154607737 | 0.18013972839362857 | -0.10003487037718695:-0.17266719159281863 | -0.3007351889929746 | 0.1618988056434727
-0.17266719159281863 | -0.3007351889929746 | 0.1618988056434727 | 0.18013972839362857 | -0.10003487037718695:-0.17625905874358105 | -0.3070552089011427 | 0.16087151483728146
-0.17625905874358105 | -0.3070552089011427 | 0.16087151483728146 | 0.26672884834229627 | -0.405454282615735:-0.18221984528593005 | -0.3140318556219128 | 0.15556390531478215
-0.18221984528593005 | -0.3140318556219128 | 0.15556390531478215 | 0.26672884834229627 | -0.405454282615735:-0.18808816928015126 | -0.32091986245330606 | 0.14989852303929396
-0.18808816928015126 | -0.32091986245330606 | 0.14989852303929396 | 0.26672884834229627 | -0.405454282615735:-0.193853721067895 | -0.32771271915747846 | 0.14387988839850507
-0.193853721067895 | -0.32771271915747846 | 0.14387988839850507 | 0.26672884834229627 | -0.405454282615735:-0.1995063458690458 | -0.33440401192248714 | 0.13751288754394952
-0.1995063458690458 | -0.33440401192248714 | 0.13751288754394952 | 0.26672884834229627 | -0.405454282615735:-0.20503605195314378 | -0.340987428814179 | 0.13080276546329817
-0.20503605195314378 | -0.340987428814179 | 0.13080276546329817 | -0.035149003889212604 | 0.7322299670835928:-0.2028653086027168 | -0.34548530992824666 | 0.14074500188803984
-0.2028653086027168 | -0.34548530992824666 | 0.14074500188803984 | -0.035149003889212604 | 0.7322299670835928:-0.20023210413777992 | -0.3499150696296436 | 0.15069729071136706
-0.20023210413777992 | -0.3499150696296436 | 0.15069729071136706 | -0.035149003889212604 | 0.7322299670835928:-0.19713425206868873 | -0.3542770432406286 | 0.16063793514722668
-0.19713425206868873 | -0.3542770432406286 | 0.16063793514722668 | -0.035149003889212604 | 0.7322299670835928:-0.1935705524849869 | -0.358571608762432 | 0.1705451463794665
-0.1935705524849869 | -0.358571608762432 | 0.1705451463794665 | -0.035149003889212604 | 0.7322299670835928:-0.1895407937076996 | -0.3627991870386822 | 0.18039708702820345
-0.1895407937076996 | -0.3627991870386822 | 0.18039708702820345 | -0.07736456501989641 | -0.9317729388707734:-0.20024579067651427 | -0.36657257984414215 | 0.17490932952120541
-0.20024579067651427 | -0.36657257984414215 | 0.17490932952120541 | -0.07736456501989641 | -0.9317729388707734:-0.21075643520026333 | -0.37031422490407806 | 0.16882437456385713
-0.21075643520026333 | -0.37031422490407806 | 0.16882437456385713 | -0.07736456501989641 | -0.9317729388707734:-0.2210388147371667 | -0.37402741897907177 | 0.16214959507793303
-0.2210388147371667 | -0.37402741897907177 | 0.16214959507793303 | -0.07736456501989641 | -0.9317729388707734:-0.23105936569592966 | -0.37771542886971154 | 0.15489426699591924
-0.23105936569592966 | -0.37771542886971154 | 0.15489426699591924 | -0.07736456501989641 | -0.9317729388707734:-0.24078497673552235 | -0.38138148284826734 | 0.14706954874145772
-0.24078497673552235 | -0.38138148284826734 | 0.14706954874145772 | -0.07736456501989641 | -0.9317729388707734:-0.2501830907331284 | -0.38502876218980475 | 0.13868845521234796
-0.2501830907331284 | -0.38502876218980475 | 0.13868845521234796 | -0.07736456501989641 | -0.9317729388707734:-0.25922180513746973 | -0.3886603928264236 | 0.12976582635417344
-0.25922180513746973 | -0.3886603928264236 | 0.12976582635417344 | -0.07736456501989641 | -0.9317729388707734:-0.2678699704303069 | -0.3922794371478062 | 0.12031829042694575
-0.2678699704303069 | -0.3922794371478062 | 0.12031829042694575 | -0.07736456501989641 | -0.9317729388707734:-0.2760972864252844 | -0.3958888859708303 | 0.11036422208097818
-0.2760972864252844 | -0.3958888859708303 | 0.11036422208097818 | -0.07736456501989641 | -0.9317729388707734:-0.2838743961402681 | -0.39949165070035697 | 0.09992369537180856
-0.2838743961402681 | -0.39949165070035697 | 0.09992369537180856 | -0.21806755762274643 | -0.8036990397805659:-0.2907107870001635 | -0.4023596082976617 | 0.09371213244192766
-0.2907107870001635 | -0.4023596082976617 | 0.09371213244192766 | -0.21806755762274643 | -0.8036990397805659:-0.29730092499506355 | -0.405245066139706 | 0.08718101824497637
-0.29730092499506355 | -0.405245066139706 | 0.08718101824497637 | -0.21806755762274643 | -0.8036990397805659:-0.3036288339524944 | -0.40815289088143736 | 0.08034075895746007
-0.3036288339524944 | -0.40815289088143736 | 0.08034075895746007 | -0.21806755762274643 | -0.8036990397805659:-0.3096790093070947 | -0.4110878210192155 | 0.0732025940792731
-0.3096790093070947 | -0.4110878210192155 | 0.0732025940792731 | -0.21806755762274643 | -0.8036990397805659:-0.31543645658316244 | -0.41405445636544513 | 0.06577857207897608
-0.31543645658316244 | -0.41405445636544513 | 0.06577857207897608 | -0.8257225469296192 | -0.26222775544210264:-0.3193625320722564 | -0.41471017266025 | 0.07938230198266005
-0.3193625320722564 | -0.41471017266025 | 0.07938230198266005 | -0.8257225469296192 | -0.26222775544210264:-0.32344915156816967 | -0.4147343440123308 | 0.09305598626479394
-0.32344915156816967 | -0.4147343440123308 | 0.09305598626479394 | -0.8257225469296192 | -0.26222775544210264:-0.32769840629918434 | -0.41412099747959275 | 0.10676760907837313
-0.32769840629918434 | -0.41412099747959275 | 0.10676760907837313 | -0.8257225469296192 | -0.26222775544210264:-0.33211189826917753 | -0.4128656804349333 | 0.12048478407656127
-0.33211189826917753 | -0.4128656804349333 | 0.12048478407656127 | -0.8257225469296192 | -0.26222775544210264:-0.3366907354005555 | -0.41096547763481084 | 0.13417483408268716
-0.3366907354005555 | -0.41096547763481084 | 0.13417483408268716 | -0.8257225469296192 | -0.26222775544210264:-0.34143552787270615 | -0.40841902453624357 | 0.14780487147932142
-0.34143552787270615 | -0.40841902453624357 | 0.14780487147932142 | -0.8257225469296192 | -0.26222775544210264:-0.34634638566193665 | -0.4052265168397362 | 0.16134187912482822
-0.34634638566193665 | -0.4052265168397362 | 0.16134187912482822 | -0.8257225469296192 | -0.26222775544210264:-0.35142291728606523 | -0.4013897162440223 | 0.17475279160528778
-0.35142291728606523 | -0.4013897162440223 | 0.17475279160528778 | -0.8257225469296192 | -0.26222775544210264:-0.356664229754049 | -0.3969119524075566 | 0.18800457662974068
-0.356664229754049 | -0.3969119524075566 | 0.18800457662974068 | -0.8257225469296192 | -0.26222775544210264:-0.3620689297183546 | -0.39179812112002566 | 0.20106431637708155
-0.3620689297183546 | -0.39179812112002566 | 0.20106431637708155 | 0.5046333751254881 | 0.056364634482425346:-0.3642549728165623 | -0.39973770264771247 | 0.19358406496661296
-0.3642549728165623 | -0.39973770264771247 | 0.19358406496661296 | 0.5046333751254881 | 0.056364634482425346:-0.3664315441791306 | -0.40749136453561263 | 0.18583001293825774
-0.3664315441791306 | -0.40749136453561263 | 0.18583001293825774 | 0.5046333751254881 | 0.056364634482425346:-0.3685999424207118 | -0.4150501535843141 | 0.177807539398394
-0.3685999424207118 | -0.4150501535843141 | 0.177807539398394 | 0.5046333751254881 | 0.056364634482425346:-0.37076144305628667 | -0.42240529252429226 | 0.16952229886389247
-0.37076144305628667 | -0.42240529252429226 | 0.16952229886389247 | 0.5046333751254881 | 0.056364634482425346:-0.37291729768075754 | -0.42954818771177017 | 0.1609802152247326
-0.37291729768075754 | -0.42954818771177017 | 0.1609802152247326 | 0.8989193740016685 | -0.5819729962968245:-0.3794830471825694 | -0.43936484750880567 | 0.13151110989585213
-0.3794830471825694 | -0.43936484750880567 | 0.13151110989585213 | 0.8989193740016685 | -0.5819729962968245:-0.38517158948202024 | -0.44785450570874374 | 0.10123276929970437
-0.38517158948202024 | -0.44785450570874374 | 0.10123276929970437 | 0.8989193740016685 | -0.5819729962968245:-0.3899552365179133 | -0.4549723002103434 | 0.07023381534068385
-0.3899552365179133 | -0.4549723002103434 | 0.07023381534068385 | 0.8989193740016685 | -0.5819729962968245:-0.39380909191125824 | -0.46067760853670237 | 0.038606154938978676
-0.39380909191125824 | -0.46067760853670237 | 0.038606154938978676 | 0.8989193740016685 | -0.5819729962968245:-0.39671115495227127 | -0.46493421512973754 | 0.006444683299132947
-0.39671115495227127 | -0.46493421512973754 | 0.006444683299132947 | 0.8989193740016685 | -0.5819729962968245:-0.39864241492364627 | -0.46771046397239857 | -0.02615302420715082
-0.39864241492364627 | -0.46771046397239857 | -0.02615302420715082 | 0.8989193740016685 | -0.5819729962968245:-0.39958693542533297 | -0.4689793959983035 | -0.059087030498616855
-0.39958693542533297 | -0.4689793959983035 | -0.059087030498616855 | 0.8989193740016685 | -0.5819729962968245:-0.3995319284003891 | -0.46871887080018126 | -0.09225536450283478
-0.3995319284003891 | -0.46871887080018126 | -0.09225536450283478 | 0.8989193740016685 | -0.5819729962968245:-0.3984678175964156 | -0.46691167220216556 | -0.12555435702522466
-0.3984678175964156 | -0.46691167220216556 | -0.12555435702522466 | 0.8989193740016685 | -0.5819729962968245:-0.3963882912329204 | -0.4635455973156333 | -0.15887898363183695
-0.3963882912329204 | -0.4635455973156333 | -0.15887898363183695 | 0.8989193740016685 | -0.5819729962968245:-0.39329034368164173 | -0.45861352875435557 | -0.19212321338599025
-0.39329034368164173 | -0.45861352875435557 | -0.19212321338599025 | 0.8989193740016685 | -0.5819729962968245:-0.38917430600380243 | -0.4521134897415138 | -0.22518036225991267
-0.38917430600380243 | -0.4521134897415138 | -0.22518036225991267 | 0.8989193740016685 | -0.5819729962968245:-0.38404386522597633 | -0.4440486818988951 | -0.25794345002736563
-0.38404386522597633 | -0.4440486818988951 | -0.25794345002736563 | 0.8989193740016685 | -0.5819729962968245:-0.3779060722740013 | -0.43442750556682697 | -0.29030555943221437
-0.3779060722740013 | -0.43442750556682697 | -0.29030555943221437 | 0.8989193740016685 | -0.5819729962968245:-0.3707713385225624 | -0.4232635625619885 | -0.32216019642073057
-0.3707713385225624 | -0.4232635625619885 | -0.32216019642073057 | 0.9083242332403791 | 0.5204040068801468:-0.3815769270530289 | -0.4104144433076762 | -0.33307900089525866
-0.3815769270530289 | -0.4104144433076762 | -0.33307900089525866 | 0.9083242332403791 | 0.5204040068801468:-0.39267500759427776 | -0.3969777118283133 | -0.34314461228307813
-0.39267500759427776 | -0.3969777118283133 | -0.34314461228307813 | 0.9083242332403791 | 0.5204040068801468:-0.4040428748632898 | -0.3829926973915043 | -0.35231819072808435
-0.4040428748632898 | -0.3829926973915043 | -0.35231819072808435 | 0.9083242332403791 | 0.5204040068801468:-0.41565671810509386 | -0.3685007097130075 | -0.3605633830048287
-0.41565671810509386 | -0.3685007097130075 | -0.3605633830048287 | 0.9083242332403791 | 0.5204040068801468:-0.4274916917739269 | -0.3535449185849018 | -0.36784645254619086
-0.4274916917739269 | -0.3535449185849018 | -0.36784645254619086 | 0.9083242332403791 | 0.5204040068801468:-0.43952198976739965 | -0.3381702271197753 | -0.37413640149281235
-0.43952198976739965 | -0.3381702271197753 | -0.37413640149281235 | 0.9083242332403791 | 0.5204040068801468:-0.451720922980563 | -0.3224231390087766 | -0.3794050843628076
-0.451720922980563 | -0.3224231390087766 | -0.3794050843628076 | 0.9083242332403791 | 0.5204040068801468:-0.46406099993622973 | -0.30635162021025053 | -0.3836273129669614
-0.46406099993622973 | -0.30635162021025053 | -0.3836273129669614 | 0.9083242332403791 | 0.5204040068801468:-0.47651401023831497 | -0.2900049555031785 | -0.3867809522225665
-0.47651401023831497 | -0.2900049555031785 | -0.3867809522225665 | 0.9083242332403791 | 0.5204040068801468:-0.4890511105860931 | -0.2734336003557516 | -0.38884700654794013
-0.4890511105860931 | -0.2734336003557516 | -0.38884700654794013 | -0.23783974391564056 | -0.727718830250679:-0.47691455839715857 | -0.27933468045652177 | -0.40498285079750396
-0.47691455839715857 | -0.27933468045652177 | -0.40498285079750396 | -0.23783974391564056 | -0.727718830250679:-0.46411093410448956 | -0.2854362983863794 | -0.42063954545419247
-0.46411093410448956 | -0.2854362983863794 | -0.42063954545419247 | -0.23783974391564056 | -0.727718830250679:-0.4506575703193434 | -0.2917331722437666 | -0.43578694291634434
-0.4506575703193434 | -0.2917331722437666 | -0.43578694291634434 | -0.23783974391564056 | -0.727718830250679:-0.4365730279675475 | -0.29821961235158767 | -0.45039562467299543
-0.4365730279675475 | -0.29821961235158767 | -0.45039562467299543 | -0.23783974391564056 | -0.727718830250679:-0.42187706671435166 | -0.30488953061752255 | -0.4644369559742003
-0.42187706671435166 | -0.30488953061752255 | -0.4644369559742003 | -0.23783974391564056 | -0.727718830250679:-0.4065906132421837 | -0.31173645060393085 | -0.4778831391311815
-0.4065906132421837 | -0.31173645060393085 | -0.4778831391311815 | -0.23783974391564056 | -0.727718830250679:-0.39073572744000273 | -0.31875351828875154 | -0.49070726535502907
-0.39073572744000273 | -0.31875351828875154 | -0.49070726535502907 | -0.23783974391564056 | -0.727718830250679:-0.3743355665662733 | -0.3259335134976027 | -0.5028833650454683
-0.3743355665662733 | -0.3259335134976027 | -0.5028833650454683 | -0.23783974391564056 | -0.727718830250679:-0.3574143474510194 | -0.33326886198625516 | -0.5143864564440785
-0.3574143474510194 | -0.33326886198625516 | -0.5143864564440785 | -0.23783974391564056 | -0.727718830250679:-0.3399973068054294 | -0.3407516481515742 | -0.5251925925694212
-0.3399973068054294 | -0.3407516481515742 | -0.5251925925694212 | -0.23783974391564056 | -0.727718830250679:-0.32211065971061004 | -0.3483736283479928 | -0.5352789063546659
-0.32211065971061004 | -0.3483736283479928 | -0.5352789063546659 | -0.23783974391564056 | -0.727718830250679:-0.30378155635996507 | -0.35612624478563504 | -0.54462365391161
-0.30378155635996507 | -0.35612624478563504 | -0.54462365391161 | -0.23783974391564056 | -0.727718830250679:-0.2850380371324448 | -0.3640006399853277 | -0.5532062558483548
-0.2850380371324448 | -0.3640006399853277 | -0.5532062558483548 | -0.23783974391564056 | -0.727718830250679:-0.2659089860765569 | -0.37198767176472813 | -0.5610073365714361
-0.2659089860765569 | -0.37198767176472813 | -0.5610073365714361 | -0.23783974391564056 | -0.727718830250679:-0.24642408288750062 | -0.38007792872910784 | -0.568008761506786
-0.24642408288750062 | -0.38007792872910784 | -0.568008761506786 | -0.23783974391564056 | -0.727718830250679:-0.22661375346212154 | -0.38826174623942933 | -0.5741936721776199
-0.22661375346212154 | -0.38826174623942933 | -0.5741936721776199 | -0.23783974391564056 | -0.727718830250679:-0.20650911911864966 | -0.39652922282974146 | -0.5795465190811262
-0.20650911911864966 | -0.39652922282974146 | -0.5795465190811262 | -0.23783974391564056 | -0.727718830250679:-0.18614194457009958 | -0.40487023704501013 | -0.5840530923097116
-0.18614194457009958 | -0.40487023704501013 | -0.5840530923097116 | -0.23783974391564056 | -0.727718830250679:-0.16554458474222855 | -0.4132744646701383 | -0.5877005498665024
-0.16554458474222855 | -0.4132744646701383 | -0.5877005498665024 | -0.23783974391564056 | -0.727718830250679:-0.14474993052860086 | -0.421731396320169 | -0.5904774436288198
-0.14474993052860086 | -0.421731396320169 | -0.5904774436288198 | 0.18014907034949013 | 0.6860615293236159:-0.16562560211909982 | -0.41785932351571375 | -0.5910083373914192
-0.16562560211909982 | -0.41785932351571375 | -0.5910083373914192 | 0.18014907034949013 | 0.6860615293236159:-0.1865705979426977 | -0.4139494702885216 | -0.590759437281192
-0.1865705979426977 | -0.4139494702885216 | -0.590759437281192 | 0.18014907034949013 | 0.6860615293236159:-0.20755645631534492 | -0.4100094503480278 | -0.5897263315838375
-0.20755645631534492 | -0.4100094503480278 | -0.5897263315838375 | 0.18014907034949013 | 0.6860615293236159:-0.22855452699690915 | -0.4060469304047061 | -0.5879057410512818
-0.22855452699690915 | -0.4060469304047061 | -0.5879057410512818 | 0.18014907034949013 | 0.6860615293236159:-0.24953601364347122 | -0.40206961907304617 | -0.5852955262646038
-0.24953601364347122 | -0.40206961907304617 | -0.5852955262646038 | 0.6487233826581553 | -0.013421214291587935:-0.24995334845682748 | -0.3841349170070316 | -0.6001600667595559
-0.24995334845682748 | -0.3841349170070316 | -0.6001600667595559 | 0.6487233826581553 | -0.013421214291587935:-0.2503515841213897 | -0.3656512335928994 | -0.6144556923735411
-0.2503515841213897 | -0.3656512335928994 | -0.6144556923735411 | 0.6487233826581553 | -0.013421214291587935:-0.25073119755616347 | -0.3466374606388811 | -0.628162215150323
-0.25073119755616347 | -0.3466374606388811 | -0.628162215150323 | 0.6487233826581553 | -0.013421214291587935:-0.2510926797452697 | -0.3271132188619674 | -0.6412601038099499
-0.2510926797452697 | -0.3271132188619674 | -0.6412601038099499 | 0.6487233826581553 | -0.013421214291587935:-0.2514365352485797 | -0.3070988342614882 | -0.6537305094056975
-0.2514365352485797 | -0.3070988342614882 | -0.6537305094056975 | 0.8836325086965386 | 0.958504803712547:-0.2839559269249108 | -0.2787804589829932 | -0.6558562490832163
-0.2839559269249108 | -0.2787804589829932 | -0.6558562490832163 | 0.8836325086965386 | 0.958504803712547:-0.31656717588668215 | -0.2502985257828456 | -0.655141967845756
-0.31656717588668215 | -0.2502985257828456 | -0.655141967845756 | 0.8836325086965386 | 0.958504803712547:-0.3491313891307257 | -0.22178093450943237 | -0.6515740271639796
-0.3491313891307257 | -0.22178093450943237 | -0.6515740271639796 | 0.8836325086965386 | 0.958504803712547:-0.3815091023875752 | -0.1933563893623429 | -0.6451514313782667
-0.3815091023875752 | -0.1933563893623429 | -0.6451514313782667 | 0.8836325086965386 | 0.958504803712547:-0.41356090717895455 | -0.16515382224081776 | -0.6358858906766276
-0.41356090717895455 | -0.16515382224081776 | -0.6358858906766276 | 0.8836325086965386 | 0.958504803712547:-0.4451480799718439 | -0.1373018128859158 | -0.6238018264394452
-0.4451480799718439 | -0.1373018128859158 | -0.6238018264394452 | 0.8836325086965386 | 0.958504803712547:-0.4761332105526961 | -0.10992800846400286 | -0.6089363187643286
-0.4761332105526961 | -0.10992800846400286 | -0.6089363187643286 | 0.8836325086965386 | 0.958504803712547:-0.5063808267430403 | -0.0831585452468886 | -0.5913389962496645
-0.5063808267430403 | -0.0831585452468886 | -0.5913389962496645 | 0.8836325086965386 | 0.958504803712547:-0.5357580125897954 | -0.05711747503923448 | -0.5710718683806899
-0.5357580125897954 | -0.05711747503923448 | -0.5710718683806899 | 0.8836325086965386 | 0.958504803712547:-0.5641350171876738 | -0.03192619898685223 | -0.5482091011258028
-0.5641350171876738 | -0.03192619898685223 | -0.5482091011258028 | 0.011367011416086426 | 0.8744214938410899:-0.589144978127564 | -0.03170004327376574 | -0.5244598317798452
-0.589144978127564 | -0.03170004327376574 | -0.5244598317798452 | 0.011367011416086426 | 0.8744214938410899:-0.6131367985284157 | -0.031485736032713874 | -0.4995559006232497
-0.6131367985284157 | -0.031485736032713874 | -0.4995559006232497 | 0.011367011416086426 | 0.8744214938410899:-0.6360568656303656 | -0.03128399734006848 | -0.47354194358995727
-0.6360568656303656 | -0.03128399734006848 | -0.47354194358995727 | 0.011367011416086426 | 0.8744214938410899:-0.6578535717595813 | -0.031095521813227833 | -0.44646508655469574
-0.6578535717595813 | -0.031095521813227833 | -0.44646508655469574 | 0.011367011416086426 | 0.8744214938410899:-0.678477429382859 | -0.03092097709004804 | -0.41837485310733413
-0.678477429382859 | -0.03092097709004804 | -0.41837485310733413 | 0.011367011416086426 | 0.8744214938410899:-0.6978811818372179 | -0.0307610023630005 | -0.38932306705745034
-0.6978811818372179 | -0.0307610023630005 | -0.38932306705745034 | 0.011367011416086426 | 0.8744214938410899:-0.7160199094960547 | -0.030616206971181725 | -0.35936374987472774
-0.7160199094960547 | -0.030616206971181725 | -0.35936374987472774 | 0.011367011416086426 | 0.8744214938410899:-0.7328511311434056 | -0.03048716905320248 | -0.328553013281514
-0.7328511311434056 | -0.03048716905320248 | -0.328553013281514 | 0.011367011416086426 | 0.8744214938410899:-0.7483349003380155 | -0.030374434263883643 | -0.29694894722393883
-0.7483349003380155 | -0.030374434263883643 | -0.29694894722393883 | 0.011367011416086426 | 0.8744214938410899:-0.7624338965598341 | -0.030278514557529945 | -0.2646115034577292
-0.7624338965598341 | -0.030278514557529945 | -0.2646115034577292 | -0.21471706366686982 | 0.6014639668497985:-0.7718697671427037 | -0.033196436032390864 | -0.2418009663578502
-0.7718697671427037 | -0.033196436032390864 | -0.2418009663578502 | -0.21471706366686982 | 0.6014639668497985:-0.7806125014230076 | -0.03587461746263898 | -0.21862554280950164
-0.7806125014230076 | -0.03587461746263898 | -0.21862554280950164 | -0.21471706366686982 | 0.6014639668497985:-0.7886497092740328 | -0.038308448513845406 | -0.1951094845304091
-0.7886497092740328 | -0.038308448513845406 | -0.1951094845304091 | -0.21471706366686982 | 0.6014639668497985:-0.7959697753601702 | -0.040493593507591186 | -0.17127750744639414
-0.7959697753601702 | -0.040493593507591186 | -0.17127750744639414 | -0.21471706366686982 | 0.6014639668497985:-0.802561873871845 | -0.04242599682781645 | -0.14715476334164634
-0.802561873871845 | -0.04242599682781645 | -0.14715476334164634 | 0.715817815844763 | -0.8790693041318711:-0.7970390994091829 | -0.0372163008826476 | -0.18411053163352165
-0.7970390994091829 | -0.0372163008826476 | -0.18411053163352165 | 0.715817815844763 | -0.8790693041318711:-0.7898695567028398 | -0.030672087447605634 | -0.22065369618316666
-0.7898695567028398 | -0.030672087447605634 | -0.22065369618316666 | 0.715817815844763 | -0.8790693041318711:-0.7810721993211658 | -0.022806460292663644 | -0.25666179849328685
-0.7810721993211658 | -0.022806460292663644 | -0.25666179849328685 | 0.715817815844763 | -0.8790693041318711:-0.7706714872384453 | -0.013637031760410423 | -0.2920137002291803
-0.7706714872384453 | -0.013637031760410423 | -0.2920137002291803 | 0.715817815844763 | -0.8790693041318711:-0.75869732213242 | -0.0031858774986517346 | -0.3265899983685081
-0.75869732213242 | -0.0031858774986517346 | -0.3265899983685081 | 0.6652773496066895 | 0.25732175470515006:-0.7644422131264008 | 0.0076936998847187965 | -0.3173942151969271
-0.7644422131264008 | 0.0076936998847187965 | -0.3173942151969271 | 0.6652773496066895 | 0.25732175470515006:-0.7700560144362427 | 0.018283223323479092 | -0.3077404771591006
-0.7700560144362427 | 0.018283223323479092 | -0.3077404771591006 | 0.6652773496066895 | 0.25732175470515006:-0.775532683305677 | 0.028566467966513187 | -0.29764008705784306
-0.775532683305677 | 0.028566467966513187 | -0.29764008705784306 | 0.6652773496066895 | 0.25732175470515006:-0.7808663290799345 | 0.03852759546411022 | -0.2871050029184161
-0.7808663290799345 | 0.03852759546411022 | -0.2871050029184161 | 0.6652773496066895 | 0.25732175470515006:-0.7860512220334286 | 0.04815117701343752 | -0.2761478222377107
-0.7860512220334286 | 0.04815117701343752 | -0.2761478222377107 | 0.5285127913439824 | 0.27565591796333844:-0.7913295203772108 | 0.05554080128671757 | -0.26444266126274485
-0.7913295203772108 | 0.05554080128671757 | -0.26444266126274485 | 0.5285127913439824 | 0.27565591796333844:-0.7964346498014052 | 0.06263111605295535 | -0.2524450140166188
-0.7964346498014052 | 0.06263111605295535 | -0.2524450140166188 | 0.5285127913439824 | 0.27565591796333844:-0.801362384245877 | 0.06941359075559461 | -0.24016540546334042
-0.801362384245877 | 0.06941359075559461 | -0.24016540546334042 | 0.5285127913439824 | 0.27565591796333844:-0.8061086511139379 | 0.07587998792679684 | -0.22761466657424378
-0.8061086511139379 | 0.07587998792679684 | -0.22761466657424378 | 0.5285127913439824 | 0.27565591796333844:-0.8106695356818463 | 0.08202237175407845 | -0.21480392366934353
-0.8106695356818463 | 0.08202237175407845 | -0.21480392366934353 | -0.7053891859065846 | 0.09802283877630913:-0.813241892697306 | 0.07453584067322083 | -0.21398566337877867
-0.813241892697306 | 0.07453584067322083 | -0.21398566337877867 | -0.7053891859065846 | 0.09802283877630913:-0.8157956989241129 | 0.0670674207947286 | -0.21288458260824683
-0.8157956989241129 | 0.0670674207947286 | -0.21288458260824683 | -0.7053891859065846 | 0.09802283877630913:-0.8183296694422992 | 0.05962747259739132 | -0.21150118845562105
-0.8183296694422992 | 0.05962747259739132 | -0.21150118845562105 | -0.7053891859065846 | 0.09802283877630913:-0.8208425207707108 | 0.052226342025420536 | -0.20983637704671665
-0.8208425207707108 | 0.052226342025420536 | -0.20983637704671665 | -0.7053891859065846 | 0.09802283877630913:-0.8233329728860923 | 0.0448743460568366 | -0.2078914329363677
-0.8233329728860923 | 0.0448743460568366 | -0.2078914329363677 | 0.9298954037881992 | -0.9366560980630665:-0.8142361354889687 | 0.054584118532794434 | -0.24432978756892965
-0.8142361354889687 | 0.054584118532794434 | -0.24432978756892965 | 0.9298954037881992 | -0.9366560980630665:-0.803430836434103 | 0.06599566793623524 | -0.27986885153641694
-0.803430836434103 | 0.06599566793623524 | -0.27986885153641694 | 0.9298954037881992 | -0.9366560980630665:-0.7909625176916393 | 0.07906775856217507 | -0.31434839637881495
-0.7909625176916393 | 0.07906775856217507 | -0.31434839637881495 | 0.9298954037881992 | -0.9366560980630665:-0.7768841520976082 | 0.09375157862708505 | -0.34761241113425
-0.7768841520976082 | 0.09375157862708505 | -0.34761241113425 | 0.9298954037881992 | -0.9366560980630665:-0.7612560270503081 | 0.10999093843792451 | -0.37950981575687237
-0.7612560270503081 | 0.10999093843792451 | -0.37950981575687237 | 0.6477652522694561 | 0.3790880720851184:-0.7695156124007667 | 0.12242555875617 | -0.3618525899113827
-0.7695156124007667 | 0.12242555875617 | -0.3618525899113827 | 0.6477652522694561 | 0.3790880720851184:-0.7774297400138579 | 0.1342989532375043 | -0.3436118263913883
-0.7774297400138579 | 0.1342989532375043 | -0.3436118263913883 | 0.6477652522694561 | 0.3790880720851184:-0.7849870800728667 | 0.14559115936480538 | -0.3248125354746172
-0.7849870800728667 | 0.14559115936480538 | -0.3248125354746172 | 0.6477652522694561 | 0.3790880720851184:-0.7921767963686221 | 0.15628304549086636 | -0.3054806285661975
-0.7921767963686221 | 0.15628304549086636 | -0.3054806285661975 | 0.6477652522694561 | 0.3790880720851184:-0.798988563790104 | 0.1663563413220004 | -0.28564288025031814
-0.798988563790104 | 0.1663563413220004 | -0.28564288025031814 | 0.8089389540107697 | -0.823853829176785:-0.788065857615706 | 0.17804875364445394 | -0.31183657409805576
