0.0 | 0.0 | 0.0 | 0.8089389540107697 | -0.823853829176785:-4.11473623079237E-4 | -4.0435920367642986E-4 | 0.009983345285620062
-4.11473623079237E-4 | -4.0435920367642986E-4 | 0.009983345285620062 | 0.8089389540107697 | -0.823853829176785:-0.0016342667237687633 | -0.0016073513513117366 | 0.019767538893575458
-0.0016342667237687633 | -0.0016073513513117366 | 0.019767538893575458 | 0.8089389540107697 | -0.823853829176785:-0.003647082670473331 | -0.003590023124779851 | 0.029256792766095878
-0.003647082670473331 | -0.003590023124779851 | 0.029256792766095878 | 0.8089389540107697 | -0.823853829176785:-0.00642362996332752 | -0.006328455530114185 | 0.038358337511129284
-0.00642362996332752 | -0.006328455530114185 | 0.038358337511129284 | 0.8089389540107697 | -0.823853829176785:-0.009932822283726423 | -0.009793950690574649 | 0.046982898805363105
-0.009932822283726423 | -0.009793950690574649 | 0.046982898805363105 | 0.8089389540107697 | -0.823853829176785:-0.01413899993918533 | -0.013953240101899356 | 0.05504515133513346
-0.01413899993918533 | -0.013953240101899356 | 0.05504515133513346 | 0.8089389540107697 | -0.823853829176785:-0.019002171457187488 | -0.018768713162971906 | 0.062464148446257056
-0.019002171457187488 | -0.018768713162971906 | 0.062464148446257056 | 0.8089389540107697 | -0.823853829176785:-0.024478274007978564 | -0.02419866472022436 | 0.06916372579888913
-0.024478274007978564 | -0.02419866472022436 | 0.06916372579888913 | -0.14372824667127926 | -0.7550499694388371:-0.030312011181155424 | -0.026531875603324595 | 0.07652782525283885
-0.030312011181155424 | -0.026531875603324595 | 0.07652782525283885 | -0.14372824667127926 | -0.7550499694388371:-0.03669139808624311 | -0.028725632340845575 | 0.08349471200451741
-0.03669139808624311 | -0.028725632340845575 | 0.08349471200451741 | -0.14372824667127926 | -0.7550499694388371:-0.04359105185403994 | -0.030784999960674186 | 0.09003435453921349
-0.04359105185403994 | -0.030784999960674186 | 0.09003435453921349 | -0.14372824667127926 | -0.7550499694388371:-0.050984256730184585 | -0.032715299150779975 | 0.09611821961577316
-0.050984256730184585 | -0.032715299150779975 | 0.09611821961577316 | -0.14372824667127926 | -0.7550499694388371:-0.05884304199516141 | -0.03452209165777398 | 0.10171932659798366
-0.05884304199516141 | -0.03452209165777398 | 0.10171932659798366 | -0.14372824667127926 | -0.7550499694388371:-0.06713826177959836 | -0.03621116531033919 | 0.10681229787696511
-0.06713826177959836 | -0.03621116531033919 | 0.10681229787696511 | -0.14372824667127926 | -0.7550499694388371:-0.07583967659614743 | -0.0377885187013427 | 0.11137340532574846
-0.07583967659614743 | -0.0377885187013427 | 0.11137340532574846 | -0.14372824667127926 | -0.7550499694388371:-0.08491603640793932 | -0.03926034556270963 | 0.11538061273526212
-0.08491603640793932 | -0.03926034556270963 | 0.11538061273526212 | -0.14372824667127926 | -0.7550499694388371:-0.0943351650526455 | -0.04063301886735515 | 0.11881361418900571
-0.0943351650526455 | -0.04063301886735515 | 0.11881361418900571 | -0.14372824667127926 | -0.7550499694388371:-0.10406404584054751 | -0.04191307469261529 | 0.12165386834172698
-0.10406404584054751 | -0.04191307469261529 | 0.12165386834172698 | -0.5549875464795035 | 0.7777264713957579:-0.10421559385238344 | -0.0404641170400426 | 0.13311315701078752
-0.10421559385238344 | -0.0404641170400426 | 0.13311315701078752 | -0.5549875464795035 | 0.7777264713957579:-0.1036215582404002 | -0.03850207077545775 | 0.14469984999664587
-0.1036215582404002 | -0.03850207077545775 | 0.14469984999664587 | -0.5549875464795035 | 0.7777264713957579:-0.10227483343240651 | -0.03602082981216137 | 0.15635166259955025
-0.10227483343240651 | -0.03602082981216137 | 0.15635166259955025 | -0.5549875464795035 | 0.7777264713957579:-0.10017151264528712 | -0.03301656722747448 | 0.1680059443873796
-0.10017151264528712 | -0.03301656722747448 | 0.1680059443873796 | -0.5549875464795035 | 0.7777264713957579:-0.09731088806161847 | -0.029487738596590596 | 0.17959991161757238
-0.09731088806161847 | -0.029487738596590596 | 0.17959991161757238 | -0.5549875464795035 | 0.7777264713957579:-0.09369544036465638 | -0.025435077716860377 | 0.19107087848298798
-0.09369544036465638 | -0.025435077716860377 | 0.19107087848298798 | -0.5549875464795035 | 0.7777264713957579:-0.08933081775101814 | -0.02086158479785527 | 0.20235648647597015
-0.08933081775101814 | -0.02086158479785527 | 0.20235648647597015 | -0.5549875464795035 | 0.7777264713957579:-0.08422580457014206 | -0.015772507213959397 | 0.21339493117664965
-0.08422580457014206 | -0.015772507213959397 | 0.21339493117664965 | -0.5549875464795035 | 0.7777264713957579:-0.07839227976868002 | -0.010175312937171999 | 0.2241251857850921
-0.07839227976868002 | -0.010175312937171999 | 0.2241251857850921 | -0.5549875464795035 | 0.7777264713957579:-0.07184516534628549 | -0.004079656788213759 | 0.234487220732281
-0.07184516534628549 | -0.004079656788213759 | 0.234487220732281 | -0.6051298661552029 | 0.4683432674038923:-0.06837565607052754 | 0.00310868676749676 | 0.24338663810525407
-0.06837565607052754 | 0.00310868676749676 | 0.24338663810525407 | -0.6051298661552029 | 0.4683432674038923:-0.06451466504871228 | 0.010779587213005648 | 0.25194752252675645
-0.06451466504871228 | 0.010779587213005648 | 0.25194752252675645 | -0.6051298661552029 | 0.4683432674038923:-0.060273433683770916 | 0.018919318304336574 | 0.2601358462135841
-0.060273433683770916 | 0.018919318304336574 | 0.2601358462135841 | -0.6051298661552029 | 0.4683432674038923:-0.055664198839567636 | 0.027512849887449953 | 0.26791856163482786
-0.055664198839567636 | 0.027512849887449953 | 0.26791856163482786 | -0.6051298661552029 | 0.4683432674038923:-0.05070015991085586 | 0.036543889380719285 | 0.27526367388596196
-0.05070015991085586 | 0.036543889380719285 | 0.27526367388596196 | 0.2716349377935825 | 0.3781261540873795:-0.0466346689511099 | 0.03363613520178954 | 0.2836780786437201
-0.0466346689511099 | 0.03363613520178954 | 0.2836780786437201 | 0.2716349377935825 | 0.3781261540873795:-0.04226796754347495 | 0.03051137434763751 | 0.2919344867538447
-0.04226796754347495 | 0.03051137434763751 | 0.2919344867538447 | 0.2716349377935825 | 0.3781261540873795:-0.03760537659422969 | 0.027173341405498208 | 0.300020631529037
-0.03760537659422969 | 0.027173341405498208 | 0.300020631529037 | 0.2716349377935825 | 0.3781261540873795:-0.03265249259409231 | 0.0236259707079296 | 0.3079245013035701
-0.03265249259409231 | 0.0236259707079296 | 0.3079245013035701 | 0.2716349377935825 | 0.3781261540873795:-0.027415180345388368 | 0.01987339116303466 | 0.3156343475595307
-0.027415180345388368 | 0.01987339116303466 | 0.3156343475595307 | 0.2716349377935825 | 0.3781261540873795:-0.02189956555747896 | 0.0159199209881562 | 0.32313869277366525
-0.02189956555747896 | 0.0159199209881562 | 0.32313869277366525 | 0.2716349377935825 | 0.3781261540873795:-0.016112027316887545 | 0.011770062351647015 | 0.3304263379823533
-0.016112027316887545 | 0.011770062351647015 | 0.3304263379823533 | 0.2716349377935825 | 0.3781261540873795:-0.010059190438557408 | 0.007428495927329637 | 0.3374863700624404
-0.010059190438557408 | 0.007428495927329637 | 0.3374863700624404 | 0.2716349377935825 | 0.3781261540873795:-0.0037479177046986223 | 0.0029000753662571377 | 0.3443081687258598
-0.0037479177046986223 | 0.0029000753662571377 | 0.3443081687258598 | 0.2716349377935825 | 0.3781261540873795:0.00281469800234202 | -0.0018101783095996193 | 0.3508814132261877
0.00281469800234202 | -0.0018101783095996193 | 0.3508814132261877 | -0.24156637137404813 | -0.49900153579246487:-0.006049569529368526 | 0.0024728204946331545 | 0.35732863701607087
-0.006049569529368526 | 0.0024728204946331545 | 0.35732863701607087 | -0.24156637137404813 | -0.49900153579246487:-0.0152297488991886 | 0.006910526062215316 | 0.36342991061357743
-0.0152297488991886 | 0.006910526062215316 | 0.36342991061357743 | -0.24156637137404813 | -0.49900153579246487:-0.02471365785208368 | 0.01149712724909624 | 0.36917149835293195
-0.02471365785208368 | 0.01149712724909624 | 0.36917149835293195 | -0.24156637137404813 | -0.49900153579246487:-0.034488710904100994 | 0.016226614510601367 | 0.37454019022466056
-0.034488710904100994 | 0.016226614510601367 | 0.37454019022466056 | -0.24156637137404813 | -0.49900153579246487:-0.04454193694495956 | 0.021092788345735913 | 0.3795233146368844
-0.04454193694495956 | 0.021092788345735913 | 0.3795233146368844 | -0.24156637137404813 | -0.49900153579246487:-0.05485999711850731 | 0.026089267880122557 | 0.38410875049414805
-0.05485999711850731 | 0.026089267880122557 | 0.38410875049414805 | -0.24156637137404813 | -0.49900153579246487:-0.06542920296086896 | 0.03120949957783159 | 0.38828493858784086
-0.06542920296086896 | 0.03120949957783159 | 0.38828493858784086 | -0.24156637137404813 | -0.49900153579246487:-0.07623553477605327 | 0.036446766072350645 | 0.39204089229294325
-0.07623553477605327 | 0.036446766072350645 | 0.39204089229294325 | -0.24156637137404813 | -0.49900153579246487:-0.0872646602287519 | 0.04179419510690363 | 0.3953662075665427
-0.0872646602287519 | 0.04179419510690363 | 0.3953662075665427 | -0.24156637137404813 | -0.49900153579246487:-0.0985019531340603 | 0.047244768574333795 | 0.39825107224423384
-0.0985019531340603 | 0.047244768574333795 | 0.39825107224423384 | -0.24156637137404813 | -0.49900153579246487:-0.1099325124238466 | 0.05279133164675609 | 0.4006862746311963
-0.1099325124238466 | 0.05279133164675609 | 0.4006862746311963 | -0.24156637137404813 | -0.49900153579246487:-0.12154118126952174 | 0.05842660198519156 | 0.40266321138543404
-0.12154118126952174 | 0.05842660198519156 | 0.40266321138543404 | -0.24156637137404813 | -0.49900153579246487:-0.13331256634100885 | 0.06414317901941546 | 0.404173894691338
-0.13331256634100885 | 0.06414317901941546 | 0.404173894691338 | -0.24156637137404813 | -0.49900153579246487:-0.1452310571817521 | 0.06993355328826922 | 0.4052109587223871
-0.1452310571817521 | 0.06993355328826922 | 0.4052109587223871 | -0.24156637137404813 | -0.49900153579246487:-0.15728084567969658 | 0.07579011583072226 | 0.4057676653924762
-0.15728084567969658 | 0.07579011583072226 | 0.4057676653924762 | -0.24156637137404813 | -0.49900153579246487:-0.16944594561425008 | 0.08170516761800872 | 0.4058379093960305
-0.16944594561425008 | 0.08170516761800872 | 0.4058379093960305 | -0.24156637137404813 | -0.49900153579246487:-0.18171021225934814 | 0.0876709290172093 | 0.40541622253769205
-0.18171021225934814 | 0.0876709290172093 | 0.40541622253769205 | -0.24156637137404813 | -0.49900153579246487:-0.19405736202286583 | 0.09367954927670685 | 0.4044977773530398
-0.19405736202286583 | 0.09367954927670685 | 0.4044977773530398 | -0.24156637137404813 | -0.49900153579246487:-0.20647099210276076 | 0.09972311602400857 | 0.4030783900224115
-0.20647099210276076 | 0.09972311602400857 | 0.4030783900224115 | -0.24156637137404813 | -0.49900153579246487:-0.21893460014048394 | 0.10579366476649493 | 0.40115452258056195
-0.21893460014048394 | 0.10579366476649493 | 0.40115452258056195 | 0.4967882967595798 | -0.396287331811773:-0.22945719319179947 | 0.09688181589167733 | 0.4037598331807626
-0.22945719319179947 | 0.09688181589167733 | 0.4037598331807626 | 0.4967882967595798 | -0.396287331811773:-0.2400878914663318 | 0.08778573262179215 | 0.4058628878459931
-0.2400878914663318 | 0.08778573262179215 | 0.4058628878459931 | 0.4967882967595798 | -0.396287331811773:-0.25081453827311684 | 0.078520955999856 | 0.4074537295936942
-0.25081453827311684 | 0.078520955999856 | 0.4074537295936942 | 0.4967882967595798 | -0.396287331811773:-0.2616247440706845 | 0.06910332446257095 | 0.4085231850418829
-0.2616247440706845 | 0.06910332446257095 | 0.4085231850418829 | 0.4967882967595798 | -0.396287331811773:-0.27250590564874244 | 0.05954894998826407 | 0.40906287666326335
-0.27250590564874244 | 0.05954894998826407 | 0.40906287666326335 | 0.20934374339561357 | -0.00955526913777116:-0.2754824344058555 | 0.055827575779660604 | 0.4137096890047971
-0.2754824344058555 | 0.055827575779660604 | 0.4137096890047971 | 0.20934374339561357 | -0.00955526913777116:-0.27843533342730176 | 0.05200882646894919 | 0.41827840836345587
-0.27843533342730176 | 0.05200882646894919 | 0.41827840836345587 | 0.20934374339561357 | -0.00955526913777116:-0.28136480526987206 | 0.04809440506789395 | 0.42276791284620785
-0.28136480526987206 | 0.04809440506789395 | 0.42276791284620785 | 0.20934374339561357 | -0.00955526913777116:-0.28427104950779647 | 0.04408601861258127 | 0.4271771085471592
-0.28427104950779647 | 0.04408601861258127 | 0.4271771085471592 | 0.20934374339561357 | -0.00955526913777116:-0.2871542627754735 | 0.039985377841259995 | 0.4315049294092148
-0.2871542627754735 | 0.039985377841259995 | 0.4315049294092148 | 0.20934374339561357 | -0.00955526913777116:-0.2900146388097449 | 0.035794196875808315 | 0.43575033708379607
-0.2900146388097449 | 0.035794196875808315 | 0.43575033708379607 | 0.20934374339561357 | -0.00955526913777116:-0.2928523684917401 | 0.031514192906809346 | 0.43991232078878184
-0.2928523684917401 | 0.031514192906809346 | 0.43991232078878184 | 0.20934374339561357 | -0.00955526913777116:-0.2956676398882685 | 0.02714708588221787 | 0.4439898971645917
-0.2956676398882685 | 0.02714708588221787 | 0.4439898971645917 | 0.20934374339561357 | -0.00955526913777116:-0.2984606382927879 | 0.022694598199599902 | 0.4479821101285708
-0.2984606382927879 | 0.022694598199599902 | 0.4479821101285708 | 0.20934374339561357 | -0.00955526913777116:-0.3012315462659316 | 0.018158454401927038 | 0.4518880307276376
-0.3012315462659316 | 0.018158454401927038 | 0.4518880307276376 | 0.20934374339561357 | -0.00955526913777116:-0.3039805436756069 | 0.013540380876906954 | 0.4557067569892723
-0.3039805436756069 | 0.013540380876906954 | 0.4557067569892723 | 0.20934374339561357 | -0.00955526913777116:-0.3067078077366787 | 0.008842105559831448 | 0.45943741377090674
-0.3067078077366787 | 0.008842105559831448 | 0.45943741377090674 | 0.20934374339561357 | -0.00955526913777116:-0.309413513050222 | 0.004065357639924105 | 0.46307915260769406
-0.309413513050222 | 0.004065357639924105 | 0.46307915260769406 | 0.20934374339561357 | -0.00955526913777116:-0.3120978316423564 | -7.881327298321916E-4 | 0.46663115155879353
-0.3120978316423564 | -7.881327298321916E-4 | 0.46663115155879353 | 0.20934374339561357 | -0.00955526913777116:-0.31476093300267394 | -0.005716634719406644 | 0.4700926150521063
-0.31476093300267394 | -0.005716634719406644 | 0.4700926150521063 | 0.20934374339561357 | -0.00955526913777116:-0.317402984122241 | -0.01071841710498922 | 0.4734627737275865
-0.317402984122241 | -0.01071841710498922 | 0.4734627737275865 | 0.20934374339561357 | -0.00955526913777116:-0.3200241495312124 | -0.015791748548836304 | 0.47674088427914185
-0.3200241495312124 | -0.015791748548836304 | 0.47674088427914185 | 0.20934374339561357 | -0.00955526913777116:-0.32262459133602484 | -0.020934897875713065 | 0.4799262292951134
-0.32262459133602484 | -0.020934897875713065 | 0.4799262292951134 | 0.20934374339561357 | -0.00955526913777116:-0.3252044692561942 | -0.026146134345950478 | 0.483018117097469
-0.3252044692561942 | -0.026146134345950478 | 0.483018117097469 | 0.20934374339561357 | -0.00955526913777116:-0.3277639406607218 | -0.031423727925138256 | 0.48601588157965736
-0.3277639406607218 | -0.031423727925138256 | 0.48601588157965736 | -0.12017745898167909 | -0.622779542865765:-0.3451532017785386 | -0.028703267971575686 | 0.47910226035739356
-0.3451532017785386 | -0.028703267971575686 | 0.47910226035739356 | -0.12017745898167909 | -0.622779542865765:-0.3623961995953682 | -0.02600248322458723 | 0.47152612837087915
-0.3623961995953682 | -0.02600248322458723 | 0.47152612837087915 | -0.12017745898167909 | -0.622779542865765:-0.3794682252946515 | -0.023326217770435587 | 0.463291095062349
-0.3794682252946515 | -0.023326217770435587 | 0.463291095062349 | -0.12017745898167909 | -0.622779542865765:-0.3963446960302175 | -0.02067929357082801 | 0.4544017143562158
-0.3963446960302175 | -0.02067929357082801 | 0.4544017143562158 | -0.12017745898167909 | -0.622779542865765:-0.4130011888177112 | -0.01806650391162387 | 0.4448634785524703
-0.4130011888177112 | -0.01806650391162387 | 0.4448634785524703 | 0.2804448813024989 | 0.5164452162699222:-0.4039806766809573 | -0.024459662857379688 | 0.45802449341273643
-0.4039806766809573 | -0.024459662857379688 | 0.45802449341273643 | 0.2804448813024989 | 0.5164452162699222:-0.3945237387357956 | -0.03107599862392077 | 0.47089078950863694
-0.3945237387357956 | -0.03107599862392077 | 0.47089078950863694 | 0.2804448813024989 | 0.5164452162699222:-0.3846384217242811 | -0.0379114250765607 | 0.4834445970210055
-0.3846384217242811 | -0.0379114250765607 | 0.4834445970210055 | 0.2804448813024989 | 0.5164452162699222:-0.37433331429255645 | -0.044961558035886535 | 0.4956684598043495
-0.37433331429255645 | -0.044961558035886535 | 0.4956684598043495 | 0.2804448813024989 | 0.5164452162699222:-0.36361753663766727 | -0.052221720771604765 | 0.5075452559091609
-0.36361753663766727 | -0.052221720771604765 | 0.5075452559091609 | 0.2804448813024989 | 0.5164452162699222:-0.35250072958709744 | -0.05968694980738171 | 0.5190582176600245
-0.35250072958709744 | -0.05968694980738171 | 0.5190582176600245 | 0.2804448813024989 | 0.5164452162699222:-0.34099304312557166 | -0.0673520010289167 | 0.5301909512702636
-0.34099304312557166 | -0.0673520010289167 | 0.5301909512702636 | 0.2804448813024989 | 0.5164452162699222:-0.3291051243841352 | -0.07521135608722396 | 0.5409274559743835
-0.3291051243841352 | -0.07521135608722396 | 0.5409274559743835 | 0.2804448813024989 | 0.5164452162699222:-0.316848105107006 | -0.08325922908884814 | 0.551252142660239
-0.316848105107006 | -0.08325922908884814 | 0.551252142660239 | 0.2804448813024989 | 0.5164452162699222:-0.30423358861209593 | -0.09148957356449683 | 0.5611498519834228
-0.30423358861209593 | -0.09148957356449683 | 0.5611498519834228 | -0.0875549274455314 | 0.6714319444422536:-0.286784623680731 | -0.08952249905753284 | 0.5745876110769501
-0.286784623680731 | -0.08952249905753284 | 0.5745876110769501 | -0.0875549274455314 | 0.6714319444422536:-0.268773501203853 | -0.08747806771877453 | 0.5874444485149013
-0.268773501203853 | -0.08747806771877453 | 0.5874444485149013 | -0.0875549274455314 | 0.6714319444422536:-0.25022063069110345 | -0.08535891777825166 | 0.5996971580296062
-0.25022063069110345 | -0.08535891777825166 | 0.5996971580296062 | -0.0875549274455314 | 0.6714319444422536:-0.23114732645580105 | -0.08316780686046321 | 0.6113233087943541
-0.23114732645580105 | -0.08316780686046321 | 0.6113233087943541 | -0.0875549274455314 | 0.6714319444422536:-0.2115757774245708 | -0.0809076081260175 | 0.622301279834204
-0.2115757774245708 | -0.0809076081260175 | 0.622301279834204 | -0.0875549274455314 | 0.6714319444422536:-0.19152901571634828 | -0.07858130625012327 | 0.632610293222065
-0.19152901571634828 | -0.07858130625012327 | 0.632610293222065 | -0.0875549274455314 | 0.6714319444422536:-0.17103088403868583 | -0.0761919932440911 | 0.6422304460174431
-0.17103088403868583 | -0.0761919932440911 | 0.6422304460174431 | -0.0875549274455314 | 0.6714319444422536:-0.1501060019506717 | -0.07374286412618669 | 0.6511427409070052
-0.1501060019506717 | -0.07374286412618669 | 0.6511427409070052 | -0.0875549274455314 | 0.6714319444422536:-0.1287797310431209 | -0.07123721244835557 | 0.659329115508001
-0.1287797310431209 | -0.07123721244835557 | 0.659329115508001 | -0.0875549274455314 | 0.6714319444422536:-0.10707813908793895 | -0.06867842568550286 | 0.6667724702976443
-0.10707813908793895 | -0.06867842568550286 | 0.6667724702976443 | -0.0875549274455314 | 0.6714319444422536:-0.08502796320964734 | -0.06606998049416934 | 0.6734566951335523
-0.08502796320964734 | -0.06606998049416934 | 0.6734566951335523 | -0.0875549274455314 | 0.6714319444422536:-0.06265657213330655 | -0.06341543784759063 | 0.6793666943323586
-0.06265657213330655 | -0.06341543784759063 | 0.6793666943323586 | -0.0875549274455314 | 0.6714319444422536:-0.03999192756388226 | -0.06071843805426558 | 0.6844884102756907
-0.03999192756388226 | -0.06071843805426558 | 0.6844884102756907 | -0.0875549274455314 | 0.6714319444422536:-0.017062544753233766 | -0.05798269566728198 | 0.6888088455149344
-0.017062544753233766 | -0.05798269566728198 | 0.6888088455149344 | -0.0875549274455314 | 0.6714319444422536:0.006102547688367821 | -0.05521199429177237 | 0.6923160833481319
0.006102547688367821 | -0.05521199429177237 | 0.6923160833481319 | -0.8217697521466327 | -0.8161166362458134:-0.022311605567935544 | -0.02684472336589039 | 0.6967216979961606
-0.022311605567935544 | -0.02684472336589039 | 0.6967216979961606 | -0.8217697521466327 | -0.8161166362458134:-0.050956386862775815 | 0.0018049108452165008 | 0.6987617798737986
-0.050956386862775815 | 0.0018049108452165008 | 0.6987617798737986 | -0.8217697521466327 | -0.8161166362458134:-0.07973177887178196 | 0.030636730439198567 | 0.6984096710224392
-0.07973177887178196 | 0.030636730439198567 | 0.6984096710224392 | -0.8217697521466327 | -0.8161166362458134:-0.10853657678061879 | 0.059549185661873505 | 0.6956472931339448
-0.10853657678061879 | 0.059549185661873505 | 0.6956472931339448 | -0.8217697521466327 | -0.8161166362458134:-0.13726875954036188 | 0.08843972636497499 | 0.6904652628201404
-0.13726875954036188 | 0.08843972636497499 | 0.6904652628201404 | 0.4160273152159759 | 0.8337250031489094:-0.10874792044429427 | 0.07436222123733116 | 0.7001294619528906
-0.10874792044429427 | 0.07436222123733116 | 0.7001294619528906 | 0.4160273152159759 | 0.8337250031489094:-0.07973856951235092 | 0.0600248651832096 | 0.7082949567148233
-0.07973856951235092 | 0.0600248651832096 | 0.7082949567148233 | 0.4160273152159759 | 0.8337250031489094:-0.05030547929602136 | 0.045459665164428564 | 0.714931352093032
-0.05030547929602136 | 0.045459665164428564 | 0.714931352093032 | 0.4160273152159759 | 0.8337250031489094:-0.020514844158601164 | 0.030699374440704474 | 0.7200118051878732
-0.020514844158601164 | 0.030699374440704474 | 0.7200118051878732 | 0.4160273152159759 | 0.8337250031489094:0.009565878688526652 | 0.01577741410452016 | 0.7235131067764229
0.009565878688526652 | 0.01577741410452016 | 0.7235131067764229 | 0.6386173303942451 | -0.8436016010085596:-0.021037102362218008 | -0.00735707810402908 | 0.7261689386144212
-0.021037102362218008 | -0.00735707810402908 | 0.7261689386144212 | 0.6386173303942451 | -0.8436016010085596:-0.05180795554372608 | -0.03065154384080282 | 0.7267570217221575
-0.05180795554372608 | -0.03065154384080282 | 0.7267570217221575 | 0.6386173303942451 | -0.8436016010085596:-0.08265632124354738 | -0.0540378470705849 | 0.7252609545940203
-0.08265632124354738 | -0.0540378470705849 | 0.7252609545940203 | 0.6386173303942451 | -0.8436016010085596:-0.11349105762936773 | -0.07744715950890657 | 0.7216706065317666
-0.11349105762936773 | -0.07744715950890657 | 0.7216706065317666 | 0.6386173303942451 | -0.8436016010085596:-0.1442205207269005 | -0.10081017166234085 | 0.7159821783326237
-0.1442205207269005 | -0.10081017166234085 | 0.7159821783326237 | 0.42877396869768103 | -0.2450474922328727:-0.1534984731456177 | -0.11654937356611428 | 0.7143724425871483
-0.1534984731456177 | -0.11654937356611428 | 0.7143724425871483 | 0.42877396869768103 | -0.2450474922328727:-0.16277703780409425 | -0.13230004827771014 | 0.7122706243991317
-0.16277703780409425 | -0.13230004827771014 | 0.7122706243991317 | 0.42877396869768103 | -0.2450474922328727:-0.1720494140990816 | -0.14805025588830434 | 0.7096756904003456
-0.1720494140990816 | -0.14805025588830434 | 0.7096756904003456 | 0.42877396869768103 | -0.2450474922328727:-0.18130878925577676 | -0.16378803154507438 | 0.7065869951799328
-0.18130878925577676 | -0.16378803154507438 | 0.7065869951799328 | 0.42877396869768103 | -0.2450474922328727:-0.19054834370748353 | -0.17950139485704053 | 0.7030042815073259
-0.19054834370748353 | -0.17950139485704053 | 0.7030042815073259 | 0.42877396869768103 | -0.2450474922328727:-0.19976125646445198 | -0.19517835928516947 | 0.6989276802606028
-0.19976125646445198 | -0.19517835928516947 | 0.6989276802606028 | 0.42877396869768103 | -0.2450474922328727:-0.20894071046805962 | -0.21080694151004886 | 0.6943577100615315
-0.20894071046805962 | -0.21080694151004886 | 0.6943577100615315 | 0.42877396869768103 | -0.2450474922328727:-0.21807989792658944 | -0.22637517077048175 | 0.6892952766190348
-0.21807989792658944 | -0.22637517077048175 | 0.6892952766190348 | 0.42877396869768103 | -0.2450474922328727:-0.22717202562877858 | -0.24187109816641872 | 0.683741671782677
-0.22717202562877858 | -0.24187109816641872 | 0.683741671782677 | 0.42877396869768103 | -0.2450474922328727:-0.2362103202315069 | -0.2572828059196892 | 0.6776985723081239
-0.2362103202315069 | -0.2572828059196892 | 0.6776985723081239 | 0.42877396869768103 | -0.2450474922328727:-0.24518803351785579 | -0.272598416586074 | 0.6711680383367664
-0.24518803351785579 | -0.272598416586074 | 0.6711680383367664 | 0.42877396869768103 | -0.2450474922328727:-0.2540984476219492 | -0.28780610221231306 | 0.6641525115916735
-0.2540984476219492 | -0.28780610221231306 | 0.6641525115916735 | 0.42877396869768103 | -0.2450474922328727:-0.262934880216978 | -0.3028940934317199 | 0.6566548132924979
-0.262934880216978 | -0.3028940934317199 | 0.6566548132924979 | 0.42877396869768103 | -0.2450474922328727:-0.2716906896627833 | -0.31785068849215126 | 0.6486781417918621
-0.2716906896627833 | -0.31785068849215126 | 0.6486781417918621 | 0.42877396869768103 | -0.2450474922328727:-0.2803592801096002 | -0.3326642622101499 | 0.6402260699361193
-0.2803592801096002 | -0.3326642622101499 | 0.6402260699361193 | 0.7741300758574363 | 0.026924007735580124:-0.28033104240598306 | -0.3582324693796517 | 0.6290812979693214
-0.28033104240598306 | -0.3582324693796517 | 0.6290812979693214 | 0.7741300758574363 | 0.026924007735580124:-0.28030858406404846 | -0.3834092027777656 | 0.6168969123920931
-0.28030858406404846 | -0.3834092027777656 | 0.6168969123920931 | 0.7741300758574363 | 0.026924007735580124:-0.2802934695991972 | -0.4081516506124583 | 0.6036872058845546
-0.2802934695991972 | -0.4081516506124583 | 0.6036872058845546 | 0.7741300758574363 | 0.026924007735580124:-0.280287242244718 | -0.43241755416166416 | 0.589468247248135
-0.280287242244718 | -0.43241755416166416 | 0.589468247248135 | 0.7741300758574363 | 0.026924007735580124:-0.28029142141743435 | -0.45616528133960266 | 0.5742578584965088
-0.28029142141743435 | -0.45616528133960266 | 0.5742578584965088 | -0.3909519649288684 | -0.149266212568538:-0.2854141605808209 | -0.4460709670466452 | 0.582546365239935
-0.2854141605808209 | -0.4460709670466452 | 0.582546365239935 | -0.3909519649288684 | -0.149266212568538:-0.2906012416705579 | -0.4357733987243595 | 0.59059908267011
-0.2906012416705579 | -0.4357733987243595 | 0.59059908267011 | -0.3909519649288684 | -0.149266212568538:-0.2958508378960225 | -0.42527763375187533 | 0.5984107277425181
-0.2958508378960225 | -0.42527763375187533 | 0.5984107277425181 | -0.3909519649288684 | -0.149266212568538:-0.30116107774037815 | -0.41458884469316715 | 0.6059761482552659
-0.30116107774037815 | -0.41458884469316715 | 0.6059761482552659 | -0.3909519649288684 | -0.149266212568538:-0.3065300461449816 | -0.40371231625337245 | 0.613290325524261
-0.3065300461449816 | -0.40371231625337245 | 0.613290325524261 | 0.6985037156357596 | 0.6367767851794792:-0.28805008286408196 | -0.425972243129376 | 0.6098360800773293
-0.28805008286408196 | -0.425972243129376 | 0.6098360800773293 | 0.6985037156357596 | 0.6367767851794792:-0.2696583713954013 | -0.4481404122836192 | 0.6049887332724069
-0.2696583713954013 | -0.4481404122836192 | 0.6049887332724069 | 0.6985037156357596 | 0.6367767851794792:-0.2514007188349474 | -0.4701666861385476 | 0.5987529820074684
-0.2514007188349474 | -0.4701666861385476 | 0.5987529820074684 | 0.6985037156357596 | 0.6367767851794792:-0.23332277543724445 | -0.4920010389118392 | 0.5911368628357963
-0.23332277543724445 | -0.4920010389118392 | 0.5911368628357963 | 0.6985037156357596 | 0.6367767851794792:-0.21546992341768245 | -0.5135936787722031 | 0.5821517429380236
-0.21546992341768245 | -0.5135936787722031 | 0.5821517429380236 | 0.6985037156357596 | 0.6367767851794792:-0.19788716618129598 | -0.5348951696702482 | 0.5718123029050304
-0.19788716618129598 | -0.5348951696702482 | 0.5718123029050304 | 0.6985037156357596 | 0.6367767851794792:-0.18061901825104698 | -0.5558565525442436 | 0.5601365113661387
-0.18061901825104698 | -0.5558565525442436 | 0.5601365113661387 | 0.6985037156357596 | 0.6367767851794792:-0.16370939616688318 | -0.5764294656022386 | 0.547145591517392
-0.16370939616688318 | -0.5764294656022386 | 0.547145591517392 | 0.6985037156357596 | 0.6367767851794792:-0.14720151062454434 | -0.5965662633842257 | 0.5328639796241674
-0.14720151062454434 | -0.5965662633842257 | 0.5328639796241674 | 0.6985037156357596 | 0.6367767851794792:-0.1311377601199517 | -0.6162201343110851 | 0.5173192755924276
-0.1311377601199517 | -0.6162201343110851 | 0.5173192755924276 | 0.6985037156357596 | 0.6367767851794792:-0.11555962636132122 | -0.6353452164307445 | 0.5005421857221108
-0.11555962636132122 | -0.6353452164307445 | 0.5005421857221108 | 0.6985037156357596 | 0.6367767851794792:-0.10050757170685998 | -0.6538967110764187 | 0.4825664577752917
-0.10050757170685998 | -0.6538967110764187 | 0.4825664577752917 | 0.6985037156357596 | 0.6367767851794792:-0.0860209388808606 | -0.6718309941569132 | 0.4634288085108835
-0.0860209388808606 | -0.6718309941569132 | 0.4634288085108835 | 0.6985037156357596 | 0.6367767851794792:-0.07213785321555477 | -0.689105724804751 | 0.4431688438553323
-0.07213785321555477 | -0.689105724804751 | 0.4431688438553323 | 0.6985037156357596 | 0.6367767851794792:-0.05889512765974203 | -0.7056799511143694 | 0.421828971897682
-0.05889512765974203 | -0.7056799511143694 | 0.421828971897682 | 0.6985037156357596 | 0.6367767851794792:-0.04632817078867291 | -0.7215142127096676 | 0.3994543089140592
-0.04632817078867291 | -0.7215142127096676 | 0.3994543089140592 | 0.6985037156357596 | 0.6367767851794792:-0.03447089804217285 | -0.736570639887983 | 0.37609257864409074
-0.03447089804217285 | -0.736570639887983 | 0.37609257864409074 | 0.6985037156357596 | 0.6367767851794792:-0.023355646410237796 | -0.75081304909585 | 0.3517940050580677
-0.023355646410237796 | -0.75081304909585 | 0.3517940050580677 | 0.6985037156357596 | 0.6367767851794792:-0.013013092776915869 | -0.7642070345008563 | 0.3266111988695002
-0.013013092776915869 | -0.7642070345008563 | 0.3266111988695002 | 0.6985037156357596 | 0.6367767851794792:-0.0034721761244220772 | -0.7767200554333513 | 0.3005990380629555
-0.0034721761244220772 | -0.7767200554333513 | 0.3005990380629555 | 0.6985037156357596 | 0.6367767851794792:0.0052399762099852865 | -0.7883215194818192 | 0.27381454272160966
0.0052399762099852865 | -0.7883215194818192 | 0.27381454272160966 | 0.6985037156357596 | 0.6367767851794792:0.013098118041572349 | -0.7989828610362508 | 0.24631674445276985
0.013098118041572349 | -0.7989828610362508 | 0.24631674445276985 | 0.6985037156357596 | 0.6367767851794792:0.020078949437724702 | -0.8086776150848642 | 0.21816655072285585
0.020078949437724702 | -0.8086776150848642 | 0.21816655072285585 | 0.6985037156357596 | 0.6367767851794792:0.02616117724771172 | -0.8173814860810502 | 0.18942660442542092
0.02616117724771172 | -0.8173814860810502 | 0.18942660442542092 | 0.6985037156357596 | 0.6367767851794792:0.031325570911889145 | -0.8250724117092894 | 0.16016113901775952
0.031325570911889145 | -0.8250724117092894 | 0.16016113901775952 | 0.6392464359833827 | 0.7476597380163139:0.036369698675237316 | -0.8313373500220642 | 0.13269870629017078
0.036369698675237316 | -0.8313373500220642 | 0.13269870629017078 | 0.6392464359833827 | 0.7476597380163139:0.04038362414411267 | -0.8367129198283862 | 0.10482597200913801
0.04038362414411267 | -0.8367129198283862 | 0.10482597200913801 | 0.6392464359833827 | 0.7476597380163139:0.04335171032968077 | -0.8411848158808439 | 0.07661097552194462
0.04335171032968077 | -0.8411848158808439 | 0.07661097552194462 | 0.6392464359833827 | 0.7476597380163139:0.04526093780966889 | -0.8447409520761759 | 0.048122837510518934
0.04526093780966889 | -0.8447409520761759 | 0.048122837510518934 | 0.6392464359833827 | 0.7476597380163139:0.046100944610230954 | -0.847371498354498 | 0.019431585657414985
0.046100944610230954 | -0.847371498354498 | 0.019431585657414985 | 0.32918898083411596 | 0.11184786275467307:0.04621302739180777 | -0.849085804465382 | 0.005233719372071732
0.04621302739180777 | -0.849085804465382 | 0.005233719372071732 | 0.32918898083411596 | 0.11184786275467307:0.04624465300246072 | -0.8505510563860739 | -0.009015984399937338
0.04624465300246072 | -0.8505510563860739 | -0.009015984399937338 | 0.32918898083411596 | 0.11184786275467307:0.04619542707787261 | -0.851766178488969 | -0.023312461887712743
0.04619542707787261 | -0.851766178488969 | -0.023312461887712743 | 0.32918898083411596 | 0.11184786275467307:0.046064987792068024 | -0.8527301894917372 | -0.03765063043536543
0.046064987792068024 | -0.8527301894917372 | -0.03765063043536543 | 0.32918898083411596 | 0.11184786275467307:0.04585300591014274 | -0.8534422026411477 | -0.05202539043675358
0.04585300591014274 | -0.8534422026411477 | -0.05202539043675358 | 0.32918898083411596 | 0.11184786275467307:0.04555918482952137 | -0.8539014258629294 | -0.06643162726903995
0.04555918482952137 | -0.8539014258629294 | -0.06643162726903995 | 0.32918898083411596 | 0.11184786275467307:0.04518326060977884 | -0.8541071618778773 | -0.08086421322462911
0.04518326060977884 | -0.8541071618778773 | -0.08086421322462911 | 0.32918898083411596 | 0.11184786275467307:0.04472500199105056 | -0.8540588082842433 | -0.09531800944068891
0.04472500199105056 | -0.8540588082842433 | -0.09531800944068891 | 0.32918898083411596 | 0.11184786275467307:0.04418421040109877 | -0.8537558576065081 | -0.10978786782594341
0.04418421040109877 | -0.8537558576065081 | -0.10978786782594341 | 0.32918898083411596 | 0.11184786275467307:0.04356071995107058 | -0.8531978973108494 | -0.12426863298368573
0.04356071995107058 | -0.8531978973108494 | -0.12426863298368573 | 0.32918898083411596 | 0.11184786275467307:0.04285439742000108 | -0.8523846097872081 | -0.1387551441309114
0.04285439742000108 | -0.8523846097872081 | -0.1387551441309114 | 0.32918898083411596 | 0.11184786275467307:0.042065142228125296 | -0.8513157722982996 | -0.1532422370125488
