0.0 | 0.0 | 0.0 | -0.10136256588028503 | -0.1228374427967518:-6.141754646185888E-5 | 5.0681065974500505E-5 | 0.00999968296070122
-6.141754646185888E-5 | 5.0681065974500505E-5 | 0.00999968296070122 | -0.10136256588028503 | -0.1228374427967518:-2.4443251542637594E-4 | 2.0170614979009294E-4 | 0.019897476407186396
-2.4443251542637594E-4 | 2.0170614979009294E-4 | 0.019897476407186396 | -0.10136256588028503 | -0.1228374427967518:-5.471954700767159E-4 | 4.515538412642739E-4 | 0.029692525612449464
-5.471954700767159E-4 | 4.515538412642739E-4 | 0.029692525612449464 | -0.10136256588028503 | -0.1228374427967518:-9.678664588245627E-4 | 7.987104620309493E-4 | 0.039384003402851586
-9.678664588245627E-4 | 7.987104620309493E-4 | 0.039384003402851586 | -0.10136256588028503 | -0.1228374427967518:-0.0015046150883669626 | 0.001241670126921779 | 0.048971109825449735
-0.0015046150883669626 | 0.001241670126921779 | 0.048971109825449735 | -0.10136256588028503 | -0.1228374427967518:-0.002155620594233422 | 0.0017789348032672958 | 0.05845307181790127
-0.002155620594233422 | 0.0017789348032672958 | 0.05845307181790127 | -0.10136256588028503 | -0.1228374427967518:-0.002919071908864061 | 0.002409014368151552 | 0.06782914288094191
-0.002919071908864061 | 0.002409014368151552 | 0.06782914288094191 | -0.10136256588028503 | -0.1228374427967518:-0.003793167727259192 | 0.003130426663653929 | 0.07709860275343394
-0.003793167727259192 | 0.003130426663653929 | 0.07709860275343394 | -0.10136256588028503 | -0.1228374427967518:-0.004776116570240241 | 0.00394169755011109 | 0.08626075708998121
-0.004776116570240241 | 0.00394169755011109 | 0.08626075708998121 | -0.10136256588028503 | -0.1228374427967518:-0.0058661368453615075 | 0.004841360957430818 | 0.09531493714110739
-0.0058661368453615075 | 0.004841360957430818 | 0.09531493714110739 | -0.16468542893098803 | -0.9758769215059024:-0.011499677247742538 | 0.006158163928461913 | 0.10384563284915282
-0.011499677247742538 | 0.006158163928461913 | 0.10384563284915282 | -0.16468542893098803 | -0.9758769215059024:-0.01796400751390753 | 0.007612975278850964 | 0.11192736223285304
-0.01796400751390753 | 0.007612975278850964 | 0.11192736223285304 | -0.16468542893098803 | -0.9758769215059024:-0.025224058516501557 | 0.009200166497108864 | 0.1194998059228588
-0.025224058516501557 | 0.009200166497108864 | 0.1194998059228588 | -0.16468542893098803 | -0.9758769215059024:-0.0332410718325615 | 0.010913475298924502 | 0.12650529184978132
-0.0332410718325615 | 0.010913475298924502 | 0.12650529184978132 | -0.16468542893098803 | -0.9758769215059024:-0.04197278184009123 | 0.012746035482006923 | 0.13288900733243114
-0.04197278184009123 | 0.012746035482006923 | 0.13288900733243114 | 0.49468831668923063 | -0.46926616467811133:-0.04785627517297558 | 0.010036661842258598 | 0.14026345252322492
-0.04785627517297558 | 0.010036661842258598 | 0.14026345252322492 | 0.49468831668923063 | -0.46926616467811133:-0.05406997779234882 | 0.006940900571080877 | 0.14729257247137717
-0.05406997779234882 | 0.006940900571080877 | 0.14729257247137717 | 0.49468831668923063 | -0.46926616467811133:-0.06060055132410841 | 0.003472851081088857 | 0.15395196534627686
-0.06060055132410841 | 0.003472851081088857 | 0.15395196534627686 | 0.49468831668923063 | -0.46926616467811133:-0.06743398108749188 | -3.5266529422139925E-4 | 0.16021822980265332
-0.06743398108749188 | -3.5266529422139925E-4 | 0.16021822980265332 | 0.49468831668923063 | -0.46926616467811133:-0.07455560896677182 | -0.0045201394813624285 | 0.16606900037599326
-0.07455560896677182 | -0.0045201394813624285 | 0.16606900037599326 | 0.49468831668923063 | -0.46926616467811133:-0.08195016704100999 | -0.009013409673075623 | 0.17148298078714008
-0.08195016704100999 | -0.009013409673075623 | 0.17148298078714008 | 0.49468831668923063 | -0.46926616467811133:-0.08960181191207117 | -0.013815697097211865 | 0.17643997512587228
-0.08960181191207117 | -0.013815697097211865 | 0.17643997512587228 | 0.49468831668923063 | -0.46926616467811133:-0.09749415967071029 | -0.018909642485152922 | 0.18092091688665324
-0.09749415967071029 | -0.018909642485152922 | 0.18092091688665324 | 0.49468831668923063 | -0.46926616467811133:-0.10561032144024451 | -0.02427734317629493 | 0.18490789583313916
-0.10561032144024451 | -0.02427734317629493 | 0.18490789583313916 | 0.49468831668923063 | -0.46926616467811133:-0.11393293943710447 | -0.029900390794843856 | 0.18838418267142254
-0.11393293943710447 | -0.029900390794843856 | 0.18838418267142254 | 0.3262279040033744 | -0.7331165639624535:-0.1249684620673146 | -0.034123294826960304 | 0.18999641846590576
-0.1249684620673146 | -0.034123294826960304 | 0.18999641846590576 | 0.3262279040033744 | -0.7331165639624535:-0.13624049193282217 | -0.03846401302858826 | 0.19089272768636745
-0.13624049193282217 | -0.03846401302858826 | 0.19089272768636745 | 0.3262279040033744 | -0.7331165639624535:-0.14771175738096654 | -0.04290602200295268 | 0.19105742089016786
-0.14771175738096654 | -0.04290602200295268 | 0.19105742089016786 | 0.3262279040033744 | -0.7331165639624535:-0.15934435893526278 | -0.047432501904718594 | 0.19047698790993195
-0.15934435893526278 | -0.047432501904718594 | 0.19047698790993195 | 0.3262279040033744 | -0.7331165639624535:-0.1710998699884676 | -0.05202638103882706 | 0.18914012207919573
-0.1710998699884676 | -0.05202638103882706 | 0.18914012207919573 | 0.3126213515778449 | 0.2251209393797713:-0.17377117091941652 | -0.056538645043342495 | 0.19562322886699324
-0.17377117091941652 | -0.056538645043342495 | 0.19562322886699324 | 0.3126213515778449 | 0.2251209393797713:-0.17626186010179068 | -0.061219524755189214 | 0.20203896176742964
-0.17626186010179068 | -0.061219524755189214 | 0.20203896176742964 | 0.3126213515778449 | 0.2251209393797713:-0.1785741247398902 | -0.06606686204415113 | 0.20838067074533306
-0.1785741247398902 | -0.06606686204415113 | 0.20838067074533306 | 0.3126213515778449 | 0.2251209393797713:-0.18071023442732814 | -0.07107837521737226 | 0.21464181790174042
-0.18071023442732814 | -0.07107837521737226 | 0.21464181790174042 | 0.3126213515778449 | 0.2251209393797713:-0.1826725391878763 | -0.07625166180164578 | 0.22081598017401216
-0.1826725391878763 | -0.07625166180164578 | 0.22081598017401216 | 0.3126213515778449 | 0.2251209393797713:-0.1844634674949921 | -0.08158420135517153 | 0.2268968519481458
-0.1844634674949921 | -0.08158420135517153 | 0.2268968519481458 | 0.3126213515778449 | 0.2251209393797713:-0.18608552427117342 | -0.08707335830719054 | 0.2328782475831126
-0.18608552427117342 | -0.08707335830719054 | 0.2328782475831126 | 0.3126213515778449 | 0.2251209393797713:-0.18754128886828791 | -0.09271638482392075 | 0.23875410384708218
-0.18754128886828791 | -0.09271638482392075 | 0.23875410384708218 | 0.3126213515778449 | 0.2251209393797713:-0.18883341303001444 | -0.09851042369922114 | 0.24451848226541983
-0.18883341303001444 | -0.09851042369922114 | 0.24451848226541983 | 0.3126213515778449 | 0.2251209393797713:-0.18996461883752902 | -0.10445251126841715 | 0.2501655713804034
-0.18996461883752902 | -0.10445251126841715 | 0.2501655713804034 | 0.3126213515778449 | 0.2251209393797713:-0.19093769663955795 | -0.11053958034373856 | 0.25568968892263566
-0.19093769663955795 | -0.11053958034373856 | 0.25568968892263566 | 0.3126213515778449 | 0.2251209393797713:-0.19175550296792254 | -0.1167684631698207 | 0.26108528389413976
-0.19175550296792254 | -0.1167684631698207 | 0.26108528389413976 | 0.3126213515778449 | 0.2251209393797713:-0.19242095843968032 | -0.12313589439773276 | 0.2663469385632
-0.19242095843968032 | -0.12313589439773276 | 0.2663469385632 | 0.3126213515778449 | 0.2251209393797713:-0.19293704564696945 | -0.129638514076011 | 0.2714693703710145
-0.19293704564696945 | -0.129638514076011 | 0.2714693703710145 | 0.3126213515778449 | 0.2251209393797713:-0.19330680703565228 | -0.1362728706571792 | 0.27644743375027936
-0.19330680703565228 | -0.1362728706571792 | 0.27644743375027936 | 0.3126213515778449 | 0.2251209393797713:-0.1935333427738435 | -0.1430354240182532 | 0.28127612185584017
-0.1935333427738435 | -0.1430354240182532 | 0.28127612185584017 | 0.3126213515778449 | 0.2251209393797713:-0.19361980861140538 | -0.14992254849373943 | 0.2859505682076051
-0.19361980861140538 | -0.14992254849373943 | 0.2859505682076051 | 0.3126213515778449 | 0.2251209393797713:-0.19356941373147674 | -0.15693053591964157 | 0.2904660482459187
-0.19356941373147674 | -0.15693053591964157 | 0.2904660482459187 | 0.3126213515778449 | 0.2251209393797713:-0.1933854185950974 | -0.16405559868701491 | 0.2948179807996514
-0.1933854185950974 | -0.16405559868701491 | 0.2948179807996514 | 0.3126213515778449 | 0.2251209393797713:-0.19307113277998145 | -0.17129387280360486 | 0.2990019294672752
-0.19307113277998145 | -0.17129387280360486 | 0.2990019294672752 | 0.3126213515778449 | 0.2251209393797713:-0.19262991281448372 | -0.17864142096213254 | 0.30301360391125165
-0.19262991281448372 | -0.17864142096213254 | 0.30301360391125165 | 0.3126213515778449 | 0.2251209393797713:-0.19206516000778429 | -0.18609423561379534 | 0.3068488610660385
-0.19206516000778429 | -0.18609423561379534 | 0.3068488610660385 | 0.3126213515778449 | 0.2251209393797713:-0.1913803182773206 | -0.19364824204556808 | 0.31050370626013724
-0.1913803182773206 | -0.19364824204556808 | 0.31050370626013724 | 0.3126213515778449 | 0.2251209393797713:-0.19057887197447965 | -0.20129930145990294 | 0.3139742942525281
-0.19057887197447965 | -0.20129930145990294 | 0.3139742942525281 | 0.3126213515778449 | 0.2251209393797713:-0.18966434370954488 | -0.20904321405544124 | 0.3172569301839694
-0.18966434370954488 | -0.20904321405544124 | 0.3172569301839694 | -0.8542402323173055 | -0.10502557205109952:-0.19396600538502184 | -0.1979522150107016 | 0.32929505650167634
-0.19396600538502184 | -0.1979522150107016 | 0.32929505650167634 | -0.8542402323173055 | -0.10502557205109952:-0.19832576522699252 | -0.18614238206599598 | 0.3408762053301668
-0.19832576522699252 | -0.18614238206599598 | 0.3408762053301668 | -0.8542402323173055 | -0.10502557205109952:-0.2027413025814475 | -0.17363409936506358 | 0.35196017973440874
-0.2027413025814475 | -0.17363409936506358 | 0.35196017973440874 | -0.8542402323173055 | -0.10502557205109952:-0.20721003818563766 | -0.16044985320954996 | 0.36250781547943944
-0.20721003818563766 | -0.16044985320954996 | 0.36250781547943944 | -0.8542402323173055 | -0.10502557205109952:-0.21172914126124187 | -0.1466141768638929 | 0.37248108732405427
-0.21172914126124187 | -0.1466141768638929 | 0.37248108732405427 | -0.8542402323173055 | -0.10502557205109952:-0.2162955372224653 | -0.13215359029005302 | 0.381843212251578
-0.2162955372224653 | -0.13215359029005302 | 0.381843212251578 | -0.8542402323173055 | -0.10502557205109952:-0.2209059159780633 | -0.11709653497797223 | 0.39055874940211055
-0.2209059159780633 | -0.11709653497797223 | 0.39055874940211055 | -0.8542402323173055 | -0.10502557205109952:-0.2255567408050263 | -0.10147330404797827 | 0.39859369647955845
-0.2255567408050263 | -0.10147330404797827 | 0.39859369647955845 | -0.8542402323173055 | -0.10502557205109952:-0.2302442577704884 | -0.08531596781129469 | 0.405915582416128
-0.2302442577704884 | -0.08531596781129469 | 0.405915582416128 | -0.8542402323173055 | -0.10502557205109952:-0.23496450567726512 | -0.06865829498423448 | 0.41249355608673177
-0.23496450567726512 | -0.06865829498423448 | 0.41249355608673177 | 0.5378632927057962 | -0.5783956646604633:-0.24941274339826158 | -0.08059025901989703 | 0.40790992692230255
-0.24941274339826158 | -0.08059025901989703 | 0.40790992692230255 | 0.5378632927057962 | -0.5783956646604633:-0.2638099004092975 | -0.09250223207592079 | 0.40244458299945407
-0.2638099004092975 | -0.09250223207592079 | 0.40244458299945407 | 0.5378632927057962 | -0.5783956646604633:-0.2781252366313698 | -0.10436549012991847 | 0.3960961756200856
-0.2781252366313698 | -0.10436549012991847 | 0.3960961756200856 | 0.5378632927057962 | -0.5783956646604633:-0.29232795124392297 | -0.11615122747052808 | 0.3888653467958747
-0.29232795124392297 | -0.11615122747052808 | 0.3888653467958747 | 0.5378632927057962 | -0.5783956646604633:-0.30638725035860936 | -0.12783061958596953 | 0.3807547312227051
-0.30638725035860936 | -0.12783061958596953 | 0.3807547312227051 | -0.3637916533380474 | 0.6046599647640787:-0.2975557330637493 | -0.12206822422369523 | 0.3959442737703043
-0.2975557330637493 | -0.12206822422369523 | 0.3959442737703043 | -0.3637916533380474 | 0.6046599647640787:-0.2881266006741807 | -0.1159493085062806 | 0.4108195571451567
-0.2881266006741807 | -0.1159493085062806 | 0.4108195571451567 | -0.3637916533380474 | 0.6046599647640787:-0.27810938554341824 | -0.10947926763500782 | 0.42534969708047043
-0.27810938554341824 | -0.10947926763500782 | 0.42534969708047043 | -0.3637916533380474 | 0.6046599647640787:-0.2675147463633607 | -0.10266417916126525 | 0.43950426427722533
-0.2675147463633607 | -0.10266417916126525 | 0.43950426427722533 | -0.3637916533380474 | 0.6046599647640787:-0.25635444988317957 | -0.09551079247195648 | 0.45325333822712466
-0.25635444988317957 | -0.09551079247195648 | 0.45325333822712466 | -0.3637916533380474 | 0.6046599647640787:-0.24464135082583915 | -0.08802651718149246 | 0.4665675600298691
-0.24464135082583915 | -0.08802651718149246 | 0.4665675600298691 | -0.3637916533380474 | 0.6046599647640787:-0.2323893700429629 | -0.0802194104541254 | 0.47941818412556714
-0.2323893700429629 | -0.0802194104541254 | 0.47941818412556714 | -0.3637916533380474 | 0.6046599647640787:-0.21961347095115613 | -0.07209816328187735 | 0.4917771288654009
-0.21961347095115613 | -0.07209816328187735 | 0.4917771288654009 | -0.3637916533380474 | 0.6046599647640787:-0.20632963429526363 | -0.06367208574473082 | 0.5036170258458199
-0.20632963429526363 | -0.06367208574473082 | 0.5036170258458199 | -0.3637916533380474 | 0.6046599647640787:-0.19255483128630324 | -0.05495109128114528 | 0.5149112679337904
-0.19255483128630324 | -0.05495109128114528 | 0.5149112679337904 | 0.930583524284762 | -0.09985727580558801:-0.19668819164572682 | -0.07948001104328206 | 0.514968187252741
-0.19668819164572682 | -0.07948001104328206 | 0.514968187252741 | 0.930583524284762 | -0.09985727580558801:-0.2008205484455683 | -0.10416849844560438 | 0.5137804400011312
-0.2008205484455683 | -0.10416849844560438 | 0.5137804400011312 | 0.930583524284762 | -0.09985727580558801:-0.20494515987778605 | -0.12895263139387136 | 0.5113344227440777
-0.20494515987778605 | -0.12895263139387136 | 0.5113344227440777 | 0.930583524284762 | -0.09985727580558801:-0.20905520026506608 | -0.15376764147069455 | 0.5076199095577643
-0.20905520026506608 | -0.15376764147069455 | 0.5076199095577643 | 0.930583524284762 | -0.09985727580558801:-0.2131437792353701 | -0.17854809146317585 | 0.502630097344742
-0.2131437792353701 | -0.17854809146317585 | 0.502630097344742 | -0.8333937425830791 | -0.8494642576401601:-0.23632886549164844 | -0.158621332559453 | 0.5038273738511272
-0.23632886549164844 | -0.158621332559453 | 0.5038273738511272 | -0.8333937425830791 | -0.8494642576401601:-0.25964732643166144 | -0.1384965085896921 | 0.5031401907969411
-0.25964732643166144 | -0.1384965085896921 | 0.5031401907969411 | -0.8333937425830791 | -0.8494642576401601:-0.28301406625321945 | -0.11825691732732402 | 0.5005461301707044
-0.28301406625321945 | -0.11825691732732402 | 0.5005461301707044 | -0.8333937425830791 | -0.8494642576401601:-0.3063428237621668 | -0.09798715641872136 | 0.49603042011169407
-0.3063428237621668 | -0.09798715641872136 | 0.49603042011169407 | -0.8333937425830791 | -0.8494642576401601:-0.32954652775246274 | -0.07777277726429332 | 0.48958605526948773
-0.32954652775246274 | -0.07777277726429332 | 0.48958605526948773 | -0.6211594815413397 | 0.4732205470649036:-0.31998061018545876 | -0.06295732985558011 | 0.5028197181203389
-0.31998061018545876 | -0.06295732985558011 | 0.5028197181203389 | -0.6211594815413397 | 0.4732205470649036:-0.3100133002038099 | -0.04762923704825539 | 0.5153842049759447
-0.3100133002038099 | -0.04762923704825539 | 0.5153842049759447 | -0.6211594815413397 | 0.4732205470649036:-0.2996614027467217 | -0.03180983138129356 | 0.5272485878687547
-0.2996614027467217 | -0.03180983138129356 | 0.5272485878687547 | -0.6211594815413397 | 0.4732205470649036:-0.2889425695593477 | -0.015521577587746194 | 0.5383831079541075
-0.2889425695593477 | -0.015521577587746194 | 0.5383831079541075 | -0.6211594815413397 | 0.4732205470649036:-0.2778752669423028 | 0.00121196879882568 | 0.5487592376570873
-0.2778752669423028 | 0.00121196879882568 | 0.5487592376570873 | 0.11192281908093182 | 0.4658577265989332:-0.26667723334790594 | -0.0018706005300934692 | 0.5585538685518614
-0.26667723334790594 | -0.0018706005300934692 | 0.5585538685518614 | 0.11192281908093182 | 0.4658577265989332:-0.2551574037267237 | -0.005027059925462041 | 0.5680700854005849
-0.2551574037267237 | -0.005027059925462041 | 0.5680700854005849 | 0.11192281908093182 | 0.4658577265989332:-0.24332330251591472 | -0.008255672222263755 | 0.5772976894078106
-0.24332330251591472 | -0.008255672222263755 | 0.5772976894078106 | 0.11192281908093182 | 0.4658577265989332:-0.23118273436747927 | -0.01155463185911998 | 0.5862267167829565
-0.23118273436747927 | -0.01155463185911998 | 0.5862267167829565 | 0.11192281908093182 | 0.4658577265989332:-0.21874377704074632 | -0.014922066569138082 | 0.5948474461967201
-0.21874377704074632 | -0.014922066569138082 | 0.5948474461967201 | 0.573089310672019 | 0.30233843538628435:-0.21094797122557551 | -0.03214316291785657 | 0.6008637234188363
-0.21094797122557551 | -0.03214316291785657 | 0.6008637234188363 | 0.573089310672019 | 0.30233843538628435:-0.20300584239552677 | -0.04962547468347722 | 0.6062422667066336
-0.20300584239552677 | -0.04962547468347722 | 0.6062422667066336 | 0.573089310672019 | 0.30233843538628435:-0.19492819261398964 | -0.0673489614844982 | 0.6109702873323997
-0.19492819261398964 | -0.0673489614844982 | 0.6109702873323997 | 0.573089310672019 | 0.30233843538628435:-0.18672604736626397 | -0.08529314481200068 | 0.6150358393649711
-0.18672604736626397 | -0.08529314481200068 | 0.6150358393649711 | 0.573089310672019 | 0.30233843538628435:-0.17841064069335744 | -0.10343713598749993 | 0.6184278369852478
-0.17841064069335744 | -0.10343713598749993 | 0.6184278369852478 | 0.573089310672019 | 0.30233843538628435:-0.16999340007149755 | -0.12175966461951049 | 0.6211360706160818
-0.16999340007149755 | -0.12175966461951049 | 0.6211360706160818 | 0.573089310672019 | 0.30233843538628435:-0.1614859310578609 | -0.14023910752023383 | 0.6231512218500654
-0.1614859310578609 | -0.14023910752023383 | 0.6231512218500654 | 0.573089310672019 | 0.30233843538628435:-0.15290000172322138 | -0.15885351804336878 | 0.6244648771604844
-0.15290000172322138 | -0.15885351804336878 | 0.6244648771604844 | 0.573089310672019 | 0.30233843538628435:-0.14424752689233955 | -0.1775806558037747 | 0.6250695403821069
-0.14424752689233955 | -0.1775806558037747 | 0.6250695403821069 | 0.573089310672019 | 0.30233843538628435:-0.13554055221306527 | -0.19639801673935864 | 0.6249586439501016
-0.13554055221306527 | -0.19639801673935864 | 0.6249586439501016 | 0.573089310672019 | 0.30233843538628435:-0.1267912380752172 | -0.21528286347539627 | 0.6241265588870775
-0.1267912380752172 | -0.21528286347539627 | 0.6241265588870775 | 0.573089310672019 | 0.30233843538628435:-0.11801184340045268 | -0.23421225595127915 | 0.6225686035297215
-0.11801184340045268 | -0.23421225595127915 | 0.6225686035297215 | 0.573089310672019 | 0.30233843538628435:-0.10921470932431632 | -0.253163082269543 | 0.6202810509881687
-0.10921470932431632 | -0.253163082269543 | 0.6202810509881687 | 0.573089310672019 | 0.30233843538628435:-0.10041224279173733 | -0.2721120897269689 | 0.6172611353327255
-0.10041224279173733 | -0.2721120897269689 | 0.6172611353327255 | 0.573089310672019 | 0.30233843538628435:-0.09161690008724221 | -0.291035915987484 | 0.6135070565044103
-0.09161690008724221 | -0.291035915987484 | 0.6135070565044103 | -0.11235941272601191 | 0.6282021474198205:-0.07258547858479858 | -0.28890597716553756 | 0.6205442381074917
-0.07258547858479858 | -0.28890597716553756 | 0.6205442381074917 | -0.11235941272601191 | 0.6282021474198205:-0.05325087322517774 | -0.2867075193607018 | 0.626956052632643
-0.05325087322517774 | -0.2867075193607018 | 0.626956052632643 | -0.11235941272601191 | 0.6282021474198205:-0.03363423197372484 | -0.2844444151077763 | 0.632730019690861
-0.03363423197372484 | -0.2844444151077763 | 0.632730019690861 | -0.11235941272601191 | 0.6282021474198205:-0.013757159359389703 | -0.282120619494572 | 0.6378544253954956
-0.013757159359389703 | -0.282120619494572 | 0.6378544253954956 | -0.11235941272601191 | 0.6282021474198205:0.006358310941767087 | -0.27974016531626233 | 0.6423183384183133
0.006358310941767087 | -0.27974016531626233 | 0.6423183384183133 | 0.8256821384736723 | 0.23884330129801978:0.013943262746543894 | -0.3073194277941784 | 0.6327971152873388
0.013943262746543894 | -0.3073194277941784 | 0.6327971152873388 | 0.8256821384736723 | 0.23884330129801978:0.021431045484767708 | -0.33457806228848597 | 0.6219724117527647
0.021431045484767708 | -0.33457806228848597 | 0.6219724117527647 | 0.8256821384736723 | 0.23884330129801978:0.028804930277345875 | -0.3614580927844582 | 0.6098564584054884
0.028804930277345875 | -0.3614580927844582 | 0.6098564584054884 | 0.8256821384736723 | 0.23884330129801978:0.036048339868163026 | -0.3879020082111353 | 0.596464301413981
0.036048339868163026 | -0.3879020082111353 | 0.596464301413981 | 0.8256821384736723 | 0.23884330129801978:0.04314488503428038 | -0.41385288879833304 | 0.5818137802978285
0.04314488503428038 | -0.41385288879833304 | 0.5818137802978285 | 0.8293090777704153 | 0.3544227880159794:0.05334660344796305 | -0.43935725413147075 | 0.5655469951756871
0.05334660344796305 | -0.43935725413147075 | 0.5655469951756871 | 0.8293090777704153 | 0.3544227880159794:0.06327586753788594 | -0.46423849423317165 | 0.5479590268361747
0.06327586753788594 | -0.46423849423317165 | 0.5479590268361747 | 0.8293090777704153 | 0.3544227880159794:0.07290761834935111 | -0.4884374854468856 | 0.5290793423534197
0.07290761834935111 | -0.4884374854468856 | 0.5290793423534197 | 0.8293090777704153 | 0.3544227880159794:0.08221734722563667 | -0.5118963256807518 | 0.5089405399967148
0.08221734722563667 | -0.5118963256807518 | 0.5089405399967148 | 0.8293090777704153 | 0.3544227880159794:0.09118115516253056 | -0.5345584746485166 | 0.48757828514463597
0.09118115516253056 | -0.5345584746485166 | 0.48757828514463597 | -0.3511573791248339 | 0.9738794310477901:0.11568691698940725 | -0.5278683035026894 | 0.49368735046672185
0.11568691698940725 | -0.5278683035026894 | 0.49368735046672185 | -0.3511573791248339 | 0.9738794310477901:0.14054008262554163 | -0.521020341157751 | 0.49847069751914574
0.14054008262554163 | -0.521020341157751 | 0.49847069751914574 | -0.3511573791248339 | 0.9738794310477901:0.1656742378428433 | -0.5140385397676965 | 0.5019055245242328
0.1656742378428433 | -0.5140385397676965 | 0.5019055245242328 | -0.3511573791248339 | 0.9738794310477901:0.1910217374192129 | -0.5069473266791391 | 0.5039728447752339
0.1910217374192129 | -0.5069473266791391 | 0.5039728447752339 | -0.3511573791248339 | 0.9738794310477901:0.21651390155336614 | -0.499771534288449 | 0.5046575602738983
0.21651390155336614 | -0.499771534288449 | 0.5046575602738983 | 0.20544367692817866 | -0.9744477641976799:0.1925954533425731 | -0.5066799708375243 | 0.5112160631371907
0.1925954533425731 | -0.5066799708375243 | 0.5112160631371907 | 0.20544367692817866 | -0.9744477641976799:0.16829769658489013 | -0.5136557762343799 | 0.5165251271346705
0.16829769658489013 | -0.5136557762343799 | 0.5165251271346705 | 0.20544367692817866 | -0.9744477641976799:0.1436832554191234 | -0.5206860528051607 | 0.5205627708444709
0.1436832554191234 | -0.5206860528051607 | 0.5205627708444709 | 0.20544367692817866 | -0.9744477641976799:0.11881593972095672 | -0.5277576339734722 | 0.5233103343169532
0.11881593972095672 | -0.5277576339734722 | 0.5233103343169532 | 0.20544367692817866 | -0.9744477641976799:0.09376057419625639 | -0.5348571199709582 | 0.5247525441047145
0.09376057419625639 | -0.5348571199709582 | 0.5247525441047145 | 0.2138258995407365 | -0.5160300140022451:0.08060027697089467 | -0.5421891877446647 | 0.5229407406536097
0.08060027697089467 | -0.5421891877446647 | 0.5229407406536097 | 0.2138258995407365 | -0.5160300140022451:0.06744774178048374 | -0.5495017324317502 | 0.5206823208751175
0.06744774178048374 | -0.5495017324317502 | 0.5206823208751175 | 0.2138258995407365 | -0.5160300140022451:0.05431570287757381 | -0.5567896660214444 | 0.5179770117938531
0.05431570287757381 | -0.5567896660214444 | 0.5179770117938531 | 0.2138258995407365 | -0.5160300140022451:0.04121690508168996 | -0.5640478919756973 | 0.5148249668418075
0.04121690508168996 | -0.5640478919756973 | 0.5148249668418075 | 0.2138258995407365 | -0.5160300140022451:0.028164091568740446 | -0.5712713103070577 | 0.5112267659016112
0.028164091568740446 | -0.5712713103070577 | 0.5112267659016112 | 0.980113816815956 | -0.19438460430594606:0.023543305537653936 | -0.5974365052723378 | 0.4843453951707204
0.023543305537653936 | -0.5974365052723378 | 0.4843453951707204 | 0.980113816815956 | -0.19438460430594606:0.01918219314338998 | -0.6223043307166449 | 0.45606752361950953
0.01918219314338998 | -0.6223043307166449 | 0.45606752361950953 | 0.980113816815956 | -0.19438460430594606:0.01509483927465638 | -0.6458023485894948 | 0.42645952950404364
0.01509483927465638 | -0.6458023485894948 | 0.42645952950404364 | 0.980113816815956 | -0.19438460430594606:0.011294648854491385 | -0.6678614521822617 | 0.3955916916535145
0.011294648854491385 | -0.6678614521822617 | 0.3955916916535145 | 0.980113816815956 | -0.19438460430594606:0.007794307729170669 | -0.6884160677457167 | 0.36353801180911205
0.007794307729170669 | -0.6884160677457167 | 0.36353801180911205 | -0.5469774603283653 | -0.4357239216575466:-5.356775847218387E-4 | -0.6801466493612587 | 0.3833936488238976
-5.356775847218387E-4 | -0.6801466493612587 | 0.3833936488238976 | -0.5469774603283653 | -0.4357239216575466:-0.00931570857922992 | -0.6712879170615018 | 0.40287025679118926
-0.00931570857922992 | -0.6712879170615018 | 0.40287025679118926 | -0.5469774603283653 | -0.4357239216575466:-0.018537669259874434 | -0.6618498682780718 | 0.4219398529927574
-0.018537669259874434 | -0.6618498682780718 | 0.4219398529927574 | -0.5469774603283653 | -0.4357239216575466:-0.028192786143261372 | -0.651843330240645 | 0.4405749175639926
-0.028192786143261372 | -0.651843330240645 | 0.4405749175639926 | -0.5469774603283653 | -0.4357239216575466:-0.03827163950601431 | -0.6412799464193775 | 0.458748433323656
-0.03827163950601431 | -0.6412799464193775 | 0.458748433323656 | 0.7733804386571532 | 0.4925080223255196:-0.02765678339912725 | -0.660292344829962 | 0.43558386657642245
-0.02765678339912725 | -0.660292344829962 | 0.43558386657642245 | 0.7733804386571532 | 0.4925080223255196:-0.017605863321414006 | -0.6784204907425462 | 0.4113692604721564
-0.017605863321414006 | -0.6784204907425462 | 0.4113692604721564 | 0.7733804386571532 | 0.4925080223255196:-0.008145913155274798 | -0.6956211838385258 | 0.38615300019541365
-0.008145913155274798 | -0.6956211838385258 | 0.38615300019541365 | 0.7733804386571532 | 0.4925080223255196:6.972799318063494E-4 | -0.7118531319542569 | 0.3599859428455048
6.972799318063494E-4 | -0.7118531319542569 | 0.3599859428455048 | 0.7733804386571532 | 0.4925080223255196:0.008899238604183068 | -0.7270770523363339 | 0.33292130795441466
0.008899238604183068 | -0.7270770523363339 | 0.33292130795441466 | 0.7733804386571532 | 0.4925080223255196:0.01643685555331942 | -0.7412557684187391 | 0.3050145622974796
0.01643685555331942 | -0.7412557684187391 | 0.3050145622974796 | 0.7733804386571532 | 0.4925080223255196:0.023288450628697888 | -0.7543543018928673 | 0.27632329926093746
0.023288450628697888 | -0.7543543018928673 | 0.27632329926093746 | 0.7733804386571532 | 0.4925080223255196:0.02943382476899714 | -0.7663399598522602 | 0.2469071130430862
0.02943382476899714 | -0.7663399598522602 | 0.2469071130430862 | 0.7733804386571532 | 0.4925080223255196:0.034854310605513916 | -0.7771824168057293 | 0.21682746797765162
0.034854310605513916 | -0.7771824168057293 | 0.21682746797765162 | 0.7733804386571532 | 0.4925080223255196:0.03953281961769761 | -0.7868537913640523 | 0.18614756327941961
0.03953281961769761 | -0.7868537913640523 | 0.18614756327941961 | -0.7527759698397085 | -0.08323803273670727:0.03872596730610667 | -0.7811252335866499 | 0.21629531302166072
0.03872596730610667 | -0.7811252335866499 | 0.21629531302166072 | -0.7527759698397085 | -0.08323803273670727:0.037791352051797844 | -0.7742277426495789 | 0.2462657677004927
0.037791352051797844 | -0.7742277426495789 | 0.2462657677004927 | -0.7527759698397085 | -0.08323803273670727:0.03672967385647041 | -0.76616687450705 | 0.27601240991235443
0.03672967385647041 | -0.76616687450705 | 0.27601240991235443 | -0.7527759698397085 | -0.08323803273670727:0.03554183658210874 | -0.7569500316347089 | 0.30548891703995196
0.03554183658210874 | -0.7569500316347089 | 0.30548891703995196 | -0.7527759698397085 | -0.08323803273670727:0.034228946929715676 | -0.7465864552047634 | 0.3346492357583202
0.034228946929715676 | -0.7465864552047634 | 0.3346492357583202 | -0.7527759698397085 | -0.08323803273670727:0.0327923130906953 | -0.7350872142935785 | 0.3634476561733351
0.0327923130906953 | -0.7350872142935785 | 0.3634476561733351 | -0.7527759698397085 | -0.08323803273670727:0.031233443073226397 | -0.7224651921401417 | 0.3918388854733621
0.031233443073226397 | -0.7224651921401417 | 0.3918388854733621 | -0.7527759698397085 | -0.08323803273670727:0.029554042706340766 | -0.7087350694783012 | 0.4197781209762894
0.029554042706340766 | -0.7087350694783012 | 0.4197781209762894 | -0.7527759698397085 | -0.08323803273670727:0.027756013325092255 | -0.693913304970529 | 0.44722112245493406
0.027756013325092255 | -0.693913304970529 | 0.44722112245493406 | -0.7527759698397085 | -0.08323803273670727:0.025841449140539652 | -0.6780181127752556 | 0.4741242836250734
0.025841449140539652 | -0.6780181127752556 | 0.4741242836250734 | 0.9618521251092087 | -0.18344198112350774:0.02184105303808792 | -0.7014839696474056 | 0.4421175767107144
0.02184105303808792 | -0.7014839696474056 | 0.4421175767107144 | 0.9618521251092087 | -0.18344198112350774:0.018136250657892816 | -0.7234114633343793 | 0.4089052928486865
0.018136250657892816 | -0.7234114633343793 | 0.4089052928486865 | 0.9618521251092087 | -0.18344198112350774:0.014738207965496741 | -0.7437403407982401 | 0.374565044950927
0.014738207965496741 | -0.7437403407982401 | 0.374565044950927 | 0.9618521251092087 | -0.18344198112350774:0.011657347406998753 | -0.7624141716836803 | 0.3391775586650283
0.011657347406998753 | -0.7624141716836803 | 0.3391775586650283 | 0.9618521251092087 | -0.18344198112350774:0.008903319297203893 | -0.7793805031404659 | 0.30282647465789125
0.008903319297203893 | -0.7793805031404659 | 0.30282647465789125 | 0.39653461161419234 | -0.5622189540098594:8.257716932256187E-4 | -0.7867692350445736 | 0.28801524628508446
8.257716932256187E-4 | -0.7867692350445736 | 0.28801524628508446 | 0.39653461161419234 | -0.5622189540098594:-0.00684308062537653 | -0.7938582462498047 | 0.2728032194750085
-0.00684308062537653 | -0.7938582462498047 | 0.2728032194750085 | 0.39653461161419234 | -0.5622189540098594:-0.01409114722424576 | -0.8006389884049412 | 0.25720811850331415
-0.01409114722424576 | -0.8006389884049412 | 0.25720811850331415 | 0.39653461161419234 | -0.5622189540098594:-0.020906859339834938 | -0.8071032741519133 | 0.24124821089561976
-0.020906859339834938 | -0.8071032741519133 | 0.24124821089561976 | 0.39653461161419234 | -0.5622189540098594:-0.027279185826039054 | -0.813243288617592 | 0.22494228427204632
-0.027279185826039054 | -0.813243288617592 | 0.22494228427204632 | 0.39653461161419234 | -0.5622189540098594:-0.03319764839734418 | -0.8190516004163086 | 0.20830962249446827
-0.03319764839734418 | -0.8190516004163086 | 0.20830962249446827 | 0.39653461161419234 | -0.5622189540098594:-0.038652336148977895 | -0.8245211721487493 | 0.19136998114835535
-0.038652336148977895 | -0.8245211721487493 | 0.19136998114835535 | 0.39653461161419234 | -0.5622189540098594:-0.043633919335352545 | -0.8296453703839717 | 0.17414356239190454
-0.043633919335352545 | -0.8296453703839717 | 0.17414356239190454 | 0.39653461161419234 | -0.5622189540098594:-0.0481336623892723 | -0.8344179751117125 | 0.15665098920615605
-0.0481336623892723 | -0.8344179751117125 | 0.15665098920615605 | 0.39653461161419234 | -0.5622189540098594:-0.05214343616525241 | -0.8388331886528988 | 0.13891327908005735
-0.05214343616525241 | -0.8388331886528988 | 0.13891327908005735 | 0.39653461161419234 | -0.5622189540098594:-0.055655729391407505 | -0.842885644017116 | 0.12095181716551906
-0.055655729391407505 | -0.842885644017116 | 0.12095181716551906 | 0.39653461161419234 | -0.5622189540098594:-0.05866365931536777 | -0.8465704126963871 | 0.10278832893808953
-0.05866365931536777 | -0.8465704126963871 | 0.10278832893808953 | 0.39653461161419234 | -0.5622189540098594:-0.06116098153085048 | -0.8498830118854812 | 0.08444485239911614
-0.06116098153085048 | -0.8498830118854812 | 0.08444485239911614 | 0.39653461161419234 | -0.5622189540098594:-0.06314209897242051 | -0.8528194111196328 | 0.06594370985627052
-0.06314209897242051 | -0.8528194111196328 | 0.06594370985627052 | 0.39653461161419234 | -0.5622189540098594:-0.0646020700672949 | -0.8553760383213387 | 0.04730747931957069
-0.0646020700672949 | -0.8553760383213387 | 0.04730747931957069 | 0.5119493112637836 | -0.6082032318443023:-0.0654516240243197 | -0.8577108766313515 | 0.02346132467670259
-0.0654516240243197 | -0.8577108766313515 | 0.02346132467670259 | 0.5119493112637836 | -0.6082032318443023:-0.06557310539241712 | -0.859421091065272 | -4.907640304310235E-4
-0.06557310539241712 | -0.859421091065272 | -4.907640304310235E-4 | 0.5119493112637836 | -0.6082032318443023:-0.06496295860179302 | -0.8605033211311763 | -0.02450978934757586
-0.06496295860179302 | -0.8605033211311763 | -0.02450978934757586 | 0.5119493112637836 | -0.6082032318443023:-0.06361885443641313 | -0.8609552345681095 | -0.0485565426393606
-0.06361885443641313 | -0.8609552345681095 | -0.0485565426393606 | 0.5119493112637836 | -0.6082032318443023:-0.06153969612057253 | -0.8607755333286349 | -0.0725916702061511
