0.0 | 0.0 | 0.0 | 0.6094009912704299 | 0.7548530798869546:3.7716178770766775E-4 | -3.04653349285644E-4 | 0.009988239851077975
3.7716178770766775E-4 | -3.04653349285644E-4 | 0.009988239851077975 | 0.6094009912704299 | 0.7548530798869546:0.0014989897963777602 | -0.0012115259477283313 | 0.01980644426615581
0.0014989897963777602 | -0.0012115259477283313 | 0.01980644426615581 | 0.6094009912704299 | 0.7548530798869546:0.0033485309199563695 | -0.002707975309127697 | 0.029387133432903095
0.0033485309199563695 | -0.002707975309127697 | 0.029387133432903095 | 0.6094009912704299 | 0.7548530798869546:0.005905628153330152 | -0.004778743324172163 | 0.03866473323684483
0.005905628153330152 | -0.004778743324172163 | 0.03866473323684483 | -0.46838910646852194 | 0.2553119258605603:0.007960207332356226 | -0.004815932379724774 | 0.04811878119138421
0.007960207332356226 | -0.004815932379724774 | 0.04811878119138421 | -0.46838910646852194 | 0.2553119258605603:0.010238988047861226 | -0.004403380379339961 | 0.05744864035919284
0.010238988047861226 | -0.004403380379339961 | 0.05744864035919284 | -0.46838910646852194 | 0.2553119258605603:0.012737913531173324 | -0.0035486775240218815 | 0.0666353464889406
0.012737913531173324 | -0.0035486775240218815 | 0.0666353464889406 | -0.46838910646852194 | 0.2553119258605603:0.015452641376406902 | -0.002259939386994425 | 0.07566036470632903
0.015452641376406902 | -0.002259939386994425 | 0.07566036470632903 | -0.46838910646852194 | 0.2553119258605603:0.01837855213086611 | -5.457913814328474E-4 | 0.08450560582675459
0.01837855213086611 | -5.457913814328474E-4 | 0.08450560582675459 | -0.46838910646852194 | 0.2553119258605603:0.021510758063700217 | 0.0015846471067577639 | 0.09315344202279319
0.021510758063700217 | 0.0015846471067577639 | 0.09315344202279319 | -0.46838910646852194 | 0.2553119258605603:0.02484411210262566 | 0.004121778902505868 | 0.10158672183963868
0.02484411210262566 | 0.004121778902505868 | 0.10158672183963868 | -0.46838910646852194 | 0.2553119258605603:0.028373216928505543 | 0.007055545522818507 | 0.1097887845522657
0.028373216928505543 | 0.007055545522818507 | 0.1097887845522657 | -0.46838910646852194 | 0.2553119258605603:0.03209243421756286 | 0.01037544393701384 | 0.11774347385872652
0.03209243421756286 | 0.01037544393701384 | 0.11774347385872652 | -0.46838910646852194 | 0.2553119258605603:0.0359958940209969 | 0.014070543587223594 | 0.1254351509046221
0.0359958940209969 | 0.014070543587223594 | 0.1254351509046221 | 0.5319759407484659 | 0.8697118892741991:0.044171219141450446 | 0.011439702738104796 | 0.13229399346351733
0.044171219141450446 | 0.011439702738104796 | 0.13229399346351733 | 0.5319759407484659 | 0.8697118892741991:0.05295798712033628 | 0.008403788756632613 | 0.138526610089176
0.05295798712033628 | 0.008403788756632613 | 0.138526610089176 | 0.5319759407484659 | 0.8697118892741991:0.06231587618860995 | 0.0049869697899943555 | 0.1440788055600064
0.06231587618860995 | 0.0049869697899943555 | 0.1440788055600064 | 0.5319759407484659 | 0.8697118892741991:0.07220165586433608 | 0.0012152356264316655 | 0.1488997623981272
0.07220165586433608 | 0.0012152356264316655 | 0.1488997623981272 | 0.5319759407484659 | 0.8697118892741991:0.08256938506527506 | -0.0028837208284310245 | 0.1529422379309906
0.08256938506527506 | -0.0028837208284310245 | 0.1529422379309906 | -0.8186767829110015 | 0.5228212111337911:0.09065144516356727 | 0.0035379801351036466 | 0.1578850264006666
0.09065144516356727 | 0.0035379801351036466 | 0.1578850264006666 | -0.8186767829110015 | 0.5228212111337911:0.09899548020391469 | 0.010445044469796771 | 0.1621551111647337
0.09899548020391469 | 0.010445044469796771 | 0.1621551111647337 | -0.8186767829110015 | 0.5228212111337911:0.1075765461278172 | 0.01779859700344666 | 0.1657133660105452
0.1075765461278172 | 0.01779859700344666 | 0.1657133660105452 | -0.8186767829110015 | 0.5228212111337911:0.1163684669866909 | 0.025557777023650252 | 0.16852371892614526
0.1163684669866909 | 0.025557777023650252 | 0.16852371892614526 | -0.8186767829110015 | 0.5228212111337911:0.12534394018051342 | 0.03367990046499281 | 0.1705532769915088
0.12534394018051342 | 0.03367990046499281 | 0.1705532769915088 | -0.8186767829110015 | 0.5228212111337911:0.13447464486360583 | 0.04212062729680888 | 0.17177243953607224
0.13447464486360583 | 0.04212062729680888 | 0.17177243953607224 | -0.8186767829110015 | 0.5228212111337911:0.1437313531461326 | 0.05083413353538002 | 0.17215499929330536
0.1437313531461326 | 0.05083413353538002 | 0.17215499929330536 | -0.8186767829110015 | 0.5228212111337911:0.15308404371463857 | 0.059773287295391886 | 0.1716782313217946
0.15308404371463857 | 0.059773287295391886 | 0.1716782313217946 | -0.8186767829110015 | 0.5228212111337911:0.16250201749081739 | 0.0688898282882201 | 0.17032296950126158
0.16250201749081739 | 0.0688898282882201 | 0.17032296950126158 | -0.8186767829110015 | 0.5228212111337911:0.1719540149447214 | 0.0781345501691375 | 0.16807367045116983
0.1719540149447214 | 0.0781345501691375 | 0.16807367045116983 | -0.8186767829110015 | 0.5228212111337911:0.18140833467677764 | 0.08745748513184426 | 0.16491846475883865
0.18140833467677764 | 0.08745748513184426 | 0.16491846475883865 | -0.8186767829110015 | 0.5228212111337911:0.19083295288226854 | 0.09680809014680597 | 0.16084919544328447
0.19083295288226854 | 0.09680809014680597 | 0.16084919544328447 | -0.8186767829110015 | 0.5228212111337911:0.20019564331234863 | 0.10613543423973504 | 0.15586144362013643
0.20019564331234863 | 0.10613543423973504 | 0.15586144362013643 | -0.8186767829110015 | 0.5228212111337911:0.2094640973471944 | 0.11538838620814934 | 0.14995454137190256
0.2094640973471944 | 0.11538838620814934 | 0.14995454137190256 | -0.8186767829110015 | 0.5228212111337911:0.21860604379952786 | 0.124515802177272 | 0.14313157186642922
0.21860604379952786 | 0.124515802177272 | 0.14313157186642922 | -0.8186767829110015 | 0.5228212111337911:0.22758936807044972 | 0.13346671240156874 | 0.1353993568045242
0.22758936807044972 | 0.13346671240156874 | 0.1353993568045242 | -0.8186767829110015 | 0.5228212111337911:0.23638223028430572 | 0.14219050672493094 | 0.1267684313152948
0.23638223028430572 | 0.14219050672493094 | 0.1267684313152948 | -0.8186767829110015 | 0.5228212111337911:0.2449531820351254 | 0.15063711812086394 | 0.1172530064546704
0.2449531820351254 | 0.15063711812086394 | 0.1172530064546704 | -0.8186767829110015 | 0.5228212111337911:0.253271281383999 | 0.15875720374399915 | 0.10687091949877203
0.253271281383999 | 0.15875720374399915 | 0.10687091949877203 | -0.8186767829110015 | 0.5228212111337911:0.26130620575457897 | 0.16650232293576928 | 0.09564357225912712
0.26130620575457897 | 0.16650232293576928 | 0.09564357225912712 | -0.8186767829110015 | 0.5228212111337911:0.2690283623826737 | 0.17382511164012693 | 0.0835958576811322
0.2690283623826737 | 0.17382511164012693 | 0.0835958576811322 | -0.8186767829110015 | 0.5228212111337911:0.2764089959856033 | 0.18067945269969554 | 0.07075607502054648
0.2764089959856033 | 0.18067945269969554 | 0.07075607502054648 | -0.8186767829110015 | 0.5228212111337911:0.28342029332755736 | 0.18702064151866749 | 0.057155833925099486
0.28342029332755736 | 0.18702064151866749 | 0.057155833925099486 | -0.8186767829110015 | 0.5228212111337911:0.290035484368687 | 0.19280554659605187 | 0.042829947779361
0.290035484368687 | 0.19280554659605187 | 0.042829947779361 | -0.8186767829110015 | 0.5228212111337911:0.29622893969785746 | 0.1979927644514614 | 0.027816316700869592
0.29622893969785746 | 0.1979927644514614 | 0.027816316700869592 | 0.42507664904934717 | 0.004849911653860284:0.3015632569257187 | 0.20090551552791047 | 0.032520400572553676
0.3015632569257187 | 0.20090551552791047 | 0.032520400572553676 | 0.42507664904934717 | 0.004849911653860284:0.3068456196709315 | 0.2036692712446666 | 0.03735154153431086
0.3068456196709315 | 0.2036692712446666 | 0.03735154153431086 | 0.42507664904934717 | 0.004849911653860284:0.31207660502744883 | 0.20628043906593785 | 0.04230486195619232
0.31207660502744883 | 0.20628043906593785 | 0.04230486195619232 | 0.42507664904934717 | 0.004849911653860284:0.3172567830060151 | 0.20873557605753312 | 0.047375406537335074
0.3172567830060151 | 0.20873557605753312 | 0.047375406537335074 | 0.42507664904934717 | 0.004849911653860284:0.3223867165746066 | 0.21103139009040772 | 0.05255814647886492
0.3223867165746066 | 0.21103139009040772 | 0.05255814647886492 | -0.368937724978021 | -0.7325454837522412:0.32542354208821145 | 0.21529592849848322 | 0.061379055262317905
0.32542354208821145 | 0.21529592849848322 | 0.061379055262317905 | -0.368937724978021 | -0.7325454837522412:0.3280523680069676 | 0.21970592126751942 | 0.0703365961259248
0.3280523680069676 | 0.21970592126751942 | 0.0703365961259248 | -0.368937724978021 | -0.7325454837522412:0.3302654287686533 | 0.22426606729637122 | 0.07940901318301918
0.3302654287686533 | 0.22426606729637122 | 0.07940901318301918 | -0.368937724978021 | -0.7325454837522412:0.33205594432664576 | 0.22898056757773055 | 0.08857408752941609
0.33205594432664576 | 0.22898056757773055 | 0.08857408752941609 | -0.368937724978021 | -0.7325454837522412:0.3334181381140251 | 0.2338531157015793 | 0.09780919238968977
0.3334181381140251 | 0.2338531157015793 | 0.09780919238968977 | -0.368937724978021 | -0.7325454837522412:0.3343472526040312 | 0.2388868895613636 | 0.10709134903899109
0.3343472526040312 | 0.2388868895613636 | 0.10709134903899109 | -0.368937724978021 | -0.7325454837522412:0.33483956244534063 | 0.244084544274914 | 0.11639728337305844
0.33483956244534063 | 0.244084544274914 | 0.11639728337305844 | -0.368937724978021 | -0.7325454837522412:0.3348923851558716 | 0.24944820632952425 | 0.12570348299853684
0.3348923851558716 | 0.24944820632952425 | 0.12570348299853684 | -0.368937724978021 | -0.7325454837522412:0.3345040893639979 | 0.2549794689579308 | 0.13498625471546788
0.3345040893639979 | 0.2549794689579308 | 0.13498625471546788 | -0.368937724978021 | -0.7325454837522412:0.3336741005913417 | 0.26067938874937013 | 0.14422178226380833
0.3336741005913417 | 0.26067938874937013 | 0.14422178226380833 | -0.368937724978021 | -0.7325454837522412:0.3324029045764334 | 0.2665484834972087 | 0.15338618420607109
0.3324029045764334 | 0.2665484834972087 | 0.15338618420607109 | -0.368937724978021 | -0.7325454837522412:0.33069204814374764 | 0.272586731282094 | 0.1624555718187155
0.33069204814374764 | 0.272586731282094 | 0.1624555718187155 | -0.368937724978021 | -0.7325454837522412:0.328544137627663 | 0.2787935707869691 | 0.17140610686565783
0.328544137627663 | 0.2787935707869691 | 0.17140610686565783 | -0.368937724978021 | -0.7325454837522412:0.32596283486597777 | 0.2851679028377516 | 0.18021405912828214
0.32596283486597777 | 0.2851679028377516 | 0.18021405912828214 | -0.368937724978021 | -0.7325454837522412:0.3229528507826309 | 0.2917080931609366 | 0.18885586356760697
0.3229528507826309 | 0.2917080931609366 | 0.18885586356760697 | -0.368937724978021 | -0.7325454837522412:0.31951993658411837 | 0.29841197634693195 | 0.19730817699573677
0.31951993658411837 | 0.29841197634693195 | 0.19730817699573677 | -0.368937724978021 | -0.7325454837522412:0.3156708725989894 | 0.30527686100543683 | 0.2055479341354678
0.3156708725989894 | 0.30527686100543683 | 0.2055479341354678 | -0.368937724978021 | -0.7325454837522412:0.31141345479453264 | 0.3122995360968117 | 0.213552402948892
0.31141345479453264 | 0.3122995360968117 | 0.213552402948892 | -0.368937724978021 | -0.7325454837522412:0.30675647900935843 | 0.3194762784210088 | 0.22129923911801708
0.30675647900935843 | 0.3194762784210088 | 0.22129923911801708 | -0.368937724978021 | -0.7325454837522412:0.3017097229451995 | 0.326802861243328 | 0.22876653956284798
0.3017097229451995 | 0.326802861243328 | 0.22876653956284798 | 0.33782174093823625 | -0.7470929260460188:0.2956764203826818 | 0.32611912961174294 | 0.24780990207310083
0.2956764203826818 | 0.32611912961174294 | 0.24780990207310083 | 0.33782174093823625 | -0.7470929260460188:0.28881273227999316 | 0.32504012332471355 | 0.26673593210841595
0.28881273227999316 | 0.32504012332471355 | 0.26673593210841595 | 0.33782174093823625 | -0.7470929260460188:0.2811202294475983 | 0.32356636200866795 | 0.28549976298394597
0.2811202294475983 | 0.32356636200866795 | 0.28549976298394597 | 0.33782174093823625 | -0.7470929260460188:0.2726024656730779 | 0.32169926019312456 | 0.3040565521014784
0.2726024656730779 | 0.32169926019312456 | 0.3040565521014784 | 0.33782174093823625 | -0.7470929260460188:0.26326497448019914 | 0.31944112674030123 | 0.32236158468620246
0.26326497448019914 | 0.31944112674030123 | 0.32236158468620246 | -0.42975393780037896 | -0.16932758638662526:0.2629459663282816 | 0.32924986706331616 | 0.32051902891721795
0.2629459663282816 | 0.32924986706331616 | 0.32051902891721795 | -0.42975393780037896 | -0.16932758638662526:0.26259707437488267 | 0.33904773067210847 | 0.31839089055603864
0.26259707437488267 | 0.33904773067210847 | 0.31839089055603864 | -0.42975393780037896 | -0.16932758638662526:0.2622218036005446 | 0.3488267222697736 | 0.3159769167832245
0.2622218036005446 | 0.3488267222697736 | 0.3159769167832245 | -0.42975393780037896 | -0.16932758638662526:0.261823650880471 | 0.3585788554292968 | 0.31327710820545107
0.261823650880471 | 0.3585788554292968 | 0.31327710820545107 | -0.42975393780037896 | -0.16932758638662526:0.26140610249562357 | 0.36829615901327095 | 0.3102917176584157
0.26140610249562357 | 0.36829615901327095 | 0.3102917176584157 | 0.8233345173371116 | 0.49517210342081097:0.2715985733577213 | 0.3581444249968957 | 0.32124349818099596
0.2715985733577213 | 0.3581444249968957 | 0.32124349818099596 | 0.8233345173371116 | 0.49517210342081097:0.2820928947654586 | 0.3474117158794101 | 0.3315482606850022
0.2820928947654586 | 0.3474117158794101 | 0.3315482606850022 | 0.8233345173371116 | 0.49517210342081097:0.2928726524049736 | 0.33612520620549446 | 0.3411682348940701
0.2928726524049736 | 0.33612520620549446 | 0.3411682348940701 | 0.8233345173371116 | 0.49517210342081097:0.30392035278615026 | 0.32431389230554153 | 0.35006729353615285
0.30392035278615026 | 0.32431389230554153 | 0.35006729353615285 | 0.8233345173371116 | 0.49517210342081097:0.3152174700304933 | 0.3120085169288913 | 0.3582110674618679
0.3152174700304933 | 0.3120085169288913 | 0.3582110674618679 | -0.9396704239228926 | -0.04200742887975473:0.3168674474170068 | 0.33096498025819443 | 0.34641580356384694
0.3168674474170068 | 0.33096498025819443 | 0.34641580356384694 | -0.9396704239228926 | -0.04200742887975473:0.3185151755801314 | 0.3494396161315496 | 0.3336077338015748
0.3185151755801314 | 0.3494396161315496 | 0.3336077338015748 | -0.9396704239228926 | -0.04200742887975473:0.32016331840954493 | 0.36737789307614754 | 0.3198077576197047
0.32016331840954493 | 0.36737789307614754 | 0.3198077576197047 | -0.9396704239228926 | -0.04200742887975473:0.3218144898732085 | 0.3847262722116831 | 0.30503969938282083
0.3218144898732085 | 0.3847262722116831 | 0.30503969938282083 | -0.9396704239228926 | -0.04200742887975473:0.32347124718884857 | 0.4014323618019233 | 0.2893302564717519
0.32347124718884857 | 0.4014323618019233 | 0.2893302564717519 | 0.2637238031229352 | 0.4339694794536024:0.332067517880386 | 0.40033182176568083 | 0.28949891260930904
0.332067517880386 | 0.40033182176568083 | 0.28949891260930904 | 0.2637238031229352 | 0.4339694794536024:0.3406852535749074 | 0.3991754685221913 | 0.28943287396995565
0.3406852535749074 | 0.3991754685221913 | 0.28943287396995565 | 0.2637238031229352 | 0.4339694794536024:0.3493183981215253 | 0.3979673819215108 | 0.2891302283125903
0.3493183981215253 | 0.3979673819215108 | 0.2891302283125903 | 0.2637238031229352 | 0.4339694794536024:0.35796084951823204 | 0.3967116670511004 | 0.28858929036948133
0.35796084951823204 | 0.3967116670511004 | 0.28858929036948133 | 0.2637238031229352 | 0.4339694794536024:0.366606465809717 | 0.39541245069947806 | 0.28780860283013965
0.366606465809717 | 0.39541245069947806 | 0.28780860283013965 | 0.35397702581667545 | -0.12073412200997424:0.3671409673055521 | 0.3927392615408074 | 0.29885818765919403
0.3671409673055521 | 0.3927392615408074 | 0.29885818765919403 | 0.35397702581667545 | -0.12073412200997424:0.36757425512121955 | 0.3898126313095638 | 0.3098999023076381
0.36757425512121955 | 0.3898126313095638 | 0.3098999023076381 | 0.35397702581667545 | -0.12073412200997424:0.36790653252205985 | 0.3866326627545007 | 0.320927034314721
0.36790653252205985 | 0.3866326627545007 | 0.320927034314721 | 0.35397702581667545 | -0.12073412200997424:0.3681380516760697 | 0.3831996065199519 | 0.3319328913165869
0.3681380516760697 | 0.3831996065199519 | 0.3319328913165869 | 0.35397702581667545 | -0.12073412200997424:0.3682691133337599 | 0.3795138601931285 | 0.3429108043541724
0.3682691133337599 | 0.3795138601931285 | 0.3429108043541724 | 0.35397702581667545 | -0.12073412200997424:0.36830006648768077 | 0.3755759672918657 | 0.353854131146516
0.36830006648768077 | 0.3755759672918657 | 0.353854131146516 | 0.35397702581667545 | -0.12073412200997424:0.36823130801190374 | 0.37138661619372115 | 0.36475625932849454
0.36823130801190374 | 0.37138661619372115 | 0.36475625932849454 | 0.35397702581667545 | -0.12073412200997424:0.36806328228175644 | 0.36694663900733104 | 0.3756106096519076
0.36806328228175644 | 0.36694663900733104 | 0.3756106096519076 | 0.35397702581667545 | -0.12073412200997424:0.3677964807741638 | 0.36225701038694424 | 0.3864106391489237
0.3677964807741638 | 0.36225701038694424 | 0.3864106391489237 | 0.35397702581667545 | -0.12073412200997424:0.36743144164890396 | 0.3573188462910899 | 0.3971498442569654
0.36743144164890396 | 0.3573188462910899 | 0.3971498442569654 | 0.7703879102490776 | -0.7795115759889906:0.3530566969203406 | 0.34361289826552976 | 0.42692356725464364
0.3530566969203406 | 0.34361289826552976 | 0.42692356725464364 | 0.7703879102490776 | -0.7795115759889906:0.3374421542575945 | 0.32866285352282887 | 0.45568268725148897
0.3374421542575945 | 0.32866285352282887 | 0.45568268725148897 | 0.7703879102490776 | -0.7795115759889906:0.3206269578369998 | 0.31250537905769704 | 0.48332277048481487
0.3206269578369998 | 0.31250537905769704 | 0.48332277048481487 | 0.7703879102490776 | -0.7795115759889906:0.3026546491551727 | 0.2951815447194548 | 0.5097423393544744
0.3026546491551727 | 0.2951815447194548 | 0.5097423393544744 | 0.7703879102490776 | -0.7795115759889906:0.2835730421760445 | 0.27673670693729235 | 0.5348432419207327
0.2835730421760445 | 0.27673670693729235 | 0.5348432419207327 | 0.7703879102490776 | -0.7795115759889906:0.26343408307835503 | 0.257220377029153 | 0.5585310111667674
0.26343408307835503 | 0.257220377029153 | 0.5585310111667674 | 0.7703879102490776 | -0.7795115759889906:0.2422936950657828 | 0.23668607452651358 | 0.5807152127537485
0.2422936950657828 | 0.23668607452651358 | 0.5807152127537485 | 0.7703879102490776 | -0.7795115759889906:0.22021160875377532 | 0.21519116599927557 | 0.6013097800364271
0.22021160875377532 | 0.21519116599927557 | 0.6013097800364271 | 0.7703879102490776 | -0.7795115759889906:0.19725117869699815 | 0.1927966899152942 | 0.62023333515085
0.19725117869699815 | 0.1927966899152942 | 0.62023333515085 | 0.7703879102490776 | -0.7795115759889906:0.17347918666940032 | 0.1695671681173785 | 0.6374094950339746
0.17347918666940032 | 0.1695671681173785 | 0.6374094950339746 | -0.890779571169565 | 0.20520934624059306:0.1807650195903321 | 0.19870134130540507 | 0.630339792344504
0.1807650195903321 | 0.19870134130540507 | 0.630339792344504 | -0.890779571169565 | 0.20520934624059306:0.18798552962112325 | 0.22761066795883167 | 0.6218241642748907
0.18798552962112325 | 0.22761066795883167 | 0.6218241642748907 | -0.890779571169565 | 0.20520934624059306:0.19512491237833984 | 0.2562260974776187 | 0.6118702514672982
0.19512491237833984 | 0.2562260974776187 | 0.6118702514672982 | -0.890779571169565 | 0.20520934624059306:0.20216744116627794 | 0.2844788411210608 | 0.6004892000287434
0.20216744116627794 | 0.2844788411210608 | 0.6004892000287434 | -0.890779571169565 | 0.20520934624059306:0.20909750599395593 | 0.3123005416494209 | 0.5876956491644663
0.20909750599395593 | 0.3123005416494209 | 0.5876956491644663 | -0.890779571169565 | 0.20520934624059306:0.21589965238532471 | 0.33962344226018004 | 0.5735077101878474
0.21589965238532471 | 0.33962344226018004 | 0.5735077101878474 | -0.890779571169565 | 0.20520934624059306:0.2225586198877032 | 0.36638055440538153 | 0.557946936956391
0.2225586198877032 | 0.36638055440538153 | 0.557946936956391 | -0.890779571169565 | 0.20520934624059306:0.2290593801843066 | 0.39250582407987267 | 0.5410382878039215
0.2290593801843066 | 0.39250582407987267 | 0.5410382878039215 | -0.890779571169565 | 0.20520934624059306:0.23538717471784665 | 0.4179342961742769 | 0.5228100790595072
0.23538717471784665 | 0.4179342961742769 | 0.5228100790595072 | -0.890779571169565 | 0.20520934624059306:0.2415275517333484 | 0.4426022764919715 | 0.5032939302639861
0.2415275517333484 | 0.4426022764919715 | 0.5032939302639861 | -0.890779571169565 | 0.20520934624059306:0.2474664026500193 | 0.4664474910351828 | 0.4825247012145937
0.2474664026500193 | 0.4664474910351828 | 0.4825247012145937 | -0.890779571169565 | 0.20520934624059306:0.25318999767359784 | 0.48940924217258086 | 0.4605404209879218
0.25318999767359784 | 0.48940924217258086 | 0.4605404209879218 | -0.890779571169565 | 0.20520934624059306:0.25868502056255593 | 0.5114285613085165 | 0.4373822091103463
0.25868502056255593 | 0.5114285613085165 | 0.4373822091103463 | -0.890779571169565 | 0.20520934624059306:0.2639386024637105 | 0.5324483576830055 | 0.41309418906389084
0.2639386024637105 | 0.5324483576830055 | 0.41309418906389084 | -0.890779571169565 | 0.20520934624059306:0.26893835473505945 | 0.5524135629411333 | 0.3877233943335199
0.26893835473505945 | 0.5524135629411333 | 0.3877233943335199 | -0.890779571169565 | 0.20520934624059306:0.27367240067622944 | 0.5712712711211339 | 0.36131966721956843
0.27367240067622944 | 0.5712712711211339 | 0.36131966721956843 | -0.890779571169565 | 0.20520934624059306:0.27812940608951564 | 0.5889708737216708 | 0.3339355506561077
0.27812940608951564 | 0.5889708737216708 | 0.3339355506561077 | -0.890779571169565 | 0.20520934624059306:0.2822986085975323 | 0.6054641895209762 | 0.3056261732924028
0.2822986085975323 | 0.6054641895209762 | 0.3056261732924028 | -0.890779571169565 | 0.20520934624059306:0.2861698456463202 | 0.620705588833296 | 0.2764491281106345
0.2861698456463202 | 0.620705588833296 | 0.2764491281106345 | -0.890779571169565 | 0.20520934624059306:0.2897335811261357 | 0.6346521119016764 | 0.24646434486794533
0.2897335811261357 | 0.6346521119016764 | 0.24646434486794533 | -0.74768123518604 | 0.25970856098126904:0.29362777076381263 | 0.6456820415042372 | 0.21955988410382332
0.29362777076381263 | 0.6456820415042372 | 0.21955988410382332 | -0.74768123518604 | 0.25970856098126904:0.29716558901009194 | 0.655702976240832 | 0.19210852235868714
0.29716558901009194 | 0.655702976240832 | 0.19210852235868714 | -0.74768123518604 | 0.25970856098126904:0.30033912161819387 | 0.6646912426863238 | 0.16415401919516626
0.30033912161819387 | 0.6646912426863238 | 0.16415401919516626 | -0.74768123518604 | 0.25970856098126904:0.30314106248747663 | 0.6726248984222423 | 0.13574123956760076
0.30314106248747663 | 0.6726248984222423 | 0.13574123956760076 | -0.74768123518604 | 0.25970856098126904:0.3055647287483154 | 0.6794837769278672 | 0.1069160754460512
0.3055647287483154 | 0.6794837769278672 | 0.1069160754460512 | -0.74768123518604 | 0.25970856098126904:0.3076040747249351 | 0.6852495292772858 | 0.07772536548308295
0.3076040747249351 | 0.6852495292772858 | 0.07772536548308295 | -0.74768123518604 | 0.25970856098126904:0.3092537047515904 | 0.6899056625687408 | 0.04821681287012325
0.3092537047515904 | 0.6899056625687408 | 0.04821681287012325 | -0.74768123518604 | 0.25970856098126904:0.31050888481928496 | 0.6934375750182724 | 0.018438901532896068
0.31050888481928496 | 0.6934375750182724 | 0.018438901532896068 | -0.74768123518604 | 0.25970856098126904:0.3113655530328785 | 0.6958325876561418 | -0.011559189181554075
0.3113655530328785 | 0.6958325876561418 | -0.011559189181554075 | -0.74768123518604 | 0.25970856098126904:0.31182032886002986 | 0.6970799725703145 | -0.041727671171535974
0.31182032886002986 | 0.6970799725703145 | -0.041727671171535974 | -0.74768123518604 | 0.25970856098126904:0.3118705211560382 | 0.6971709776477866 | -0.07201623544413849
0.3118705211560382 | 0.6971709776477866 | -0.07201623544413849 | -0.74768123518604 | 0.25970856098126904:0.3115141349506345 | 0.6960988477707772 | -0.10237414101666786
0.3115141349506345 | 0.6960988477707772 | -0.10237414101666786 | -0.74768123518604 | 0.25970856098126904:0.3107498769850139 | 0.6938588424311476 | -0.13275030469576876
0.3107498769850139 | 0.6938588424311476 | -0.13275030469576876 | -0.74768123518604 | 0.25970856098126904:0.30957715998979296 | 0.6904482497329312 | -0.16309339157250946
0.30957715998979296 | 0.6904482497329312 | -0.16309339157250946 | -0.74768123518604 | 0.25970856098126904:0.3079961056965459 | 0.6858663967592591 | -0.19335190607093722
0.3079961056965459 | 0.6858663967592591 | -0.19335190607093722 | -0.74768123518604 | 0.25970856098126904:0.3060075465782006 | 0.680114656286392 | -0.22347428338669317
0.3060075465782006 | 0.680114656286392 | -0.22347428338669317 | -0.74768123518604 | 0.25970856098126904:0.3036130263154462 | 0.673196449834272 | -0.2534089811518925
0.3036130263154462 | 0.673196449834272 | -0.2534089811518925 | -0.74768123518604 | 0.25970856098126904:0.30081479898885277 | 0.6651172470492241 | -0.2831045711624114
0.30081479898885277 | 0.6651172470492241 | -0.2831045711624114 | -0.74768123518604 | 0.25970856098126904:0.2976158269986158 | 0.6558845614212103 | -0.3125098310038794
0.2976158269986158 | 0.6558845614212103 | -0.3125098310038794 | -0.74768123518604 | 0.25970856098126904:0.29401977771581045 | 0.6455079423442669 | -0.34157383541287345
0.29401977771581045 | 0.6455079423442669 | -0.34157383541287345 | -0.74768123518604 | 0.25970856098126904:0.2900310188717157 | 0.6339989635354044 | -0.37024604721089815
0.2900310188717157 | 0.6339989635354044 | -0.37024604721089815 | -0.74768123518604 | 0.25970856098126904:0.2856546126936479 | 0.6213712078334339 | -0.3984764076493903
0.2856546126936479 | 0.6213712078334339 | -0.3984764076493903 | -0.74768123518604 | 0.25970856098126904:0.28089630879796346 | 0.6076402484058008 | -0.42621542600552687
0.28089630879796346 | 0.6076402484058008 | -0.42621542600552687 | -0.74768123518604 | 0.25970856098126904:0.2757625358533602 | 0.5928236263973972 | -0.4534142682698956
0.2757625358533602 | 0.5928236263973972 | -0.4534142682698956 | -0.74768123518604 | 0.25970856098126904:0.27026039202924323 | 0.5769408250620387 | -0.48002484476919705
0.27026039202924323 | 0.5769408250620387 | -0.48002484476919705 | -0.74768123518604 | 0.25970856098126904:0.264397634246599 | 0.5600132404228262 | -0.5059998965689942
0.264397634246599 | 0.5600132404228262 | -0.5059998965689942 | -0.74768123518604 | 0.25970856098126904:0.25818266625039854 | 0.5420641485142141 | -0.5312930805040281
0.25818266625039854 | 0.5420641485142141 | -0.5312930805040281 | -0.74768123518604 | 0.25970856098126904:0.25162452552496717 | 0.5231186692640506 | -0.5558590526861558
0.25162452552496717 | 0.5231186692640506 | -0.5558590526861558 | -0.74768123518604 | 0.25970856098126904:0.2447328690754631 | 0.5032037270800132 | -0.5796535503428224
0.2447328690754631 | 0.5032037270800132 | -0.5796535503428224 | -0.74768123518604 | 0.25970856098126904:0.2375179581008382 | 0.48234800821025203 | -0.6026334718422106
0.2375179581008382 | 0.48234800821025203 | -0.6026334718422106 | -0.74768123518604 | 0.25970856098126904:0.22999064158531013 | 0.46058191495387035 | -0.6247569547643188
0.22999064158531013 | 0.46058191495387035 | -0.6247569547643188 | -0.74768123518604 | 0.25970856098126904:0.22216233883735725 | 0.43793751680209425 | -0.6459834518811292
0.22216233883735725 | 0.43793751680209425 | -0.6459834518811292 | -0.74768123518604 | 0.25970856098126904:0.214045021007081 | 0.4144484985962933 | -0.6662738049125352
0.214045021007081 | 0.4144484985962933 | -0.6662738049125352 | -0.74768123518604 | 0.25970856098126904:0.20565119161439327 | 0.3901501057940777 | -0.6855903159289625
0.20565119161439327 | 0.3901501057940777 | -0.6855903159289625 | -0.74768123518604 | 0.25970856098126904:0.19699386612231962 | 0.3650790869397653 | -0.703896816275698
0.19699386612231962 | 0.3650790869397653 | -0.703896816275698 | -0.74768123518604 | 0.25970856098126904:0.18808655059117285 | 0.33927363343998707 | -0.7211587328985942
0.18808655059117285 | 0.33927363343998707 | -0.7211587328985942 | -0.74768123518604 | 0.25970856098126904:0.17894321945105673 | 0.31277331675008924 | -0.7373431519552227
0.17894321945105673 | 0.31277331675008924 | -0.7373431519552227 | -0.74768123518604 | 0.25970856098126904:0.16957829243160916 | 0.28561902308108955 | -0.7524188796006399
0.16957829243160916 | 0.28561902308108955 | -0.7524188796006399 | -0.74768123518604 | 0.25970856098126904:0.16000661068913757 | 0.25785288574134313 | -0.7663564998417662
0.16000661068913757 | 0.25785288574134313 | -0.7663564998417662 | -0.74768123518604 | 0.25970856098126904:0.15024341217299764 | 0.22951821523083282 | -0.7791284293597229
0.15024341217299764 | 0.22951821523083282 | -0.7791284293597229 | -0.12030932141644368 | -0.8868721829496169:0.18508338143296754 | 0.22530084378917792 | -0.7746959724777227
0.18508338143296754 | 0.22530084378917792 | -0.7746959724777227 | -0.12030932141644368 | -0.8868721829496169:0.21975881215650617 | 0.22109577011139692 | -0.768666031397931
0.21975881215650617 | 0.22109577011139692 | -0.768666031397931 | -0.12030932141644368 | -0.8868721829496169:0.25419690209421475 | 0.2169129396868712 | -0.7610448862933694
0.25419690209421475 | 0.2169129396868712 | -0.7610448862933694 | -0.12030932141644368 | -0.8868721829496169:0.28832510741366235 | 0.2127622726801519 | -0.7518422241153218
0.28832510741366235 | 0.2127622726801519 | -0.7518422241153218 | -0.12030932141644368 | -0.8868721829496169:0.3220713000234312 | 0.2086536425610106 | -0.7410711263987366
0.3220713000234312 | 0.2086536425610106 | -0.7410711263987366 | 0.20090072721913566 | 0.2791274860487063:0.3123454332735065 | 0.21651550991645507 | -0.7448345291422278
0.3123454332735065 | 0.21651550991645507 | -0.7448345291422278 | 0.20090072721913566 | 0.2791274860487063:0.30254255378885375 | 0.2244251343796293 | -0.7483720033578081
0.30254255378885375 | 0.2244251343796293 | -0.7483720033578081 | 0.20090072721913566 | 0.2791274860487063:0.29266624555360465 | 0.23238003393660023 | -0.7516816666570882
0.29266624555360465 | 0.23238003393660023 | -0.7516816666570882 | 0.20090072721913566 | 0.2791274860487063:0.2827201188777124 | 0.24037770630933863 | -0.7547617233931732
0.2827201188777124 | 0.24037770630933863 | -0.7547617233931732 | 0.20090072721913566 | 0.2791274860487063:0.27270780901415037 | 0.2484156299574778 | -0.757610465127069
0.27270780901415037 | 0.2484156299574778 | -0.757610465127069 | -0.706576599889408 | 0.6625154836077891:0.2476530046706742 | 0.22191431881599044 | -0.7759702675337738
0.2476530046706742 | 0.22191431881599044 | -0.7759702675337738 | -0.706576599889408 | 0.6625154836077891:0.22198251692191917 | 0.19472608188343088 | -0.7925566364890013
0.22198251692191917 | 0.19472608188343088 | -0.7925566364890013 | -0.706576599889408 | 0.6625154836077891:0.19575636508050565 | 0.1669141014318356 | -0.8073232093589962
0.19575636508050565 | 0.1669141014318356 | -0.8073232093589962 | -0.706576599889408 | 0.6625154836077891:0.16903611869083335 | 0.1385432895938834 | -0.8202279483930734
0.16903611869083335 | 0.1385432895938834 | -0.8202279483930734 | -0.706576599889408 | 0.6625154836077891:0.1418847483493053 | 0.10968013129706833 | -0.8312332561010276
0.1418847483493053 | 0.10968013129706833 | -0.8312332561010276 | -0.706576599889408 | 0.6625154836077891:0.1143664727449405 | 0.08039252297380983 | -0.8403060797038595
0.1143664727449405 | 0.08039252297380983 | -0.8403060797038595 | -0.706576599889408 | 0.6625154836077891:0.08654660230175182 | 0.05074960744934032 | -0.8474180043836892
0.08654660230175182 | 0.05074960744934032 | -0.8474180043836892 | -0.706576599889408 | 0.6625154836077891:0.05849137981285679 | 0.020821605419129696 | -0.8525453350869014
0.05849137981285679 | 0.020821605419129696 | -0.8525453350869014 | -0.706576599889408 | 0.6625154836077891:0.030267818464110974 | -0.00932035606391679 | -0.8556691666633345
0.030267818464110974 | -0.00932035606391679 | -0.8556691666633345 | -0.706576599889408 | 0.6625154836077891:0.001943537651605709 | -0.03960441766459155 | -0.8567754421536176
0.001943537651605709 | -0.03960441766459155 | -0.8567754421536176 | -0.706576599889408 | 0.6625154836077891:-0.026413402996979585 | -0.06995816396815968 | -0.8558549990665352
-0.026413402996979585 | -0.06995816396815968 | -0.8558549990665352 | -0.706576599889408 | 0.6625154836077891:-0.054734670982469424 | -0.10030880137099274 | -0.8529036035184099
-0.054734670982469424 | -0.10030880137099274 | -0.8529036035184099 | -0.706576599889408 | 0.6625154836077891:-0.08295182925748179 | -0.1305833372146168 | -0.8479219721369966
-0.08295182925748179 | -0.1305833372146168 | -0.8479219721369966 | -0.706576599889408 | 0.6625154836077891:-0.1109965050923094 | -0.1607087597156891 | -0.8409157816629951
-0.1109965050923094 | -0.1607087597156891 | -0.8409157816629951 | -0.706576599889408 | 0.6625154836077891:-0.13880055906093247 | -0.19061221824216545 | -0.8318956662131893
-0.13880055906093247 | -0.19061221824216545 | -0.8318956662131893 | 0.24568062874931762 | 0.5054510338972495:-0.16008587131140217 | -0.18066138102039275 | -0.8317001760090027
