0.0 | 0.0 | 0.0 | 0.37307732234897606 | 0.42073230909713977:2.1031404256409474E-4 | -1.8652784315498216E-4 | 0.009996047987441253
2.1031404256409474E-4 | -1.8652784315498216E-4 | 0.009996047987441253 | 0.37307732234897606 | 0.42073230909713977:8.366462431913674E-4 | -7.421695417595409E-4 | 0.019868548196459605
8.366462431913674E-4 | -7.421695417595409E-4 | 0.019868548196459605 | 0.37307732234897606 | 0.42073230909713977:0.001871660596593731 | -0.0016606353934931484 | 0.029595414808734087
0.001871660596593731 | -0.0016606353934931484 | 0.029595414808734087 | 0.37307732234897606 | 0.42073230909713977:0.003307472867923736 | -0.0029351446790599756 | 0.03915507600377039
0.003307472867923736 | -0.0029351446790599756 | 0.03915507600377039 | 0.37307732234897606 | 0.42073230909713977:0.005135667510538521 | -0.004558440465260105 | 0.048526495325238256
0.005135667510538521 | -0.004558440465260105 | 0.048526495325238256 | 0.37307732234897606 | 0.42073230909713977:0.007347314980712918 | -0.006522804768100743 | 0.057689192182424576
0.007347314980712918 | -0.006522804768100743 | 0.057689192182424576 | 0.37307732234897606 | 0.42073230909713977:0.009932989426660176 | -0.008820074055977623 | 0.06662326147596825
0.009932989426660176 | -0.008820074055977623 | 0.06662326147596825 | 0.37307732234897606 | 0.42073230909713977:0.012882786729129403 | -0.011441655072856882 | 0.07530939233801437
0.012882786729129403 | -0.011441655072856882 | 0.07530939233801437 | 0.37307732234897606 | 0.42073230909713977:0.016186342870780843 | -0.014378540961328623 | 0.08372888597789141
0.016186342870780843 | -0.014378540961328623 | 0.08372888597789141 | 0.37307732234897606 | 0.42073230909713977:0.01983285261149391 | -0.017621327665346298 | 0.09186367262538092
0.01983285261149391 | -0.017621327665346298 | 0.09186367262538092 | 0.37307732234897606 | 0.42073230909713977:0.023811088446737377 | -0.02116023059243788 | 0.09969632756460789
0.023811088446737377 | -0.02116023059243788 | 0.09969632756460789 | 0.37307732234897606 | 0.42073230909713977:0.028109419826126872 | -0.024985101515161645 | 0.10721008625253514
0.028109419826126872 | -0.024985101515161645 | 0.10721008625253514 | 0.37307732234897606 | 0.42073230909713977:0.03271583260931102 | -0.029085445691583223 | 0.11438885851699387
0.03271583260931102 | -0.029085445691583223 | 0.11438885851699387 | 0.37307732234897606 | 0.42073230909713977:0.03761794873636465 | -0.03345043918457802 | 0.12121724183012583
0.03761794873636465 | -0.03345043918457802 | 0.12121724183012583 | -0.20679794048300226 | -0.014922000374036015:0.04001109986478407 | -0.034326243541347834 | 0.1296321140676714
0.04001109986478407 | -0.034326243541347834 | 0.1296321140676714 | -0.20679794048300226 | -0.014922000374036015:0.04236716621840633 | -0.035011195255392424 | 0.13800012029528497
0.04236716621840633 | -0.035011195255392424 | 0.13800012029528497 | -0.20679794048300226 | -0.014922000374036015:0.04468653532795014 | -0.03550741866745688 | 0.146318752333378
0.04468653532795014 | -0.03550741866745688 | 0.146318752333378 | -0.20679794048300226 | -0.014922000374036015:0.04696959343195711 | -0.03581705277389369 | 0.15458554645511757
0.04696959343195711 | -0.03581705277389369 | 0.15458554645511757 | -0.20679794048300226 | -0.014922000374036015:0.04921672545877365 | -0.03594225065263501 | 0.16279808319618705
0.04921672545877365 | -0.03594225065263501 | 0.16279808319618705 | -0.6548894085485504 | -0.3549806911639364:0.048500794994967955 | -0.03204720266622463 | 0.17256457649629264
0.048500794994967955 | -0.03204720266622463 | 0.17256457649629264 | -0.6548894085485504 | -0.3549806911639364:0.04745331882867032 | -0.02756542984922805 | 0.18218620623142323
0.04745331882867032 | -0.02756542984922805 | 0.18218620623142323 | -0.6548894085485504 | -0.3549806911639364:0.04607900926026731 | -0.022504754336094113 | 0.19162641765813726
0.04607900926026731 | -0.022504754336094113 | 0.19162641765813726 | -0.6548894085485504 | -0.3549806911639364:0.04438340547586739 | -0.016874536550409935 | 0.2008492649986433
0.04438340547586739 | -0.016874536550409935 | 0.2008492649986433 | -0.6548894085485504 | -0.3549806911639364:0.042372855372277085 | -0.010685642896562486 | 0.20981948787311833
0.042372855372277085 | -0.010685642896562486 | 0.20981948787311833 | 0.7051996326496734 | 0.7987578431143576:0.052554806441107105 | -0.018738332809030478 | 0.21505863280212445
0.052554806441107105 | -0.018738332809030478 | 0.21505863280212445 | 0.7051996326496734 | 0.7987578431143576:0.06320580701994905 | -0.027229092861898785 | 0.2194168572650339
0.06320580701994905 | -0.027229092861898785 | 0.2194168572650339 | 0.7051996326496734 | 0.7987578431143576:0.07427909952013556 | -0.03611745599560723 | 0.22284328612454463
0.07427909952013556 | -0.03611745599560723 | 0.22284328612454463 | 0.7051996326496734 | 0.7987578431143576:0.08572540811269069 | -0.045360656826455514 | 0.22529135200020267
0.08572540811269069 | -0.045360656826455514 | 0.22529135200020267 | 0.7051996326496734 | 0.7987578431143576:0.09749316014597953 | -0.054913823480872814 | 0.22671900140952728
0.09749316014597953 | -0.054913823480872814 | 0.22671900140952728 | 0.7051996326496734 | 0.7987578431143576:0.10952871602544056 | -0.06473017724139396 | 0.22708888157353035
0.10952871602544056 | -0.06473017724139396 | 0.22708888157353035 | 0.7051996326496734 | 0.7987578431143576:0.12177660662172385 | -0.07476123919057143 | 0.2263685072901671
0.12177660662172385 | -0.07476123919057143 | 0.2263685072901671 | 0.7051996326496734 | 0.7987578431143576:0.1341797772529485 | -0.08495704301949036 | 0.22453040735630658
0.1341797772529485 | -0.08495704301949036 | 0.22453040735630658 | 0.7051996326496734 | 0.7987578431143576:0.1466798372697058 | -0.09526635315109555 | 0.22155225009707546
0.1466798372697058 | -0.09526635315109555 | 0.22155225009707546 | 0.7051996326496734 | 0.7987578431143576:0.15921731425786767 | -0.10563688731515697 | 0.21741694764061403
0.15921731425786767 | -0.10563688731515697 | 0.21741694764061403 | 0.7051996326496734 | 0.7987578431143576:0.1717319118642615 | -0.11601554270148018 | 0.2121127386561099
0.1717319118642615 | -0.11601554270148018 | 0.2121127386561099 | 0.7051996326496734 | 0.7987578431143576:0.1841627702438231 | -0.12634862481083875 | 0.20563324935317873
0.1841627702438231 | -0.12634862481083875 | 0.20563324935317873 | 0.7051996326496734 | 0.7987578431143576:0.19644872812394132 | -0.13658207811915668 | 0.1979775326209765
0.19644872812394132 | -0.13658207811915668 | 0.1979775326209765 | 0.7051996326496734 | 0.7987578431143576:0.20852858548234154 | -0.14666171766959302 | 0.18915008526553123
0.20852858548234154 | -0.14666171766959302 | 0.18915008526553123 | 0.7051996326496734 | 0.7987578431143576:0.2203413658389941 | -0.15653346070944263 | 0.1791608433834817
0.2203413658389941 | -0.15653346070944263 | 0.1791608433834817 | 0.5775946098287081 | 0.2500651135254415:0.22714341699628937 | -0.16500993878239534 | 0.175377549426174
0.22714341699628937 | -0.16500993878239534 | 0.175377549426174 | 0.5775946098287081 | 0.2500651135254415:0.23389095834009455 | -0.17344090382640376 | 0.17107510727331565
0.23389095834009455 | -0.17344090382640376 | 0.17107510727331565 | 0.5775946098287081 | 0.2500651135254415:0.24057516894184516 | -0.18180521690512652 | 0.1662558978511406
0.24057516894184516 | -0.18180521690512652 | 0.1662558978511406 | 0.5775946098287081 | 0.2500651135254415:0.2471872934579351 | -0.1900818845310175 | 0.16092322562029882
0.2471872934579351 | -0.1900818845310175 | 0.16092322562029882 | 0.5775946098287081 | 0.2500651135254415:0.25371865583760433 | -0.19825009039932517 | 0.15508130867732195
0.25371865583760433 | -0.19825009039932517 | 0.15508130867732195 | -0.8080147610230239 | -0.2689978134121993:0.25602618484199935 | -0.1952737765704735 | 0.1693509533771138
0.25602618484199935 | -0.1952737765704735 | 0.1693509533771138 | -0.8080147610230239 | -0.2689978134121993:0.2580560806946659 | -0.19156665752562807 | 0.18368401932810485
0.2580560806946659 | -0.19156665752562807 | 0.18368401932810485 | -0.8080147610230239 | -0.2689978134121993:0.259806676062011 | -0.1871218451190444 | 0.1980379621301953
0.259806676062011 | -0.1871218451190444 | 0.1980379621301953 | -0.8080147610230239 | -0.2689978134121993:0.2612770172766261 | -0.1819345977996445 | 0.2123698627076953
0.2612770172766261 | -0.1819345977996445 | 0.2123698627076953 | -0.8080147610230239 | -0.2689978134121993:0.26246686802010455 | -0.17600233392835296 | 0.22663654390241028
0.26246686802010455 | -0.17600233392835296 | 0.22663654390241028 | -0.9821783063627156 | -0.8310704949682006:0.25644551468234766 | -0.1672523992351218 | 0.2495647009245454
0.25644551468234766 | -0.1672523992351218 | 0.2495647009245454 | -0.9821783063627156 | -0.8310704949682006:0.2492889851573068 | -0.15717087850569467 | 0.27200845865259193
0.2492889851573068 | -0.15717087850569467 | 0.27200845865259193 | -0.9821783063627156 | -0.8310704949682006:0.24101380326486144 | -0.1457738049474946 | 0.29383440605545275
0.24101380326486144 | -0.1457738049474946 | 0.29383440605545275 | -0.9821783063627156 | -0.8310704949682006:0.23164298052898147 | -0.1330849126659963 | 0.3149103921195415
0.23164298052898147 | -0.1330849126659963 | 0.3149103921195415 | -0.9821783063627156 | -0.8310704949682006:0.22120594945467342 | -0.11913557616510762 | 0.3351062743076394
0.22120594945467342 | -0.11913557616510762 | 0.3351062743076394 | 0.04537102938618687 | -0.3263018509814044:0.21870709496023455 | -0.12155912415946446 | 0.3430949931357148
0.21870709496023455 | -0.12155912415946446 | 0.3430949931357148 | 0.04537102938618687 | -0.3263018509814044:0.21597222757875567 | -0.12399469360920712 | 0.3510333855640191
0.21597222757875567 | -0.12399469360920712 | 0.3510333855640191 | 0.04537102938618687 | -0.3263018509814044:0.21300332311102554 | -0.12644222459348864 | 0.3589159109009774
0.21300332311102554 | -0.12644222459348864 | 0.3589159109009774 | 0.04537102938618687 | -0.3263018509814044:0.20980246308035877 | -0.12890164032911233 | 0.3667370965136936
0.20980246308035877 | -0.12890164032911233 | 0.3667370965136936 | 0.04537102938618687 | -0.3263018509814044:0.20637183288514116 | -0.1313728474463698 | 0.3744915394892061
0.20637183288514116 | -0.1313728474463698 | 0.3744915394892061 | 0.04537102938618687 | -0.3263018509814044:0.20271371993332732 | -0.13385573626723435 | 0.3821739082537672
0.20271371993332732 | -0.13385573626723435 | 0.3821739082537672 | 0.04537102938618687 | -0.3263018509814044:0.19883051175970312 | -0.13635018108579278 | 0.38977894415008585
0.19883051175970312 | -0.13635018108579278 | 0.38977894415008585 | 0.04537102938618687 | -0.3263018509814044:0.19472469412665827 | -0.13885604045080768 | 0.3973014629725107
0.19472469412665827 | -0.13885604045080768 | 0.3973014629725107 | 0.04537102938618687 | -0.3263018509814044:0.19039884910925053 | -0.14137315745031476 | 0.4047363564601518
0.19039884910925053 | -0.14137315745031476 | 0.4047363564601518 | 0.04537102938618687 | -0.3263018509814044:0.1858556531653086 | -0.1439013599981438 | 0.412078593747923
0.1858556531653086 | -0.1439013599981438 | 0.412078593747923 | 0.04537102938618687 | -0.3263018509814044:0.18109787519135345 | -0.14644046112226317 | 0.4193232227755317
0.18109787519135345 | -0.14644046112226317 | 0.4193232227755317 | 0.04537102938618687 | -0.3263018509814044:0.1761283745650708 | -0.1489902592548482 | 0.426465371654416
0.1761283745650708 | -0.1489902592548482 | 0.426465371654416 | 0.04537102938618687 | -0.3263018509814044:0.17095009917508008 | -0.15155053852396083 | 0.4335002499926901
0.17095009917508008 | -0.15155053852396083 | 0.4335002499926901 | 0.04537102938618687 | -0.3263018509814044:0.16556608343876 | -0.15412106904675493 | 0.4404231501781055
0.16556608343876 | -0.15412106904675493 | 0.4404231501781055 | 0.04537102938618687 | -0.3263018509814044:0.15997944630885108 | -0.1567016072240941 | 0.44722944861911174
0.15997944630885108 | -0.1567016072240941 | 0.44722944861911174 | 0.04537102938618687 | -0.3263018509814044:0.1541933892695706 | -0.15929189603648286 | 0.4539146069440605
0.1541933892695706 | -0.15929189603648286 | 0.4539146069440605 | 0.04537102938618687 | -0.3263018509814044:0.14821119432296115 | -0.16189166534122723 | 0.46047417315863903
0.14821119432296115 | -0.16189166534122723 | 0.46047417315863903 | 0.04537102938618687 | -0.3263018509814044:0.14203622196620636 | -0.16450063217070454 | 0.46690378276159805
0.14203622196620636 | -0.16450063217070454 | 0.46690378276159805 | 0.04537102938618687 | -0.3263018509814044:0.13567190916060667 | -0.16711850103165649 | 0.4731991598189218
0.13567190916060667 | -0.16711850103165649 | 0.4731991598189218 | 0.04537102938618687 | -0.3263018509814044:0.12912176729294167 | -0.1697449642054174 | 0.4793561179964456
0.12912176729294167 | -0.1697449642054174 | 0.4793561179964456 | 0.04537102938618687 | -0.3263018509814044:0.12238938012990808 | -0.17237970204895703 | 0.4853705615511643
0.12238938012990808 | -0.17237970204895703 | 0.4853705615511643 | 0.04537102938618687 | -0.3263018509814044:0.11547840176633528 | -0.17502238329667463 | 0.49123848628122246
0.11547840176633528 | -0.17502238329667463 | 0.49123848628122246 | 0.04537102938618687 | -0.3263018509814044:0.10839255456787988 | -0.1776726653628149 | 0.49695598043483713
0.10839255456787988 | -0.1776726653628149 | 0.49695598043483713 | 0.04537102938618687 | -0.3263018509814044:0.10113562710884949 | -0.18033019464445132 | 0.5025192255782116
0.10113562710884949 | -0.18033019464445132 | 0.5025192255782116 | 0.04537102938618687 | -0.3263018509814044:0.09371147210587338 | -0.18299460682490043 | 0.5079244974226391
0.09371147210587338 | -0.18299460682490043 | 0.5079244974226391 | -0.13462759820391912 | 0.607481521600691:0.11003095926371209 | -0.1810528518699961 | 0.5102388187536491
0.11003095926371209 | -0.1810528518699961 | 0.5102388187536491 | -0.13462759820391912 | 0.607481521600691:0.12652920748704055 | -0.17905289404388647 | 0.5119823937967887
0.12652920748704055 | -0.17905289404388647 | 0.5119823937967887 | -0.13462759820391912 | 0.607481521600691:0.14318573135065193 | -0.17699941035038336 | 0.5131465330169753
0.14318573135065193 | -0.17699941035038336 | 0.5131465330169753 | -0.13462759820391912 | 0.607481521600691:0.15997972953004158 | -0.17489714878271023 | 0.5137233351434674
0.15997972953004158 | -0.17489714878271023 | 0.5137233351434674 | -0.13462759820391912 | 0.607481521600691:0.17689011347773054 | -0.17275092202012843 | 0.5137056974531156
0.17689011347773054 | -0.17275092202012843 | 0.5137056974531156 | -0.13462759820391912 | 0.607481521600691:0.19389553636713153 | -0.17056560106149554 | 0.5130873249848378
0.19389553636713153 | -0.17056560106149554 | 0.5130873249848378 | -0.13462759820391912 | 0.607481521600691:0.2109744222671619 | -0.168346108803906 | 0.5118627386798629
0.2109744222671619 | -0.168346108803906 | 0.5118627386798629 | -0.13462759820391912 | 0.607481521600691:0.22810499551076724 | -0.16609741357457963 | 0.5100272824434917
0.22810499551076724 | -0.16609741357457963 | 0.5100272824434917 | -0.13462759820391912 | 0.607481521600691:0.24526531022056552 | -0.1638245226241306 | 0.5075771291254156
0.24526531022056552 | -0.1638245226241306 | 0.5075771291254156 | -0.13462759820391912 | 0.607481521600691:0.262433279954811 | -0.16153247558935035 | 0.5045092854169511
0.262433279954811 | -0.16153247558935035 | 0.5045092854169511 | -0.13462759820391912 | 0.607481521600691:0.2795867074370406 | -0.1592263379336707 | 0.5008215956647533
0.2795867074370406 | -0.1592263379336707 | 0.5008215956647533 | -0.13462759820391912 | 0.607481521600691:0.2967033143328486 | -0.15691119437334855 | 0.49651274460183714
0.2967033143328486 | -0.15691119437334855 | 0.49651274460183714 | -0.13462759820391912 | 0.607481521600691:0.3137607710374315 | -0.15459214229750629 | 0.49158225899802943
0.3137607710374315 | -0.15459214229750629 | 0.49158225899802943 | -0.13462759820391912 | 0.607481521600691:0.33073672643775076 | -0.15227428518998387 | 0.48603050823313154
0.33073672643775076 | -0.15227428518998387 | 0.48603050823313154 | -0.13462759820391912 | 0.607481521600691:0.34760883761339656 | -0.14996272606103922 | 0.47985870379737605
0.34760883761339656 | -0.14996272606103922 | 0.47985870379737605 | -0.13462759820391912 | 0.607481521600691:0.3643547994405658 | -0.14766256089676233 | 0.4730688977248967
0.3643547994405658 | -0.14766256089676233 | 0.4730688977248967 | -0.13462759820391912 | 0.607481521600691:0.38095237406381344 | -0.14537887213407252 | 0.46566397996715736
0.38095237406381344 | -0.14537887213407252 | 0.46566397996715736 | -0.13462759820391912 | 0.607481521600691:0.3973794202007035 | -0.1431167221690668 | 0.4576476747145293
0.3973794202007035 | -0.1431167221690668 | 0.4576476747145293 | -0.13462759820391912 | 0.607481521600691:0.413613922244771 | -0.14088114690640374 | 0.44902453567519274
0.413613922244771 | -0.14088114690640374 | 0.44902453567519274 | -0.13462759820391912 | 0.607481521600691:0.42963401913272925 | -0.13867714935729936 | 0.4397999403218904
0.42963401913272925 | -0.13867714935729936 | 0.4397999403218904 | -0.08834626131013623 | 0.562640591463418:0.444443959994242 | -0.13753517315221409 | 0.4306606957711949
0.444443959994242 | -0.13753517315221409 | 0.4306606957711949 | -0.08834626131013623 | 0.562640591463418:0.45903393351100163 | -0.13641456647835426 | 0.4210087380865595
0.45903393351100163 | -0.13641456647835426 | 0.4210087380865595 | -0.08834626131013623 | 0.562640591463418:0.4733865176998542 | -0.1353181988021781 | 0.41085025941188746
0.4733865176998542 | -0.1353181988021781 | 0.41085025941188746 | -0.08834626131013623 | 0.562640591463418:0.48748449590449994 | -0.13424890745563367 | 0.40019204388834595
0.48748449590449994 | -0.13424890745563367 | 0.40019204388834595 | -0.08834626131013623 | 0.562640591463418:0.501310875668949 | -0.1332094946676321 | 0.3890414598558145
0.501310875668949 | -0.1332094946676321 | 0.3890414598558145 | -0.08834626131013623 | 0.562640591463418:0.514848907314061 | -0.1322027246407167 | 0.37740645146480745
0.514848907314061 | -0.1322027246407167 | 0.37740645146480745 | -0.08834626131013623 | 0.562640591463418:0.5280821022000737 | -0.1312313206756457 | 0.36529552971010304
0.5280821022000737 | -0.1312313206756457 | 0.36529552971010304 | -0.08834626131013623 | 0.562640591463418:0.540994250658482 | -0.1302979623465248 | 0.3527177628979459
0.540994250658482 | -0.1302979623465248 | 0.3527177628979459 | -0.08834626131013623 | 0.562640591463418:0.55356943957689 | -0.12940528272906882 | 0.3396827665589086
0.55356943957689 | -0.12940528272906882 | 0.3396827665589086 | -0.08834626131013623 | 0.562640591463418:0.5657920696210823 | -0.12855586568453248 | 0.3262006928192349
0.5657920696210823 | -0.12855586568453248 | 0.3262006928192349 | -0.08834626131013623 | 0.562640591463418:0.5776468720788408 | -0.12775224320173528 | 0.3122822192437127
0.5776468720788408 | -0.12775224320173528 | 0.3122822192437127 | -0.08834626131013623 | 0.562640591463418:0.5891189253105651 | -0.12699689279957482 | 0.2979385371636383
0.5891189253105651 | -0.12699689279957482 | 0.2979385371636383 | -0.08834626131013623 | 0.562640591463418:0.6001936707921729 | -0.12629223499234854 | 0.2831813395037983
0.6001936707921729 | -0.12629223499234854 | 0.2831813395037983 | -0.08834626131013623 | 0.562640591463418:0.6108569287362222 | -0.12564063082009014 | 0.26802280812288615
0.6108569287362222 | -0.12564063082009014 | 0.26802280812288615 | -0.08834626131013623 | 0.562640591463418:0.6210949132777479 | -0.12504437944613045 | 0.25247560068198993
0.6210949132777479 | -0.12504437944613045 | 0.25247560068198993 | -0.08834626131013623 | 0.562640591463418:0.6308942472116463 | -0.1245057158239149 | 0.23655283705632968
0.6308942472116463 | -0.1245057158239149 | 0.23655283705632968 | -0.08834626131013623 | 0.562640591463418:0.6402419762691167 | -0.1240268084351488 | 0.2202680853055483
0.6402419762691167 | -0.1240268084351488 | 0.2202680853055483 | -0.08834626131013623 | 0.562640591463418:0.6491255829209877 | -0.12360975710115163 | 0.2036353472185013
0.6491255829209877 | -0.12360975710115163 | 0.2036353472185013 | -0.08834626131013623 | 0.562640591463418:0.6575329996964356 | -0.1232565908693033 | 0.1866690434484113
0.6575329996964356 | -0.1232565908693033 | 0.1866690434484113 | -0.08834626131013623 | 0.562640591463418:0.6654526220060042 | -0.12296926597634439 | 0.16938399825495054
0.6654526220060042 | -0.12296926597634439 | 0.16938399825495054 | -0.08834626131013623 | 0.562640591463418:0.6728733204583932 | -0.12274966389022168 | 0.15179542386974987
0.6728733204583932 | -0.12274966389022168 | 0.15179542386974987 | -0.08834626131013623 | 0.562640591463418:0.6797844526610533 | -0.12259958943210059 | 0.13391890450241561
0.6797844526610533 | -0.12259958943210059 | 0.13391890450241561 | -0.08834626131013623 | 0.562640591463418:0.6861758744950883 | -0.12252076898002962 | 0.1157703800040295
0.6861758744950883 | -0.12252076898002962 | 0.1157703800040295 | -0.08834626131013623 | 0.562640591463418:0.6920379508555854 | -0.12251484875575258 | 0.0973661292057102
0.6920379508555854 | -0.12251484875575258 | 0.0973661292057102 | -0.08834626131013623 | 0.562640591463418:0.6973615658489685 | -0.12258339319597056 | 0.07872275294974429
0.6973615658489685 | -0.12258339319597056 | 0.07872275294974429 | 0.2732136700702936 | -0.6135417672744607:0.6974746347173948 | -0.12414646011797537 | 0.09879149751778726
0.6974746347173948 | -0.12414646011797537 | 0.09879149751778726 | 0.2732136700702936 | -0.6135417672744607:0.6969316076593337 | -0.12598385950144042 | 0.11890526481247576
0.6969316076593337 | -0.12598385950144042 | 0.11890526481247576 | 0.2732136700702936 | -0.6135417672744607:0.6957297055977492 | -0.12809718099868306 | 0.1390381206750888
0.6957297055977492 | -0.12809718099868306 | 0.1390381206750888 | 0.2732136700702936 | -0.6135417672744607:0.6938670282107466 | -0.13048762217520782 | 0.15916399130842507
0.6938670282107466 | -0.13048762217520782 | 0.15916399130842507 | 0.2732136700702936 | -0.6135417672744607:0.6913425582055766 | -0.13315598637912984 | 0.17925669914285436
0.6913425582055766 | -0.13315598637912984 | 0.17925669914285436 | 0.2732136700702936 | -0.6135417672744607:0.6881561643779577 | -0.1361026811504189 | 0.19928999882631615
0.6881561643779577 | -0.1361026811504189 | 0.19928999882631615 | 0.2732136700702936 | -0.6135417672744607:0.6843086034554204 | -0.1393277171709144 | 0.21923761328980618
0.6843086034554204 | -0.1393277171709144 | 0.21923761328980618 | 0.2732136700702936 | -0.6135417672744607:0.6798015207250145 | -0.14283070775527307 | 0.23907326983968602
0.6798015207250145 | -0.14283070775527307 | 0.23907326983968602 | 0.2732136700702936 | -0.6135417672744607:0.6746374494471183 | -0.14661086888243702 | 0.25877073622857694
0.6746374494471183 | -0.14661086888243702 | 0.25877073622857694 | 0.2732136700702936 | -0.6135417672744607:0.6688198090587889 | -0.1506670197663631 | 0.27830385665654234
0.6688198090587889 | -0.1506670197663631 | 0.27830385665654234 | -0.0797036836437226 | -0.16716833529481234:0.6688079686435344 | -0.15008243719224978 | 0.285482525415901
0.6688079686435344 | -0.15008243719224978 | 0.285482525415901 | -0.0797036836437226 | -0.16716833529481234:0.6687043474002081 | -0.14946004462320772 | 0.2926698746624439
0.6687043474002081 | -0.14946004462320772 | 0.2926698746624439 | -0.0797036836437226 | -0.16716833529481234:0.6685091021694305 | -0.1487998548596181 | 0.299864572109783
0.6685091021694305 | -0.1487998548596181 | 0.299864572109783 | -0.0797036836437226 | -0.16716833529481234:0.6682224020895049 | -0.1481018871736346 | 0.30706529309621544
0.6682224020895049 | -0.1481018871736346 | 0.30706529309621544 | -0.0797036836437226 | -0.16716833529481234:0.6678444284688752 | -0.1473661672426232 | 0.31427072066496464
0.6678444284688752 | -0.1473661672426232 | 0.31427072066496464 | -0.0797036836437226 | -0.16716833529481234:0.6673753746590592 | -0.14659272708284732 | 0.3214795456428021
0.6673753746590592 | -0.14659272708284732 | 0.3214795456428021 | -0.0797036836437226 | -0.16716833529481234:0.6668154459279094 | -0.14578160498337311 | 0.32869046671721946
0.6668154459279094 | -0.14578160498337311 | 0.32869046671721946 | -0.0797036836437226 | -0.16716833529481234:0.6661648593332075 | -0.1449328454402199 | 0.33590219051212244
0.6661648593332075 | -0.1449328454402199 | 0.33590219051212244 | -0.0797036836437226 | -0.16716833529481234:0.6654238435967272 | -0.14404649909074152 | 0.3431134316620543
0.6654238435967272 | -0.14404649909074152 | 0.3431134316620543 | -0.0797036836437226 | -0.16716833529481234:0.6645926389785757 | -0.14312262264822806 | 0.3503229128849412
0.6645926389785757 | -0.14312262264822806 | 0.3503229128849412 | -0.0797036836437226 | -0.16716833529481234:0.6636714971520448 | -0.14216127883679164 | 0.3575293650534306
0.6636714971520448 | -0.14216127883679164 | 0.3575293650534306 | -0.0797036836437226 | -0.16716833529481234:0.6626606810787266 | -0.1411625363264335 | 0.3647315272648015
0.6626606810787266 | -0.1411625363264335 | 0.3647315272648015 | -0.0797036836437226 | -0.16716833529481234:0.66156046488409 | -0.1401264696683846 | 0.3719281469094966
0.66156046488409 | -0.1401264696683846 | 0.3719281469094966 | -0.0797036836437226 | -0.16716833529481234:0.6603711337334772 | -0.13905315923068784 | 0.37911797973819716
0.6603711337334772 | -0.13905315923068784 | 0.37911797973819716 | -0.0797036836437226 | -0.16716833529481234:0.6590929837083976 | -0.13794269113400048 | 0.38629978992759817
0.6590929837083976 | -0.13794269113400048 | 0.38629978992759817 | -0.0797036836437226 | -0.16716833529481234:0.6577263216833487 | -0.13679515718766666 | 0.39347235014478343
0.6577263216833487 | -0.13679515718766666 | 0.39347235014478343 | -0.0797036836437226 | -0.16716833529481234:0.6562714652029271 | -0.13561065482599233 | 0.4006344416103005
0.6562714652029271 | -0.13561065482599233 | 0.4006344416103005 | -0.0797036836437226 | -0.16716833529481234:0.654728742359417 | -0.13438928704481157 | 0.40778485415982146
0.654728742359417 | -0.13438928704481157 | 0.40778485415982146 | -0.0797036836437226 | -0.16716833529481234:0.6530984916707396 | -0.13313116233825184 | 0.4149223863046032
0.6530984916707396 | -0.13313116233825184 | 0.4149223863046032 | -0.0797036836437226 | -0.16716833529481234:0.6513810619588796 | -0.1318363946357799 | 0.42204584529054756
0.6513810619588796 | -0.1318363946357799 | 0.42204584529054756 | -0.0797036836437226 | -0.16716833529481234:0.6495768122286023 | -0.13050510323945375 | 0.42915404715603955
0.6495768122286023 | -0.13050510323945375 | 0.42915404715603955 | -0.0797036836437226 | -0.16716833529481234:0.647686111546733 | -0.1291374127614624 | 0.4362458167884782
0.647686111546733 | -0.1291374127614624 | 0.4362458167884782 | -0.0797036836437226 | -0.16716833529481234:0.6457093389217263 | -0.12773345306187522 | 0.44331998797957795
0.6457093389217263 | -0.12773345306187522 | 0.44331998797957795 | -0.0797036836437226 | -0.16716833529481234:0.643646883183699 | -0.12629335918665774 | 0.4503754034793914
0.643646883183699 | -0.12629335918665774 | 0.4503754034793914 | -0.0797036836437226 | -0.16716833529481234:0.6414991428649088 | -0.1248172713059148 | 0.4574109150491381
0.6414991428649088 | -0.1248172713059148 | 0.4574109150491381 | 0.051933276719165145 | 0.6059879140212825:0.6567132275437544 | -0.12632414443125128 | 0.4385507736564662
0.6567132275437544 | -0.12632414443125128 | 0.4385507736564662 | 0.051933276719165145 | 0.6059879140212825:0.6713647287648286 | -0.1277816943390775 | 0.4191722882186113
0.6713647287648286 | -0.1277816943390775 | 0.4191722882186113 | 0.051933276719165145 | 0.6059879140212825:0.685436172718525 | -0.12918841866470387 | 0.3992930453229775
0.685436172718525 | -0.12918841866470387 | 0.3992930453229775 | 0.051933276719165145 | 0.6059879140212825:0.6989106530437326 | -0.13054286273246163 | 0.3789312162250056
0.6989106530437326 | -0.13054286273246163 | 0.3789312162250056 | 0.051933276719165145 | 0.6059879140212825:0.7117718497840144 | -0.13184362120658832 | 0.35810553783983323
0.7117718497840144 | -0.13184362120658832 | 0.35810553783983323 | 0.051933276719165145 | 0.6059879140212825:0.7240040477006033 | -0.1330893396877748 | 0.3368352931335892
0.7240040477006033 | -0.1330893396877748 | 0.3368352931335892 | 0.051933276719165145 | 0.6059879140212825:0.735592153924074 | -0.1342787162537391 | 0.31514029093614226
0.735592153924074 | -0.1342787162537391 | 0.31514029093614226 | 0.051933276719165145 | 0.6059879140212825:0.7465217149271908 | -0.13541050294238133 | 0.29304084519795026
0.7465217149271908 | -0.13541050294238133 | 0.29304084519795026 | 0.051933276719165145 | 0.6059879140212825:0.7567789328022343 | -0.1364835071759778 | 0.2705577537140371
0.7567789328022343 | -0.1364835071759778 | 0.2705577537140371 | 0.051933276719165145 | 0.6059879140212825:0.7663506808269176 | -0.13749659312505713 | 0.24771227633846848
0.7663506808269176 | -0.13749659312505713 | 0.24771227633846848 | -0.9480761879458974 | 0.7786838252366801:0.7773916129945775 | -0.12588528698639223 | 0.2244287001762686
0.7773916129945775 | -0.12588528698639223 | 0.2244287001762686 | -0.9480761879458974 | 0.7786838252366801:0.7874986236146242 | -0.11536369276255698 | 0.20014965248754635
0.7874986236146242 | -0.11536369276255698 | 0.20014965248754635 | -0.9480761879458974 | 0.7786838252366801:0.7966333671462138 | -0.10598085430997628 | 0.17496437025381084
0.7966333671462138 | -0.10598085430997628 | 0.17496437025381084 | -0.9480761879458974 | 0.7786838252366801:0.8047610956454463 | -0.09778152484500424 | 0.14896598045732645
0.8047610956454463 | -0.09778152484500424 | 0.14896598045732645 | -0.9480761879458974 | 0.7786838252366801:0.8118508086197664 | -0.09080597611026775 | 0.12225114603460696
0.8118508086197664 | -0.09080597611026775 | 0.12225114603460696 | -0.026598288883617593 | 0.9756788887787236:0.8185729691557242 | -0.09083424231632975 | 0.08281070376697386
0.8185729691557242 | -0.09083424231632975 | 0.08281070376697386 | -0.026598288883617593 | 0.9756788887787236:0.8233530215511138 | -0.09091282225197617 | 0.04300469229585957
0.8233530215511138 | -0.09091282225197617 | 0.04300469229585957 | -0.026598288883617593 | 0.9756788887787236:0.8261714815778589 | -0.09104233503353143 | 0.002929786727527528
0.8261714815778589 | -0.09104233503353143 | 0.002929786727527528 | -0.026598288883617593 | 0.9756788887787236:0.8270137177626111 | -0.09122326794586044 | -0.03731632647451022
0.8270137177626111 | -0.09122326794586044 | -0.03731632647451022 | -0.026598288883617593 | 0.9756788887787236:0.8258700021075072 | -0.09145597489902713 | -0.07763519503973271
0.8258700021075072 | -0.09145597489902713 | -0.07763519503973271 | -0.026598288883617593 | 0.9756788887787236:0.8227355483326448 | -0.09174067522341289 | -0.11792784888675811
0.8227355483326448 | -0.09174067522341289 | -0.11792784888675811 | -0.026598288883617593 | 0.9756788887787236:0.8176105375278695 | -0.09207745280676605 | -0.1580950499294076
0.8176105375278695 | -0.09207745280676605 | -0.1580950499294076 | -0.026598288883617593 | 0.9756788887787236:0.8105001311345745 | -0.09246625557579691 | -0.19803754305136323
0.8105001311345745 | -0.09246625557579691 | -0.19803754305136323 | -0.026598288883617593 | 0.9756788887787236:0.8014144712100233 | -0.0929068953240133 | -0.23765630760536283
0.8014144712100233 | -0.0929068953240133 | -0.23765630760536283 | -0.026598288883617593 | 0.9756788887787236:0.7903686679599673 | -0.093399047886642 | -0.27685280879119034
0.7903686679599673 | -0.093399047886642 | -0.27685280879119034 | -0.3649234613313135 | -0.6667748290724231:0.8005915632657548 | -0.09861853896243744 | -0.24906899508976466
0.8005915632657548 | -0.09861853896243744 | -0.24906899508976466 | -0.3649234613313135 | -0.6667748290724231:0.8098791151479645 | -0.10333675801970443 | -0.22081177531224228
0.8098791151479645 | -0.10333675801970443 | -0.22081177531224228 | -0.3649234613313135 | -0.6667748290724231:0.8182144744640141 | -0.1075440456567911 | -0.19212232592123968
0.8182144744640141 | -0.1075440456567911 | -0.19212232592123968 | -0.3649234613313135 | -0.6667748290724231:0.8255822173140501 | -0.11123151591805325 | -0.16304260841894802
0.8255822173140501 | -0.11123151591805325 | -0.16304260841894802 | -0.3649234613313135 | -0.6667748290724231:0.8319683720720832 | -0.11439107167016971 | -0.1336153047284654
0.8319683720720832 | -0.11439107167016971 | -0.1336153047284654 | 0.22542487836055103 | 0.12788526873888828:0.8325513126515176 | -0.11307646292992501 | -0.14045989021418848
0.8325513126515176 | -0.11307646292992501 | -0.14045989021418848 | 0.22542487836055103 | 0.12788526873888828:0.8330743424095175 | -0.11168004029098455 | -0.1473017983577165
0.8330743424095175 | -0.11168004029098455 | -0.1473017983577165 | 0.22542487836055103 | 0.12788526873888828:0.8335375916758068 | -0.1102017866711762 | -0.15413947781427595
0.8335375916758068 | -0.1102017866711762 | -0.15413947781427595 | 0.22542487836055103 | 0.12788526873888828:0.8339412011978737 | -0.10864170575165844 | -0.16097138058072602
0.8339412011978737 | -0.10864170575165844 | -0.16097138058072602 | 0.22542487836055103 | 0.12788526873888828:0.8342853220965054 | -0.10699982187629686 | -0.16779596230976068
0.8342853220965054 | -0.10699982187629686 | -0.16779596230976068 | 0.475177727809315 | -0.07421928234861586:0.83629679512255 | -0.10315422222198123 | -0.16747080013062998
0.83629679512255 | -0.10315422222198123 | -0.16747080013062998 | 0.475177727809315 | -0.07421928234861586:0.8382938805080471 | -0.09930915191447554 | -0.1670429854364741
0.8382938805080471 | -0.09930915191447554 | -0.1670429854364741 | 0.475177727809315 | -0.07421928234861586:0.8402763108039863 | -0.09546722689679399 | -0.1665125066121007
0.8402763108039863 | -0.09546722689679399 | -0.1665125066121007 | 0.475177727809315 | -0.07421928234861586:0.8422438172391367 | -0.09163106334857218 | -0.16587942004361622
0.8422438172391367 | -0.09163106334857218 | -0.16587942004361622 | 0.475177727809315 | -0.07421928234861586:0.844196130005372 | -0.08780327594904236 | -0.16514385008132138
0.844196130005372 | -0.08780327594904236 | -0.16514385008132138 | 0.475177727809315 | -0.07421928234861586:0.8461329785422862 | -0.08398647614325938 | -0.1643059889575511
