0.0 | 0.0 | 0.0 | 0.475177727809315 | -0.07421928234861586:-3.7099082604698E-5 | -2.3756651198980627E-4 | 0.00999710887259166
-3.7099082604698E-5 | -2.3756651198980627E-4 | 0.00999710887259166 | 0.475177727809315 | -0.07421928234861586:-1.47590817813149E-4 | -9.452446116764435E-4 | 0.019876989952570638
-1.47590817813149E-4 | -9.452446116764435E-4 | 0.019876989952570638 | 0.475177727809315 | -0.07421928234861586:-3.3021583460672555E-4 | -0.002115171719769826 | 0.029623747350706
-3.3021583460672555E-4 | -0.002115171719769826 | 0.029623747350706 | 0.475177727809315 | -0.07421928234861586:-5.836482655325784E-4 | -0.0037390550917455467 | 0.03922184658634946
-5.836482655325784E-4 | -0.0037390550917455467 | 0.03922184658634946 | 0.475177727809315 | -0.07421928234861586:-9.064978202788219E-4 | -0.00580818497684743 | 0.048656124565989056
-9.064978202788219E-4 | -0.00580818497684743 | 0.048656124565989056 | 0.475177727809315 | -0.07421928234861586:-0.0012973118863511164 | -0.00831344795566702 | 0.05791179913529912
-0.0012973118863511164 | -0.00831344795566702 | 0.05791179913529912 | -0.03767605804802221 | 0.6031699404895652:5.224147004717697E-4 | -0.009524270824111891 | 0.06726167038624606
5.224147004717697E-4 | -0.009524270824111891 | 0.06726167038624606 | -0.03767605804802221 | 0.6031699404895652:0.0029009046247190544 | -0.010686892275539872 | 0.0764575524384919
0.0029009046247190544 | -0.010686892275539872 | 0.0764575524384919 | -0.03767605804802221 | 0.6031699404895652:0.00582745560622673 | -0.011802089535920324 | 0.08547524744947749
0.00582745560622673 | -0.011802089535920324 | 0.08547524744947749 | -0.03767605804802221 | 0.6031699404895652:0.009290482505294108 | -0.01287069420970699 | 0.09429114351306245
0.009290482505294108 | -0.01287069420970699 | 0.09429114351306245 | -0.03767605804802221 | 0.6031699404895652:0.013277544532581089 | -0.013893590620411844 | 0.10288224323210893
0.013277544532581089 | -0.013893590620411844 | 0.10288224323210893 | -0.03767605804802221 | 0.6031699404895652:0.017775373275763826 | -0.014871714098968258 | 0.11122619115849575
0.017775373275763826 | -0.014871714098968258 | 0.11122619115849575 | -0.03767605804802221 | 0.6031699404895652:0.022769901499927372 | -0.015806049222549134 | 0.11930130008041528
0.022769901499927372 | -0.015806049222549134 | 0.11930130008041528 | -0.03767605804802221 | 0.6031699404895652:0.02824629267829626 | -0.016697628006540288 | 0.1270865761383292
0.02824629267829626 | -0.016697628006540288 | 0.1270865761383292 | -0.03767605804802221 | 0.6031699404895652:0.034188971209576216 | -0.017547528052379135 | 0.134561742752482
0.034188971209576216 | -0.017547528052379135 | 0.134561742752482 | -0.03767605804802221 | 0.6031699404895652:0.04058165327790303 | -0.018356870653996715 | 0.14170726334640338
0.04058165327790303 | -0.018356870653996715 | 0.14170726334640338 | -0.03767605804802221 | 0.6031699404895652:0.0474073783111664 | -0.019126818865616624 | 0.14850436285235014
0.0474073783111664 | -0.019126818865616624 | 0.14850436285235014 | -0.03767605804802221 | 0.6031699404895652:0.05464854099329858 | -0.019858575533666212 | 0.1549350479861673
0.05464854099329858 | -0.019858575533666212 | 0.1549350479861673 | -0.03767605804802221 | 0.6031699404895652:0.06228692378598749 | -0.02055338129558182 | 0.16098212628056197
0.06228692378598749 | -0.02055338129558182 | 0.16098212628056197 | -0.03767605804802221 | 0.6031699404895652:0.07030372991519396 | -0.02121251254828138 | 0.1666292238673015
0.07030372991519396 | -0.02121251254828138 | 0.1666292238673015 | -0.03767605804802221 | 0.6031699404895652:0.0786796167778191 | -0.02183727938908886 | 0.17186080200035492
0.0786796167778191 | -0.02183727938908886 | 0.17186080200035492 | 0.8764661248269319 | 0.4706869140469354:0.08619406336311519 | -0.03059424405751221 | 0.17602556257013102
0.08619406336311519 | -0.03059424405751221 | 0.17602556257013102 | 0.8764661248269319 | 0.4706869140469354:0.0939251224741775 | -0.0398232126832474 | 0.1794080461286982
0.0939251224741775 | -0.0398232126832474 | 0.1794080461286982 | 0.8764661248269319 | 0.4706869140469354:0.10184717364698903 | -0.049476796989631255 | 0.1819699401209367
0.10184717364698903 | -0.049476796989631255 | 0.1819699401209367 | 0.8764661248269319 | 0.4706869140469354:0.10993351879638413 | -0.059505528474580904 | 0.18367651419070752
0.10993351879638413 | -0.059505528474580904 | 0.18367651419070752 | 0.8764661248269319 | 0.4706869140469354:0.11815649165712638 | -0.06985805938405742 | 0.1844967474227177
0.11815649165712638 | -0.06985805938405742 | 0.1844967474227177 | 0.8764661248269319 | 0.4706869140469354:0.12648757005581424 | -0.08048136926603777 | 0.18440344152521027
0.12648757005581424 | -0.08048136926603777 | 0.18440344152521027 | 0.8764661248269319 | 0.4706869140469354:0.13489749061680745 | -0.09132097637205439 | 0.18337331967774695
0.13489749061680745 | -0.09132097637205439 | 0.18337331967774695 | 0.8764661248269319 | 0.4706869140469354:0.14335636550089226 | -0.10232115316398094 | 0.18138711081617398
0.14335636550089226 | -0.10232115316398094 | 0.18138711081617398 | 0.8764661248269319 | 0.4706869140469354:0.151833800772194 | -0.1134251451767081 | 0.1784296191749375
0.151833800772194 | -0.1134251451767081 | 0.1784296191749375 | 0.8764661248269319 | 0.4706869140469354:0.16029901598689356 | -0.1245753924826678 | 0.1744897789551385
0.16029901598689356 | -0.1245753924826678 | 0.1744897789551385 | 0.8764661248269319 | 0.4706869140469354:0.16872096459661012 | -0.13571375300180577 | 0.16956069403493723
0.16872096459661012 | -0.13571375300180577 | 0.16956069403493723 | 0.8764661248269319 | 0.4706869140469354:0.17706845475985444 | -0.146781726900572 | 0.1636396626869443
0.17706845475985444 | -0.146781726900572 | 0.1636396626869443 | 0.8764661248269319 | 0.4706869140469354:0.1853102701567435 | -0.15772068132576234 | 0.15672818731503746
0.1853102701567435 | -0.15772068132576234 | 0.15672818731503746 | 0.8764661248269319 | 0.4706869140469354:0.19341529040515804 | -0.16847207472359127 | 0.1488319692703337
0.19341529040515804 | -0.16847207472359127 | 0.1488319692703337 | 0.8764661248269319 | 0.4706869140469354:0.2013526106807184 | -0.17897768000115466 | 0.13996088885284763
0.2013526106807184 | -0.17897768000115466 | 0.13996088885284763 | 0.8764661248269319 | 0.4706869140469354:0.20909166014832348 | -0.18917980579643112 | 0.1301289706514046
0.20909166014832348 | -0.18917980579643112 | 0.1301289706514046 | 0.8764661248269319 | 0.4706869140469354:0.21660231881950587 | -0.19902151513410482 | 0.11935433441965149
0.21660231881950587 | -0.19902151513410482 | 0.11935433441965149 | 0.8764661248269319 | 0.4706869140469354:0.22385503245750638 | -0.20844684075774955 | 0.1076591317302471
0.22385503245750638 | -0.20844684075774955 | 0.1076591317302471 | 0.8764661248269319 | 0.4706869140469354:0.23082092516066632 | -0.21740099644420896 | 0.09506946869257948
0.23082092516066632 | -0.21740099644420896 | 0.09506946869257948 | 0.8764661248269319 | 0.4706869140469354:0.23747190926454964 | -0.22583058362328545 | 0.08161531506132658
0.23747190926454964 | -0.22583058362328545 | 0.08161531506132658 | 0.8764661248269319 | 0.4706869140469354:0.24378079221396298 | -0.23368379264507322 | 0.06733040010391633
0.24378079221396298 | -0.23368379264507322 | 0.06733040010391633 | 0.8764661248269319 | 0.4706869140469354:0.24972138006783462 | -0.24091059805830817 | 0.05225209563422606
0.24972138006783462 | -0.24091059805830817 | 0.05225209563422606 | 0.8764661248269319 | 0.4706869140469354:0.25526857731260844 | -0.2474629472859542 | 0.036421286657638774
0.25526857731260844 | -0.2474629472859542 | 0.036421286657638774 | 0.8764661248269319 | 0.4706869140469354:0.2603984826733976 | -0.2532949421087549 | 0.01988223010872847
0.2603984826733976 | -0.2532949421087549 | 0.01988223010872847 | 0.8764661248269319 | 0.4706869140469354:0.26508848062658963 | -0.25836301239360626 | 0.002682402197293321
0.26508848062658963 | -0.25836301239360626 | 0.002682402197293321 | 0.8764661248269319 | 0.4706869140469354:0.2693173283328001 | -0.2626260815312671 | -0.015127665088894737
0.2693173283328001 | -0.2626260815312671 | -0.015127665088894737 | 0.8764661248269319 | 0.4706869140469354:0.27306523772508307 | -0.26604572307697794 | -0.03349455774548904
0.27306523772508307 | -0.26604572307697794 | -0.03349455774548904 | 0.8764661248269319 | 0.4706869140469354:0.2763139525039273 | -0.2685863081179676 | -0.052362163169189735
0.2763139525039273 | -0.2685863081179676 | -0.052362163169189735 | 0.8764661248269319 | 0.4706869140469354:0.2790468198079017 | -0.27021514292347426 | -0.07167186259683511
0.2790468198079017 | -0.27021514292347426 | -0.07167186259683511 | 0.8764661248269319 | 0.4706869140469354:0.2812488563466795 | -0.2709025964656364 | -0.09136273190656752
0.2812488563466795 | -0.2709025964656364 | -0.09136273190656752 | -0.823157599918874 | 0.8678390204728919:0.28165239423704325 | -0.2785310392846503 | -0.09364135160588916
0.28165239423704325 | -0.2785310392846503 | -0.09364135160588916 | -0.823157599918874 | 0.8678390204728919:0.28187321828997547 | -0.2862584863530566 | -0.09561478585584027
0.28187321828997547 | -0.2862584863530566 | -0.09561478585584027 | -0.823157599918874 | 0.8678390204728919:0.2819262034639971 | -0.2940719647519794 | -0.09726699342516465
0.2819262034639971 | -0.2940719647519794 | -0.09726699342516465 | -0.823157599918874 | 0.8678390204728919:0.28182706502079036 | -0.30195766909273125 | -0.09858326361512226
0.28182706502079036 | -0.30195766909273125 | -0.09858326361512226 | -0.823157599918874 | 0.8678390204728919:0.28159229097335015 | -0.30990102397985897 | -0.09955029839092688
0.28159229097335015 | -0.30990102397985897 | -0.09955029839092688 | -0.7180254956549228 | -0.8441109702704723:0.2888425055665662 | -0.3174205029367494 | -0.07741391482012361
0.2888425055665662 | -0.3174205029367494 | -0.07741391482012361 | -0.7180254956549228 | -0.8441109702704723:0.2951364166688375 | -0.32413240864575776 | -0.0544194962747131
0.2951364166688375 | -0.32413240864575776 | -0.0544194962747131 | -0.7180254956549228 | -0.8441109702704723:0.3004267773552023 | -0.32999530627591867 | -0.03064181599326332
0.3004267773552023 | -0.32999530627591867 | -0.03064181599326332 | -0.7180254956549228 | -0.8441109702704723:0.30466993122807473 | -0.3349707376099609 | -0.006159909198102831
0.30466993122807473 | -0.3349707376099609 | -0.006159909198102831 | -0.7180254956549228 | -0.8441109702704723:0.30782601785844754 | -0.3390234011591904 | 0.018943225368857064
0.30782601785844754 | -0.3390234011591904 | 0.018943225368857064 | -0.7180254956549228 | -0.8441109702704723:0.3098591633729022 | -0.3421213199433488 | 0.04458094061996132
0.3098591633729022 | -0.3421213199433488 | 0.04458094061996132 | -0.7180254956549228 | -0.8441109702704723:0.31073765545053966 | -0.34423599628715706 | 0.07066327175788079
0.31073765545053966 | -0.34423599628715706 | 0.07066327175788079 | -0.7180254956549228 | -0.8441109702704723:0.31043410205540667 | -0.34534255303643846 | 0.09709728107116611
0.31043410205540667 | -0.34534255303643846 | 0.09709728107116611 | -0.7180254956549228 | -0.8441109702704723:0.30892557329355164 | -0.3454198606499901 | 0.12378741553636718
0.30892557329355164 | -0.3454198606499901 | 0.12378741553636718 | -0.7180254956549228 | -0.8441109702704723:0.30619372584948756 | -0.34445064967830596 | 0.15063587582877247
0.30619372584948756 | -0.34445064967830596 | 0.15063587582877247 | -0.7180254956549228 | -0.8441109702704723:0.30222490952416514 | -0.3424216081968563 | 0.17754299530419448
0.30222490952416514 | -0.3424216081968563 | 0.17754299530419448 | -0.7180254956549228 | -0.8441109702704723:0.29701025546541615 | -0.3393234638195963 | 0.20440762748001973
0.29701025546541615 | -0.3393234638195963 | 0.20440762748001973 | -0.7180254956549228 | -0.8441109702704723:0.29054574575190095 | -0.3351510499774122 | 0.2311275405151152
0.29054574575190095 | -0.3351510499774122 | 0.2311275405151152 | -0.7180254956549228 | -0.8441109702704723:0.28283226406264284 | -0.32990335620629097 | 0.257599817165195
0.28283226406264284 | -0.32990335620629097 | 0.257599817165195 | -0.7180254956549228 | -0.8441109702704723:0.27387562723601633 | -0.32358356225071994 | 0.283721258672907
0.27387562723601633 | -0.32358356225071994 | 0.283721258672907 | 0.4602008255609846 | 0.9893676654318759:0.2899563883721239 | -0.3331952090467478 | 0.2648398274477879
0.2899563883721239 | -0.3331952090467478 | 0.2648398274477879 | 0.4602008255609846 | 0.9893676654318759:0.30516193808868586 | -0.3423947450370406 | 0.24473441786692174
0.30516193808868586 | -0.3423947450370406 | 0.24473441786692174 | 0.4602008255609846 | 0.9893676654318759:0.31942073337795485 | -0.35114848665945786 | 0.22345739398739095
0.31942073337795485 | -0.35114848665945786 | 0.22345739398739095 | 0.4602008255609846 | 0.9893676654318759:0.3326639851167954 | -0.35942397163095485 | 0.20106612268307522
0.3326639851167954 | -0.35942397163095485 | 0.20106612268307522 | 0.4602008255609846 | 0.9893676654318759:0.3448259378083005 | -0.3671900911677408 | 0.17762279103784806
0.3448259378083005 | -0.3671900911677408 | 0.17762279103784806 | 0.2848132937233623 | -0.0665516736827012:0.34725312845317724 | -0.3729067611556669 | 0.17503594104269116
0.34725312845317724 | -0.3729067611556669 | 0.17503594104269116 | 0.2848132937233623 | -0.0665516736827012:0.34965430595485003 | -0.37857478285194013 | 0.17232517623020804
0.34965430595485003 | -0.37857478285194013 | 0.17232517623020804 | 0.2848132937233623 | -0.0665516736827012:0.352030396425576 | -0.38419179301818573 | 0.16949167349227956
0.352030396425576 | -0.38419179301818573 | 0.16949167349227956 | 0.2848132937233623 | -0.0665516736827012:0.354382314917558 | -0.3897554593701624 | 0.16653665090512604
0.354382314917558 | -0.3897554593701624 | 0.16653665090512604 | 0.2848132937233623 | -0.0665516736827012:0.3567109653433391 | -0.39526348108463694 | 0.1634613669811884
0.3567109653433391 | -0.39526348108463694 | 0.1634613669811884 | 0.2848132937233623 | -0.0665516736827012:0.3590172403990124 | -0.4007135892926037 | 0.16026711991753828
0.3590172403990124 | -0.4007135892926037 | 0.16026711991753828 | 0.2848132937233623 | -0.0665516736827012:0.361302021490264 | -0.40610354755882483 | 0.15695524684106665
0.361302021490264 | -0.40610354755882483 | 0.15695524684106665 | 0.2848132937233623 | -0.0665516736827012:0.36356617866123386 | -0.41143115234778804 | 0.153527123050619
0.36356617866123386 | -0.41143115234778804 | 0.153527123050619 | 0.2848132937233623 | -0.0665516736827012:0.3658105705261683 | -0.4166942334760897 | 0.14998416125629888
0.3658105705261683 | -0.4166942334760897 | 0.14998416125629888 | 0.2848132937233623 | -0.0665516736827012:0.36803604420389746 | -0.42189065455130503 | 0.14632781081614432
0.36803604420389746 | -0.42189065455130503 | 0.14632781081614432 | -0.8020991559462407 | -0.6391926546308153:0.3652759541453783 | -0.4187111703492974 | 0.17607527298779857
0.3652759541453783 | -0.4187111703492974 | 0.17607527298779857 | -0.8020991559462407 | -0.6391926546308153:0.36149974655811334 | -0.4142583458926623 | 0.20575724706193377
0.36149974655811334 | -0.4142583458926623 | 0.20575724706193377 | -0.8020991559462407 | -0.6391926546308153:0.3567065414447548 | -0.4085292181606661 | 0.23528261170205944
0.3567065414447548 | -0.4085292181606661 | 0.23528261170205944 | -0.8020991559462407 | -0.6391926546308153:0.35089867833834987 | -0.40152485740575017 | 0.26455988126912544
0.35089867833834987 | -0.40152485740575017 | 0.26455988126912544 | -0.8020991559462407 | -0.6391926546308153:0.34408172808886306 | -0.39325038782673616 | 0.29349749926927693
0.34408172808886306 | -0.39325038782673616 | 0.29349749926927693 | -0.04923751921503672 | 0.9573440592564326:0.360169427913668 | -0.39515096034319797 | 0.2795198937462793
0.360169427913668 | -0.39515096034319797 | 0.2795198937462793 | -0.04923751921503672 | 0.9573440592564326:0.3756317239161717 | -0.39705516268066887 | 0.26466563973177415
0.3756317239161717 | -0.39705516268066887 | 0.26466563973177415 | -0.04923751921503672 | 0.9573440592564326:0.39042065251611646 | -0.39896577185586324 | 0.24896410540686276
0.39042065251611646 | -0.39896577185586324 | 0.24896410540686276 | -0.04923751921503672 | 0.9573440592564326:0.4044897111899388 | -0.4008854902185881 | 0.23244726506090885
0.4044897111899388 | -0.4008854902185881 | 0.23244726506090885 | -0.04923751921503672 | 0.9573440592564326:0.417793997492268 | -0.4028169382358371 | 0.21514962220841305
0.417793997492268 | -0.4028169382358371 | 0.21514962220841305 | -0.04923751921503672 | 0.9573440592564326:0.4302903438804684 | -0.4047626474824604 | 0.19710812540659184
0.4302903438804684 | -0.4047626474824604 | 0.19710812540659184 | -0.04923751921503672 | 0.9573440592564326:0.44193744796770673 | -0.406725053857933 | 0.1783620770083747
0.44193744796770673 | -0.406725053857933 | 0.1783620770083747 | -0.04923751921503672 | 0.9573440592564326:0.4526959978433709 | -0.40870649104809686 | 0.15895303510437842
0.4526959978433709 | -0.40870649104809686 | 0.15895303510437842 | -0.04923751921503672 | 0.9573440592564326:0.46252879211359854 | -0.4107091842501269 | 0.13892470892550257
0.46252879211359854 | -0.4107091842501269 | 0.13892470892550257 | -0.04923751921503672 | 0.9573440592564326:0.47140085432981493 | -0.41273524417807295 | 0.11832284799515591
0.47140085432981493 | -0.41273524417807295 | 0.11832284799515591 | -0.04923751921503672 | 0.9573440592564326:0.479279541488868 | -0.41478666136570297 | 0.09719512533656172
0.479279541488868 | -0.41478666136570297 | 0.09719512533656172 | -0.04923751921503672 | 0.9573440592564326:0.48613464630510705 | -0.4168653007823977 | 0.07559101505625598
0.48613464630510705 | -0.4168653007823977 | 0.07559101505625598 | -0.04923751921503672 | 0.9573440592564326:0.49193849297200387 | -0.4189728967770918 | 0.05356166463961287
0.49193849297200387 | -0.4189728967770918 | 0.05356166463961287 | -0.04923751921503672 | 0.9573440592564326:0.4966660261490361 | -0.4211110483642031 | 0.031159762308032413
0.4966660261490361 | -0.4211110483642031 | 0.031159762308032413 | -0.04923751921503672 | 0.9573440592564326:0.5002948929283377 | -0.42328121486471204 | 0.00843939980020103
0.5002948929283377 | -0.42328121486471204 | 0.00843939980020103 | -0.04923751921503672 | 0.9573440592564326:0.502805517554787 | -0.4254847119144287 | -0.014544069048257668
0.502805517554787 | -0.4254847119144287 | -0.014544069048257668 | -0.04923751921503672 | 0.9573440592564326:0.5041811686932363 | -0.42772270785056676 | -0.03773417354172359
0.5041811686932363 | -0.42772270785056676 | -0.03773417354172359 | -0.04923751921503672 | 0.9573440592564326:0.5044080190568465 | -0.42999622048664676 | -0.061073474783270854
0.5044080190568465 | -0.42999622048664676 | -0.061073474783270854 | -0.04923751921503672 | 0.9573440592564326:0.503475197231289 | -0.4323061142847635 | -0.08450371735164097
0.503475197231289 | -0.4323061142847635 | -0.08450371735164097 | -0.04923751921503672 | 0.9573440592564326:0.5013748315508231 | -0.43465309793311135 | -0.10796598358541942
0.5013748315508231 | -0.43465309793311135 | -0.10796598358541942 | -0.19811641283535297 | 0.22778589504717828:0.5025999764993152 | -0.4378252102829059 | -0.10989172391553481
0.5025999764993152 | -0.4378252102829059 | -0.10989172391553481 | -0.19811641283535297 | 0.22778589504717828:0.5037731567554253 | -0.4410001278615461 | -0.1118010506693512
0.5037731567554253 | -0.4410001278615461 | -0.1118010506693512 | -0.19811641283535297 | 0.22778589504717828:0.5048948518508034 | -0.4441778623532926 | -0.1136931494862754
0.5048948518508034 | -0.4441778623532926 | -0.1136931494862754 | -0.19811641283535297 | 0.22778589504717828:0.5059655498901527 | -0.4473584136943529 | -0.11556721497985656
0.5059655498901527 | -0.4473584136943529 | -0.11556721497985656 | -0.19811641283535297 | 0.22778589504717828:0.5069857474136548 | -0.45054177023401465 | -0.11742245094352377
0.5069857474136548 | -0.45054177023401465 | -0.11742245094352377 | -0.19811641283535297 | 0.22778589504717828:0.5079559492574504 | -0.4537279088970152 | -0.11925807055214754
0.5079559492574504 | -0.4537279088970152 | -0.11925807055214754 | -0.19811641283535297 | 0.22778589504717828:0.5088766684123343 | -0.4569167953471087 | -0.1210732965593877
0.5088766684123343 | -0.4569167953471087 | -0.1210732965593877 | -0.19811641283535297 | 0.22778589504717828:0.5097484258806446 | -0.46010838415176636 | -0.12286736149082067
0.5097484258806446 | -0.46010838415176636 | -0.12286736149082067 | -0.19811641283535297 | 0.22778589504717828:0.5105717505314473 | -0.4633026189480276 | -0.12463950783286037
0.5105717505314473 | -0.4633026189480276 | -0.12463950783286037 | -0.19811641283535297 | 0.22778589504717828:0.5113471789540185 | -0.46649943260938187 | -0.1263889882174336
0.5113471789540185 | -0.46649943260938187 | -0.1263889882174336 | -0.19811641283535297 | 0.22778589504717828:0.5120752553097461 | -0.46969874741368045 | -0.12811506560242591
0.5120752553097461 | -0.46969874741368045 | -0.12811506560242591 | -0.19811641283535297 | 0.22778589504717828:0.512756531182454 | -0.47290047521202183 | -0.12981701344788021
0.512756531182454 | -0.47290047521202183 | -0.12981701344788021 | -0.19811641283535297 | 0.22778589504717828:0.5133915654271988 | -0.47610451759861405 | -0.13149411588794635
0.5133915654271988 | -0.47610451759861405 | -0.13149411588794635 | -0.19811641283535297 | 0.22778589504717828:0.5139809240176518 | -0.4793107660814613 | -0.13314566789858517
0.5139809240176518 | -0.4793107660814613 | -0.13314566789858517 | -0.19811641283535297 | 0.22778589504717828:0.5145251798920398 | -0.4825191022539741 | -0.13477097546100048
0.5145251798920398 | -0.4825191022539741 | -0.13477097546100048 | -0.46626565800491715 | 0.2141813436816682:0.5151874197248532 | -0.48743529384483253 | -0.129495431979052
0.5151874197248532 | -0.48743529384483253 | -0.129495431979052 | -0.46626565800491715 | 0.2141813436816682:0.5158821779095888 | -0.4922192849495488 | -0.12408627058297661
0.5158821779095888 | -0.4922192849495488 | -0.12408627058297661 | -0.46626565800491715 | 0.2141813436816682:0.5166113962528271 | -0.4968674349509854 | -0.11854716795163078
0.5166113962528271 | -0.4968674349509854 | -0.11854716795163078 | -0.46626565800491715 | 0.2141813436816682:0.5173769683965901 | -0.501376200380264 | -0.11288192186930424
0.5173769683965901 | -0.501376200380264 | -0.11288192186930424 | -0.46626565800491715 | 0.2141813436816682:0.5181807384530615 | -0.5057421379905875 | -0.10709444790987277
0.5181807384530615 | -0.5057421379905875 | -0.10709444790987277 | -0.3393368719189822 | 0.766863488962926:0.5159064413251215 | -0.5093447648411953 | -0.1187232131382725
0.5159064413251215 | -0.5093447648411953 | -0.1187232131382725 | -0.3393368719189822 | 0.766863488962926:0.5131550141606738 | -0.513132593750683 | -0.13022903544031195
0.5131550141606738 | -0.513132593750683 | -0.13022903544031195 | -0.3393368719189822 | 0.766863488962926:0.5099306645334636 | -0.5171042264780183 | -0.14158905604475436
0.5099306645334636 | -0.5171042264780183 | -0.14158905604475436 | -0.3393368719189822 | 0.766863488962926:0.5062385413930741 | -0.5212578441039426 | -0.1527805889529681
0.5062385413930741 | -0.5212578441039426 | -0.1527805889529681 | -0.3393368719189822 | 0.766863488962926:0.5020847279393905 | -0.5255912098152962 | -0.16378116753936922
0.5020847279393905 | -0.5255912098152962 | -0.16378116753936922 | 0.4095232944497491 | -0.6866794117171857:0.5095164150207978 | -0.5239139541998341 | -0.15770786129820458
0.5095164150207978 | -0.5239139541998341 | -0.15770786129820458 | 0.4095232944497491 | -0.6866794117171857:0.5167352342159077 | -0.5223322664407277 | -0.15132132373744156
0.5167352342159077 | -0.5223322664407277 | -0.15132132373744156 | 0.4095232944497491 | -0.6866794117171857:0.5237296223140291 | -0.5208534179989712 | -0.14463074853420466
0.5237296223140291 | -0.5208534179989712 | -0.14463074853420466 | 0.4095232944497491 | -0.6866794117171857:0.5304883439639738 | -0.5194844880812113 | -0.13764592316146818
0.5304883439639738 | -0.5194844880812113 | -0.13764592316146818 | 0.4095232944497491 | -0.6866794117171857:0.537000513601491 | -0.5182323504244195 | -0.1303772125628857
0.537000513601491 | -0.5182323504244195 | -0.1303772125628857 | 0.4095232944497491 | -0.6866794117171857:0.5432556167511962 | -0.5171036604422028 | -0.12283554173865774
0.5432556167511962 | -0.5171036604422028 | -0.12283554173865774 | 0.4095232944497491 | -0.6866794117171857:0.5492435306638299 | -0.5161048427564339 | -0.11503237727499993
0.5492435306638299 | -0.5161048427564339 | -0.11503237727499993 | 0.4095232944497491 | -0.6866794117171857:0.5549545442513164 | -0.5152420791367831 | -0.10697970785164035
0.5549545442513164 | -0.5152420791367831 | -0.10697970785164035 | 0.4095232944497491 | -0.6866794117171857:0.5603793772831978 | -0.5145212968704911 | -0.09869002376357283
0.5603793772831978 | -0.5145212968704911 | -0.09869002376357283 | 0.4095232944497491 | -0.6866794117171857:0.5655091988095577 | -0.51394815758335 | -0.09017629549501205
0.5655091988095577 | -0.51394815758335 | -0.09017629549501205 | 0.7970261704571908 | -0.9941645503342376:0.5720138601199452 | -0.5114752431881797 | -0.08259202200684612
0.5720138601199452 | -0.5114752431881797 | -0.08259202200684612 | 0.7970261704571908 | -0.9941645503342376:0.5781249895913732 | -0.5092802453255914 | -0.07457470115475395
0.5781249895913732 | -0.5092802453255914 | -0.07457470115475395 | 0.7970261704571908 | -0.9941645503342376:0.5838207989859328 | -0.5073815370797377 | -0.06615531279541642
0.5838207989859328 | -0.5073815370797377 | -0.06615531279541642 | 0.7970261704571908 | -0.9941645503342376:0.5890810938279358 | -0.505796248374871 | -0.05736671175827368
0.5890810938279358 | -0.505796248374871 | -0.05736671175827368 | 0.7970261704571908 | -0.9941645503342376:0.5938873682601198 | -0.5045401873056576 | -0.048243494493702244
0.5938873682601198 | -0.5045401873056576 | -0.048243494493702244 | 0.6818122456728675 | -0.7223649748885996:0.5975352739726105 | -0.504014005840979 | -0.04404738472042791
0.5975352739726105 | -0.504014005840979 | -0.04404738472042791 | 0.6818122456728675 | -0.7223649748885996:0.601017032057257 | -0.5036120636931258 | -0.03969319015483741
0.601017032057257 | -0.5036120636931258 | -0.03969319015483741 | 0.6818122456728675 | -0.7223649748885996:0.6043268135530511 | -0.503340337859548 | -0.03519126397983463
0.6043268135530511 | -0.503340337859548 | -0.03519126397983463 | 0.6818122456728675 | -0.7223649748885996:0.6074591765872057 | -0.5032044444657515 | -0.03055239756435313
0.6074591765872057 | -0.5032044444657515 | -0.03055239756435313 | 0.6818122456728675 | -0.7223649748885996:0.6104090827801016 | -0.5032096228433787 | -0.025787793005196846
0.6104090827801016 | -0.5032096228433787 | -0.025787793005196846 | 0.719382662392287 | 0.9336918085888903:0.6092975911370431 | -0.5032789860712796 | -0.07249623961082374
0.6092975911370431 | -0.5032789860712796 | -0.07249623961082374 | 0.719382662392287 | 0.9336918085888903:0.6059801065964336 | -0.5016477547481202 | -0.11919298398610678
0.6059801065964336 | -0.5016477547481202 | -0.11919298398610678 | 0.719382662392287 | 0.9336918085888903:0.6004573026469515 | -0.4983134439622958 | -0.16571054879861968
0.6004573026469515 | -0.4983134439622958 | -0.16571054879861968 | 0.719382662392287 | 0.9336918085888903:0.5927378901709801 | -0.49327975893231013 | -0.21188135065465286
0.5927378901709801 | -0.49327975893231013 | -0.21188135065465286 | 0.719382662392287 | 0.9336918085888903:0.5828386161446062 | -0.4865566051185226 | -0.2575383179145243
0.5828386161446062 | -0.4865566051185226 | -0.2575383179145243 | 0.719382662392287 | 0.9336918085888903:0.5707842324170329 | -0.4781600752826449 | -0.3025155084639559
0.5707842324170329 | -0.4781600752826449 | -0.3025155084639559 | 0.719382662392287 | 0.9336918085888903:0.5566074346224354 | -0.4681124134946515 | -0.34664872512878553
0.5566074346224354 | -0.4681124134946515 | -0.34664872512878553 | 0.719382662392287 | 0.9336918085888903:0.5403487713899153 | -0.4564419561728883 | -0.3897761264262538
0.5403487713899153 | -0.4564419561728883 | -0.3897761264262538 | 0.719382662392287 | 0.9336918085888903:0.5220565241283879 | -0.4431830503296368 | -0.4317388303607608
0.5220565241283879 | -0.4431830503296368 | -0.4317388303607608 | 0.719382662392287 | 0.9336918085888903:0.5017865577740253 | -0.428375949279868 | -0.47238150899521525
0.5017865577740253 | -0.428375949279868 | -0.47238150899521525 | 0.6096289083672612 | 0.8407481338411389:0.4820695759008302 | -0.41474182759575484 | -0.5070520215447285
0.4820695759008302 | -0.41474182759575484 | -0.5070520215447285 | 0.6096289083672612 | 0.8407481338411389:0.4608688658165576 | -0.4000118706692035 | -0.5404942097782461
0.4608688658165576 | -0.4000118706692035 | -0.5404942097782461 | 0.6096289083672612 | 0.8407481338411389:0.43823688805333205 | -0.38422262356822046 | -0.5726093401799726
0.43823688805333205 | -0.38422262356822046 | -0.5726093401799726 | 0.6096289083672612 | 0.8407481338411389:0.4142303733184818 | -0.3674137789098353 | -0.6033020634677069
0.4142303733184818 | -0.3674137789098353 | -0.6033020634677069 | 0.6096289083672612 | 0.8407481338411389:0.38891017274399076 | -0.3496280726308427 | -0.6324806997516239
0.38891017274399076 | -0.3496280726308427 | -0.6324806997516239 | 0.4996651794486249 | -0.9681924256967058:0.4203903727483791 | -0.33444834121924316 | -0.6228044922328939
0.4203903727483791 | -0.33444834121924316 | -0.6228044922328939 | 0.4996651794486249 | -0.9681924256967058:0.451402924345615 | -0.31947396770792125 | -0.6111990631932173
0.451402924345615 | -0.31947396770792125 | -0.6111990631932173 | 0.4996651794486249 | -0.9681924256967058:0.48185263986704285 | -0.3047545304606487 | -0.5976918211566439
0.48185263986704285 | -0.3047545304606487 | -0.5976918211566439 | 0.4996651794486249 | -0.9681924256967058:0.5116457067977649 | -0.2903389720518703 | -0.5823161770818823
0.5116457067977649 | -0.2903389720518703 | -0.5823161770818823 | 0.4996651794486249 | -0.9681924256967058:0.5406899867799098 | -0.27627544391461356 | -0.5651114582030357
0.5406899867799098 | -0.27627544391461356 | -0.5651114582030357 | -0.09756119522531126 | -0.11872696924709736:0.5451455386009911 | -0.27960243579885713 | -0.5616897960885199
0.5451455386009911 | -0.27960243579885713 | -0.5616897960885199 | -0.09756119522531126 | -0.11872696924709736:0.5495761558159131 | -0.2829125190695976 | -0.5582046557635447
0.5495761558159131 | -0.2829125190695976 | -0.5582046557635447 | -0.09756119522531126 | -0.11872696924709736:0.5539813842624923 | -0.2862052851259591 | -0.5546565062191382
0.5539813842624923 | -0.2862052851259591 | -0.5546565062191382 | -0.09756119522531126 | -0.11872696924709736:0.5583607747599331 | -0.28948032979506166 | -0.551045819687384
0.5583607747599331 | -0.28948032979506166 | -0.551045819687384 | -0.09756119522531126 | -0.11872696924709736:0.5627138830974872 | -0.29273725331947986 | -0.5473730715814291
0.5627138830974872 | -0.29273725331947986 | -0.5473730715814291 | -0.09756119522531126 | -0.11872696924709736:0.5670402700230994 | -0.29597566034465217 | -0.5436387404360286
0.5670402700230994 | -0.29597566034465217 | -0.5436387404360286 | -0.09756119522531126 | -0.11872696924709736:0.5713395012319324 | -0.29919515990621903 | -0.53984330784861
0.5713395012319324 | -0.29919515990621903 | -0.53984330784861 | -0.09756119522531126 | -0.11872696924709736:0.575611147354806 | -0.3023953654173468 | -0.5359872584208656
0.575611147354806 | -0.3023953654173468 | -0.5359872584208656 | -0.09756119522531126 | -0.11872696924709736:0.579854783946459 | -0.30557589465595925 | -0.5320710797008523
0.579854783946459 | -0.30557589465595925 | -0.5320710797008523 | -0.09756119522531126 | -0.11872696924709736:0.5840699914738536 | -0.30873636975197627 | -0.5280952621256088
0.5840699914738536 | -0.30873636975197627 | -0.5280952621256088 | -0.8597837370305619 | 0.8017200851478934:0.564015079737473 | -0.3317503478558095 | -0.5383124860360518
0.564015079737473 | -0.3317503478558095 | -0.5383124860360518 | -0.8597837370305619 | 0.8017200851478934:0.5435579460888817 | -0.3552172541931071 | -0.5467236974979297
0.5435579460888817 | -0.3552172541931071 | -0.5467236974979297 | -0.8597837370305619 | 0.8017200851478934:0.522772448739218 | -0.3790588247411151 | -0.5532929723834297
0.522772448739218 | -0.3790588247411151 | -0.5532929723834297 | -0.8597837370305619 | 0.8017200851478934:0.5017338225999026 | -0.4031951786361674 | -0.5579908373883242
0.5017338225999026 | -0.4031951786361674 | -0.5579908373883242 | -0.8597837370305619 | 0.8017200851478934:0.48051841273334617 | -0.42754510138264834 | -0.5607943941301414
0.48051841273334617 | -0.42754510138264834 | -0.5607943941301414 | -0.7957821760701971 | -0.7595412783428961:0.501662296724291 | -0.4502869124628859 | -0.5256091377183445
0.501662296724291 | -0.4502869124628859 | -0.5256091377183445 | -0.7957821760701971 | -0.7595412783428961:0.5214452276971571 | -0.4716382863230564 | -0.4886971803030633
0.5214452276971571 | -0.4716382863230564 | -0.4886971803030633 | -0.7957821760701971 | -0.7595412783428961:0.5398017407643891 | -0.49152846486890667 | -0.4501669628105134
0.5398017407643891 | -0.49152846486890667 | -0.4501669628105134 | -0.7957821760701971 | -0.7595412783428961:0.5566706346590848 | -0.5098910500574902 | -0.41013231227297453
0.5566706346590848 | -0.5098910500574902 | -0.41013231227297453 | -0.7957821760701971 | -0.7595412783428961:0.5719951759352284 | -0.5266642247202071 | -0.36871209614198186
0.5719951759352284 | -0.5266642247202071 | -0.36871209614198186 | -0.7957821760701971 | -0.7595412783428961:0.585723289367138 | -0.5417909592594299 | -0.32602985986815547
0.585723289367138 | -0.5417909592594299 | -0.32602985986815547 | -0.7957821760701971 | -0.7595412783428961:0.597807733920007 | -0.5552192035379164 | -0.28221344888238953
0.597807733920007 | -0.5552192035379164 | -0.28221344888238953 | -0.7957821760701971 | -0.7595412783428961:0.608206263709036 | -0.5669020633270918 | -0.23739461616408164
0.608206263709036 | -0.5669020633270918 | -0.23739461616408164 | -0.7957821760701971 | -0.7595412783428961:0.6168817734119756 | -0.5767979607292091 | -0.1917086166291444
