0.0 | 0.0 | 0.0 | 0.3031255003617672 | 0.5241315725984326:2.6200569430307336E-4 | -1.5155694760005112E-4 | 0.009995418125710745
2.6200569430307336E-4 | -1.5155694760005112E-4 | 0.009995418125710745 | 0.3031255003617672 | 0.5241315725984326:0.0010422449620258367 | -6.030238230714247E-4 | 0.019863536636458776
0.0010422449620258367 | -6.030238230714247E-4 | 0.019863536636458776 | 0.3031255003617672 | 0.5241315725984326:0.002331429357428229 | -0.0013492317469370185 | 0.02957859719196263
0.002331429357428229 | -0.0013492317469370185 | 0.02957859719196263 | 0.3031255003617672 | 0.5241315725984326:0.00411946098386797 | -0.002384539031989208 | 0.03911545017927584
0.00411946098386797 | -0.002384539031989208 | 0.03911545017927584 | 0.3031255003617672 | 0.5241315725984326:0.00639545752568355 | -0.0037028454323704274 | 0.048449584802613535
0.00639545752568355 | -0.0037028454323704274 | 0.048449584802613535 | 0.3031255003617672 | 0.5241315725984326:0.009147778014885448 | -0.005297606826726753 | 0.057557157968658235
0.009147778014885448 | -0.005297606826726753 | 0.057557157968658235 | 0.3031255003617672 | 0.5241315725984326:0.012364049292813626 | -0.007161850312546347 | 0.06641502194672422
0.012364049292813626 | -0.007161850312546347 | 0.06641502194672422 | 0.3031255003617672 | 0.5241315725984326:0.016031193126605753 | -0.009288189688610338 | 0.07500075078478413
0.016031193126605753 | -0.009288189688610338 | 0.07500075078478413 | 0.31002140977918047 | -0.5615746196118334:0.015586558092561834 | -0.011697731601939987 | 0.08425846405555937
0.015586558092561834 | -0.011697731601939987 | 0.08425846405555937 | 0.31002140977918047 | -0.5615746196118334:0.014616681738249537 | -0.014375810608600048 | 0.09339419823484901
0.014616681738249537 | -0.014375810608600048 | 0.09339419823484901 | 0.31002140977918047 | -0.5615746196118334:0.013130009134523765 | -0.017318201237674247 | 0.10238048538482236
0.013130009134523765 | -0.017318201237674247 | 0.10238048538482236 | 0.31002140977918047 | -0.5615746196118334:0.011135941120918286 | -0.02052014372474864 | 0.11119043075655166
0.011135941120918286 | -0.02052014372474864 | 0.11119043075655166 | 0.31002140977918047 | -0.5615746196118334:0.008644808458019432 | -0.02397635800016329 | 0.11979775186117436
0.008644808458019432 | -0.02397635800016329 | 0.11979775186117436 | 0.31002140977918047 | -0.5615746196118334:0.00566784487831648 | -0.027681058295491612 | 0.12817681620227994
0.00566784487831648 | -0.027681058295491612 | 0.12817681620227994 | 0.31002140977918047 | -0.5615746196118334:0.0022171590844954348 | -0.03162796834150483 | 0.13630267763285575
0.0022171590844954348 | -0.03162796834150483 | 0.13630267763285575 | 0.31002140977918047 | -0.5615746196118334:-0.0016942942550608187 | -0.03581033713041992 | 0.1441511113022904
-0.0016942942550608187 | -0.03581033713041992 | 0.1441511113022904 | 0.31002140977918047 | -0.5615746196118334:-0.006052744463073911 | -0.04022095521480895 | 0.15169864716111237
-0.006052744463073911 | -0.04022095521480895 | 0.15169864716111237 | 0.31002140977918047 | -0.5615746196118334:-0.010843635711322255 | -0.04485217151517218 | 0.15892260199333585
-0.010843635711322255 | -0.04485217151517218 | 0.15892260199333585 | 0.8391526598490295 | -0.3452304086000455:-0.014233553860791018 | -0.054074727423216506 | 0.16459245771848274
-0.014233553860791018 | -0.054074727423216506 | 0.16459245771848274 | 0.8391526598490295 | -0.3452304086000455:-0.017840178797298864 | -0.06382689000053787 | 0.16960465650611845
-0.017840178797298864 | -0.06382689000053787 | 0.16960465650611845 | 0.8391526598490295 | -0.3452304086000455:-0.021646732531521606 | -0.07406877107382681 | 0.17392159225912285
-0.021646732531521606 | -0.07406877107382681 | 0.17392159225912285 | 0.8391526598490295 | -0.3452304086000455:-0.025635668820450652 | -0.08475855679415312 | 0.17750837315723178
-0.025635668820450652 | -0.08475855679415312 | 0.17750837315723178 | 0.8391526598490295 | -0.3452304086000455:-0.029788735468025015 | -0.09585265696332845 | 0.1803329235281459
-0.029788735468025015 | -0.09585265696332845 | 0.1803329235281459 | 0.08154412084105145 | -0.4536209677193226:-0.03516405856067986 | -0.10030117361939861 | 0.1861102438985096
-0.03516405856067986 | -0.10030117361939861 | 0.1861102438985096 | 0.08154412084105145 | -0.4536209677193226:-0.04080964729643245 | -0.1047638543669469 | 0.1916310409223021
-0.04080964729643245 | -0.1047638543669469 | 0.1916310409223021 | 0.08154412084105145 | -0.4536209677193226:-0.04671558691198821 | -0.10923928282844475 | 0.19688724645792766
-0.04671558691198821 | -0.10923928282844475 | 0.19688724645792766 | 0.08154412084105145 | -0.4536209677193226:-0.05287177990803252 | -0.1137260055819087 | 0.20187113703460113
-0.05287177990803252 | -0.1137260055819087 | 0.20187113703460113 | 0.08154412084105145 | -0.4536209677193226:-0.05926795645415528 | -0.11822253405980732 | 0.2065753369793213
-0.05926795645415528 | -0.11822253405980732 | 0.2065753369793213 | 0.08154412084105145 | -0.4536209677193226:-0.06589368481159497 | -0.1227273464514167 | 0.21099282125137675
-0.06589368481159497 | -0.1227273464514167 | 0.21099282125137675 | 0.08154412084105145 | -0.4536209677193226:-0.07273838176660447 | -0.1272388896073311 | 0.21511691798570798
-0.07273838176660447 | -0.1272388896073311 | 0.21511691798570798 | 0.08154412084105145 | -0.4536209677193226:-0.07979132306731607 | -0.13175558094485362 | 0.2189413107466054
-0.07979132306731607 | -0.13175558094485362 | 0.2189413107466054 | 0.08154412084105145 | -0.4536209677193226:-0.08704165385706147 | -0.13627581035299707 | 0.22246004049338097
-0.08704165385706147 | -0.13627581035299707 | 0.22246004049338097 | 0.08154412084105145 | -0.4536209677193226:-0.09447839909718236 | -0.14079794209584007 | 0.22566750725982576
-0.09447839909718236 | -0.14079794209584007 | 0.22566750725982576 | -0.7868634245106418 | 0.476551573874588:-0.09120886723460886 | -0.13516442413965812 | 0.23914630506712697
-0.09120886723460886 | -0.13516442413965812 | 0.23914630506712697 | -0.7868634245106418 | 0.476551573874588:-0.08745852912922658 | -0.1287381065951454 | 0.2524297430849183
-0.08745852912922658 | -0.1287381065951454 | 0.2524297430849183 | -0.7868634245106418 | 0.476551573874588:-0.08323208229742063 | -0.12152555454613312 | 0.26545977895663597
-0.08323208229742063 | -0.12152555454613312 | 0.26545977895663597 | -0.7868634245106418 | 0.476551573874588:-0.07853597687409497 | -0.11353623783780264 | 0.27817888723197726
-0.07853597687409497 | -0.11353623783780264 | 0.27817888723197726 | -0.7868634245106418 | 0.476551573874588:-0.07337839360217879 | -0.10478249842089404 | 0.290530247179289
-0.07337839360217879 | -0.10478249842089404 | 0.290530247179289 | -0.7868634245106418 | 0.476551573874588:-0.0677692167005759 | -0.09527950918150285 | 0.3024579276879189
-0.0677692167005759 | -0.09527950918150285 | 0.3024579276879189 | -0.7868634245106418 | 0.476551573874588:-0.061720001718687634 | -0.08504522442509055 | 0.3139070687556771
-0.061720001718687634 | -0.08504522442509055 | 0.3139070687556771 | -0.7868634245106418 | 0.476551573874588:-0.05524393849831988 | -0.07410032220452534 | 0.32482405906940315
-0.05524393849831988 | -0.07410032220452534 | 0.32482405906940315 | -0.7868634245106418 | 0.476551573874588:-0.04835580937606765 | -0.06246813870251966 | 0.33515670920068796
-0.04835580937606765 | -0.06246813870251966 | 0.33515670920068796 | -0.7868634245106418 | 0.476551573874588:-0.04107194277110171 | -0.05017459489867493 | 0.3448544199538768
-0.04107194277110171 | -0.05017459489867493 | 0.3448544199538768 | 0.5603947708743646 | 0.5058241811874178:-0.0329758434135774 | -0.06092287110430261 | 0.35061013175894384
-0.0329758434135774 | -0.06092287110430261 | 0.35061013175894384 | 0.5603947708743646 | 0.5058241811874178:-0.024579687029142372 | -0.07199330569684426 | 0.35577212295368454
-0.024579687029142372 | -0.07199330569684426 | 0.35577212295368454 | 0.5603947708743646 | 0.5058241811874178:-0.01590272040853602 | -0.08336509729271269 | 0.3603163999217145
-0.01590272040853602 | -0.08336509729271269 | 0.3603163999217145 | 0.5603947708743646 | 0.5058241811874178:-0.006964928104114421 | -0.09501660594954942 | 0.3642203490500773
-0.006964928104114421 | -0.09501660594954942 | 0.3642203490500773 | 0.5603947708743646 | 0.5058241811874178:0.0022130123243153665 | -0.10692540211407042 | 0.36746278339332683
0.0022130123243153665 | -0.10692540211407042 | 0.36746278339332683 | -0.25679226976918645 | -0.8893059018892187:-0.014411570832341347 | -0.10384704645197118 | 0.3744835095940626
-0.014411570832341347 | -0.10384704645197118 | 0.3744835095940626 | -0.25679226976918645 | -0.8893059018892187:-0.031590000770432836 | -0.10058662732655854 | 0.380663380498504
-0.031590000770432836 | -0.10058662732655854 | 0.380663380498504 | -0.25679226976918645 | -0.8893059018892187:-0.049278931492392264 | -0.09715658255675486 | 0.3859643378946185
-0.049278931492392264 | -0.09715658255675486 | 0.3859643378946185 | -0.25679226976918645 | -0.8893059018892187:-0.0674329064814505 | -0.09356997376158471 | 0.39035083820679084
-0.0674329064814505 | -0.09356997376158471 | 0.39035083820679084 | -0.25679226976918645 | -0.8893059018892187:-0.08600449519144382 | -0.08984044772306898 | 0.39378996969492874
-0.08600449519144382 | -0.08984044772306898 | 0.39378996969492874 | 0.03928978225654434 | -0.6442060216346845:-0.10003821074241981 | -0.09190196713182708 | 0.39619181906172507
-0.10003821074241981 | -0.09190196713182708 | 0.39619181906172507 | 0.03928978225654434 | -0.6442060216346845:-0.11430409007601439 | -0.09396611728823157 | 0.3980308181043597
-0.11430409007601439 | -0.09396611728823157 | 0.3980308181043597 | 0.03928978225654434 | -0.6442060216346845:-0.1287788139827728 | -0.09603160793980425 | 0.39929572030613336
-0.1287788139827728 | -0.09603160793980425 | 0.39929572030613336 | 0.03928978225654434 | -0.6442060216346845:-0.14343863721115158 | -0.09809712069718302 | 0.39997624326989545
-0.14343863721115158 | -0.09809712069718302 | 0.39997624326989545 | 0.03928978225654434 | -0.6442060216346845:-0.1582594270668638 | -0.10016131138683271 | 0.4000630822747251
-0.1582594270668638 | -0.10016131138683271 | 0.4000630822747251 | 0.03928978225654434 | -0.6442060216346845:-0.1732167023605955 | -0.10222281242635045 | 0.39954792234036596
-0.1732167023605955 | -0.10222281242635045 | 0.39954792234036596 | 0.03928978225654434 | -0.6442060216346845:-0.18828567264899476 | -0.10428023521901153 | 0.3984234487936078
-0.18828567264899476 | -0.10428023521901153 | 0.3984234487936078 | 0.03928978225654434 | -0.6442060216346845:-0.20344127771390053 | -0.10633217256419325 | 0.3966833563327601
-0.20344127771390053 | -0.10633217256419325 | 0.3966833563327601 | 0.03928978225654434 | -0.6442060216346845:-0.21865822722491313 | -0.10837720108034521 | 0.3943223565882903
-0.21865822722491313 | -0.10837720108034521 | 0.3943223565882903 | 0.03928978225654434 | -0.6442060216346845:-0.2339110405305882 | -0.11041388363716287 | 0.3913361841796572
-0.2339110405305882 | -0.11041388363716287 | 0.3913361841796572 | 0.5749430918078886 | 0.7873970951851677:-0.22093063076268304 | -0.1229929315806153 | 0.40139891357612534
-0.22093063076268304 | -0.1229929315806153 | 0.40139891357612534 | 0.5749430918078886 | 0.7873970951851677:-0.20737856299066104 | -0.13596951505977106 | 0.41058450628064413
-0.20737856299066104 | -0.13596951505977106 | 0.41058450628064413 | 0.5749430918078886 | 0.7873970951851677:-0.19329224779698162 | -0.1493172759556165 | 0.4188489858444022
-0.19329224779698162 | -0.1493172759556165 | 0.4188489858444022 | 0.5749430918078886 | 0.7873970951851677:-0.1787111767759173 | -0.16300829736896816 | 0.4261508877883884
-0.1787111767759173 | -0.16300829736896816 | 0.4261508877883884 | 0.5749430918078886 | 0.7873970951851677:-0.16367680660727135 | -0.17701318619966955 | 0.4324514053769022
-0.16367680660727135 | -0.17701318619966955 | 0.4324514053769022 | 0.5749430918078886 | 0.7873970951851677:-0.14823243687676868 | -0.1913011604086332 | 0.4377145272251539
-0.14823243687676868 | -0.1913011604086332 | 0.4377145272251539 | 0.5749430918078886 | 0.7873970951851677:-0.13242308202387942 | -0.20584014069050394 | 0.4419071663396359
-0.13242308202387942 | -0.20584014069050394 | 0.4419071663396359 | 0.5749430918078886 | 0.7873970951851677:-0.11629533781365886 | -0.22059684627275544 | 0.4449992802163223
-0.11629533781365886 | -0.22059684627275544 | 0.4449992802163223 | 0.5749430918078886 | 0.7873970951851677:-0.09989724274379075 | -0.23553689454600857 | 0.44696398164941087
-0.09989724274379075 | -0.23553689454600857 | 0.44696398164941087 | 0.5749430918078886 | 0.7873970951851677:-0.08327813481136204 | -0.2506249042201949 | 0.44777763993151964
-0.08327813481136204 | -0.2506249042201949 | 0.44777763993151964 | 0.5749430918078886 | 0.7873970951851677:-0.06648850407601703 | -0.2658246016919126 | 0.4474199721555152
-0.06648850407601703 | -0.2658246016919126 | 0.4474199721555152 | 0.5749430918078886 | 0.7873970951851677:-0.049579841466921515 | -0.2810989303000433 | 0.4458741243578146
-0.049579841466921515 | -0.2810989303000433 | 0.4458741243578146 | 0.5749430918078886 | 0.7873970951851677:-0.03260448429044516 | -0.29641016213932225 | 0.4431267422734919
-0.03260448429044516 | -0.29641016213932225 | 0.4431267422734919 | 0.5749430918078886 | 0.7873970951851677:-0.015615458903627477 | -0.31172001209515265 | 0.4391680315044084
-0.015615458903627477 | -0.31172001209515265 | 0.4391680315044084 | 0.5749430918078886 | 0.7873970951851677:0.0013336789747127042 | -0.3269897537575712 | 0.4339918069329052
0.0013336789747127042 | -0.3269897537575712 | 0.4339918069329052 | 0.5749430918078886 | 0.7873970951851677:0.01818900583795635 | -0.34218033686783045 | 0.4275955312452808
0.01818900583795635 | -0.34218033686783045 | 0.4275955312452808 | 0.5749430918078886 | 0.7873970951851677:0.034896393369387546 | -0.35725250594764013 | 0.4199803424611801
0.034896393369387546 | -0.35725250594764013 | 0.4199803424611801 | 0.5749430918078886 | 0.7873970951851677:0.051401672339601134 | -0.37216691975869587 | 0.4111510703971213
0.051401672339601134 | -0.37216691975869587 | 0.4111510703971213 | 0.5749430918078886 | 0.7873970951851677:0.06765079693826515 | -0.38688427123869573 | 0.40111624202451424
0.06765079693826515 | -0.38688427123869573 | 0.40111624202451424 | 0.5749430918078886 | 0.7873970951851677:0.08359000905495151 | -0.4013654075596502 | 0.3898880757145875
0.08359000905495151 | -0.4013654075596502 | 0.3898880757145875 | 0.5749430918078886 | 0.7873970951851677:0.09916600202517589 | -0.4155714499548129 | 0.37748246439478095
0.09916600202517589 | -0.4155714499548129 | 0.37748246439478095 | 0.5749430918078886 | 0.7873970951851677:0.11432608336055328 | -0.4294639129621949 | 0.36391894767282906
0.11432608336055328 | -0.4294639129621949 | 0.36391894767282906 | 0.5749430918078886 | 0.7873970951851677:0.12901833598609525 | -0.4430048227351371 | 0.3492206730163865
0.12901833598609525 | -0.4430048227351371 | 0.3492206730163865 | 0.5749430918078886 | 0.7873970951851677:0.14319177751311862 | -0.45615683407394414 | 0.333414346107201
0.14319177751311862 | -0.45615683407394414 | 0.333414346107201 | 0.5749430918078886 | 0.7873970951851677:0.1567965170829515 | -0.46888334583706026 | 0.3165301705195098
0.1567965170829515 | -0.46888334583706026 | 0.3165301705195098 | 0.36411501963374393 | -0.34204811909333777:0.15257304758766255 | -0.4779062541434964 | 0.3127629510829735
0.15257304758766255 | -0.4779062541434964 | 0.3127629510829735 | 0.36411501963374393 | -0.34204811909333777:0.14837065450619757 | -0.4868645298916512 | 0.308695809440664
0.14837065450619757 | -0.4868645298916512 | 0.308695809440664 | 0.36411501963374393 | -0.34204811909333777:0.14419601312680586 | -0.49575150357924436 | 0.304330152474364
0.14419601312680586 | -0.49575150357924436 | 0.304330152474364 | 0.36411501963374393 | -0.34204811909333777:0.14005575910818413 | -0.50456054079425 | 0.29966767306098774
0.14005575910818413 | -0.50456054079425 | 0.29966767306098774 | 0.36411501963374393 | -0.34204811909333777:0.13595648287440554 | -0.5132850482473703 | 0.29471034777956717
0.13595648287440554 | -0.5132850482473703 | 0.29471034777956717 | 0.7249189940601122 | 0.7891447171318258:0.14768361335363034 | -0.5270137375900248 | 0.27208669490238435
0.14768361335363034 | -0.5270137375900248 | 0.27208669490238435 | 0.7249189940601122 | 0.7891447171318258:0.15854335626809757 | -0.5399402276713765 | 0.24835738057493373
0.15854335626809757 | -0.5399402276713765 | 0.24835738057493373 | 0.7249189940601122 | 0.7891447171318258:0.1684863736363873 | -0.5520182941499279 | 0.22358625814067423
0.1684863736363873 | -0.5520182941499279 | 0.22358625814067423 | 0.7249189940601122 | 0.7891447171318258:0.17746600127500978 | -0.5632040924130735 | 0.1978412561012206
0.17746600127500978 | -0.5632040924130735 | 0.1978412561012206 | 0.7249189940601122 | 0.7891447171318258:0.185438424688948 | -0.5734563229273135 | 0.17119417107557666
0.185438424688948 | -0.5734563229273135 | 0.17119417107557666 | 0.7249189940601122 | 0.7891447171318258:0.19236284580394392 | -0.5827363884295949 | 0.14372044674084705
0.19236284580394392 | -0.5827363884295949 | 0.14372044674084705 | 0.7249189940601122 | 0.7891447171318258:0.1982016399599198 | -0.591008542413018 | 0.11549893949098688
0.1982016399599198 | -0.591008542413018 | 0.11549893949098688 | 0.7249189940601122 | 0.7891447171318258:0.20292050261812933 | -0.5982400283900162 | 0.08661167159461769
0.20292050261812933 | -0.5982400283900162 | 0.08661167159461769 | 0.7249189940601122 | 0.7891447171318258:0.2064885852695284 | -0.6044012094472002 | 0.05714357267465431
0.2064885852695284 | -0.6044012094472002 | 0.05714357267465431 | 0.7249189940601122 | 0.7891447171318258:0.2088786200684427 | -0.6094656876391511 | 0.027182210371226034
0.2088786200684427 | -0.6094656876391511 | 0.027182210371226034 | 0.08751035628990089 | 0.9828545086064739:0.21098640301313254 | -0.6129361923247245 | 0.014303247965688826
0.21098640301313254 | -0.6129361923247245 | 0.014303247965688826 | 0.08751035628990089 | 0.9828545086064739:0.21244840632509954 | -0.6163170453717228 | 0.0012496424944004048
0.21244840632509954 | -0.6163170453717228 | 0.0012496424944004048 | 0.08751035628990089 | 0.9828545086064739:0.21325348492349483 | -0.6196075062829749 | -0.011944854217968981
0.21325348492349483 | -0.6196075062829749 | -0.011944854217968981 | 0.08751035628990089 | 0.9828545086064739:0.21339227227826396 | -0.622806988193858 | -0.025245833116315453
0.21339227227826396 | -0.622806988193858 | -0.025245833116315453 | 0.08751035628990089 | 0.9828545086064739:0.21285721649324219 | -0.625915061326328 | -0.03861832363508455
0.21285721649324219 | -0.625915061326328 | -0.03861832363508455 | -0.8280192604928553 | 0.6077530552055799:0.21345685191804142 | -0.6301747651512528 | -0.01923814906781729
0.21345685191804142 | -0.6301747651512528 | -0.01923814906781729 | -0.8280192604928553 | 0.6077530552055799:0.21463961075937643 | -0.6335980007532491 | 3.73973089729418E-4
0.21463961075937643 | -0.6335980007532491 | 3.73973089729418E-4 | -0.8280192604928553 | 0.6077530552055799:0.21641427239889904 | -0.6361721411474903 | 0.020163342900062275
0.21641427239889904 | -0.6361721411474903 | 0.020163342900062275 | -0.8280192604928553 | 0.6077530552055799:0.21878783682799235 | -0.6378869596838506 | 0.0400743214906214
0.21878783682799235 | -0.6378869596838506 | 0.0400743214906214 | -0.8280192604928553 | 0.6077530552055799:0.22176549450606142 | -0.6387346745830413 | 0.06005049628251058
0.22176549450606142 | -0.6387346745830413 | 0.06005049628251058 | -0.8280192604928553 | 0.6077530552055799:0.22535060169084342 | -0.638709986076659 | 0.08003484912098457
0.22535060169084342 | -0.638709986076659 | 0.08003484912098457 | -0.8280192604928553 | 0.6077530552055799:0.2295446613231723 | -0.6378101060281729 | 0.09996992679468875
0.2295446613231723 | -0.6378101060281729 | 0.09996992679468875 | -0.8280192604928553 | 0.6077530552055799:0.2343473095316786 | -0.6360347799348745 | 0.11979801342353724
0.2343473095316786 | -0.6360347799348745 | 0.11979801342353724 | -0.8280192604928553 | 0.6077530552055799:0.2397563078057836 | -0.6333863012340686 | 0.13946130418966263
0.2397563078057836 | -0.6333863012340686 | 0.13946130418966263 | -0.8280192604928553 | 0.6077530552055799:0.24576754086811037 | -0.6298695178600688 | 0.1589020798820151
0.24576754086811037 | -0.6298695178600688 | 0.1589020798820151 | -0.8280192604928553 | 0.6077530552055799:0.2523750202601327 | -0.6254918310222202 | 0.1780628817227985
0.2523750202601327 | -0.6254918310222202 | 0.1780628817227985 | -0.8280192604928553 | 0.6077530552055799:0.2595708936375649 | -0.6202631861976826 | 0.19688668594336178
0.2595708936375649 | -0.6202631861976826 | 0.19688668594336178 | -0.8280192604928553 | 0.6077530552055799:0.2673454597547247 | -0.6141960563562421 | 0.21531707757795004
0.2673454597547247 | -0.6141960563562421 | 0.21531707757795004 | -0.8280192604928553 | 0.6077530552055799:0.27568718909989887 | -0.6073054174579795 | 0.23329842294628023
0.27568718909989887 | -0.6073054174579795 | 0.23329842294628023 | -0.8280192604928553 | 0.6077530552055799:0.2845827501267193 | -0.5996087162878183 | 0.250776040299975
0.2845827501267193 | -0.5996087162878183 | 0.250776040299975 | -0.07303406226370934 | 0.6546706631469676:0.29390763751951443 | -0.6011401156298106 | 0.24451170857654958
0.29390763751951443 | -0.6011401156298106 | 0.24451170857654958 | -0.07303406226370934 | 0.6546706631469676:0.3030426702131255 | -0.6026662481336658 | 0.2379107038499697
0.3030426702131255 | -0.6026662481336658 | 0.2379107038499697 | -0.07303406226370934 | 0.6546706631469676:0.3119754056866899 | -0.6041887711020237 | 0.23097908072048412
0.3119754056866899 | -0.6041887711020237 | 0.23097908072048412 | -0.07303406226370934 | 0.6546706631469676:0.3206936121034758 | -0.605709316600823 | 0.2237233581251381
0.3206936121034758 | -0.605709316600823 | 0.2237233581251381 | -0.07303406226370934 | 0.6546706631469676:0.32918528509267997 | -0.6072294895984598 | 0.21615051133093388
0.32918528509267997 | -0.6072294895984598 | 0.21615051133093388 | -0.8514110008026627 | 0.1518850693380025:0.3322755013694749 | -0.5997610368540762 | 0.2402034628056242
0.3322755013694749 | -0.5997610368540762 | 0.2402034628056242 | -0.8514110008026627 | 0.1518850693380025:0.33554063142998825 | -0.5912123794468727 | 0.2639692350790881
0.33554063142998825 | -0.5912123794468727 | 0.2639692350790881 | -0.8514110008026627 | 0.1518850693380025:0.3389787482938642 | -0.5815941803560847 | 0.28739733157639336
0.3389787482938642 | -0.5815941803560847 | 0.28739733157639336 | -0.8514110008026627 | 0.1518850693380025:0.34258751241756347 | -0.5709194156400414 | 0.3104376977600154
0.34258751241756347 | -0.5709194156400414 | 0.3104376977600154 | -0.8514110008026627 | 0.1518850693380025:0.3463641756408604 | -0.5592033547354447 | 0.33304083065670653
0.3463641756408604 | -0.5592033547354447 | 0.33304083065670653 | -0.9409272914725093 | -0.3258032137589366:0.34168395728497725 | -0.54485658554227 | 0.36586459105782865
0.34168395728497725 | -0.54485658554227 | 0.36586459105782865 | -0.9409272914725093 | -0.3258032137589366:0.3364465775269361 | -0.528900075750748 | 0.3979918586274849
0.3364465775269361 | -0.528900075750748 | 0.3979918586274849 | -0.9409272914725093 | -0.3258032137589366:0.33066355898861843 | -0.5113648461921443 | 0.429333284921519
0.33066355898861843 | -0.5113648461921443 | 0.429333284921519 | -0.9409272914725093 | -0.3258032137589366:0.32434795446069664 | -0.4922863776812463 | 0.45980115798337096
0.32434795446069664 | -0.4922863776812463 | 0.45980115798337096 | -0.9409272914725093 | -0.3258032137589366:0.31751431734620716 | -0.47170453149036007 | 0.4893096515648878
0.31751431734620716 | -0.47170453149036007 | 0.4893096515648878 | 0.8023558616972206 | -0.7326562460240991:0.301087247079197 | -0.49258482849906216 | 0.4829137709061442
0.301087247079197 | -0.49258482849906216 | 0.4829137709061442 | 0.8023558616972206 | -0.7326562460240991:0.28486957241617894 | -0.5132377996634929 | 0.47504179217160925
0.28486957241617894 | -0.5132377996634929 | 0.47504179217160925 | 0.8023558616972206 | -0.7326562460240991:0.26891731468887947 | -0.5336020627496723 | 0.4657089806737318
0.26891731468887947 | -0.5336020627496723 | 0.4657089806737318 | 0.8023558616972206 | -0.7326562460240991:0.25328591274827517 | -0.553616776071955 | 0.4549353170986521
0.25328591274827517 | -0.553616776071955 | 0.4549353170986521 | 0.8023558616972206 | -0.7326562460240991:0.23803004212045487 | -0.5732218374555202 | 0.4427454535356645
0.23803004212045487 | -0.5732218374555202 | 0.4427454535356645 | 0.8023558616972206 | -0.7326562460240991:0.22320343608434356 | -0.5923580814018408 | 0.4291686541541395
0.22320343608434356 | -0.5923580814018408 | 0.4291686541541395 | 0.8023558616972206 | -0.7326562460240991:0.20885870926014682 | -0.610967473808941 | 0.41423872069346857
0.20885870926014682 | -0.610967473808941 | 0.41423872069346857 | 0.8023558616972206 | -0.7326562460240991:0.19504718428956558 | -0.6289933036057178 | 0.39799390298171744
0.19504718428956558 | -0.6289933036057178 | 0.39799390298171744 | 0.8023558616972206 | -0.7326562460240991:0.18181872217909678 | -0.6463803706694051 | 0.3804767947475298
0.18181872217909678 | -0.6463803706694051 | 0.3804767947475298 | 0.8023558616972206 | -0.7326562460240991:0.16922155686620854 | -0.663075169406838 | 0.36173421503794145
0.16922155686620854 | -0.663075169406838 | 0.36173421503794145 | -0.6992577250494831 | 0.41413712023504057:0.1776675681050559 | -0.6519226863425942 | 0.3822176358889351
0.1776675681050559 | -0.6519226863425942 | 0.3822176358889351 | -0.6992577250494831 | 0.41413712023504057:0.18654642292181123 | -0.6400023849888399 | 0.4021625279625667
0.18654642292181123 | -0.6400023849888399 | 0.4021625279625667 | -0.6992577250494831 | 0.41413712023504057:0.1958469756933674 | -0.627332692331052 | 0.4215306593722019
0.1958469756933674 | -0.627332692331052 | 0.4215306593722019 | -0.6992577250494831 | 0.41413712023504057:0.20555723917284752 | -0.613933469387284 | 0.4402846924614039
0.20555723917284752 | -0.613933469387284 | 0.4402846924614039 | -0.6992577250494831 | 0.41413712023504057:0.21566440471864823 | -0.5998259783371225 | 0.4583882558640653
0.21566440471864823 | -0.5998259783371225 | 0.4583882558640653 | -0.6992577250494831 | 0.41413712023504057:0.22615486408841612 | -0.585032846977839 | 0.4758060148447072
0.22615486408841612 | -0.585032846977839 | 0.4758060148447072 | -0.6992577250494831 | 0.41413712023504057:0.237014232757069 | -0.5695780305743838 | 0.49250373978743767
0.237014232757069 | -0.5695780305743838 | 0.49250373978743767 | -0.6992577250494831 | 0.41413712023504057:0.2482273747151229 | -0.5534867711748959 | 0.5084483727057574
0.2482273747151229 | -0.5534867711748959 | 0.5084483727057574 | -0.6992577250494831 | 0.41413712023504057:0.259778428700967 | -0.5367855544678761 | 0.5236080916490167
0.259778428700967 | -0.5367855544678761 | 0.5236080916490167 | -0.6992577250494831 | 0.41413712023504057:0.27165083581810556 | -0.5195020642615589 | 0.5379523728856199
0.27165083581810556 | -0.5195020642615589 | 0.5379523728856199 | -0.6992577250494831 | 0.41413712023504057:0.2838273684858468 | -0.501665134670489 | 0.551452050747109
0.2838273684858468 | -0.501665134670489 | 0.551452050747109 | -0.6992577250494831 | 0.41413712023504057:0.2962901606696011 | -0.4833047000983157 | 0.5640793750219615
0.2962901606696011 | -0.4833047000983157 | 0.5640793750219615 | -0.6992577250494831 | 0.41413712023504057:0.3090207393345601 | -0.4644517431098052 | 0.5758080657922875
0.3090207393345601 | -0.4644517431098052 | 0.5758080657922875 | -0.6992577250494831 | 0.41413712023504057:0.32200005706439505 | -0.44513824028891946 | 0.5866133656118109
0.32200005706439505 | -0.44513824028891946 | 0.5866133656118109 | -0.6992577250494831 | 0.41413712023504057:0.3352085257845161 | -0.4253971061833113 | 0.5964720889282304
0.3352085257845161 | -0.4253971061833113 | 0.5964720889282304 | -0.6992577250494831 | 0.41413712023504057:0.34862605152745907 | -0.40526213543905953 | 0.6053626686583229
0.34862605152745907 | -0.40526213543905953 | 0.6053626686583229 | -0.6992577250494831 | 0.41413712023504057:0.3622320701761357 | -0.3847679432327169 | 0.6132651998296907
0.3622320701761357 | -0.3847679432327169 | 0.6132651998296907 | -0.6992577250494831 | 0.41413712023504057:0.37600558411893203 | -0.3639499041106333 | 0.6201614802081536
0.37600558411893203 | -0.3639499041106333 | 0.6201614802081536 | -0.6992577250494831 | 0.41413712023504057:0.3899251997490545 | -0.34284408934846766 | 0.626035047835785
0.3899251997490545 | -0.34284408934846766 | 0.626035047835785 | -0.6992577250494831 | 0.41413712023504057:0.4039691657390545 | -0.32148720294628674 | 0.6308712154100817
0.4039691657390545 | -0.32148720294628674 | 0.6308712154100817 | -0.8042529731754424 | -0.22173666476156328:0.39771205742143145 | -0.29653586588542424 | 0.6491930765179603
0.39771205742143145 | -0.29653586588542424 | 0.6491930765179603 | -0.8042529731754424 | -0.22173666476156328:0.39123804141005536 | -0.2708024422855928 | 0.6664472215431232
0.39123804141005536 | -0.2708024422855928 | 0.6664472215431232 | -0.8042529731754424 | -0.22173666476156328:0.3845593663065294 | -0.24433037734940655 | 0.6825976176956985
0.3845593663065294 | -0.24433037734940655 | 0.6825976176956985 | -0.8042529731754424 | -0.22173666476156328:0.377688693398742 | -0.2171646550129651 | 0.697610175872704
0.377688693398742 | -0.2171646550129651 | 0.697610175872704 | -0.8042529731754424 | -0.22173666476156328:0.3706390736945764 | -0.18935171601202683 | 0.7114528204267785
0.3706390736945764 | -0.18935171601202683 | 0.7114528204267785 | -0.7362212400080528 | 0.12584198731355234:0.37594894720551864 | -0.1633876541583703 | 0.7171190047853742
0.37594894720551864 | -0.1633876541583703 | 0.7171190047853742 | -0.7362212400080528 | 0.12584198731355234:0.3812898940407159 | -0.13717334932154301 | 0.7217836705040597
0.3812898940407159 | -0.13717334932154301 | 0.7217836705040597 | -0.7362212400080528 | 0.12584198731355234:0.3866554753292881 | -0.11074677681143896 | 0.725436032831567
0.3866554753292881 | -0.11074677681143896 | 0.725436032831567 | -0.7362212400080528 | 0.12584198731355234:0.39203918142176164 | -0.08414634872767124 | 0.7280668098582268
0.39203918142176164 | -0.08414634872767124 | 0.7280668098582268 | -0.7362212400080528 | 0.12584198731355234:0.39743444193267763 | -0.0574108555693158 | 0.729668239840727
0.39743444193267763 | -0.0574108555693158 | 0.729668239840727 | -0.9122430474253347 | -0.43972053625755136:0.382021390140455 | -0.024129269331432113 | 0.7415727308034832
0.382021390140455 | -0.024129269331432113 | 0.7415727308034832 | -0.9122430474253347 | -0.43972053625755136:0.3663438139805102 | 0.009728077034139915 | 0.7516080667469964
0.3663438139805102 | 0.009728077034139915 | 0.7516080667469964 | -0.9122430474253347 | -0.43972053625755136:0.3504438365749287 | 0.04407470740901687 | 0.7597406338860893
0.3504438365749287 | 0.04407470740901687 | 0.7597406338860893 | -0.9122430474253347 | -0.43972053625755136:0.3343643031354091 | 0.07882253193417199 | 0.7659418128653499
0.3343643031354091 | 0.07882253193417199 | 0.7659418128653499 | -0.9122430474253347 | -0.43972053625755136:0.31814866667956565 | 0.11388208206096095 | 0.7701880703332691
0.31814866667956565 | 0.11388208206096095 | 0.7701880703332691 | 0.423198978123124 | -0.4244788222463596:0.3022544589586609 | 0.09774503374491417 | 0.7804752664833998
0.3022544589586609 | 0.09774503374491417 | 0.7804752664833998 | 0.423198978123124 | -0.4244788222463596:0.2861159737820991 | 0.08136121609789626 | 0.7900796376164934
0.2861159737820991 | 0.08136121609789626 | 0.7900796376164934 | 0.423198978123124 | -0.4244788222463596:0.2697482462391285 | 0.06474545658699782 | 0.7989896221664452
0.2697482462391285 | 0.06474545658699782 | 0.7989896221664452 | 0.423198978123124 | -0.4244788222463596:0.2531665733918693 | 0.047912851329869 | 0.8071943265970702
0.2531665733918693 | 0.047912851329869 | 0.8071943265970702 | 0.423198978123124 | -0.4244788222463596:0.2363864990041442 | 0.03087874999002338 | 0.814683537164143
0.2363864990041442 | 0.03087874999002338 | 0.814683537164143 | 0.423198978123124 | -0.4244788222463596:0.21942379802355205 | 0.01365874041885462 | 0.8214477309816459
0.21942379802355205 | 0.01365874041885462 | 0.8214477309816459 | 0.423198978123124 | -0.4244788222463596:0.20229446083274638 | -0.0037313669398955085 | 0.8274780863821292
0.20229446083274638 | -0.0037313669398955085 | 0.8274780863821292 | 0.423198978123124 | -0.4244788222463596:0.18501467728615495 | -0.02127555486713817 | 0.8327664925617881
0.18501467728615495 | -0.02127555486713817 | 0.8327664925617881 | 0.423198978123124 | -0.4244788222463596:0.1676008205484436 | -0.038957615390650346 | 0.8373055585015834
0.1676008205484436 | -0.038957615390650346 | 0.8373055585015834 | 0.423198978123124 | -0.4244788222463596:0.15006943075130508 | -0.05676116599619263 | 0.8410886211564161
0.15006943075130508 | -0.05676116599619263 | 0.8410886211564161 | -0.10136256588028503 | -0.1228374427967518:0.14514232469031896 | -0.05258584144311129 | 0.8436852970023239
0.14514232469031896 | -0.05258584144311129 | 0.8436852970023239 | -0.10136256588028503 | -0.1228374427967518:0.14018845617337305 | -0.048389433341576193 | 0.8462182055991576
0.14018845617337305 | -0.048389433341576193 | 0.8462182055991576 | -0.10136256588028503 | -0.1228374427967518:0.13520840339068485 | -0.044172406540447184 | 0.8486870936262108
0.13520840339068485 | -0.044172406540447184 | 0.8486870936262108 | -0.10136256588028503 | -0.1228374427967518:0.13020274410470023 | -0.03993522567100882 | 0.8510917153551532
0.13020274410470023 | -0.03993522567100882 | 0.8510917153551532 | -0.10136256588028503 | -0.1228374427967518:0.12517205561292855 | -0.035678355115052796 | 0.8534318326098855
0.12517205561292855 | -0.035678355115052796 | 0.8534318326098855 | -0.10136256588028503 | -0.1228374427967518:0.12011691471118624 | -0.03140225897327298 | 0.8557072147263654
0.12011691471118624 | -0.03140225897327298 | 0.8557072147263654 | -0.10136256588028503 | -0.1228374427967518:0.11503789765716022 | -0.027107401033987344 | 0.8579176385125464
