0.0 | 0.0 | 0.0 | -0.46838910646852194 | 0.2553119258605603:1.2761749057417607E-4 | 2.3417314567231173E-4 | 0.009996443203157089
1.2761749057417607E-4 | 2.3417314567231173E-4 | 0.009996443203157089 | -0.46838910646852194 | 0.2553119258605603:5.076672904095324E-4 | 9.317155822944345E-4 | 0.01987169293230847
5.076672904095324E-4 | 9.317155822944345E-4 | 0.01987169293230847 | -0.46838910646852194 | 0.2553119258605603:0.0011357199257306418 | 0.0020847441878671935 | 0.029605968704324685
0.0011357199257306418 | 0.0020847441878671935 | 0.029605968704324685 | -0.46838910646852194 | 0.2553119258605603:0.002007052457233436 | 0.0036848319797941897 | 0.03917994616681728
0.002007052457233436 | 0.0036848319797941897 | 0.03917994616681728 | -0.46838910646852194 | 0.2553119258605603:0.0031166575805908654 | 0.005723024617316774 | 0.048574773736574664
0.0031166575805908654 | 0.005723024617316774 | 0.048574773736574664 | -0.46838910646852194 | 0.2553119258605603:0.004459252904801922 | 0.008189857238206755 | 0.05777208855561733
0.004459252904801922 | 0.008189857238206755 | 0.05777208855561733 | 0.5319759407484659 | 0.8697118892741991:0.00809724577864664 | 0.0077204160954105205 | 0.06700706485970134
0.00809724577864664 | 0.0077204160954105205 | 0.06700706485970134 | 0.5319759407484659 | 0.8697118892741991:0.012521041964998262 | 0.006749952365258882 | 0.07593447102741241
0.012521041964998262 | 0.006749952365258882 | 0.07593447102741241 | 0.5319759407484659 | 0.8697118892741991:0.0177060369603533 | 0.00529275855236766 | 0.08448520252015002
0.0177060369603533 | 0.00529275855236766 | 0.08448520252015002 | 0.5319759407484659 | 0.8697118892741991:0.02362383041658367 | 0.0033654786307931728 | 0.09259252545241475
0.02362383041658367 | 0.0033654786307931728 | 0.09259252545241475 | 0.5319759407484659 | 0.8697118892741991:0.030242380941555944 | 9.87016900884763E-4 | 0.10019234109569586
0.030242380941555944 | 9.87016900884763E-4 | 0.10019234109569586 | -0.8186767829110015 | 0.5228212111337911:0.0356576149356751 | 0.0055214142959822965 | 0.10773321612312359
0.0356576149356751 | 0.0055214142959822965 | 0.10773321612312359 | -0.8186767829110015 | 0.5228212111337911:0.041453082120750856 | 0.010699843486265626 | 0.11475301799638671
0.041453082120750856 | 0.010699843486265626 | 0.11475301799638671 | -0.8186767829110015 | 0.5228212111337911:0.047607244938715876 | 0.016489266950254766 | 0.12119948832591854
0.047607244938715876 | 0.016489266950254766 | 0.12119948832591854 | -0.8186767829110015 | 0.5228212111337911:0.05409690019975774 | 0.022853985286336864 | 0.127023166591818
0.05409690019975774 | 0.022853985286336864 | 0.127023166591818 | -0.8186767829110015 | 0.5228212111337911:0.060897280950827026 | 0.02975579319860433 | 0.13217756130304537
0.060897280950827026 | 0.02975579319860433 | 0.13217756130304537 | -0.8186767829110015 | 0.5228212111337911:0.06798216287807596 | 0.03715414282354634 | 0.13661930941819644
0.06798216287807596 | 0.03715414282354634 | 0.13661930941819644 | -0.8186767829110015 | 0.5228212111337911:0.0753239748595706 | 0.045006313805025955 | 0.14030832362492562
0.0753239748595706 | 0.045006313805025955 | 0.14030832362492562 | -0.8186767829110015 | 0.5228212111337911:0.08289391327572732 | 0.05326758951021637 | 0.1432079271158586
0.08289391327572732 | 0.05326758951021637 | 0.1432079271158586 | -0.8186767829110015 | 0.5228212111337911:0.09066205967726026 | 0.06189143876631753 | 0.14528497554024944
0.09066205967726026 | 0.06189143876631753 | 0.14528497554024944 | -0.8186767829110015 | 0.5228212111337911:0.09859750140399925 | 0.07082970248695486 | 0.1465099658525817
0.09859750140399925 | 0.07082970248695486 | 0.1465099658525817 | -0.8186767829110015 | 0.5228212111337911:0.10666845474275832 | 0.0800327845481772 | 0.14685713182165738
0.10666845474275832 | 0.0800327845481772 | 0.14685713182165738 | -0.8186767829110015 | 0.5228212111337911:0.1148423902084943 | 0.0894498462669383 | 0.14630452600634936
0.1148423902084943 | 0.0894498462669383 | 0.14630452600634936 | -0.8186767829110015 | 0.5228212111337911:0.12308615953030977 | 0.09902900382985258 | 0.1448340880469665
0.12308615953030977 | 0.09902900382985258 | 0.1448340880469665 | -0.8186767829110015 | 0.5228212111337911:0.131366123922398 | 0.10871752801686818 | 0.14243169916401976
0.131366123922398 | 0.10871752801686818 | 0.14243169916401976 | -0.8186767829110015 | 0.5228212111337911:0.13964828321981249 | 0.11846204556328525 | 0.13908722279889796
0.13964828321981249 | 0.11846204556328525 | 0.13908722279889796 | -0.8186767829110015 | 0.5228212111337911:0.14789840545994637 | 0.1282087415042444 | 0.13479453137351527
0.14789840545994637 | 0.1282087415042444 | 0.13479453137351527 | -0.8186767829110015 | 0.5228212111337911:0.15608215649281432 | 0.13790356184840846 | 0.12955151918819352
0.15608215649281432 | 0.13790356184840846 | 0.12955151918819352 | -0.8186767829110015 | 0.5228212111337911:0.16416522920663223 | 0.14749241593202755 | 0.12336010151884214
0.16416522920663223 | 0.14749241593202755 | 0.12336010151884214 | -0.8186767829110015 | 0.5228212111337911:0.17211347195975435 | 0.15692137781088844 | 0.11622620001571038
0.17211347195975435 | 0.15692137781088844 | 0.11622620001571038 | -0.8186767829110015 | 0.5228212111337911:0.17989301581574457 | 0.1661368860557627 | 0.10815971454659579
0.17989301581574457 | 0.1661368860557627 | 0.10815971454659579 | -0.8186767829110015 | 0.5228212111337911:0.1874704001851848 | 0.1750859413268573 | 0.09917448166716136
0.1874704001851848 | 0.1750859413268573 | 0.09917448166716136 | -0.8186767829110015 | 0.5228212111337911:0.19481269648575772 | 0.18371630111437498 | 0.08928821994000069
0.19481269648575772 | 0.18371630111437498 | 0.08928821994000069 | -0.8186767829110015 | 0.5228212111337911:0.20188762944109984 | 0.19197667104558058 | 0.07852246236202376
0.20188762944109984 | 0.19197667104558058 | 0.07852246236202376 | -0.8186767829110015 | 0.5228212111337911:0.2086636956489496 | 0.19981689217367626 | 0.06690247619665834
0.2086636956489496 | 0.19981689217367626 | 0.06690247619665834 | -0.8186767829110015 | 0.5228212111337911:0.21511027906008096 | 0.2071881236802693 | 0.05445717054309185
0.21511027906008096 | 0.2071881236802693 | 0.05445717054309185 | 0.42507664904934717 | 0.004849911653860284:0.22005939485694626 | 0.21070916490683578 | 0.0601446658234126
0.22005939485694626 | 0.21070916490683578 | 0.0601446658234126 | 0.42507664904934717 | 0.004849911653860284:0.22496090670436253 | 0.21403185337347286 | 0.06598894866026317
0.22496090670436253 | 0.21403185337347286 | 0.06598894866026317 | 0.42507664904934717 | 0.004849911653860284:0.22981536147925485 | 0.2171519091513332 | 0.07198331475723263
0.22981536147925485 | 0.2171519091513332 | 0.07198331475723263 | 0.42507664904934717 | 0.004849911653860284:0.2346232987155048 | 0.2200652577704285 | 0.07812097443542232
0.2346232987155048 | 0.2200652577704285 | 0.07812097443542232 | 0.42507664904934717 | 0.004849911653860284:0.2393852506425862 | 0.22276803126558198 | 0.08439505828415994
0.2393852506425862 | 0.22276803126558198 | 0.08439505828415994 | -0.368937724978021 | -0.7325454837522412:0.2409188961778126 | 0.22868524667837598 | 0.09072880353956414
0.2409188961778126 | 0.22868524667837598 | 0.09072880353956414 | -0.368937724978021 | -0.7325454837522412:0.24211389012581375 | 0.2347054283743164 | 0.09707312459037265
0.24211389012581375 | 0.2347054283743164 | 0.09707312459037265 | -0.368937724978021 | -0.7325454837522412:0.24296880913967467 | 0.2408301413167222 | 0.10340922484511683
0.24296880913967467 | 0.2408301413167222 | 0.10340922484511683 | -0.368937724978021 | -0.7325454837522412:0.2434830979177942 | 0.24706050740865448 | 0.10971821752978883
0.2434830979177942 | 0.24706050740865448 | 0.10971821752978883 | -0.368937724978021 | -0.7325454837522412:0.24365707057029518 | 0.2533972044249082 | 0.11598117418919518
0.24365707057029518 | 0.2533972044249082 | 0.11598117418919518 | -0.368937724978021 | -0.7325454837522412:0.24349190991256187 | 0.2598404659882507 | 0.12217917307777348
0.24349190991256187 | 0.2598404659882507 | 0.12217917307777348 | -0.368937724978021 | -0.7325454837522412:0.242989664700338 | 0.26639008258361585 | 0.12829334733292264
0.242989664700338 | 0.26639008258361585 | 0.12829334733292264 | -0.368937724978021 | -0.7325454837522412:0.24215324482508116 | 0.27304540360182017 | 0.13430493282505473
0.24215324482508116 | 0.27304540360182017 | 0.13430493282505473 | -0.368937724978021 | -0.7325454837522412:0.24098641449244873 | 0.279805340402266 | 0.14019531558009568
0.24098641449244873 | 0.279805340402266 | 0.14019531558009568 | -0.368937724978021 | -0.7325454837522412:0.2394937834108486 | 0.28666837038199766 | 0.1459460786717397
0.2394937834108486 | 0.28666837038199766 | 0.1459460786717397 | -0.368937724978021 | -0.7325454837522412:0.23768079602105363 | 0.29363254203645894 | 0.15153904848265753
0.23768079602105363 | 0.29363254203645894 | 0.15153904848265753 | -0.368937724978021 | -0.7325454837522412:0.23555371880172693 | 0.30069548099530596 | 0.15695634023583604
0.23555371880172693 | 0.30069548099530596 | 0.15695634023583604 | -0.368937724978021 | -0.7325454837522412:0.23311962568957068 | 0.3078543970146841 | 0.1621804026994731
0.23311962568957068 | 0.3078543970146841 | 0.1621804026994731 | -0.368937724978021 | -0.7325454837522412:0.23038638165648084 | 0.315106091905494 | 0.16719406197122666
0.23038638165648084 | 0.315106091905494 | 0.16719406197122666 | -0.368937724978021 | -0.7325454837522412:0.22736262448971 | 0.3224469683753428 | 0.1719805642501786
0.22736262448971 | 0.3224469683753428 | 0.1719805642501786 | -0.368937724978021 | -0.7325454837522412:0.22405774482448582 | 0.32987303976009397 | 0.17652361750760193
0.22405774482448582 | 0.32987303976009397 | 0.17652361750760193 | -0.368937724978021 | -0.7325454837522412:0.22048186448190243 | 0.33737994061922105 | 0.18080743197050975
0.22048186448190243 | 0.33737994061922105 | 0.18080743197050975 | -0.368937724978021 | -0.7325454837522412:0.21664581316811748 | 0.344962938167523 | 0.1848167593349963
0.21664581316811748 | 0.344962938167523 | 0.1848167593349963 | -0.368937724978021 | -0.7325454837522412:0.2125611035939361 | 0.35261694451417913 | 0.1885369306295761
0.2125611035939361 | 0.35261694451417913 | 0.1885369306295761 | -0.368937724978021 | -0.7325454837522412:0.2082399050768622 | 0.36033652967860696 | 0.19195389265202945
0.2082399050768622 | 0.36033652967860696 | 0.19195389265202945 | 0.33782174093823625 | -0.7470929260460188:0.2030717429641946 | 0.36126288322983413 | 0.20808208803846195
0.2030717429641946 | 0.36126288322983413 | 0.20808208803846195 | 0.33782174093823625 | -0.7470929260460188:0.1971865177796417 | 0.3618332566631324 | 0.22415124627966954
0.1971865177796417 | 0.3618332566631324 | 0.22415124627966954 | 0.33782174093823625 | -0.7470929260460188:0.19058359522697543 | 0.36204733873675465 | 0.2401214492544952
0.19058359522697543 | 0.36204733873675465 | 0.2401214492544952 | 0.33782174093823625 | -0.7470929260460188:0.18326413658312113 | 0.36190562632334533 | 0.2559527067435168
0.18326413658312113 | 0.36190562632334533 | 0.2559527067435168 | 0.33782174093823625 | -0.7470929260460188:0.17523109912571577 | 0.3614094254375342 | 0.2716050515071551
0.17523109912571577 | 0.3614094254375342 | 0.2716050515071551 | -0.42975393780037896 | -0.16932758638662526:0.17482953857060934 | 0.37106257969935896 | 0.2680693254899573
0.17482953857060934 | 0.37106257969935896 | 0.2680693254899573 | -0.42975393780037896 | -0.16932758638662526:0.17441831885780523 | 0.38065758154218976 | 0.26422724837427225
0.17441831885780523 | 0.38065758154218976 | 0.26422724837427225 | -0.42975393780037896 | -0.16932758638662526:0.1740012500436201 | 0.39018560455484597 | 0.26008028691441076
0.1740012500436201 | 0.39018560455484597 | 0.26008028691441076 | -0.42975393780037896 | -0.16932758638662526:0.173582113482869 | 0.39963788359468033 | 0.2556301854423726
0.173582113482869 | 0.39963788359468033 | 0.2556301854423726 | -0.42975393780037896 | -0.16932758638662526:0.1731646591725955 | 0.4090057216467411 | 0.2508789629474606
0.1731646591725955 | 0.4090057216467411 | 0.2508789629474606 | 0.8233345173371116 | 0.49517210342081097:0.18145991168846365 | 0.4021597040241538 | 0.26565722576528117
0.18145991168846365 | 0.4021597040241538 | 0.26565722576528117 | 0.8233345173371116 | 0.49517210342081097:0.19015914323915872 | 0.3945668634088513 | 0.2800167775650877
0.19015914323915872 | 0.3945668634088513 | 0.2800167775650877 | 0.8233345173371116 | 0.49517210342081097:0.1992525626481374 | 0.38624315231604456 | 0.2939093654337839
0.1992525626481374 | 0.38624315231604456 | 0.2939093654337839 | 0.8233345173371116 | 0.49517210342081097:0.20872899146206692 | 0.37720684263228677 | 0.3072876666287989
0.20872899146206692 | 0.37720684263228677 | 0.3072876666287989 | 0.8233345173371116 | 0.49517210342081097:0.2185758916987819 | 0.3674784825939188 | 0.32010543689818327
0.2185758916987819 | 0.3674784825939188 | 0.32010543689818327 | -0.9396704239228926 | -0.04200742887975473:0.2198410250801448 | 0.3854400052495883 | 0.3055940026206976
0.2198410250801448 | 0.3854400052495883 | 0.3055940026206976 | -0.9396704239228926 | -0.04200742887975473:0.22111419637169227 | 0.40278605510087573 | 0.29007735559003756
0.22111419637169227 | 0.40278605510087573 | 0.29007735559003756 | -0.9396704239228926 | -0.04200742887975473:0.2223980786036961 | 0.41946076264042986 | 0.27358348716942693
0.2223980786036961 | 0.41946076264042986 | 0.27358348716942693 | -0.9396704239228926 | -0.04200742887975473:0.2236952776451151 | 0.4354096432302583 | 0.2561434454973277
0.2236952776451151 | 0.4354096432302583 | 0.2561434454973277 | -0.9396704239228926 | -0.04200742887975473:0.22500832500550416 | 0.4505797603454962 | 0.23779126143719864
0.22500832500550416 | 0.4505797603454962 | 0.23779126143719864 | 0.2637238031229352 | 0.4339694794536024:0.2320746712802304 | 0.4509641672553144 | 0.24067192623162548
0.2320746712802304 | 0.4509641672553144 | 0.24067192623162548 | 0.2637238031229352 | 0.4339694794536024:0.23922502070777618 | 0.4512498653254511 | 0.24339092032136556
0.23922502070777618 | 0.4512498653254511 | 0.24339092032136556 | 0.2637238031229352 | 0.4339694794536024:0.24645529635320784 | 0.45143977011586855 | 0.24594401346230121
0.24645529635320784 | 0.45143977011586855 | 0.24594401346230121 | 0.2637238031229352 | 0.4339694794536024:0.2537613119744542 | 0.45153686001642157 | 0.248327136938709
0.2537613119744542 | 0.45153686001642157 | 0.248327136938709 | 0.2637238031229352 | 0.4339694794536024:0.2611387764848452 | 0.4515441736034873 | 0.25053638687817426
0.2611387764848452 | 0.4515441736034873 | 0.25053638687817426 | 0.35397702581667545 | -0.12073412200997424:0.2614635982673139 | 0.4502944314226873 | 0.26195377535101905
0.2614635982673139 | 0.4502944314226873 | 0.26195377535101905 | 0.35397702581667545 | -0.12073412200997424:0.2616890426276637 | 0.44877659013982196 | 0.2733980719260902
0.2616890426276637 | 0.44877659013982196 | 0.2733980719260902 | 0.35397702581667545 | -0.12073412200997424:0.2618149979377691 | 0.4469900285101751 | 0.28486208494130416
0.2618149979377691 | 0.4469900285101751 | 0.28486208494130416 | 0.35397702581667545 | -0.12073412200997424:0.26184140686956425 | 0.4449342868424999 | 0.2963386279106466
0.26184140686956425 | 0.4449342868424999 | 0.2963386279106466 | 0.35397702581667545 | -0.12073412200997424:0.26176826614035953 | 0.44260906626192664 | 0.3078205232151223
0.26176826614035953 | 0.44260906626192664 | 0.3078205232151223 | 0.35397702581667545 | -0.12073412200997424:0.2615956262350636 | 0.440014227905106 | 0.3193006057612475
0.2615956262350636 | 0.440014227905106 | 0.3193006057612475 | 0.35397702581667545 | -0.12073412200997424:0.26132359110563463 | 0.4371497920485119 | 0.33077172660587983
0.26132359110563463 | 0.4371497920485119 | 0.33077172660587983 | 0.35397702581667545 | -0.12073412200997424:0.2609523178480657 | 0.4340159371708445 | 0.3422267565461983
0.2609523178480657 | 0.4340159371708445 | 0.3422267565461983 | 0.35397702581667545 | -0.12073412200997424:0.260482016357269 | 0.43061299895043703 | 0.3536585896736799
0.260482016357269 | 0.43061299895043703 | 0.3536585896736799 | 0.35397702581667545 | -0.12073412200997424:0.2599129489601282 | 0.42694146919867393 | 0.3650601468909116
0.2599129489601282 | 0.42694146919867393 | 0.3650601468909116 | 0.7703879102490776 | -0.7795115759889906:0.24636806774855913 | 0.41510624335057145 | 0.39347652517056275
0.24636806774855913 | 0.41510624335057145 | 0.39347652517056275 | 0.7703879102490776 | -0.7795115759889906:0.2316320040444637 | 0.402066434371001 | 0.4209943050935756
0.2316320040444637 | 0.402066434371001 | 0.4209943050935756 | 0.7703879102490776 | -0.7795115759889906:0.2157389426411953 | 0.38785396695812935 | 0.44751171895275377
0.2157389426411953 | 0.38785396695812935 | 0.44751171895275377 | 0.7703879102490776 | -0.7795115759889906:0.1987273989690692 | 0.3725050940604575 | 0.47292955935266434
0.1987273989690692 | 0.3725050940604575 | 0.47292955935266434 | 0.7703879102490776 | -0.7795115759889906:0.18064011012081238 | 0.35606029625255786 | 0.4971515459649858
0.18064011012081238 | 0.35606029625255786 | 0.4971515459649858 | 0.7703879102490776 | -0.7795115759889906:0.16152391046276549 | 0.33856416570338865 | 0.5200846832740424
0.16152391046276549 | 0.33856416570338865 | 0.5200846832740424 | 0.7703879102490776 | -0.7795115759889906:0.14142959224725615 | 0.32006527512305993 | 0.5416396080319466
0.14142959224725615 | 0.32006527512305993 | 0.5416396080319466 | 0.7703879102490776 | -0.7795115759889906:0.12041175169425955 | 0.30061603212671884 | 0.5617309251791518
0.12041175169425955 | 0.30061603212671884 | 0.5617309251791518 | 0.7703879102490776 | -0.7795115759889906:0.09852862106098215 | 0.2802725195049405 | 0.58027753102661
0.09852862106098215 | 0.2802725195049405 | 0.58027753102661 | 0.7703879102490776 | -0.7795115759889906:0.0758418872671669 | 0.25909432193945037 | 0.5972029225405713
0.0758418872671669 | 0.25909432193945037 | 0.5972029225405713 | -0.890779571169565 | 0.20520934624059306:0.08227126074685032 | 0.28692821158564996 | 0.5873378921475307
0.08227126074685032 | 0.28692821158564996 | 0.5873378921475307 | -0.890779571169565 | 0.20520934624059306:0.08861263322718926 | 0.3144142011132338 | 0.5760735585840102
0.08861263322718926 | 0.3144142011132338 | 0.5760735585840102 | -0.890779571169565 | 0.20520934624059306:0.0948504487863282 | 0.3414844237516377 | 0.5634234192361873
0.0948504487863282 | 0.3414844237516377 | 0.5634234192361873 | -0.890779571169565 | 0.20520934624059306:0.10096929398072163 | 0.36807155387722545 | 0.5494044610492033
0.10096929398072163 | 0.36807155387722545 | 0.5494044610492033 | -0.890779571169565 | 0.20520934624059306:0.10695393696714106 | 0.39410897745752393 | 0.5340371336542518
0.10695393696714106 | 0.39410897745752393 | 0.5340371336542518 | -0.890779571169565 | 0.20520934624059306:0.11278936624957225 | 0.4195309610610849 | 0.5173453137834478
0.11278936624957225 | 0.4195309610610849 | 0.5173453137834478 | -0.890779571169565 | 0.20520934624059306:0.11846082895502263 | 0.44427281901404925 | 0.49935626106077535
0.11846082895502263 | 0.44427281901404925 | 0.49935626106077535 | -0.890779571169565 | 0.20520934624059306:0.1239538685434809 | 0.46827107828992 | 0.4801005652783523
0.1239538685434809 | 0.46827107828992 | 0.4801005652783523 | -0.890779571169565 | 0.20520934624059306:0.1292543618589015 | 0.4914636407250761 | 0.4596120852878798
0.1292543618589015 | 0.4914636407250761 | 0.4596120852878798 | -0.890779571169565 | 0.20520934624059306:0.13434855542977786 | 0.5137899421598142 | 0.4379278796572734
0.13434855542977786 | 0.5137899421598142 | 0.4379278796572734 | -0.890779571169565 | 0.20520934624059306:0.13922310092982215 | 0.5351911081126879 | 0.4150881292623474
0.13922310092982215 | 0.5351911081126879 | 0.4150881292623474 | -0.890779571169565 | 0.20520934624059306:0.1438650897114897 | 0.555610105605048 | 0.39113605200277135
0.1438650897114897 | 0.555610105605048 | 0.39113605200277135 | -0.890779571169565 | 0.20520934624059306:0.14826208632744553 | 0.574991890762405 | 0.36611780985028375
0.14826208632744553 | 0.574991890762405 | 0.36611780985028375 | -0.890779571169565 | 0.20520934624059306:0.1524021609575854 | 0.5932835518301829 | 0.3400824084554941
0.1524021609575854 | 0.5932835518301829 | 0.3400824084554941 | -0.890779571169565 | 0.20520934624059306:0.15627392066208046 | 0.6104344472528425 | 0.313081589557342
0.15627392066208046 | 0.6104344472528425 | 0.313081589557342 | -0.890779571169565 | 0.20520934624059306:0.15986653938376705 | 0.6263963384779174 | 0.2851697164562701
0.15986653938376705 | 0.6263963384779174 | 0.2851697164562701 | -0.890779571169565 | 0.20520934624059306:0.1631697866264119 | 0.6411235171595138 | 0.25640365282860955
0.1631697866264119 | 0.6411235171595138 | 0.25640365282860955 | -0.890779571169565 | 0.20520934624059306:0.1661740547385513 | 0.6545729264498732 | 0.22684263517546555
0.1661740547385513 | 0.6545729264498732 | 0.22684263517546555 | -0.890779571169565 | 0.20520934624059306:0.16887038473618787 | 0.6667042760821786 | 0.1965481392142472
0.16887038473618787 | 0.6667042760821786 | 0.1965481392142472 | -0.890779571169565 | 0.20520934624059306:0.1712504906010821 | 0.6774801509630208 | 0.16558374053524716
0.1712504906010821 | 0.6774801509630208 | 0.16558374053524716 | -0.74768123518604 | 0.25970856098126904:0.17373509266374754 | 0.6858770018641422 | 0.1384527570067675
0.17373509266374754 | 0.6858770018641422 | 0.1384527570067675 | -0.74768123518604 | 0.25970856098126904:0.17586217489977685 | 0.6932453147794035 | 0.11088317042772644
0.17586217489977685 | 0.6932453147794035 | 0.11088317042772644 | -0.74768123518604 | 0.25970856098126904:0.1776251298378817 | 0.6995652979801221 | 0.0829199661992277
0.1776251298378817 | 0.6995652979801221 | 0.0829199661992277 | -0.74768123518604 | 0.25970856098126904:0.17901798050401396 | 0.7048189566876459 | 0.05460907406194693
0.17901798050401396 | 0.7048189566876459 | 0.05460907406194693 | -0.74768123518604 | 0.25970856098126904:0.1800353933115133 | 0.7089901317267291 | 0.025997286117142693
0.1800353933115133 | 0.7089901317267291 | 0.025997286117142693 | -0.74768123518604 | 0.25970856098126904:0.1806726897738713 | 0.7120645348203496 | -0.002867826827319675
0.1806726897738713 | 0.7120645348203496 | -0.002867826827319675 | -0.74768123518604 | 0.25970856098126904:0.18092585701967678 | 0.7140297804639459 | -0.03193800043141337
0.18092585701967678 | 0.7140297804639459 | -0.03193800043141337 | -0.74768123518604 | 0.25970856098126904:0.18079155709125772 | 0.714875414323231 | -0.06116436336074216
0.18079155709125772 | 0.714875414323231 | -0.06116436336074216 | -0.74768123518604 | 0.25970856098126904:0.18026713501099323 | 0.7145929381061009 | -0.09049752502867747
0.18026713501099323 | 0.7145929381061009 | -0.09049752502867747 | -0.74768123518604 | 0.25970856098126904:0.17935062560132664 | 0.7131758308658007 | -0.11988766438181031
0.17935062560132664 | 0.7131758308658007 | -0.11988766438181031 | -0.74768123518604 | 0.25970856098126904:0.1780407590469295 | 0.7106195666987745 | -0.1492846195662807
0.1780407590469295 | 0.7106195666987745 | -0.1492846195662807 | -0.74768123518604 | 0.25970856098126904:0.17633696518966957 | 0.7069216288072724 | -0.17863797831115846
0.17633696518966957 | 0.7069216288072724 | -0.17863797831115846 | -0.74768123518604 | 0.25970856098126904:0.1742393765493162 | 0.7020815199034374 | -0.20789716886423548
0.1742393765493162 | 0.7020815199034374 | -0.20789716886423548 | -0.74768123518604 | 0.25970856098126904:0.17174883006527963 | 0.6961007689380665 | -0.23701155131480078
0.17174883006527963 | 0.6961007689380665 | -0.23701155131480078 | -0.74768123518604 | 0.25970856098126904:0.16886686755692892 | 0.6889829341439722 | -0.2659305091376716
0.16886686755692892 | 0.6889829341439722 | -0.2659305091376716 | -0.74768123518604 | 0.25970856098126904:0.16559573490232182 | 0.680733602390319 | -0.294603540792604
0.16559573490232182 | 0.680733602390319 | -0.294603540792604 | -0.74768123518604 | 0.25970856098126904:0.1619383799375207 | 0.6713603848511411 | -0.32298035121348434
0.1619383799375207 | 0.6713603848511411 | -0.32298035121348434 | -0.74768123518604 | 0.25970856098126904:0.1578984490808928 | 0.6608729089975895 | -0.35101094302217106
0.1578984490808928 | 0.6608729089975895 | -0.35101094302217106 | -0.74768123518604 | 0.25970856098126904:0.153480282689074 | 0.6492828069301098 | -0.37864570730260994
0.153480282689074 | 0.6492828069301098 | -0.37864570730260994 | -0.74768123518604 | 0.25970856098126904:0.14868890915356658 | 0.6366037000732021 | -0.40583551377198646
0.14868890915356658 | 0.6366037000732021 | -0.40583551377198646 | -0.74768123518604 | 0.25970856098126904:0.1435300377490698 | 0.6228511802619252 | -0.43253180018698245
0.1435300377490698 | 0.6228511802619252 | -0.43253180018698245 | -0.74768123518604 | 0.25970856098126904:0.13801005024697588 | 0.6080427872554921 | -0.45868666082483855
0.13801005024697588 | 0.6080427872554921 | -0.45868666082483855 | -0.74768123518604 | 0.25970856098126904:0.13213599130945752 | 0.5921979827198243 | -0.48425293388091717
0.13213599130945752 | 0.5921979827198243 | -0.48425293388091717 | -0.74768123518604 | 0.25970856098126904:0.12591555768190332 | 0.5753381207268831 | -0.5091842876264785
0.12591555768190332 | 0.5753381207268831 | -0.5091842876264785 | -0.74768123518604 | 0.25970856098126904:0.11935708620341856 | 0.5574864148248935 | -0.533435305173029
0.11935708620341856 | 0.5574864148248935 | -0.533435305173029 | -0.74768123518604 | 0.25970856098126904:0.11246954065720516 | 0.5386679017394229 | -0.5569615676921558
0.11246954065720516 | 0.5386679017394229 | -0.5569615676921558 | -0.74768123518604 | 0.25970856098126904:0.1052624974846843 | 0.5189094017711753 | -0.5797197359428168
0.1052624974846843 | 0.5189094017711753 | -0.5797197359428168 | -0.74768123518604 | 0.25970856098126904:0.09774613038916158 | 0.49823947596216556 | -0.6016676299612094
0.09774613038916158 | 0.49823947596216556 | -0.6016676299612094 | -0.74768123518604 | 0.25970856098126904:0.08993119385677062 | 0.47668838010742576 | -0.6227643067718951
0.08993119385677062 | 0.47668838010742576 | -0.6227643067718951 | -0.74768123518604 | 0.25970856098126904:0.08182900562425743 | 0.4542880156948641 | -0.6429701359824378
0.08182900562425743 | 0.4542880156948641 | -0.6429701359824378 | -0.74768123518604 | 0.25970856098126904:0.07345142812509309 | 0.4310718778612568 | -0.6622468731278452
0.07345142812509309 | 0.4310718778612568 | -0.6622468731278452 | -0.74768123518604 | 0.25970856098126904:0.06481084894697631 | 0.4070750004574535 | -0.6805577306351758
0.06481084894697631 | 0.4070750004574535 | -0.6805577306351758 | -0.74768123518604 | 0.25970856098126904:0.05592016033564917 | 0.382333898320681 | -0.6978674462831052
0.05592016033564917 | 0.382333898320681 | -0.6978674462831052 | -0.74768123518604 | 0.25970856098126904:0.046792737781487403 | 0.3568865068568243 | -0.7141423490357859
0.046792737781487403 | 0.3568865068568243 | -0.7141423490357859 | -0.74768123518604 | 0.25970856098126904:0.03744241772687218 | 0.33077211904004145 | -0.7293504221350595
0.03744241772687218 | 0.33077211904004145 | -0.7293504221350595 | -0.74768123518604 | 0.25970856098126904:0.027883474433902933 | 0.3040313199413376 | -0.7434613633401739
0.027883474433902933 | 0.3040313199413376 | -0.7434613633401739 | -0.74768123518604 | 0.25970856098126904:0.018130596053396175 | 0.2767059189021026 | -0.7564466422091236
0.018130596053396175 | 0.2767059189021026 | -0.7564466422091236 | -0.74768123518604 | 0.25970856098126904:0.008198859937429859 | 0.24883887947247985 | -0.7682795543212038
0.008198859937429859 | 0.24883887947247985 | -0.7682795543212038 | -0.74768123518604 | 0.25970856098126904:-0.0018962927609997848 | 0.22047424723817244 | -0.7789352723457217
-0.0018962927609997848 | 0.22047424723817244 | -0.7789352723457217 | -0.74768123518604 | 0.25970856098126904:-0.012139083156426977 | 0.19165707566281753 | -0.7883908938675184
-0.012139083156426977 | 0.19165707566281753 | -0.7883908938675184 | -0.12030932141644368 | -0.8868721829496169:0.022925113967293242 | 0.18734542743023752 | -0.791125617136645
0.022925113967293242 | 0.18734542743023752 | -0.791125617136645 | -0.12030932141644368 | -0.8868721829496169:0.05815493889623724 | 0.18300213306125812 | -0.7922574211303619
0.05815493889623724 | 0.18300213306125812 | -0.7922574211303619 | -0.12030932141644368 | -0.8868721829496169:0.09347740999134402 | 0.17863710693884371 | -0.7917769943737234
0.09347740999134402 | 0.17863710693884371 | -0.7917769943737234 | -0.12030932141644368 | -0.8868721829496169:0.1288190780758427 | 0.1742603367103186 | -0.7896784453624512
0.1288190780758427 | 0.1742603367103186 | -0.7896784453624512 | -0.12030932141644368 | -0.8868721829496169:0.16410618502221297 | 0.16988186184884313 | -0.7859593248036774
0.16410618502221297 | 0.16988186184884313 | -0.7859593248036774 | 0.20090072721913566 | 0.2791274860487063:0.15348040123142326 | 0.17815656345981523 | -0.7881454176250244
0.15348040123142326 | 0.17815656345981523 | -0.7881454176250244 | 0.20090072721913566 | 0.2791274860487063:0.14279924079686523 | 0.18646599062481783 | -0.790083110923927
0.14279924079686523 | 0.18646599062481783 | -0.790083110923927 | 0.20090072721913566 | 0.2791274860487063:0.13206668588487958 | 0.19480734814424494 | -0.7917709839651046
0.13206668588487958 | 0.19480734814424494 | -0.7917709839651046 | 0.20090072721913566 | 0.2791274860487063:0.12128673720426875 | 0.20317782634661086 | -0.7932077132298891
0.12128673720426875 | 0.20317782634661086 | -0.7932077132298891 | 0.20090072721913566 | 0.2791274860487063:0.11046341246625602 | 0.21157460220206303 | -0.7943920726668825
0.11046341246625602 | 0.21157460220206303 | -0.7943920726668825 | -0.706576599889408 | 0.6625154836077891:0.0840340881505135 | 0.18376048488851637 | -0.8062424967796158
0.0840340881505135 | 0.18376048488851637 | -0.8062424967796158 | -0.706576599889408 | 0.6625154836077891:0.05720310688706576 | 0.15548330443252212 | -0.816222168780663
0.05720310688706576 | 0.15548330443252212 | -0.816222168780663 | -0.706576599889408 | 0.6625154836077891:0.030033805638183253 | 0.12681007129258148 | -0.824299615171757
0.030033805638183253 | 0.12681007129258148 | -0.824299615171757 | -0.706576599889408 | 0.6625154836077891:0.0025905739391625104 | 0.0978089994231297 | -0.8304479514588685
0.0025905739391625104 | 0.0978089994231297 | -0.8304479514588685 | -0.706576599889408 | 0.6625154836077891:-0.025061304350160185 | 0.06854933890931392 | -0.8346449618631513
-0.025061304350160185 | 0.06854933890931392 | -0.8346449618631513 | -0.706576599889408 | 0.6625154836077891:-0.05285581185206212 | 0.03910120566797559 | -0.8368731674011096
-0.05285581185206212 | 0.03910120566797559 | -0.8368731674011096 | -0.706576599889408 | 0.6625154836077891:-0.08072636063083038 | 0.009535408643365884 | -0.8371198821492095
-0.08072636063083038 | 0.009535408643365884 | -0.8371198821492095 | -0.706576599889408 | 0.6625154836077891:-0.10860595689549868 | -0.020076725067390555 | -0.8353772575381163
-0.10860595689549868 | -0.020076725067390555 | -0.8353772575381163 | -0.706576599889408 | 0.6625154836077891:-0.1364273670304037 | -0.049663526718632056 | -0.831642314552016
-0.1364273670304037 | -0.049663526718632056 | -0.831642314552016 | -0.706576599889408 | 0.6625154836077891:-0.16412328453523983 | -0.07915316360587354 | -0.8259169637390726
-0.16412328453523983 | -0.07915316360587354 | -0.8259169637390726 | -0.706576599889408 | 0.6625154836077891:-0.1916264974537043 | -0.10847381749307772 | -0.8182080129698943
-0.1916264974537043 | -0.10847381749307772 | -0.8182080129698943 | -0.706576599889408 | 0.6625154836077891:-0.2188700558687131 | -0.1375538633279092 | -0.8085271629118331
-0.2188700558687131 | -0.1375538633279092 | -0.8085271629118331 | -0.706576599889408 | 0.6625154836077891:-0.24578743904169542 | -0.1663220477945231 | -0.7968909902179622
-0.24578743904169542 | -0.1663220477945231 | -0.7968909902179622 | -0.706576599889408 | 0.6625154836077891:-0.27231272177442634 | -0.19470766725359567 | -0.7833209184605945
-0.27231272177442634 | -0.19470766725359567 | -0.7833209184605945 | -0.706576599889408 | 0.6625154836077891:-0.29838073957362 | -0.22264074462103167 | -0.7678431768700991
-0.29838073957362 | -0.22264074462103167 | -0.7678431768700991 | 0.24568062874931762 | 0.5054510338972495:-0.3183025229070857 | -0.21355838892154821 | -0.7640449251027697
-0.3183025229070857 | -0.21355838892154821 | -0.7640449251027697 | 0.24568062874931762 | 0.5054510338972495:-0.3381464228273643 | -0.2045037417186606 | -0.7596103929003233
-0.3381464228273643 | -0.2045037417186606 | -0.7596103929003233 | 0.24568062874931762 | 0.5054510338972495:-0.3578955368410561 | -0.19548509224302535 | -0.7545414560742625
-0.3578955368410561 | -0.19548509224302535 | -0.7545414560742625 | 0.24568062874931762 | 0.5054510338972495:-0.3775330097218408 | -0.18651070958281224 | -0.7488405529698134
-0.3775330097218408 | -0.18651070958281224 | -0.7488405529698134 | 0.24568062874931762 | 0.5054510338972495:-0.39704204864740333 | -0.17758883532187753 | -0.7425106826905754
-0.39704204864740333 | -0.17758883532187753 | -0.7425106826905754 | 0.24568062874931762 | 0.5054510338972495:-0.41640593827170846 | -0.16872767620615292 | -0.7355554028229889
-0.41640593827170846 | -0.16872767620615292 | -0.7355554028229889 | 0.24568062874931762 | 0.5054510338972495:-0.43560805571946304 | -0.15993539684484404 | -0.7279788266634828
-0.43560805571946304 | -0.15993539684484404 | -0.7279788266634828 | 0.24568062874931762 | 0.5054510338972495:-0.4546318854896576 | -0.1512201124525987 | -0.7197856199515602
-0.4546318854896576 | -0.1512201124525987 | -0.7197856199515602 | 0.24568062874931762 | 0.5054510338972495:-0.4734610342552763 | -0.1425898816392106 | -0.7109809971125607
