0.0 | 0.0 | 0.0 | -0.3029158551268365 | -0.16461685186025976:-8.229805629308404E-5 | 1.5145213701361904E-4 | 0.009998514353648966
-8.229805629308404E-5 | 1.5145213701361904E-4 | 0.009998514353648966 | -0.10077440444883923 | 0.3115769311207037:1.461795997935751E-4 | 4.0164113826335335E-4 | 0.019895409418271816
1.461795997935751E-4 | 4.0164113826335335E-4 | 0.019895409418271816 | -0.10077440444883923 | 0.3115769311207037:6.806773594527437E-4 | 7.490667083518421E-4 | 0.029683749399271778
6.806773594527437E-4 | 7.490667083518421E-4 | 0.029683749399271778 | -0.10077440444883923 | 0.3115769311207037:0.0015163391466892038 | 0.001192195471708568 | 0.03935675054510415
0.0015163391466892038 | 0.001192195471708568 | 0.03935675054510415 | -0.10077440444883923 | 0.3115769311207037:0.002648211803223716 | 0.0017294620671465255 | 0.048907782039344816
0.002648211803223716 | 0.0017294620671465255 | 0.048907782039344816 | -0.10077440444883923 | 0.3115769311207037:0.0040712484639996716 | 0.0023592702395278664 | 0.05833036682561271
0.0040712484639996716 | 0.0023592702395278664 | 0.05833036682561271 | -0.10077440444883923 | 0.3115769311207037:0.0057803119223436596 | 0.0030799939282315503 | 0.06761818236599368
0.0057803119223436596 | 0.0030799939282315503 | 0.06761818236599368 | -0.10077440444883923 | 0.3115769311207037:0.007770177983847774 | 0.0038899783521184617 | 0.07676506133362249
0.007770177983847774 | 0.0038899783521184617 | 0.07676506133362249 | -0.10077440444883923 | 0.3115769311207037:0.010035538808058124 | 0.004787541090697678 | 0.08576499224008977
0.010035538808058124 | 0.004787541090697678 | 0.08576499224008977 | -0.10077440444883923 | 0.3115769311207037:0.012571006237070505 | 0.0057709731612010096 | 0.09461211999834968
0.012571006237070505 | 0.0057709731612010096 | 0.09461211999834968 | -0.10077440444883923 | 0.3115769311207037:0.015371115110150844 | 0.006838540091278933 | 0.1033007464218122
0.015371115110150844 | 0.006838540091278933 | 0.1033007464218122 | -0.21377281261902525 | 0.721700281506062:0.0207177070951386 | 0.008621701822835393 | 0.11137701847939085
0.0207177070951386 | 0.008621701822835393 | 0.11137701847939085 | -0.21377281261902525 | 0.721700281506062:0.026647310686176373 | 0.01057712609778172 | 0.11907621527377055
0.026647310686176373 | 0.01057712609778172 | 0.11907621527377055 | -0.21377281261902525 | 0.721700281506062:0.03313700152947732 | 0.012698220538729488 | 0.12636596056874383
0.03313700152947732 | 0.012698220538729488 | 0.12636596056874383 | -0.21377281261902525 | 0.721700281506062:0.040162451285857326 | 0.014977969380098877 | 0.13321524704651255
0.040162451285857326 | 0.014977969380098877 | 0.13321524704651255 | -0.21377281261902525 | 0.721700281506062:0.04769799683865622 | 0.017408953651585235 | 0.13959449558789516
0.04769799683865622 | 0.017408953651585235 | 0.13959449558789516 | 0.8731038285814632 | 0.6671033788560048:0.055348320509743254 | 0.011948020933288506 | 0.14649453476825358
0.055348320509743254 | 0.011948020933288506 | 0.14649453476825358 | 0.8731038285814632 | 0.6671033788560048:0.06344756380787331 | 0.005840944046131669 | 0.15272846875711932
0.06344756380787331 | 0.005840944046131669 | 0.15272846875711932 | 0.8731038285814632 | 0.6671033788560048:0.07196404376037352 | -8.717436915709476E-4 | 0.15823325759082718
0.07196404376037352 | -8.717436915709476E-4 | 0.15823325759082718 | 0.8731038285814632 | 0.6671033788560048:0.0808634678319195 | -0.008146012557067372 | 0.16294976350039603
0.0808634678319195 | -0.008146012557067372 | 0.16294976350039603 | 0.8731038285814632 | 0.6671033788560048:0.09010911019455103 | -0.015934561080965914 | 0.16682302645237557
0.09010911019455103 | -0.015934561080965914 | 0.16682302645237557 | 0.4146519932098929 | -0.30097764665476867:0.09132168960257747 | -0.020214711960315768 | 0.17493466619031928
0.09132168960257747 | -0.020214711960315768 | 0.17493466619031928 | 0.4146519932098929 | -0.30097764665476867:0.09226962895501356 | -0.024800233414862594 | 0.18293804391376334
0.09226962895501356 | -0.024800233414862594 | 0.18293804391376334 | 0.4146519932098929 | -0.30097764665476867:0.09295670223240216 | -0.02968668385726081 | 0.19081826862092077
0.09295670223240216 | -0.02968668385726081 | 0.19081826862092077 | 0.4146519932098929 | -0.30097764665476867:0.09338695328102353 | -0.03486924101627242 | 0.19856072453302565
0.09338695328102353 | -0.03486924101627242 | 0.19856072453302565 | 0.4146519932098929 | -0.30097764665476867:0.09356468920919081 | -0.04034271096224806 | 0.20615108390836356
0.09356468920919081 | -0.04034271096224806 | 0.20615108390836356 | 0.4146519932098929 | -0.30097764665476867:0.09349447360453178 | -0.04610153738278999 | 0.21357531945488706
0.09349447360453178 | -0.04610153738278999 | 0.21357531945488706 | 0.4146519932098929 | -0.30097764665476867:0.09318111957994168 | -0.052139811098090405 | 0.220819716335245
0.09318111957994168 | -0.052139811098090405 | 0.220819716335245 | 0.4146519932098929 | -0.30097764665476867:0.0926296826559303 | -0.05845127980535825 | 0.22787088375843156
0.0926296826559303 | -0.05845127980535825 | 0.22787088375843156 | 0.4146519932098929 | -0.30097764665476867:0.09184545348713824 | -0.06502935804169452 | 0.23471576615265466
0.09184545348713824 | -0.06502935804169452 | 0.23471576615265466 | 0.4146519932098929 | -0.30097764665476867:0.09083395044083109 | -0.07186713735471217 | 0.24134165391440732
0.09083395044083109 | -0.07186713735471217 | 0.24134165391440732 | 0.4146519932098929 | -0.30097764665476867:0.08960091203520859 | -0.07895739667015578 | 0.24773619372910716
0.08960091203520859 | -0.07895739667015578 | 0.24773619372910716 | 0.4146519932098929 | -0.30097764665476867:0.08815228924539387 | -0.08629261284573819 | 0.25388739845905217
0.08815228924539387 | -0.08629261284573819 | 0.25388739845905217 | 0.4146519932098929 | -0.30097764665476867:0.08649423768498576 | -0.09386497140037653 | 0.2597836565948386
0.08649423768498576 | -0.09386497140037653 | 0.2597836565948386 | 0.4146519932098929 | -0.30097764665476867:0.08463310967106774 | -0.10166637740799711 | 0.2654137412667401
0.08463310967106774 | -0.10166637740799711 | 0.2654137412667401 | 0.4146519932098929 | -0.30097764665476867:0.08257544618057722 | -0.10968846654505482 | 0.27076681881295706
0.08257544618057722 | -0.10968846654505482 | 0.27076681881295706 | 0.33079068039511195 | 0.06264225485405062:0.08533086631844466 | -0.11677019895534868 | 0.274818547694335
0.08533086631844466 | -0.11677019895534868 | 0.274818547694335 | 0.33079068039511195 | 0.06264225485405062:0.08809842271701829 | -0.12399233946012611 | 0.27863264851592273
0.08809842271701829 | -0.12399233946012611 | 0.27863264851592273 | 0.33079068039511195 | 0.06264225485405062:0.0908770167029127 | -0.13134836267014283 | 0.2822067063030209
0.0908770167029127 | -0.13134836267014283 | 0.2822067063030209 | 0.33079068039511195 | 0.06264225485405062:0.09366554571441599 | -0.13883172880939032 | 0.285538461938609
0.09366554571441599 | -0.13883172880939032 | 0.285538461938609 | 0.33079068039511195 | 0.06264225485405062:0.096462903892649 | -0.14643588676773867 | 0.2886258115295428
0.096462903892649 | -0.14643588676773867 | 0.2886258115295428 | 0.33079068039511195 | 0.06264225485405062:0.09926798266685699 | -0.15415427712377294 | 0.2914668057211758
0.09926798266685699 | -0.15415427712377294 | 0.2914668057211758 | 0.33079068039511195 | 0.06264225485405062:0.10207967133371687 | -0.1619803351371818 | 0.2940596489612446
0.10207967133371687 | -0.1619803351371818 | 0.2940596489612446 | 0.33079068039511195 | 0.06264225485405062:0.10489685763054091 | -0.16990749371006242 | 0.2964026987138526
0.10489685763054091 | -0.16990749371006242 | 0.2964026987138526 | 0.33079068039511195 | 0.06264225485405062:0.10771842830226985 | -0.17792918631653443 | 0.2984944646243992
0.10771842830226985 | -0.17792918631653443 | 0.2984944646243992 | 0.33079068039511195 | 0.06264225485405062:0.11054326966213468 | -0.18603884990006625 | 0.3003336076362846
0.11054326966213468 | -0.18603884990006625 | 0.3003336076362846 | 0.44053472335540644 | -0.6218827885957845:0.10300561070197611 | -0.1958856259135735 | 0.3045517920094838
0.10300561070197611 | -0.1958856259135735 | 0.3045517920094838 | 0.44053472335540644 | -0.6218827885957845:0.09517461724098508 | -0.20590045595778994 | 0.3082428112533684
0.09517461724098508 | -0.20590045595778994 | 0.3082428112533684 | 0.44053472335540644 | -0.6218827885957845:0.08707103865304422 | -0.21606930286779313 | 0.311388008720062
0.08707103865304422 | -0.21606930286779313 | 0.311388008720062 | 0.44053472335540644 | -0.6218827885957845:0.07871633129180422 | -0.22637761077175345 | 0.3139699404837799
0.07871633129180422 | -0.22637761077175345 | 0.3139699404837799 | 0.44053472335540644 | -0.6218827885957845:0.0701326109460445 | -0.23681033840955124 | 0.31597241217203553
0.0701326109460445 | -0.23681033840955124 | 0.31597241217203553 | 0.5393628186545716 | -0.6557146708222965:0.060845829394224005 | -0.24890709088285767 | 0.3162583736576554
0.060845829394224005 | -0.24890709088285767 | 0.3162583736576554 | 0.5393628186545716 | -0.6557146708222965:0.051408165648170634 | -0.26109344406263446 | 0.3157942897595696
0.051408165648170634 | -0.26109344406263446 | 0.3157942897595696 | 0.5393628186545716 | -0.6557146708222965:0.04184996047317169 | -0.2733450603015024 | 0.3145673719250688
0.04184996047317169 | -0.2733450603015024 | 0.3145673719250688 | 0.5393628186545716 | -0.6557146708222965:0.032202071290373 | -0.2856371452952411 | 0.31256685076852264
0.032202071290373 | -0.2856371452952411 | 0.31256685076852264 | 0.5393628186545716 | -0.6557146708222965:0.02249579221296516 | -0.29794451348028517 | 0.30978400721924615
0.02249579221296516 | -0.29794451348028517 | 0.30978400721924615 | -0.22904468870012917 | -0.39959516785764704:0.01644939505953058 | -0.29827320174938254 | 0.3177124445701107
0.01644939505953058 | -0.29827320174938254 | 0.3177124445701107 | -0.22904468870012917 | -0.39959516785764704:0.010160597273907168 | -0.2984248126378466 | 0.3255275684462351
0.010160597273907168 | -0.2984248126378466 | 0.3255275684462351 | -0.22904468870012917 | -0.39959516785764704:0.0036325240768602107 | -0.2984014575997955 | 0.33321981704977155
0.0036325240768602107 | -0.2984014575997955 | 0.33321981704977155 | -0.22904468870012917 | -0.39959516785764704:-0.0031314636358108494 | -0.2982053802343625 | 0.34077977003570226
-0.0031314636358108494 | -0.2982053802343625 | 0.34077977003570226 | -0.22904468870012917 | -0.39959516785764704:-0.010127773702666598 | -0.2978389538348134 | 0.34819815532239673
-0.010127773702666598 | -0.2978389538348134 | 0.34819815532239673 | -0.2262278251774399 | -0.009143875452140016:-0.010410097064827095 | -0.2973547796869278 | 0.3556949870731021
-0.010410097064827095 | -0.2973547796869278 | 0.3556949870731021 | -0.2262278251774399 | -0.009143875452140016:-0.010696527411612422 | -0.2967043583022049 | 0.36318276073630784
-0.010696527411612422 | -0.2967043583022049 | 0.36318276073630784 | -0.2262278251774399 | -0.009143875452140016:-0.01098705115714349 | -0.2958886560193452 | 0.3706587117470992
-0.01098705115714349 | -0.2958886560193452 | 0.3706587117470992 | -0.2262278251774399 | -0.009143875452140016:-0.011281653147335646 | -0.2949086716849987 | 0.37812010509708927
-0.011281653147335646 | -0.2949086716849987 | 0.37812010509708927 | -0.2262278251774399 | -0.009143875452140016:-0.01158031668502879 | -0.29376543609776107 | 0.3855642355300404
-0.01158031668502879 | -0.29376543609776107 | 0.3855642355300404 | 0.4447177386240382 | 0.268973594120651:-0.0065520965703163014 | -0.30547685696333815 | 0.38308605922028605
-0.0065520965703163014 | -0.30547685696333815 | 0.38308605922028605 | 0.4447177386240382 | 0.268973594120651:-0.0015078026712207482 | -0.3171860300416096 | 0.38016934647564327
-0.0015078026712207482 | -0.3171860300416096 | 0.38016934647564327 | 0.4447177386240382 | 0.268973594120651:0.0035446307902806673 | -0.3288801825896144 | 0.3768132929614332
0.0035446307902806673 | -0.3288801825896144 | 0.3768132929614332 | 0.4447177386240382 | 0.268973594120651:0.008597274300559565 | -0.34054654080101976 | 0.3730175870620265
0.008597274300559565 | -0.34054654080101976 | 0.3730175870620265 | 0.4447177386240382 | 0.268973594120651:0.013642210918689113 | -0.35217234286194987 | 0.3687824081760134
0.013642210918689113 | -0.35217234286194987 | 0.3687824081760134 | -0.45112276246455063 | -0.7266170175916851:-4.7579572385103575E-5 | -0.34706654784285007 | 0.38049796030559335
-4.7579572385103575E-5 | -0.34706654784285007 | 0.38049796030559335 | -0.45112276246455063 | -0.7266170175916851:-0.014282379469874318 | -0.3415831546541437 | 0.39162465099746413
-0.014282379469874318 | -0.3415831546541437 | 0.39162465099746413 | -0.45112276246455063 | -0.7266170175916851:-0.0290398572649484 | -0.3357359529307651 | 0.40212700496519105
-0.0290398572649484 | -0.3357359529307651 | 0.40212700496519105 | -0.45112276246455063 | -0.7266170175916851:-0.04429614550019423 | -0.329539696765897 | 0.41197080456851154
-0.04429614550019423 | -0.329539696765897 | 0.41197080456851154 | -0.45112276246455063 | -0.7266170175916851:-0.06002589500781408 | -0.32301007207389176 | 0.42112317865507265
-0.06002589500781408 | -0.32301007207389176 | 0.42112317865507265 | -0.45112276246455063 | -0.7266170175916851:-0.0762023326841832 | -0.3161636617207151 | 0.4295526881462486
-0.0762023326841832 | -0.3161636617207151 | 0.4295526881462486 | -0.45112276246455063 | -0.7266170175916851:-0.09279732265733731 | -0.3090179085088458 | 0.43722940817765377
-0.09279732265733731 | -0.3090179085088458 | 0.43722940817765377 | -0.45112276246455063 | -0.7266170175916851:-0.10978143069701529 | -0.3015910761079539 | 0.4441250066135112
-0.10978143069701529 | -0.3015910761079539 | 0.4441250066135112 | -0.45112276246455063 | -0.7266170175916851:-0.12712399171025757 | -0.2939022080268501 | 0.4502128187629282
-0.12712399171025757 | -0.2939022080268501 | 0.4502128187629282 | -0.45112276246455063 | -0.7266170175916851:-0.1447931801593585 | -0.28597108472624555 | 0.4554679181353123
-0.1447931801593585 | -0.28597108472624555 | 0.4554679181353123 | -0.45112276246455063 | -0.7266170175916851:-0.1627560832331154 | -0.277818178975501 | 0.4598671830817018
-0.1627560832331154 | -0.277818178975501 | 0.4598671830817018 | -0.45112276246455063 | -0.7266170175916851:-0.18097877659688022 | -0.2694646095601172 | 0.4633893591785032
-0.18097877659688022 | -0.2694646095601172 | 0.4633893591785032 | -0.45112276246455063 | -0.7266170175916851:-0.19942640254188682 | -0.2609320934498811 | 0.4660151172202731
-0.19942640254188682 | -0.2609320934498811 | 0.4660151172202731 | -0.45112276246455063 | -0.7266170175916851:-0.21806325034968488 | -0.25224289654065046 | 0.4677271066983124
-0.21806325034968488 | -0.25224289654065046 | 0.4677271066983124 | -0.45112276246455063 | -0.7266170175916851:-0.23685283868333062 | -0.2434197830854128 | 0.46851000465254344
-0.23685283868333062 | -0.2434197830854128 | 0.46851000465254344 | -0.45112276246455063 | -0.7266170175916851:-0.25575799981318137 | -0.23448596393277477 | 0.46835055979458673
-0.25575799981318137 | -0.23448596393277477 | 0.46835055979458673 | -0.45112276246455063 | -0.7266170175916851:-0.27474096548181737 | -0.22546504369321596 | 0.4672376318109954
-0.27474096548181737 | -0.22546504369321596 | 0.4672376318109954 | -0.45112276246455063 | -0.7266170175916851:-0.2937634542096865 | -0.21638096695535936 | 0.46516222576649824
-0.2937634542096865 | -0.21638096695535936 | 0.46516222576649824 | -0.45112276246455063 | -0.7266170175916851:-0.3127867598406101 | -0.20725796367620397 | 0.4621175215382429
-0.3127867598406101 | -0.20725796367620397 | 0.4621175215382429 | -0.45112276246455063 | -0.7266170175916851:-0.3317718411242566 | -0.19812049387060782 | 0.45809889822319505
-0.3317718411242566 | -0.19812049387060782 | 0.45809889822319505 | -0.45112276246455063 | -0.7266170175916851:-0.35067941213110737 | -0.18899319172646045 | 0.4531039534722332
-0.35067941213110737 | -0.18899319172646045 | 0.4531039534722332 | -0.45112276246455063 | -0.7266170175916851:-0.36947003329430544 | -0.17990080927276964 | 0.44713251771565865
-0.36947003329430544 | -0.17990080927276964 | 0.44713251771565865 | -0.45112276246455063 | -0.7266170175916851:-0.3881042028720818 | -0.17086815972851 | 0.4401866632562985
-0.3881042028720818 | -0.17086815972851 | 0.4401866632562985 | -0.45112276246455063 | -0.7266170175916851:-0.40654244862421207 | -0.16192006066027176 | 0.43227070821768265
-0.40654244862421207 | -0.16192006066027176 | 0.43227070821768265 | -0.45112276246455063 | -0.7266170175916851:-0.42474541949614686 | -0.1530812770768506 | 0.4233912153461006
-0.42474541949614686 | -0.1530812770768506 | 0.4233912153461006 | -0.20632618070828568 | -0.717355926363058:-0.4424179085169093 | -0.14962085174223105 | 0.4119638198707918
-0.4424179085169093 | -0.14962085174223105 | 0.4119638198707918 | -0.20632618070828568 | -0.717355926363058:-0.45972900914028014 | -0.14624355055569538 | 0.3997612661857666
-0.45972900914028014 | -0.14624355055569538 | 0.3997612661857666 | -0.20632618070828568 | -0.717355926363058:-0.4766464904604213 | -0.14295887827620035 | 0.3867966027654859
-0.4766464904604213 | -0.14295887827620035 | 0.3867966027654859 | -0.20632618070828568 | -0.717355926363058:-0.49313861781838586 | -0.13977620269760394 | 0.3730843190045867
-0.49313861781838586 | -0.13977620269760394 | 0.3730843190045867 | -0.20632618070828568 | -0.717355926363058:-0.5091742110222373 | -0.1367047378058892 | 0.35864032274495017
-0.5091742110222373 | -0.1367047378058892 | 0.35864032274495017 | -0.20632618070828568 | -0.717355926363058:-0.5247227015630038 | -0.13375352721219969 | 0.34348191531519134
-0.5247227015630038 | -0.13375352721219969 | 0.34348191531519134 | -0.20632618070828568 | -0.717355926363058:-0.539754188731095 | -0.13093142788935808 | 0.3276277641316696
-0.539754188731095 | -0.13093142788935808 | 0.3276277641316696 | -0.20632618070828568 | -0.717355926363058:-0.5542394945400151 | -0.1282470942389189 | 0.3110978729140115
-0.5542394945400151 | -0.1282470942389189 | 0.3110978729140115 | -0.20632618070828568 | -0.717355926363058:-0.5681502173665525 | -0.1257089625151515 | 0.29391354957175864
-0.5681502173665525 | -0.1257089625151515 | 0.29391354957175864 | -0.20632618070828568 | -0.717355926363058:-0.5814587842191097 | -0.12332523563175002 | 0.2760973718225479
-0.5814587842191097 | -0.12332523563175002 | 0.2760973718225479 | 0.2839275821665488 | -0.15530753033410094:-0.586639921728187 | -0.12790126505301913 | 0.271213987717271
-0.586639921728187 | -0.12790126505301913 | 0.271213987717271 | 0.2839275821665488 | -0.15530753033410094:-0.5917625366224488 | -0.1324206897626503 | 0.2661786894207019
-0.5917625366224488 | -0.1324206897626503 | 0.2661786894207019 | 0.2839275821665488 | -0.15530753033410094:-0.5968252919096333 | -0.13688056017024408 | 0.2609932026475299
-0.5968252919096333 | -0.13688056017024408 | 0.2609932026475299 | 0.2839275821665488 | -0.15530753033410094:-0.6018268695515143 | -0.1412779658417982 | 0.2556593130999758
-0.6018268695515143 | -0.1412779658417982 | 0.2556593130999758 | 0.2839275821665488 | -0.15530753033410094:-0.6067659709323721 | -0.1456100363141779 | 0.2501788654345347
-0.6067659709323721 | -0.1456100363141779 | 0.2501788654345347 | -0.8442762655563611 | 0.6958973192021953:-0.6004021594659594 | -0.13558017109196996 | 0.27840457294519183
-0.6004021594659594 | -0.13558017109196996 | 0.27840457294519183 | -0.8442762655563611 | 0.6958973192021953:-0.5929975873253 | -0.12430449644500285 | 0.30605593404135334
-0.5929975873253 | -0.12430449644500285 | 0.30605593404135334 | -0.8442762655563611 | 0.6958973192021953:-0.584571735158832 | -0.11180436180227105 | 0.3330384185130484
-0.584571735158832 | -0.11180436180227105 | 0.3330384185130484 | -0.8442762655563611 | 0.6958973192021953:-0.5751475915282214 | -0.09810540781472099 | 0.3592590236497415
-0.5751475915282214 | -0.09810540781472099 | 0.3592590236497415 | -0.8442762655563611 | 0.6958973192021953:-0.5647515947203594 | -0.08323750259895135 | 0.38462659972194757
-0.5647515947203594 | -0.08323750259895135 | 0.38462659972194757 | 0.3062113429660027 | -0.09402927657986782:-0.5691126235363271 | -0.08951986270750112 | 0.3823712397688226
-0.5691126235363271 | -0.08951986270750112 | 0.3823712397688226 | 0.3062113429660027 | -0.09402927657986782:-0.5734448620337727 | -0.09578899763826954 | 0.37996397566477924
-0.5734448620337727 | -0.09578899763826954 | 0.37996397566477924 | 0.3062113429660027 | -0.09402927657986782:-0.5777476076443637 | -0.10204182213060164 | 0.37740527258073797
-0.5777476076443637 | -0.10204182213060164 | 0.37740527258073797 | 0.3062113429660027 | -0.09402927657986782:-0.5820201606699396 | -0.10827526774192364 | 0.37469565656251547
-0.5820201606699396 | -0.10827526774192364 | 0.37469565656251547 | 0.3062113429660027 | -0.09402927657986782:-0.5862618246106184 | -0.11448628384093595 | 0.3718357140031827
-0.5862618246106184 | -0.11448628384093595 | 0.3718357140031827 | -0.28290091198277567 | 0.0902155323792262:-0.5870338808704361 | -0.10967542631622607 | 0.37764265387981055
-0.5870338808704361 | -0.10967542631622607 | 0.37764265387981055 | -0.28290091198277567 | 0.0902155323792262:-0.5877482937762792 | -0.10475608506134293 | 0.38338581417710316
-0.5877482937762792 | -0.10475608506134293 | 0.38338581417710316 | -0.28290091198277567 | 0.0902155323792262:-0.5884056716681414 | -0.0997294240539901 | 0.3890628755990093
-0.5884056716681414 | -0.0997294240539901 | 0.3890628755990093 | -0.28290091198277567 | 0.0902155323792262:-0.5890066324905554 | -0.0945966448739668 | 0.39467154860277986
-0.5890066324905554 | -0.0945966448739668 | 0.39467154860277986 | -0.28290091198277567 | 0.0902155323792262:-0.5895518036173861 | -0.08935898608483583 | 0.4002095739322158
-0.5895518036173861 | -0.08935898608483583 | 0.4002095739322158 | -0.467139809987966 | -0.508357082761828:-0.6019362965287129 | -0.08030171303555989 | 0.3885931546446102
-0.6019362965287129 | -0.08030171303555989 | 0.3885931546446102 | -0.467139809987966 | -0.508357082761828:-0.6140303744075446 | -0.07147985990253858 | 0.3763893960268092
-0.6140303744075446 | -0.07147985990253858 | 0.3763893960268092 | -0.467139809987966 | -0.508357082761828:-0.6258174678354855 | -0.06290904680176723 | 0.36361100432316107
-0.6258174678354855 | -0.06290904680176723 | 0.36361100432316107 | -0.467139809987966 | -0.508357082761828:-0.6372813523100405 | -0.054604584679697865 | 0.35027156229095624
-0.6372813523100405 | -0.054604584679697865 | 0.35027156229095624 | -0.467139809987966 | -0.508357082761828:-0.6484061726107662 | -0.04658145273815251 | 0.3363855112772143
-0.6484061726107662 | -0.04658145273815251 | 0.3363855112772143 | -0.467139809987966 | -0.508357082761828:-0.6591764666271764 | -0.038854276339165494 | 0.3219681320640646
-0.6591764666271764 | -0.038854276339165494 | 0.3219681320640646 | -0.467139809987966 | -0.508357082761828:-0.6695771886158184 | -0.03143730542013046 | 0.30703552451225136
-0.6695771886158184 | -0.03143730542013046 | 0.30703552451225136 | -0.467139809987966 | -0.508357082761828:-0.6795937318548404 | -0.024344393448643586 | 0.29160458603362827
-0.6795937318548404 | -0.024344393448643586 | 0.29160458603362827 | -0.467139809987966 | -0.508357082761828:-0.6892119506653174 | -0.01758897694574202 | 0.2756929889253712
-0.6892119506653174 | -0.01758897694574202 | 0.2756929889253712 | -0.467139809987966 | -0.508357082761828:-0.6984181817695401 | -0.011184055605234278 | 0.25931915659970883
-0.6984181817695401 | -0.011184055605234278 | 0.25931915659970883 | -0.12985814454538747 | 0.6501064236620959:-0.691978611612857 | -0.009532598127325542 | 0.2829121926313789
-0.691978611612857 | -0.009532598127325542 | 0.2829121926313789 | -0.12985814454538747 | 0.6501064236620959:-0.684720174918791 | -0.007721463081509228 | 0.3063382165678732
-0.684720174918791 | -0.007721463081509228 | 0.3063382165678732 | -0.12985814454538747 | 0.6501064236620959:-0.676647233107829 | -0.005751379704481252 | 0.3295671362727006
-0.676647233107829 | -0.005751379704481252 | 0.3295671362727006 | -0.12985814454538747 | 0.6501064236620959:-0.6677652208616855 | -0.0036232924879975315 | 0.35256899773052197
-0.6677652208616855 | -0.0036232924879975315 | 0.35256899773052197 | -0.12985814454538747 | 0.6501064236620959:-0.6580806407899509 | -0.0013383602382219806 | 0.3753140247841884
-0.6580806407899509 | -0.0013383602382219806 | 0.3753140247841884 | 0.8324544910186131 | 0.8951162343044927:-0.6426967993250372 | -0.01700853460238605 | 0.4052936774447744
-0.6426967993250372 | -0.01700853460238605 | 0.4052936774447744 | 0.8324544910186131 | 0.8951162343044927:-0.6259377390253036 | -0.033965276840635994 | 0.4339509411757021
-0.6259377390253036 | -0.033965276840635994 | 0.4339509411757021 | 0.8324544910186131 | 0.8951162343044927:-0.6078640764731595 | -0.05215489288924502 | 0.4611667115822087
-0.6078640764731595 | -0.05215489288924502 | 0.4611667115822087 | 0.8324544910186131 | 0.8951162343044927:-0.5885419117003359 | -0.07151848226012802 | 0.4868269272291528
-0.5885419117003359 | -0.07151848226012802 | 0.4868269272291528 | 0.8324544910186131 | 0.8951162343044927:-0.5680425889713838 | -0.09199215053110166 | 0.5108230498382937
-0.5680425889713838 | -0.09199215053110166 | 0.5108230498382937 | -0.7710879778098076 | -0.736368524660447:-0.5883350344294875 | -0.07245060936427095 | 0.4942074656745987
-0.5883350344294875 | -0.07245060936427095 | 0.4942074656745987 | -0.7710879778098076 | -0.736368524660447:-0.608010142216159 | -0.05350537901636088 | 0.476043169575874
-0.608010142216159 | -0.05350537901636088 | 0.476043169575874 | -0.7710879778098076 | -0.736368524660447:-0.6270091069348069 | -0.03521911242984643 | 0.4563753595994271
-0.6270091069348069 | -0.03521911242984643 | 0.4563753595994271 | -0.7710879778098076 | -0.736368524660447:-0.6452748542056881 | -0.01765274016285545 | 0.4352540211050737
-0.6452748542056881 | -0.01765274016285545 | 0.4352540211050737 | -0.7710879778098076 | -0.736368524660447:-0.6627522238366339 | -8.652759925027453E-4 | 0.41273379149686207
-0.6627522238366339 | -8.652759925027453E-4 | 0.41273379149686207 | 0.8304859457865634 | 0.3438237058386433:-0.6574068139591702 | -0.018048624396747925 | 0.4248637686877288
-0.6574068139591702 | -0.018048624396747925 | 0.4248637686877288 | 0.8304859457865634 | 0.3438237058386433:-0.6518272468087716 | -0.03576904835172812 | 0.43619255881153407
-0.6518272468087716 | -0.03576904835172812 | 0.43619255881153407 | 0.8304859457865634 | 0.3438237058386433:-0.6460278547286151 | -0.05399296538165643 | 0.4466918277294667
-0.6460278547286151 | -0.05399296538165643 | 0.4466918277294667 | 0.8304859457865634 | 0.3438237058386433:-0.6400234772219875 | -0.07268552809245321 | 0.4563349381294586
-0.6400234772219875 | -0.07268552809245321 | 0.4563349381294586 | 0.8304859457865634 | 0.3438237058386433:-0.6338294297995759 | -0.09181069812734677 | 0.46509701435294204
-0.6338294297995759 | -0.09181069812734677 | 0.46509701435294204 | 0.8304859457865634 | 0.3438237058386433:-0.6274614716923708 | -0.11133132294215997 | 0.4729550033752119
-0.6274614716923708 | -0.11133132294215997 | 0.4729550033752119 | 0.8304859457865634 | 0.3438237058386433:-0.6209357725024915 | -0.13120921522882512 | 0.4798877317995718
-0.6209357725024915 | -0.13120921522882512 | 0.4798877317995718 | 0.8304859457865634 | 0.3438237058386433:-0.6142688778662588 | -0.15140523480986445 | 0.48587595873417655
-0.6142688778662588 | -0.15140523480986445 | 0.48587595873417655 | 0.8304859457865634 | 0.3438237058386433:-0.6074776742063648 | -0.17187937282113452 | 0.4909024244300966
-0.6074776742063648 | -0.17187937282113452 | 0.4909024244300966 | 0.8304859457865634 | 0.3438237058386433:-0.6005793526517209 | -0.19259083799501298 | 0.49495189456843747
-0.6005793526517209 | -0.19259083799501298 | 0.49495189456843747 | 0.8304859457865634 | 0.3438237058386433:-0.5935913722055872 | -0.21349814485169105 | 0.498011200094318
-0.5935913722055872 | -0.21349814485169105 | 0.498011200094318 | 0.8304859457865634 | 0.3438237058386433:-0.5865314222440503 | -0.2345592036019717 | 0.5000692725054705
-0.5865314222440503 | -0.2345592036019717 | 0.5000692725054705 | 0.8304859457865634 | 0.3438237058386433:-0.5794173844286163 | -0.2557314115612357 | 0.5011171745132899
-0.5794173844286163 | -0.2557314115612357 | 0.5011171745132899 | 0.8304859457865634 | 0.3438237058386433:-0.5722672941176938 | -0.2769717458710339 | 0.5011481260048214
-0.5722672941176938 | -0.2769717458710339 | 0.5011481260048214 | 0.8304859457865634 | 0.3438237058386433:-0.5650993013629915 | -0.2982368573218004 | 0.500157525244397
-0.5650993013629915 | -0.2982368573218004 | 0.500157525244397 | 0.8304859457865634 | 0.3438237058386433:-0.557931631577766 | -0.3194831650679113 | 0.49814296526442803
-0.557931631577766 | -0.3194831650679113 | 0.49814296526442803 | 0.8304859457865634 | 0.3438237058386433:-0.5507825459643882 | -0.34066695202433905 | 0.4951042454055141
-0.5507825459643882 | -0.34066695202433905 | 0.4951042454055141 | 0.8304859457865634 | 0.3438237058386433:-0.5436703017894047 | -0.36174446073275845 | 0.49104337797697895
-0.5436703017894047 | -0.36174446073275845 | 0.49104337797697895 | 0.8304859457865634 | 0.3438237058386433:-0.5366131125944023 | -0.38267198948395986 | 0.48596459001957726
-0.5366131125944023 | -0.38267198948395986 | 0.48596459001957726 | 0.8304859457865634 | 0.3438237058386433:-0.5296291084312443 | -0.4034059884829091 | 0.47987432016318365
-0.5296291084312443 | -0.4034059884829091 | 0.47987432016318365 | 0.7459856966117986 | 0.9272277718172452:-0.5086419340634194 | -0.421940132863849 | 0.4896111734635582
-0.5086419340634194 | -0.421940132863849 | 0.4896111734635582 | 0.7459856966117986 | 0.9272277718172452:-0.48719876623707137 | -0.4408540546338493 | 0.49767215683525734
-0.48719876623707137 | -0.4408540546338493 | 0.49767215683525734 | 0.7459856966117986 | 0.9272277718172452:-0.4653788732391746 | -0.46008484210705447 | 0.5040210768079447
-0.4653788732391746 | -0.46008484210705447 | 0.5040210768079447 | 0.7459856966117986 | 0.9272277718172452:-0.4432631776220646 | -0.479568136122154 | 0.5086278956650858
-0.4432631776220646 | -0.479568136122154 | 0.5086278956650858 | 0.7459856966117986 | 0.9272277718172452:-0.42093396127300764 | -0.49923836486635764 | 0.5114688633721727
-0.42093396127300764 | -0.49923836486635764 | 0.5114688633721727 | 0.7459856966117986 | 0.9272277718172452:-0.39847456460456243 | -0.5190289838617836 | 0.5125266262993478
-0.39847456460456243 | -0.5190289838617836 | 0.5125266262993478 | 0.7459856966117986 | 0.9272277718172452:-0.37596908098722537 | -0.5388727202204429 | 0.5117903122838854
-0.37596908098722537 | -0.5388727202204429 | 0.5117903122838854 | 0.7459856966117986 | 0.9272277718172452:-0.35350204756535675 | -0.5587018202567826 | 0.5092555916664168
-0.35350204756535675 | -0.5587018202567826 | 0.5092555916664168 | 0.7459856966117986 | 0.9272277718172452:-0.3311581336122913 | -0.5784482995329583 | 0.5049247140253428
-0.3311581336122913 | -0.5784482995329583 | 0.5049247140253428 | 0.7459856966117986 | 0.9272277718172452:-0.30902182759138697 | -0.5980441944017656 | 0.49880652042509865
-0.30902182759138697 | -0.5980441944017656 | 0.49880652042509865 | -0.6035284158133838 | -0.737074948270058:-0.3284817770278039 | -0.5838499227538563 | 0.5058639434750916
-0.3284817770278039 | -0.5838499227538563 | 0.5058639434750916 | -0.6035284158133838 | -0.737074948270058:-0.3482027483227057 | -0.5694081996849931 | 0.5117680281145098
-0.3482027483227057 | -0.5694081996849931 | 0.5117680281145098 | -0.6035284158133838 | -0.737074948270058:-0.3681414342070539 | -0.5547543748780157 | 0.516500686493444
-0.3681414342070539 | -0.5547543748780157 | 0.516500686493444 | -0.6035284158133838 | -0.737074948270058:-0.38825385000553325 | -0.539924392298289 | 0.5200465654839164
-0.38825385000553325 | -0.539924392298289 | 0.5200465654839164 | -0.6035284158133838 | -0.737074948270058:-0.40849543831905066 | -0.5249547051620667 | 0.5223930907163208
-0.40849543831905066 | -0.5249547051620667 | 0.5223930907163208 | -0.6035284158133838 | -0.737074948270058:-0.4288211752858828 | -0.5098821895111669 | 0.5235305039267217
-0.4288211752858828 | -0.5098821895111669 | 0.5235305039267217 | -0.6035284158133838 | -0.737074948270058:-0.4491856781631398 | -0.49474405660399867 | 0.5234518935172616
-0.4491856781631398 | -0.49474405660399867 | 0.5234518935172616 | -0.6035284158133838 | -0.737074948270058:-0.4695433139669021 | -0.4795777643360424 | 0.5221532182484623
-0.4695433139669021 | -0.4795777643360424 | 0.5221532182484623 | -0.6035284158133838 | -0.737074948270058:-0.48984830890677955 | -0.464420927904996 | 0.5196333239992583
-0.48984830890677955 | -0.464420927904996 | 0.5196333239992583 | -0.6035284158133838 | -0.737074948270058:-0.5100548583486741 | -0.4493112299380755 | 0.5158939535469642
-0.5100548583486741 | -0.4493112299380755 | 0.5158939535469642 | -0.6570102157078954 | 0.030344494007914058:-0.5101248273360071 | -0.4328671767741312 | 0.5320592043655239
-0.5101248273360071 | -0.4328671767741312 | 0.5320592043655239 | -0.6570102157078954 | 0.030344494007914058:-0.5101609420103941 | -0.41586354725964014 | 0.547691570099218
-0.5101609420103941 | -0.41586354725964014 | 0.547691570099218 | -0.6570102157078954 | 0.030344494007914058:-0.5101641180440808 | -0.3983180255314309 | 0.5627715066629833
-0.5101641180440808 | -0.3983180255314309 | 0.5627715066629833 | -0.6570102157078954 | 0.030344494007914058:-0.5101353011772716 | -0.3802489749499216 | 0.5772800737364605
-0.5101353011772716 | -0.3802489749499216 | 0.5772800737364605 | -0.6570102157078954 | 0.030344494007914058:-0.5100754662367422 | -0.3616754170517069 | 0.5911989582015309
-0.5100754662367422 | -0.3616754170517069 | 0.5911989582015309 | -0.6570102157078954 | 0.030344494007914058:-0.5099856161182643 | -0.34261700970684217 | 0.6045104968319208
-0.5099856161182643 | -0.34261700970684217 | 0.6045104968319208 | -0.6570102157078954 | 0.030344494007914058:-0.5098667807339652 | -0.32309402450758284 | 0.6171976982081446
-0.5098667807339652 | -0.32309402450758284 | 0.6171976982081446 | -0.6570102157078954 | 0.030344494007914058:-0.5097200159260566 | -0.3031273234161631 | 0.6292442638324189
-0.5097200159260566 | -0.3031273234161631 | 0.6292442638324189 | -0.6570102157078954 | 0.030344494007914058:-0.5095464023481853 | -0.2827383347001913 | 0.6406346084189636
