0.0 | 0.0 | 0.0 | 0.6178054644364388 | 0.9313284355880138:4.6527386999128815E-4 | -3.0885360826848895E-4 | 0.009984394306845203
4.6527386999128815E-4 | -3.0885360826848895E-4 | 0.009984394306845203 | 0.6178054644364388 | 0.9313284355880138:0.001848457752718352 | -0.0012279849918399588 | 0.019775875626536266
0.001848457752718352 | -0.0012279849918399588 | 0.019775875626536266 | 0.6178054644364388 | 0.9313284355880138:0.004126511167732413 | -0.0027435130346471492 | 0.02928471346643674
0.004126511167732413 | -0.0027435130346471492 | 0.02928471346643674 | 0.6178054644364388 | 0.9313284355880138:0.007271097894384297 | -0.004838001140744286 | 0.03842394186301736
0.007271097894384297 | -0.004838001140744286 | 0.03842394186301736 | 0.6178054644364388 | 0.9313284355880138:0.01124879124525005 | -0.007490586954163714 | 0.04710977617657919
0.01124879124525005 | -0.007490586954163714 | 0.04710977617657919 | -0.06160885963871787 | -0.1006843952492884:0.01314802285592618 | -0.00877074188501692 | 0.05634515503480078
0.01314802285592618 | -0.00877074188501692 | 0.05634515503480078 | -0.06160885963871787 | -0.1006843952492884:0.014933668411565869 | -0.00998025798092761 | 0.06551715007084666
0.014933668411565869 | -0.00998025798092761 | 0.06551715007084666 | -0.06160885963871787 | -0.1006843952492884:0.016607103914089788 | -0.01111998685330473 | 0.0746252787666779
0.016607103914089788 | -0.01111998685330473 | 0.0746252787666779 | -0.06160885963871787 | -0.1006843952492884:0.018169695672738656 | -0.012190774099996249 | 0.08366907235537363
0.018169695672738656 | -0.012190774099996249 | 0.08366907235537363 | -0.06160885963871787 | -0.1006843952492884:0.01962280033534769 | -0.01319345932516569 | 0.0926480756284564
0.01962280033534769 | -0.01319345932516569 | 0.0926480756284564 | -0.06160885963871787 | -0.1006843952492884:0.020967764920208964 | -0.014128876159525072 | 0.10156184674538338
0.020967764920208964 | -0.014128876159525072 | 0.10156184674538338 | -0.06160885963871787 | -0.1006843952492884:0.022205926848504726 | -0.014997852280905999 | 0.11040995704518408
0.022205926848504726 | -0.014997852280905999 | 0.11040995704518408 | -0.06160885963871787 | -0.1006843952492884:0.023338613977295003 | -0.01580120943516561 | 0.11919199086022592
0.023338613977295003 | -0.01580120943516561 | 0.11919199086022592 | -0.06160885963871787 | -0.1006843952492884:0.024367144633043736 | -0.01653976345741559 | 0.12790754533209203
0.024367144633043736 | -0.01653976345741559 | 0.12790754533209203 | -0.06160885963871787 | -0.1006843952492884:0.025292827645666816 | -0.01721432429356118 | 0.13655623022955077
0.025292827645666816 | -0.01721432429356118 | 0.13655623022955077 | -0.41677590067006487 | -0.23117687432133227:0.025166050026570297 | -0.015247982382006864 | 0.14559863573344556
0.025166050026570297 | -0.015247982382006864 | 0.14559863573344556 | -0.41677590067006487 | -0.23117687432133227:0.02482393647633102 | -0.012910725032637016 | 0.15454425211372103
0.02482393647633102 | -0.012910725032637016 | 0.15454425211372103 | -0.41677590067006487 | -0.23117687432133227:0.02426946588778872 | -0.010207586442037675 | 0.16337837480507744
0.02426946588778872 | -0.010207586442037675 | 0.16337837480507744 | -0.41677590067006487 | -0.23117687432133227:0.023505818936858602 | -0.007143969250912541 | 0.17208656983815862
0.023505818936858602 | -0.007143969250912541 | 0.17208656983815862 | -0.41677590067006487 | -0.23117687432133227:0.022536373049295733 | -0.0037256355588104473 | 0.18065468414819685
0.022536373049295733 | -0.0037256355588104473 | 0.18065468414819685 | 0.5914333904782385 | 0.3002008976852113:0.02637634654455695 | -0.009472683027354156 | 0.18819681387008536
0.02637634654455695 | -0.009472683027354156 | 0.18819681387008536 | 0.5914333904782385 | 0.3002008976852113:0.030435005209216603 | -0.015672774325381944 | 0.19539318721359544
0.030435005209216603 | -0.015672774325381944 | 0.19539318721359544 | 0.5914333904782385 | 0.3002008976852113:0.03470404234295493 | -0.022309723103611123 | 0.20222010190883655
0.03470404234295493 | -0.022309723103611123 | 0.20222010190883655 | 0.5914333904782385 | 0.3002008976852113:0.0391747283718078 | -0.029366498192272772 | 0.20865475975584324
0.0391747283718078 | -0.029366498192272772 | 0.20865475975584324 | 0.5914333904782385 | 0.3002008976852113:0.04383792993813229 | -0.03682526070279857 | 0.2146752999582242
0.04383792993813229 | -0.03682526070279857 | 0.2146752999582242 | 0.5914333904782385 | 0.3002008976852113:0.04868412945329881 | -0.044667402067926076 | 0.22026083066007418
0.04868412945329881 | -0.044667402067926076 | 0.22026083066007418 | 0.5914333904782385 | 0.3002008976852113:0.053703445080020784 | -0.05287358295544409 | 0.22539145865780608
0.053703445080020784 | -0.05287358295544409 | 0.22539145865780608 | 0.5914333904782385 | 0.3002008976852113:0.058885651110983095 | -0.06142377299027291 | 0.23004831726132924
0.058885651110983095 | -0.06142377299027291 | 0.23004831726132924 | 0.5914333904782385 | 0.3002008976852113:0.06422019871022333 | -0.0702972912191191 | 0.2342135922817996
0.06422019871022333 | -0.0702972912191191 | 0.2342135922817996 | 0.5914333904782385 | 0.3002008976852113:0.06969623698356175 | -0.07947284725159398 | 0.23787054612594805
0.06969623698356175 | -0.07947284725159398 | 0.23787054612594805 | 0.05931179241474749 | 0.5131872303405005:0.07792333777803018 | -0.08245636054123184 | 0.24246729250399035
0.07792333777803018 | -0.08245636054123184 | 0.24246729250399035 | 0.05931179241474749 | 0.5131872303405005:0.08641321003169178 | -0.08545036879481827 | 0.24671199244200448
0.08641321003169178 | -0.08545036879481827 | 0.24671199244200448 | 0.05931179241474749 | 0.5131872303405005:0.09515189161596382 | -0.08845347579522111 | 0.2505955952703518
0.09515189161596382 | -0.08845347579522111 | 0.2505955952703518 | 0.05931179241474749 | 0.5131872303405005:0.10412518208977017 | -0.09146425498183008 | 0.2541095644753977
0.10412518208977017 | -0.09146425498183008 | 0.2541095644753977 | 0.05931179241474749 | 0.5131872303405005:0.11331865986249623 | -0.0944812514473723 | 0.2572458824801185
0.11331865986249623 | -0.0944812514473723 | 0.2572458824801185 | 0.8255056739165298 | 0.4219744347250327:0.12144781719110487 | -0.10750672589332844 | 0.25662748442485395
0.12144781719110487 | -0.10750672589332844 | 0.25662748442485395 | 0.8255056739165298 | 0.4219744347250327:0.12964397399089256 | -0.12071149298121142 | 0.2550745885768464
0.12964397399089256 | -0.12071149298121142 | 0.2550745885768464 | 0.8255056739165298 | 0.4219744347250327:0.1378813998129491 | -0.1340452535637131 | 0.25257112806431614
0.1378813998129491 | -0.1340452535637131 | 0.25257112806431614 | 0.8255056739165298 | 0.4219744347250327:0.14613397254936955 | -0.1474568765344304 | 0.24910435815737664
0.14613397254936955 | -0.1474568765344304 | 0.24910435815737664 | 0.8255056739165298 | 0.4219744347250327:0.15437526483912367 | -0.1608945669806805 | 0.24466489847626338
0.15437526483912367 | -0.1608945669806805 | 0.24466489847626338 | 0.8255056739165298 | 0.4219744347250327:0.16257863107937287 | -0.1743060357359414 | 0.23924676479384654
0.16257863107937287 | -0.1743060357359414 | 0.23924676479384654 | 0.8255056739165298 | 0.4219744347250327:0.17071729478951614 | -0.1876386698381145 | 0.23284739040139435
0.17071729478951614 | -0.1876386698381145 | 0.23284739040139435 | 0.8255056739165298 | 0.4219744347250327:0.1787644360760634 | -0.20083970340080626 | 0.22546763703522288
0.1787644360760634 | -0.20083970340080626 | 0.22546763703522288 | 0.8255056739165298 | 0.4219744347250327:0.18669327894788523 | -0.21385638840708188 | 0.21711179539034386
0.18669327894788523 | -0.21385638840708188 | 0.21711179539034386 | 0.8255056739165298 | 0.4219744347250327:0.19447717823348487 | -0.226636164938673 | 0.2077875752753613
0.19447717823348487 | -0.226636164938673 | 0.2077875752753613 | -0.9222103957847321 | 0.42927374926233197:0.20259316188387766 | -0.22060886088092335 | 0.21752766553768588
0.20259316188387766 | -0.22060886088092335 | 0.21752766553768588 | -0.9222103957847321 | 0.42927374926233197:0.21095758267438702 | -0.21392650153623993 | 0.2268600417536586
0.21095758267438702 | -0.21392650153623993 | 0.2268600417536586 | -0.9222103957847321 | 0.42927374926233197:0.21956150694804766 | -0.20660833190915362 | 0.23573836784111712
0.21956150694804766 | -0.20660833190915362 | 0.23573836784111712 | -0.9222103957847321 | 0.42927374926233197:0.22839478247676404 | -0.19867623273834045 | 0.24411755215639808
0.22839478247676404 | -0.19867623273834045 | 0.24411755215639808 | -0.9222103957847321 | 0.42927374926233197:0.2374460733056165 | -0.1901546497493225 | 0.2519539212804869
0.2374460733056165 | -0.1901546497493225 | 0.2519539212804869 | -0.1493893070133021 | -0.6867238182275306:0.23210971498547517 | -0.19115106407312954 | 0.26537263548196144
0.23210971498547517 | -0.19115106407312954 | 0.26537263548196144 | -0.1493893070133021 | -0.6867238182275306:0.2261417567970696 | -0.1919887010476904 | 0.27870514573250915
0.2261417567970696 | -0.1919887010476904 | 0.27870514573250915 | -0.1493893070133021 | -0.6867238182275306:0.2195441007851313 | -0.1926680723439551 | 0.29192125853089657
0.2195441007851313 | -0.1926680723439551 | 0.29192125853089657 | -0.1493893070133021 | -0.6867238182275306:0.21231995060974285 | -0.19318997108138092 | 0.3049908954531837
0.21231995060974285 | -0.19318997108138092 | 0.3049908954531837 | -0.1493893070133021 | -0.6867238182275306:0.20447380299461937 | -0.19355547019757768 | 0.3178841490428077
0.20447380299461937 | -0.19355547019757768 | 0.3178841490428077 | -0.1493893070133021 | -0.6867238182275306:0.1960114369903696 | -0.19376592034032658 | 0.33057133812952344
0.1960114369903696 | -0.19376592034032658 | 0.33057133812952344 | -0.1493893070133021 | -0.6867238182275306:0.18693990108450276 | -0.19382294728856753 | 0.3430230624918078
0.18693990108450276 | -0.19382294728856753 | 0.3430230624918078 | -0.1493893070133021 | -0.6867238182275306:0.17726749819296295 | -0.19372844890960472 | 0.3552102567788591
0.17726749819296295 | -0.19372844890960472 | 0.3552102567788591 | -0.1493893070133021 | -0.6867238182275306:0.16700376857097954 | -0.19348459166045195 | 0.36710424361019633
0.16700376857097954 | -0.19348459166045195 | 0.36710424361019633 | -0.1493893070133021 | -0.6867238182275306:0.15615947068387825 | -0.19309380664185127 | 0.3786767857726421
0.15615947068387825 | -0.19309380664185127 | 0.3786767857726421 | -0.5853936445452175 | 0.30979022737402273:0.16404953282614798 | -0.18412712388507568 | 0.38631272645467085
0.16404953282614798 | -0.18412712388507568 | 0.38631272645467085 | -0.5853936445452175 | 0.30979022737402273:0.17210466417716308 | -0.1747842761383227 | 0.3935449152711339
0.17210466417716308 | -0.1747842761383227 | 0.3935449152711339 | -0.5853936445452175 | 0.30979022737402273:0.18031759892449362 | -0.16507930610938448 | 0.4003548374164936
0.18031759892449362 | -0.16507930610938448 | 0.4003548374164936 | -0.5853936445452175 | 0.30979022737402273:0.18868072183697304 | -0.15502692065444101 | 0.4067246387023591
0.18868072183697304 | -0.15502692065444101 | 0.4067246387023591 | -0.5853936445452175 | 0.30979022737402273:0.19718608154818895 | -0.1446424661428667 | 0.4126371534934332
0.19718608154818895 | -0.1446424661428667 | 0.4126371534934332 | -0.13063193816566154 | 0.9384511995420661:0.21871501930356896 | -0.14348404883704635 | 0.40825002505874686
0.21871501930356896 | -0.14348404883704635 | 0.40825002505874686 | -0.13063193816566154 | 0.9384511995420661:0.2401920114762488 | -0.14231055020103778 | 0.40270271144240866
0.2401920114762488 | -0.14231055020103778 | 0.40270271144240866 | -0.13063193816566154 | 0.9384511995420661:0.26155384722873354 | -0.1411309421357405 | 0.3959919510468577
0.26155384722873354 | -0.1411309421357405 | 0.3959919510468577 | -0.13063193816566154 | 0.9384511995420661:0.28273701311154653 | -0.1399542483130105 | 0.3881180058383755
0.28273701311154653 | -0.1399542483130105 | 0.3881180058383755 | -0.13063193816566154 | 0.9384511995420661:0.30367788420572417 | -0.13878951764287528 | 0.3790846769144185
0.30367788420572417 | -0.13878951764287528 | 0.3790846769144185 | -0.13063193816566154 | 0.9384511995420661:0.3243129157245246 | -0.13764579764261597 | 0.368899309651443
0.3243129157245246 | -0.13764579764261597 | 0.368899309651443 | -0.13063193816566154 | 0.9384511995420661:0.34457883452700955 | -0.13653210778392122 | 0.3575727884391817
0.34457883452700955 | -0.13653210778392122 | 0.3575727884391817 | -0.13063193816566154 | 0.9384511995420661:0.36441282999847324 | -0.13545741289409996 | 0.34511952103615684
0.36441282999847324 | -0.13545741289409996 | 0.34511952103615684 | -0.13063193816566154 | 0.9384511995420661:0.3837527437564816 | -0.13443059668684398 | 0.33155741260959104
0.3837527437564816 | -0.13443059668684398 | 0.33155741260959104 | -0.13063193816566154 | 0.9384511995420661:0.40253725764646475 | -0.1334604354974953 | 0.3169078295511909
0.40253725764646475 | -0.1334604354974953 | 0.3169078295511909 | 0.009868470044913424 | 0.43055277323023855:0.4129021991771289 | -0.134804486209271 | 0.310842195890082
0.4129021991771289 | -0.134804486209271 | 0.310842195890082 | 0.009868470044913424 | 0.43055277323023855:0.42315529351660963 | -0.13613500453219984 | 0.304448068646721
0.42315529351660963 | -0.13613500453219984 | 0.304448068646721 | 0.009868470044913424 | 0.43055277323023855:0.4332870179484196 | -0.13745188193664326 | 0.29772857853483714
0.4332870179484196 | -0.13745188193664326 | 0.29772857853483714 | 0.009868470044913424 | 0.43055277323023855:0.4432879583439675 | -0.1387550112149416 | 0.29068710680604326
0.4432879583439675 | -0.1387550112149416 | 0.29068710680604326 | 0.009868470044913424 | 0.43055277323023855:0.4531488151167018 | -0.1400442866298519 | 0.2833272815500365
0.4531488151167018 | -0.1400442866298519 | 0.2833272815500365 | 0.009868470044913424 | 0.43055277323023855:0.46286040906145587 | -0.14131960406026245 | 0.2756529738682225
0.46286040906145587 | -0.14131960406026245 | 0.2756529738682225 | 0.009868470044913424 | 0.43055277323023855:0.47241368707664755 | -0.14258086114414859 | 0.26766829392400737
0.47241368707664755 | -0.14258086114414859 | 0.26766829392400737 | 0.009868470044913424 | 0.43055277323023855:0.48179972776710933 | -0.14382795741871313 | 0.25937758687298995
0.48179972776710933 | -0.14382795741871313 | 0.25937758687298995 | 0.009868470044913424 | 0.43055277323023855:0.49100974692533406 | -0.14506079445766495 | 0.25078542867636955
0.49100974692533406 | -0.14506079445766495 | 0.25078542867636955 | 0.009868470044913424 | 0.43055277323023855:0.5000351028890933 | -0.146279276005572 | 0.24189662180080873
0.5000351028890933 | -0.146279276005572 | 0.24189662180080873 | 0.009868470044913424 | 0.43055277323023855:0.5088673017733694 | -0.14748330810928145 | 0.23271619080816563
0.5088673017733694 | -0.14748330810928145 | 0.23271619080816563 | 0.009868470044913424 | 0.43055277323023855:0.5174980025747313 | -0.14867279924631127 | 0.22324937783844945
0.5174980025747313 | -0.14867279924631127 | 0.22324937783844945 | 0.009868470044913424 | 0.43055277323023855:0.5259190221462635 | -0.14984766045021658 | 0.21350163798933153
0.5259190221462635 | -0.14984766045021658 | 0.21350163798933153 | 0.009868470044913424 | 0.43055277323023855:0.5341223400413035 | -0.15100780543285985 | 0.20347863459572224
0.5341223400413035 | -0.15100780543285985 | 0.20347863459572224 | 0.009868470044913424 | 0.43055277323023855:0.5421001032243353 | -0.15215315070357072 | 0.19318623441276017
0.5421001032243353 | -0.15215315070357072 | 0.19318623441276017 | 0.9996127087388167 | 0.707964518210771:0.5520480752080843 | -0.16271354074720357 | 0.1671709051371515
0.5520480752080843 | -0.16271354074720357 | 0.1671709051371515 | 0.9996127087388167 | 0.707964518210771:0.5610495774417004 | -0.17200451283861007 | 0.1401266872490119
0.5610495774417004 | -0.17200451283861007 | 0.1401266872490119 | 0.9996127087388167 | 0.707964518210771:0.5690640849224415 | -0.1799659514113756 | 0.11215265784732864
0.5690640849224415 | -0.1799659514113756 | 0.11215265784732864 | 0.9996127087388167 | 0.707964518210771:0.5760548081958632 | -0.1865428950044805 | 0.08335289486556974
0.5760548081958632 | -0.1865428950044805 | 0.08335289486556974 | 0.9996127087388167 | 0.707964518210771:0.5819888836325227 | -0.19168581535292084 | 0.05383605930294166
0.5819888836325227 | -0.19168581535292084 | 0.05383605930294166 | 0.9996127087388167 | 0.707964518210771:0.5868375473378933 | -0.1953508739246672 | 0.023714955154932937
0.5868375473378933 | -0.1953508739246672 | 0.023714955154932937 | 0.9996127087388167 | 0.707964518210771:0.5905762918857178 | -0.19750015471349514 | -0.00689393108065417
0.5905762918857178 | -0.19750015471349514 | -0.00689393108065417 | 0.9996127087388167 | 0.707964518210771:0.5931850051393255 | -0.19810187220003073 | -0.03787090935518833
0.5931850051393255 | -0.19810187220003073 | -0.03787090935518833 | 0.9996127087388167 | 0.707964518210771:0.594648090503064 | -0.19713055350076303 | -0.0690935814290512
0.594648090503064 | -0.19713055350076303 | -0.0690935814290512 | 0.9996127087388167 | 0.707964518210771:0.5949545680261501 | -0.19456719383632048 | -0.10043735051753444
0.5949545680261501 | -0.19456719383632048 | -0.10043735051753444 | 0.9996127087388167 | 0.707964518210771:0.5940981558641987 | -0.19039938456556094 | -0.13177594303632034
0.5940981558641987 | -0.19039938456556094 | -0.13177594303632034 | 0.9996127087388167 | 0.707964518210771:0.592077331688234 | -0.1846214131504169 | -0.16298194020552614
0.592077331688234 | -0.1846214131504169 | -0.16298194020552614 | 0.9996127087388167 | 0.707964518210771:0.5888953737177935 | -0.17723433453752335 | -0.19392731722646062
0.5888953737177935 | -0.17723433453752335 | -0.19392731722646062 | 0.9996127087388167 | 0.707964518210771:0.5845603811423814 | -0.16824601356584878 | -0.2244839877100233
0.5845603811423814 | -0.16824601356584878 | -0.2244839877100233 | 0.9996127087388167 | 0.707964518210771:0.579085273784564 | -0.15767113813439693 | -0.2545243510107156
0.579085273784564 | -0.15767113813439693 | -0.2545243510107156 | 0.9996127087388167 | 0.707964518210771:0.5724877709472516 | -0.1455312029899556 | -0.2839218401050836
0.5724877709472516 | -0.1455312029899556 | -0.2839218401050836 | 0.9996127087388167 | 0.707964518210771:0.5647903494774802 | -0.13185446412127888 | -0.31255146764863895
0.5647903494774802 | -0.13185446412127888 | -0.31255146764863895 | 0.9996127087388167 | 0.707964518210771:0.5560201811684706 | -0.11667586387265949 | -0.3402903678503506
0.5560201811684706 | -0.11667586387265949 | -0.3402903678503506 | 0.9996127087388167 | 0.707964518210771:0.5462090497105194 | -0.10003692701566536 | -0.36701833181920307
0.5462090497105194 | -0.10003692701566536 | -0.36701833181920307 | 0.9996127087388167 | 0.707964518210771:0.5353932474894698 | -0.08198562814279242 | -0.39261833406252933
0.5353932474894698 | -0.08198562814279242 | -0.39261833406252933 | 0.9996127087388167 | 0.707964518210771:0.52361345261804 | -0.06257623087004838 | -0.41697704785101664
0.52361345261804 | -0.06257623087004838 | -0.41697704785101664 | 0.9996127087388167 | 0.707964518210771:0.5109145866704239 | -0.04186909945667061 | -0.4399853472100972
0.5109145866704239 | -0.04186909945667061 | -0.4399853472100972 | 0.9996127087388167 | 0.707964518210771:0.4973456536735199 | -0.019930483568828095 | -0.46153879335194503
0.4973456536735199 | -0.019930483568828095 | -0.46153879335194503 | 0.9996127087388167 | 0.707964518210771:0.48295956098890613 | 0.0031677229704509813 | -0.4815381034257591
0.48295956098890613 | 0.0031677229704509813 | -0.4815381034257591 | 0.9996127087388167 | 0.707964518210771:0.46781292279748143 | 0.02734824849087758 | -0.4998895995368713
0.46781292279748143 | 0.02734824849087758 | -0.4998895995368713 | -0.6207085529821552 | -0.9954464807663401:0.4943953275821933 | 0.011877603362611566 | -0.47879290867244606
0.4943953275821933 | 0.011877603362611566 | -0.47879290867244606 | -0.6207085529821552 | -0.9954464807663401:0.5199543388496899 | -0.002998790268376794 | -0.4557951753345222
0.5199543388496899 | -0.002998790268376794 | -0.4557951753345222 | -0.6207085529821552 | -0.9954464807663401:0.5443899146218953 | -0.017217360395193282 | -0.43096443939547235
0.5443899146218953 | -0.017217360395193282 | -0.43096443939547235 | -0.6207085529821552 | -0.9954464807663401:0.5676054876612611 | -0.030716587806471907 | -0.40437615283868134
0.5676054876612611 | -0.030716587806471907 | -0.40437615283868134 | -0.6207085529821552 | -0.9954464807663401:0.589508356823579 | -0.04343725389964881 | -0.37611293288916237
0.589508356823579 | -0.04343725389964881 | -0.37611293288916237 | -0.7614754267021475 | -0.05807224092286023:0.5931160125838275 | -0.05796900467531074 | -0.374065267707854
0.5931160125838275 | -0.05796900467531074 | -0.374065267707854 | -0.7614754267021475 | -0.05807224092286023:0.596695403586395 | -0.07246961514442773 | -0.3714218634875017
0.596695403586395 | -0.07246961514442773 | -0.3714218634875017 | -0.7614754267021475 | -0.05807224092286023:0.6002449091318667 | -0.0869145501379407 | -0.3681826812088591
0.6002449091318667 | -0.0869145501379407 | -0.3681826812088591 | -0.7614754267021475 | -0.05807224092286023:0.6037629052887397 | -0.10127924534855204 | -0.364348709757115
0.6037629052887397 | -0.10127924534855204 | -0.364348709757115 | -0.7614754267021475 | -0.05807224092286023:0.6072477681988602 | -0.11553915032892981 | -0.35992196706309976
0.6072477681988602 | -0.11553915032892981 | -0.35992196706309976 | -0.7614754267021475 | -0.05807224092286023:0.6106978773799838 | -0.12966977149003256 | -0.3549054994430687
0.6106978773799838 | -0.12966977149003256 | -0.3549054994430687 | -0.7614754267021475 | -0.05807224092286023:0.6141116190199227 | -0.1436467150252767 | -0.34930337914050114
0.6141116190199227 | -0.1436467150252767 | -0.34930337914050114 | -0.7614754267021475 | -0.05807224092286023:0.6174873892564321 | -0.15744572968661252 | -0.3431207000763816
0.6174873892564321 | -0.15744572968661252 | -0.3431207000763816 | -0.7614754267021475 | -0.05807224092286023:0.6208235974374574 | -0.17104274933905472 | -0.3363635718174294
0.6208235974374574 | -0.17104274933905472 | -0.3363635718174294 | -0.7614754267021475 | -0.05807224092286023:0.6241186693560721 | -0.18441393522071436 | -0.3290391117747564
0.6241186693560721 | -0.18441393522071436 | -0.3290391117747564 | 0.8643275119573757 | 0.9278952403298368:0.610088374724171 | -0.17065757266989934 | -0.36663848206784166
0.610088374724171 | -0.17065757266989934 | -0.36663848206784166 | 0.8643275119573757 | 0.9278952403298368:0.5942701449179708 | -0.1552247484583873 | -0.4030322807604385
0.5942701449179708 | -0.1552247484583873 | -0.4030322807604385 | 0.8643275119573757 | 0.9278952403298368:0.5767209857056201 | -0.13816493114210715 | -0.4380594542393652
0.5767209857056201 | -0.13816493114210715 | -0.4380594542393652 | 0.8643275119573757 | 0.9278952403298368:0.5575056351913545 | -0.11953489764647784 | -0.4715637808813842
0.5575056351913545 | -0.11953489764647784 | -0.4715637808813842 | 0.8643275119573757 | 0.9278952403298368:0.5366963238088118 | -0.09939852491225665 | -0.5033945753063538
0.5366963238088118 | -0.09939852491225665 | -0.5033945753063538 | 0.7317896522497354 | 0.5267238705133146:0.5249815723055988 | -0.08119775716424016 | -0.5224564457221987
0.5249815723055988 | -0.08119775716424016 | -0.5224564457221987 | 0.7317896522497354 | 0.5267238705133146:0.5127207234358906 | -0.06224348493516274 | -0.5405624722811542
0.5127207234358906 | -0.06224348493516274 | -0.5405624722811542 | 0.7317896522497354 | 0.5267238705133146:0.49993961539427545 | -0.042570546560234845 | -0.5576670793474454
0.49993961539427545 | -0.042570546560234845 | -0.5576670793474454 | 0.7317896522497354 | 0.5267238705133146:0.48666536633157875 | -0.022215598022331307 | -0.573726713836682
0.48666536633157875 | -0.022215598022331307 | -0.573726713836682 | 0.7317896522497354 | 0.5267238705133146:0.47292631692670284 | -0.0012170351034548332 | -0.5886999525949665
0.47292631692670284 | -0.0012170351034548332 | -0.5886999525949665 | 0.7317896522497354 | 0.5267238705133146:0.45875197000979995 | 0.02038508864689348 | -0.6025476050598293
0.45875197000979995 | 0.02038508864689348 | -0.6025476050598293 | 0.7317896522497354 | 0.5267238705133146:0.44417292737489333 | 0.04254914793872544 | -0.6152328109631204
0.44417292737489333 | 0.04254914793872544 | -0.6152328109631204 | 0.7317896522497354 | 0.5267238705133146:0.4292208239266486 | 0.06523203556720603 | -0.6267211328475648
0.4292208239266486 | 0.06523203556720603 | -0.6267211328475648 | 0.7317896522497354 | 0.5267238705133146:0.4139282593118665 | 0.08838925583162549 | -0.6369806431807685
0.4139282593118665 | 0.08838925583162549 | -0.6369806431807685 | 0.7317896522497354 | 0.5267238705133146:0.3983287271920375 | 0.11197502133427051 | -0.6459820058630279
0.3983287271920375 | 0.11197502133427051 | -0.6459820058630279 | 0.09747033317631826 | -0.9695362071417784:0.43043949777202073 | 0.11547133635565032 | -0.627266559070986
0.43043949777202073 | 0.11547133635565032 | -0.627266559070986 | 0.09747033317631826 | -0.9695362071417784:0.4616812645773791 | 0.1188820604260421 | -0.6069148937948454
0.4616812645773791 | 0.1188820604260421 | -0.6069148937948454 | 0.09747033317631826 | -0.9695362071417784:0.4919708310251707 | 0.12219875180259443 | -0.5849687379677095
0.4919708310251707 | 0.12219875180259443 | -0.5849687379677095 | 0.09747033317631826 | -0.9695362071417784:0.5212270462010409 | 0.1254131636742919 | -0.5614741130228358
0.5212270462010409 | 0.1254131636742919 | -0.5614741130228358 | 0.09747033317631826 | -0.9695362071417784:0.5493710242841914 | 0.12851726647400064 | -0.5364812293907051
0.5493710242841914 | 0.12851726647400064 | -0.5364812293907051 | 0.31872163075555227 | -0.16376941881400997:0.5553032262789159 | 0.13743982223837392 | -0.5313558729266475
0.5553032262789159 | 0.13743982223837392 | -0.5313558729266475 | 0.31872163075555227 | -0.16376941881400997:0.5611884649591943 | 0.14629939940662418 | -0.5260063558134085
0.5611884649591943 | 0.14629939940662418 | -0.5260063558134085 | 0.31872163075555227 | -0.16376941881400997:0.5670246713317795 | 0.15509169311353155 | -0.5204341665312789
0.5670246713317795 | 0.15509169311353155 | -0.5204341665312789 | 0.31872163075555227 | -0.16376941881400997:0.5728097922819657 | 0.16381243127673528 | -0.5146408918666943
0.5728097922819657 | 0.16381243127673528 | -0.5146408918666943 | 0.31872163075555227 | -0.16376941881400997:0.5785417914472788 | 0.1724573762780679 | -0.5086282159527551
0.5785417914472788 | 0.1724573762780679 | -0.5086282159527551 | -0.6212380153108716 | 0.11586469353167916:0.577091371839586 | 0.1569954891596712 | -0.5184613274512602
0.577091371839586 | 0.1569954891596712 | -0.5184613274512602 | -0.6212380153108716 | 0.11586469353167916:0.57556345810697 | 0.14118888379128158 | -0.5278081108980577
0.57556345810697 | 0.14118888379128158 | -0.5278081108980577 | -0.6212380153108716 | 0.11586469353167916:0.573961130837894 | 0.12505310001034609 | -0.5366560065172634
0.573961130837894 | 0.12505310001034609 | -0.5366560065172634 | -0.6212380153108716 | 0.11586469353167916:0.57228754788229 | 0.10860410806656695 | -0.5449929879995681
0.57228754788229 | 0.10860410806656695 | -0.5449929879995681 | -0.6212380153108716 | 0.11586469353167916:0.5705459409480795 | 0.09185829052306715 | -0.5528075772832288
0.5705459409480795 | 0.09185829052306715 | -0.5528075772832288 | -0.6212380153108716 | 0.11586469353167916:0.5687396121109316 | 0.07483242368318344 | -0.5600888586908965
0.5687396121109316 | 0.07483242368318344 | -0.5600888586908965 | -0.6212380153108716 | 0.11586469353167916:0.5668719302414829 | 0.05754365856510191 | -0.5668264924072002
0.5668719302414829 | 0.05754365856510191 | -0.5668264924072002 | -0.6212380153108716 | 0.11586469353167916:0.5649463273542352 | 0.04000950144691018 | -0.5730107272827407
0.5649463273542352 | 0.04000950144691018 | -0.5730107272827407 | -0.6212380153108716 | 0.11586469353167916:0.5629662948825427 | 0.022247794005160415 | -0.5786324129510128
0.5629662948825427 | 0.022247794005160415 | -0.5786324129510128 | -0.6212380153108716 | 0.11586469353167916:0.5609353798839365 | 0.004276693070307758 | -0.5836830112455065
0.5609353798839365 | 0.004276693070307758 | -0.5836830112455065 | -0.6212380153108716 | 0.11586469353167916:0.5588571811804997 | -0.013885349977121209 | -0.5881546069051282
0.5588571811804997 | -0.013885349977121209 | -0.5881546069051282 | -0.6212380153108716 | 0.11586469353167916:0.5567353454385682 | -0.03221961014555674 | -0.5920399175568605
0.5567353454385682 | -0.03221961014555674 | -0.5920399175568605 | -0.6212380153108716 | 0.11586469353167916:0.5545735631925552 | -0.05070711008213635 | -0.595332302965458
0.5545735631925552 | -0.05070711008213635 | -0.595332302965458 | -0.6212380153108716 | 0.11586469353167916:0.5523755648174031 | -0.06932864160846997 | -0.5980257735407726
0.5523755648174031 | -0.06932864160846997 | -0.5980257735407726 | -0.6212380153108716 | 0.11586469353167916:0.5501451164544093 | -0.08806478751747093 | -0.6001149980942255
0.5501451164544093 | -0.08806478751747093 | -0.6001149980942255 | 0.31568769130608487 | 0.9874841002100818:0.5209413313378803 | -0.07875558004741734 | -0.6292379797095382
0.5209413313378803 | -0.07875558004741734 | -0.6292379797095382 | 0.31568769130608487 | 0.9874841002100818:0.49026236177944327 | -0.06896440304198848 | -0.6567769192996984
0.49026236177944327 | -0.06896440304198848 | -0.6567769192996984 | 0.31568769130608487 | 0.9874841002100818:0.45818736625289347 | -0.05871588178433562 | -0.6826487337068841
0.45818736625289347 | -0.05871588178433562 | -0.6826487337068841 | 0.31568769130608487 | 0.9874841002100818:0.42479973597848186 | -0.04803602937516516 | -0.7067747361466452
0.42479973597848186 | -0.04803602937516516 | -0.7067747361466452 | 0.31568769130608487 | 0.9874841002100818:0.3901868693853885 | -0.03695217652332339 | -0.729080874579358
0.3901868693853885 | -0.03695217652332339 | -0.729080874579358 | 0.7389691505655713 | -0.9335596676164628:0.4247039610275536 | -0.010015469561428958 | -0.7124261216179608
0.4247039610275536 | -0.010015469561428958 | -0.7124261216179608 | 0.7389691505655713 | -0.9335596676164628:0.45841898876575016 | 0.01634195128227134 | -0.693138931786736
0.45841898876575016 | 0.01634195128227134 | -0.693138931786736 | 0.7389691505655713 | -0.9335596676164628:0.4912076865254136 | 0.04202056101602558 | -0.6712787523481225
0.4912076865254136 | 0.04202056101602558 | -0.6712787523481225 | 0.7389691505655713 | -0.9335596676164628:0.5229487238683816 | 0.06692298030260879 | -0.6469146977357205
0.5229487238683816 | 0.06692298030260879 | -0.6469146977357205 | 0.7389691505655713 | -0.9335596676164628:0.5535241655813934 | 0.09095434339340791 | -0.6201253236717683
0.5535241655813934 | 0.09095434339340791 | -0.6201253236717683 | 0.7389691505655713 | -0.9335596676164628:0.582819919743244 | 0.11402265760634833 | -0.590998365401326
0.582819919743244 | 0.11402265760634833 | -0.590998365401326 | 0.7389691505655713 | -0.9335596676164628:0.610726172564469 | 0.13603915298030955 | -0.5596304409593493
0.610726172564469 | 0.13603915298030955 | -0.5596304409593493 | 0.7389691505655713 | -0.9335596676164628:0.637137808341123 | 0.1569186207740323 | -0.5261267205197306
0.637137808341123 | 0.1569186207740323 | -0.5261267205197306 | 0.7389691505655713 | -0.9335596676164628:0.6619548129185233 | 0.17657973951795114 | -0.4906005630044561
0.6619548129185233 | 0.17657973951795114 | -0.4906005630044561 | 0.7389691505655713 | -0.9335596676164628:0.6850826591207237 | 0.1949453873727265 | -0.45317312125566644
0.6850826591207237 | 0.1949453873727265 | -0.45317312125566644 | 0.7389691505655713 | -0.9335596676164628:0.7064326726676455 | 0.21194293959831612 | -0.41397291719325224
0.7064326726676455 | 0.21194293959831612 | -0.41397291719325224 | 0.7389691505655713 | -0.9335596676164628:0.7259223771737453 | 0.22750454999196457 | -0.3731353884951396
0.7259223771737453 | 0.22750454999196457 | -0.3731353884951396 | 0.7389691505655713 | -0.9335596676164628:0.7434758168982256 | 0.24156741521242253 | -0.3308024084461607
0.7434758168982256 | 0.24156741521242253 | -0.3308024084461607 | 0.7389691505655713 | -0.9335596676164628:0.7590238559998141 | 0.2540740209707053 | -0.28712178070420435
0.7590238559998141 | 0.2540740209707053 | -0.28712178070420435 | 0.7389691505655713 | -0.9335596676164628:0.7725044531350989 | 0.264972369134556 | -0.24224671082833993
0.7725044531350989 | 0.264972369134556 | -0.24224671082833993 | 0.7389691505655713 | -0.9335596676164628:0.7838629103307824 | 0.27421618486428834 | -0.19633525650299077
0.7838629103307824 | 0.27421618486428834 | -0.19633525650299077 | 0.7389691505655713 | -0.9335596676164628:0.7930520951556872 | 0.28176510297150514 | -0.14954975847426155
0.7930520951556872 | 0.28176510297150514 | -0.14954975847426155 | 0.7389691505655713 | -0.9335596676164628:0.8000326353166685 | 0.28758483276907043 | -0.10205625428903176
0.8000326353166685 | 0.28758483276907043 | -0.10205625428903176 | 0.7389691505655713 | -0.9335596676164628:0.8047730849055057 | 0.2916473007604736 | -0.05402387699421496
0.8047730849055057 | 0.2916473007604736 | -0.05402387699421496 | 0.7389691505655713 | -0.9335596676164628:0.807250061628423 | 0.29393077059880035 | -0.005624241012213815
0.807250061628423 | 0.29393077059880035 | -0.005624241012213815 | 0.7389691505655713 | -0.9335596676164628:0.8074483544580602 | 0.2944199398299645 | 0.04296918254085469
0.8074483544580602 | 0.2944199398299645 | 0.04296918254085469 | 0.7389691505655713 | -0.9335596676164628:0.8053610012574381 | 0.2931060130210206 | 0.0915816987858058
0.8053610012574381 | 0.2931060130210206 | 0.0915816987858058 | 0.7389691505655713 | -0.9335596676164628:0.8009893360371336 | 0.2899867509621359 | 0.1400380279180311
0.8009893360371336 | 0.2899867509621359 | 0.1400380279180311 | 0.7389691505655713 | -0.9335596676164628:0.7943430056197514 | 0.28506649571977327 | 0.18816294758572383
0.7943430056197514 | 0.28506649571977327 | 0.18816294758572383 | 0.7389691505655713 | -0.9335596676164628:0.7854399555999976 | 0.2783561714084737 | 0.23578193642647705
