0.0 | 0.0 | 0.0 | -0.10136256588028503 | -0.1228374427967518:-6.141754646185888E-5 | 5.0681065974500505E-5 | 0.00999968296070122
-6.141754646185888E-5 | 5.0681065974500505E-5 | 0.00999968296070122 | -0.10136256588028503 | -0.1228374427967518:-2.4443251542637594E-4 | 2.0170614979009294E-4 | 0.019897476407186396
-2.4443251542637594E-4 | 2.0170614979009294E-4 | 0.019897476407186396 | -0.10136256588028503 | -0.1228374427967518:-5.471954700767159E-4 | 4.515538412642739E-4 | 0.029692525612449464
-5.471954700767159E-4 | 4.515538412642739E-4 | 0.029692525612449464 | -0.10136256588028503 | -0.1228374427967518:-9.678664588245627E-4 | 7.987104620309493E-4 | 0.039384003402851586
-9.678664588245627E-4 | 7.987104620309493E-4 | 0.039384003402851586 | -0.10136256588028503 | -0.1228374427967518:-0.0015046150883669626 | 0.001241670126921779 | 0.048971109825449735
-0.0015046150883669626 | 0.001241670126921779 | 0.048971109825449735 | -0.16468542893098803 | -0.9758769215059024:-0.004645754189216721 | 0.0019640347980235395 | 0.05830207928929129
-0.004645754189216721 | 0.0019640347980235395 | 0.05830207928929129 | -0.16468542893098803 | -0.9758769215059024:-0.00868687406448085 | 0.0028372401021798943 | 0.06731719871317243
-0.00868687406448085 | 0.0028372401021798943 | 0.06731719871317243 | -0.16468542893098803 | -0.9758769215059024:-0.013599375731162516 | 0.003856753053462003 | 0.07595106763333037
-0.013599375731162516 | 0.003856753053462003 | 0.07595106763333037 | -0.16468542893098803 | -0.9758769215059024:-0.019350644794498755 | 0.0050173532975261725 | 0.08414062749190049
-0.019350644794498755 | 0.0050173532975261725 | 0.08414062749190049 | -0.16468542893098803 | -0.9758769215059024:-0.02590422047462186 | 0.006313160676961416 | 0.09182539378347881
-0.02590422047462186 | 0.006313160676961416 | 0.09182539378347881 | 0.49468831668923063 | -0.46926616467811133:-0.030707893171448147 | 0.00442234884855619 | 0.09995773681534459
-0.030707893171448147 | 0.00442234884855619 | 0.09995773681534459 | 0.49468831668923063 | -0.46926616467811133:-0.03587339845643757 | 0.002115568288282188 | 0.10778228532075063
-0.03587339845643757 | 0.002115568288282188 | 0.10778228532075063 | 0.49468831668923063 | -0.46926616467811133:-0.0413879354247855 | -5.937055522714507E-4 | 0.11527265990776103
-0.0413879354247855 | -5.937055522714507E-4 | 0.11527265990776103 | 0.49468831668923063 | -0.46926616467811133:-0.04723797219637629 | -0.003691217429963256 | 0.12240347447002975
-0.04723797219637629 | -0.003691217429963256 | 0.12240347447002975 | 0.49468831668923063 | -0.46926616467811133:-0.05340927920932148 | -0.007161966903054262 | 0.12915037448696642
-0.05340927920932148 | -0.007161966903054262 | 0.12915037448696642 | 0.49468831668923063 | -0.46926616467811133:-0.05988696333777688 | -0.010990243819889223 | 0.13549007318273
-0.05988696333777688 | -0.010990243819889223 | 0.13549007318273 | 0.49468831668923063 | -0.46926616467811133:-0.06665550277235299 | -0.015159664638685122 | 0.1414003855109529
-0.06665550277235299 | -0.015159664638685122 | 0.1414003855109529 | 0.49468831668923063 | -0.46926616467811133:-0.07369878260099444 | -0.019653209513295522 | 0.14686025993561502
-0.07369878260099444 | -0.019653209513295522 | 0.14686025993561502 | 0.49468831668923063 | -0.46926616467811133:-0.08100013102785403 | -0.02445326007941495 | 0.1518498079820081
-0.08100013102785403 | -0.02445326007941495 | 0.1518498079820081 | 0.49468831668923063 | -0.46926616467811133:-0.08854235616742923 | -0.029541637875366344 | 0.15635033153524058
-0.08854235616742923 | -0.029541637875366344 | 0.15635033153524058 | 0.3262279040033744 | -0.7331165639624535:-0.0984252487876871 | -0.033529177763899076 | 0.15934788599534522
-0.0984252487876871 | -0.033529177763899076 | 0.15934788599534522 | 0.3262279040033744 | -0.7331165639624535:-0.10861146567956392 | -0.03766108346274488 | 0.16166513329093424
-0.10861146567956392 | -0.03766108346274488 | 0.16166513329093424 | 0.3262279040033744 | -0.7331165639624535:-0.11906447689205801 | -0.04192121838165197 | 0.1632829620864955
-0.11906447689205801 | -0.04192121838165197 | 0.1632829620864955 | 0.3262279040033744 | -0.7331165639624535:-0.12974698544305407 | -0.04629308728477444 | 0.1641844364302978
-0.12974698544305407 | -0.04629308728477444 | 0.1641844364302978 | 0.3262279040033744 | -0.7331165639624535:-0.14062102911754915 | -0.05075988133188947 | 0.16435482638589338
-0.14062102911754915 | -0.05075988133188947 | 0.16435482638589338 | 0.3126213515778449 | 0.2251209393797713:-0.1436295522393547 | -0.05518937943360269 | 0.17089423311640894
-0.1436295522393547 | -0.05518937943360269 | 0.17089423311640894 | 0.3126213515778449 | 0.2251209393797713:-0.1464520999613923 | -0.05979110403578303 | 0.17736344527264603
-0.1464520999613923 | -0.05979110403578303 | 0.17736344527264603 | 0.3126213515778449 | 0.2251209393797713:-0.14909102793329976 | -0.06456270270418685 | 0.1837556825766673
-0.14909102793329976 | -0.06456270270418685 | 0.1837556825766673 | 0.3126213515778449 | 0.2251209393797713:-0.15154877437866254 | -0.06950169872976897 | 0.19006428581580748
-0.15154877437866254 | -0.06950169872976897 | 0.19006428581580748 | 0.3126213515778449 | 0.2251209393797713:-0.15382785800364207 | -0.07460549409893336 | 0.19628271948000453
-0.15382785800364207 | -0.07460549409893336 | 0.19628271948000453 | 0.3126213515778449 | 0.2251209393797713:-0.15593087588618726 | -0.07987137249060594 | 0.20240457430656944
-0.15593087588618726 | -0.07987137249060594 | 0.20240457430656944 | 0.3126213515778449 | 0.2251209393797713:-0.157860501347022 | -0.08529650229848107 | 0.20842356973232956
-0.157860501347022 | -0.08529650229848107 | 0.20842356973232956 | 0.3126213515778449 | 0.2251209393797713:-0.15961948180359808 | -0.09087793967680047 | 0.21433355625310746
-0.15961948180359808 | -0.09087793967680047 | 0.21433355625310746 | 0.3126213515778449 | 0.2251209393797713:-0.1612106366081929 | -0.09661263160803446 | 0.22012851769054542
-0.1612106366081929 | -0.09661263160803446 | 0.22012851769054542 | 0.3126213515778449 | 0.2251209393797713:-0.16263685487132085 | -0.1024974189908463 | 0.2258025733663107
-0.16263685487132085 | -0.1024974189908463 | 0.2258025733663107 | 0.3126213515778449 | 0.2251209393797713:-0.1639010932716305 | -0.10852903974673112 | 0.23134998018377395
-0.1639010932716305 | -0.10852903974673112 | 0.23134998018377395 | 0.3126213515778449 | 0.2251209393797713:-0.16500637385343353 | -0.11470413194372941 | 0.236765134617257
-0.16500637385343353 | -0.11470413194372941 | 0.236765134617257 | 0.3126213515778449 | 0.2251209393797713:-0.16595578181301862 | -0.12101923693563421 | 0.24204257460902667
-0.16595578181301862 | -0.12101923693563421 | 0.24204257460902667 | 0.3126213515778449 | 0.2251209393797713:-0.16675246327488402 | -0.12747080251511633 | 0.24717698137419486
-0.16675246327488402 | -0.12747080251511633 | 0.24717698137419486 | 0.3126213515778449 | 0.2251209393797713:-0.16739962305902134 | -0.13405518607920675 | 0.25216318111377145
-0.16739962305902134 | -0.13405518607920675 | 0.25216318111377145 | 0.3126213515778449 | 0.2251209393797713:-0.16790052244036202 | -0.14076865780559222 | 0.25699614663611126
-0.16790052244036202 | -0.14076865780559222 | 0.25699614663611126 | 0.3126213515778449 | 0.2251209393797713:-0.1682584769015012 | -0.14760740383818494 | 0.2616709988870456
-0.1682584769015012 | -0.14760740383818494 | 0.2616709988870456 | 0.3126213515778449 | 0.2251209393797713:-0.16847685387979316 | -0.15456752948045382 | 0.2661830083890395
-0.16847685387979316 | -0.15456752948045382 | 0.2661830083890395 | 0.3126213515778449 | 0.2251209393797713:-0.16855907050990915 | -0.16164506239500875 | 0.2705275965897034
-0.16855907050990915 | -0.16164506239500875 | 0.2705275965897034 | 0.3126213515778449 | 0.2251209393797713:-0.16850859136292762 | -0.16883595580794264 | 0.27470033712007424
-0.16850859136292762 | -0.16883595580794264 | 0.27470033712007424 | 0.3126213515778449 | 0.2251209393797713:-0.1683289261830314 | -0.1761360917164665 | 0.2786969569630733
-0.1683289261830314 | -0.1761360917164665 | 0.2786969569630733 | 0.3126213515778449 | 0.2251209393797713:-0.16802362762285927 | -0.18354128409836745 | 0.2825133375325919
-0.16802362762285927 | -0.18354128409836745 | 0.2825133375325919 | 0.3126213515778449 | 0.2251209393797713:-0.16759628897855894 | -0.1910472821218514 | 0.28614551566369695
-0.16759628897855894 | -0.1910472821218514 | 0.28614551566369695 | 0.3126213515778449 | 0.2251209393797713:-0.1670505419255628 | -0.19864977335433576 | 0.2895896845144623
-0.1670505419255628 | -0.19864977335433576 | 0.2895896845144623 | 0.3126213515778449 | 0.2251209393797713:-0.16639005425612297 | -0.2063443869687953 | 0.29284219437996484
-0.16639005425612297 | -0.2063443869687953 | 0.29284219437996484 | -0.8542402323173055 | -0.10502557205109952:-0.1705431904379635 | -0.19661825983026304 | 0.30511074193828414
-0.1705431904379635 | -0.19661825983026304 | 0.30511074193828414 | -0.8542402323173055 | -0.10502557205109952:-0.17475725769733774 | -0.18615023743750037 | 0.3169925925618653
-0.17475725769733774 | -0.18615023743750037 | 0.3169925925618653 | -0.8542402323173055 | -0.10502557205109952:-0.179030342457426 | -0.17495737122372734 | 0.3284458466880178
-0.179030342457426 | -0.17495737122372734 | 0.3284458466880178 | -0.8542402323173055 | -0.10502557205109952:-0.18336025901867892 | -0.16305892133664912 | 0.3394294864147991
-0.18336025901867892 | -0.16305892133664912 | 0.3394294864147991 | -0.8542402323173055 | -0.10502557205109952:-0.18774455588635508 | -0.15047630780503063 | 0.3499034879671221
-0.18774455588635508 | -0.15047630780503063 | 0.3499034879671221 | -0.8542402323173055 | -0.10502557205109952:-0.19218052275410535 | -0.1372330563059876 | 0.3598289313548655
-0.19218052275410535 | -0.1372330563059876 | 0.3598289313548655 | -0.8542402323173055 | -0.10502557205109952:-0.19666519812371774 | -0.12335473868954239 | 0.36916810697047175
-0.19666519812371774 | -0.12335473868954239 | 0.36916810697047175 | -0.8542402323173055 | -0.10502557205109952:-0.20119537753974903 | -0.1088689084282235 | 0.3778846188821401
-0.20119537753974903 | -0.1088689084282235 | 0.3778846188821401 | -0.8542402323173055 | -0.10502557205109952:-0.20576762241649593 | -0.09380503117017902 | 0.3859434845877807
-0.20576762241649593 | -0.09380503117017902 | 0.3859434845877807 | -0.8542402323173055 | -0.10502557205109952:-0.21037826943350613 | -0.07819441058458221 | 0.39331123100453347
-0.21037826943350613 | -0.07819441058458221 | 0.39331123100453347 | 0.5378632927057962 | -0.5783956646604633:-0.22427578198074283 | -0.08981448939686754 | 0.3894692551445047
-0.22427578198074283 | -0.08981448939686754 | 0.3894692551445047 | 0.5378632927057962 | -0.5783956646604633:-0.23815174164691122 | -0.10143972827627934 | 0.38476081977024634
-0.23815174164691122 | -0.10143972827627934 | 0.38476081977024634 | 0.5378632927057962 | -0.5783956646604633:-0.2519754916570216 | -0.11304152594794648 | 0.37918277208465057
-0.2519754916570216 | -0.11304152594794648 | 0.37918277208465057 | 0.5378632927057962 | -0.5783956646604633:-0.2657162583151331 | -0.12459114679061845 | 0.37273396525737823
-0.2657162583151331 | -0.12459114679061845 | 0.37273396525737823 | 0.5378632927057962 | -0.5783956646604633:-0.27934321978701604 | -0.13605978471767877 | 0.36541526343734354
-0.27934321978701604 | -0.13605978471767877 | 0.36541526343734354 | -0.3637916533380474 | 0.6046599647640787:-0.271005014576323 | -0.1307945406559785 | 0.3801855929795046
-0.271005014576323 | -0.1307945406559785 | 0.3801855929795046 | -0.3637916533380474 | 0.6046599647640787:-0.2620738624453747 | -0.1251737819034453 | 0.3946679412183709
-0.2620738624453747 | -0.1251737819034453 | 0.3946679412183709 | -0.3637916533380474 | 0.6046599647640787:-0.25255851900349846 | -0.11920245476557145 | 0.40883120279498186
-0.25255851900349846 | -0.11920245476557145 | 0.40883120279498186 | -0.3637916533380474 | 0.6046599647640787:-0.24246888415110668 | -0.11288619825333512 | 0.4226447008096539
-0.24246888415110668 | -0.11288619825333512 | 0.4226447008096539 | -0.3637916533380474 | 0.6046599647640787:-0.2318159843214982 | -0.10623133389549544 | 0.43607824177130716
-0.2318159843214982 | -0.10623133389549544 | 0.43607824177130716 | -0.3637916533380474 | 0.6046599647640787:-0.2206119528773396 | -0.09924485443165221 | 0.44910216954743376
-0.2206119528773396 | -0.09924485443165221 | 0.44910216954743376 | -0.3637916533380474 | 0.6046599647640787:-0.20887000870289896 | -0.09193441141006442 | 0.46168741823361614
-0.20887000870289896 | -0.09193441141006442 | 0.46168741823361614 | -0.3637916533380474 | 0.6046599647640787:-0.19660443303561514 | -0.08430830171569781 | 0.4738055638637455
-0.19660443303561514 | -0.08430830171569781 | 0.4738055638637455 | -0.3637916533380474 | 0.6046599647640787:-0.18383054458292492 | -0.07637545305546922 | 0.4854288748843558
-0.18383054458292492 | -0.07637545305546922 | 0.4854288748843558 | -0.3637916533380474 | 0.6046599647640787:-0.17056467297266664 | -0.06814540842904204 | 0.49653036131875083
-0.17056467297266664 | -0.06814540842904204 | 0.49653036131875083 | 0.930583524284762 | -0.09985727580558801:-0.1745611103217204 | -0.09197683231015752 | 0.4963386217237762
-0.1745611103217204 | -0.09197683231015752 | 0.4963386217237762 | 0.930583524284762 | -0.09985727580558801:-0.17855701416754322 | -0.11596593825888846 | 0.49492530976717575
-0.17855701416754322 | -0.11596593825888846 | 0.49492530976717575 | 0.930583524284762 | -0.09985727580558801:-0.18254568990471043 | -0.1400493071277591 | 0.4922765776646081
-0.18254568990471043 | -0.1400493071277591 | 0.4922765776646081 | 0.930583524284762 | -0.09985727580558801:-0.1865203570361036 | -0.16416265386558226 | 0.48838196189071326
-0.1865203570361036 | -0.16416265386558226 | 0.48838196189071326 | 0.930583524284762 | -0.09985727580558801:-0.19047416854298227 | -0.1882410068515119 | 0.4832344294307447
-0.19047416854298227 | -0.1882410068515119 | 0.4832344294307447 | -0.8333937425830791 | -0.8494642576401601:-0.21284615317529365 | -0.1693076265330795 | 0.4860318852162848
-0.21284615317529365 | -0.1693076265330795 | 0.4860318852162848 | -0.8333937425830791 | -0.8494642576401601:-0.23543092607580363 | -0.15009831100901394 | 0.4870247276612112
-0.23543092607580363 | -0.15009831100901394 | 0.4870247276612112 | -0.8333937425830791 | -0.8494642576401601:-0.25814673881231087 | -0.13069293104942759 | 0.4861828982986047
-0.25814673881231087 | -0.13069293104942759 | 0.4861828982986047 | -0.8333937425830791 | -0.8494642576401601:-0.28091030498080194 | -0.11117301693614046 | 0.48348370992378875
-0.28091030498080194 | -0.11117301693614046 | 0.48348370992378875 | -0.8333937425830791 | -0.8494642576401601:-0.30363714523892504 | -0.0916214232162158 | 0.47891200150722213
-0.30363714523892504 | -0.0916214232162158 | 0.47891200150722213 | -0.6211594815413397 | 0.4732205470649036:-0.2943244760168984 | -0.07727391734142941 | 0.4921950090820886
-0.2943244760168984 | -0.07727391734142941 | 0.4921950090820886 | -0.6211594815413397 | 0.4732205470649036:-0.28460343961961954 | -0.06240361340213596 | 0.5048313974000251
-0.28460343961961954 | -0.06240361340213596 | 0.5048313974000251 | -0.6211594815413397 | 0.4732205470649036:-0.27449032992335454 | -0.047031172517083775 | 0.5167893344604231
-0.27449032992335454 | -0.047031172517083775 | 0.5167893344604231 | -0.6211594815413397 | 0.4732205470649036:-0.26400231899418714 | -0.031178428644254907 | 0.5280381305575901
-0.26400231899418714 | -0.031178428644254907 | 0.5280381305575901 | -0.6211594815413397 | 0.4732205470649036:-0.2531574252012696 | -0.014868347705876417 | 0.5385483029899945
-0.2531574252012696 | -0.014868347705876417 | 0.5385483029899945 | 0.11192281908093182 | 0.4658577265989332:-0.24218319715437886 | -0.01800347313116646 | 0.5479069804073653
-0.24218319715437886 | -0.01800347313116646 | 0.5479069804073653 | 0.11192281908093182 | 0.4658577265989332:-0.23089229227114494 | -0.02121020333818535 | 0.5569888202718865
-0.23089229227114494 | -0.02121020333818535 | 0.5569888202718865 | 0.11192281908093182 | 0.4658577265989332:-0.21929232769166873 | -0.024486789257071706 | 0.5657836753085803
-0.21929232769166873 | -0.024486789257071706 | 0.5657836753085803 | 0.11192281908093182 | 0.4658577265989332:-0.2073912000408935 | -0.02783141347460827 | 0.574281639419457
-0.2073912000408935 | -0.02783141347460827 | 0.574281639419457 | 0.11192281908093182 | 0.4658577265989332:-0.19519707808105835 | -0.031242191983917422 | 0.5824730550929118
-0.19519707808105835 | -0.031242191983917422 | 0.5824730550929118 | 0.573089310672019 | 0.30233843538628435:-0.18755335738206647 | -0.048217376799957634 | 0.5878788078472716
-0.18755335738206647 | -0.048217376799957634 | 0.5878788078472716 | 0.573089310672019 | 0.30233843538628435:-0.17976982763113547 | -0.06544104178769139 | 0.592650380121615
-0.17976982763113547 | -0.06544104178769139 | 0.592650380121615 | 0.573089310672019 | 0.30233843538628435:-0.17185735050837536 | -0.08289303183287977 | 0.5967753381436616
-0.17185735050837536 | -0.08289303183287977 | 0.5967753381436616 | 0.573089310672019 | 0.30233843538628435:-0.16382700598438582 | -0.10055276319832807 | 0.6002421041384238
-0.16382700598438582 | -0.10055276319832807 | 0.6002421041384238 | 0.573089310672019 | 0.30233843538628435:-0.1556900771184324 | -0.11839925212436775 | 0.6030399732146705
-0.1556900771184324 | -0.11839925212436775 | 0.6030399732146705 | 0.573089310672019 | 0.30233843538628435:-0.14745803461179463 | -0.13641114391068143 | 0.6051591290335949
-0.14745803461179463 | -0.13641114391068143 | 0.6051591290335949 | 0.573089310672019 | 0.30233843538628435:-0.13914252113731962 | -0.1545667424396946 | 0.6065906582440945
-0.13914252113731962 | -0.1545667424396946 | 0.6065906582440945 | 0.573089310672019 | 0.30233843538628435:-0.13075533546648188 | -0.17284404010153231 | 0.6073265636708598
-0.13075533546648188 | -0.17284404010153231 | 0.6073265636708598 | 0.573089310672019 | 0.30233843538628435:-0.12230841641526169 | -0.19122074808015377 | 0.6073597762430225
-0.12230841641526169 | -0.19122074808015377 | 0.6073597762430225 | 0.573089310672019 | 0.30233843538628435:-0.11381382663037698 | -0.20967432696007648 | 0.6066841656527373
-0.11381382663037698 | -0.20967432696007648 | 0.6066841656527373 | 0.573089310672019 | 0.30233843538628435:-0.1052837362374639 | -0.22818201761292478 | 0.6052945497346585
-0.1052837362374639 | -0.22818201761292478 | 0.6052945497346585 | 0.573089310672019 | 0.30233843538628435:-0.09673040637280295 | -0.2467208723228449 | 0.6031867025591069
-0.09673040637280295 | -0.2467208723228449 | 0.6031867025591069 | 0.573089310672019 | 0.30233843538628435:-0.08816617262032267 | -0.2652677861098134 | 0.6003573612330086
-0.08816617262032267 | -0.2652677861098134 | 0.6003573612330086 | 0.573089310672019 | 0.30233843538628435:-0.0796034283755489 | -0.28379952820974275 | 0.5968042314046897
-0.0796034283755489 | -0.28379952820974275 | 0.5968042314046897 | 0.573089310672019 | 0.30233843538628435:-0.07105460815816755 | -0.30229277367036467 | 0.5925259914699836
-0.07105460815816755 | -0.30229277367036467 | 0.5925259914699836 | -0.11235941272601191 | 0.6282021474198205:-0.05261736578762921 | -0.30043860370188114 | 0.5991032874974636
-0.05261736578762921 | -0.30043860370188114 | 0.5991032874974636 | -0.11235941272601191 | 0.6282021474198205:-0.033888295419551184 | -0.2985162879560175 | 0.6050730958983621
-0.033888295419551184 | -0.2985162879560175 | 0.6050730958983621 | -0.11235941272601191 | 0.6282021474198205:-0.014888086725918015 | -0.296529634867408 | 0.6104232152294315
-0.014888086725918015 | -0.296529634867408 | 0.6104232152294315 | -0.11235941272601191 | 0.6282021474198205:0.004362121531212182 | -0.2944825338866224 | 0.6151421999844828
0.004362121531212182 | -0.2944825338866224 | 0.6151421999844828 | -0.11235941272601191 | 0.6282021474198205:0.023840768726064 | -0.2923789506695318 | 0.6192193763997622
0.023840768726064 | -0.2923789506695318 | 0.6192193763997622 | 0.8256821384736723 | 0.23884330129801978:0.03122611890258753 | -0.3191460842247942 | 0.6090822384654047
0.03122611890258753 | -0.3191460842247942 | 0.6090822384654047 | 0.8256821384736723 | 0.23884330129801978:0.03850755075455936 | -0.34557001853274727 | 0.5976698753627119
0.03850755075455936 | -0.34557001853274727 | 0.5976698753627119 | 0.8256821384736723 | 0.23884330129801978:0.045668584207778196 | -0.371593603994695 | 0.5849955030178933
0.045668584207778196 | -0.371593603994695 | 0.5849955030178933 | 0.8256821384736723 | 0.23884330129801978:0.05269290331624177 | -0.39716019978354034 | 0.5710751308035213
0.05269290331624177 | -0.39716019978354034 | 0.5710751308035213 | 0.8256821384736723 | 0.23884330129801978:0.059564392559376955 | -0.42221379985599583 | 0.5559275370296533
0.059564392559376955 | -0.42221379985599583 | 0.5559275370296533 | 0.8293090777704153 | 0.3544227880159794:0.06938279890342969 | -0.44679713710392477 | 0.5391012705269773
0.06938279890342969 | -0.44679713710392477 | 0.5391012705269773 | 0.8293090777704153 | 0.3544227880159794:0.07891952218910347 | -0.47073534211496515 | 0.5209907841393999
0.07891952218910347 | -0.47073534211496515 | 0.5209907841393999 | 0.8293090777704153 | 0.3544227880159794:0.08815002559005691 | -0.49397048636652485 | 0.5016266622637175
0.08815002559005691 | -0.49397048636652485 | 0.5016266622637175 | 0.8293090777704153 | 0.3544227880159794:0.09705034457045514 | -0.5164459153054963 | 0.4810425769365665
0.09705034457045514 | -0.5164459153054963 | 0.4810425769365665 | 0.8293090777704153 | 0.3544227880159794:0.10559714567591527 | -0.5381063873331051 | 0.4592752207034536
0.10559714567591527 | -0.5381063873331051 | 0.4592752207034536 | -0.3511573791248339 | 0.9738794310477901:0.12879409364089156 | -0.532069365968173 | 0.4647992382212749
0.12879409364089156 | -0.532069365968173 | 0.4647992382212749 | -0.3511573791248339 | 0.9738794310477901:0.15231208734029167 | -0.5258828454467839 | 0.46907203172501966
0.15231208734029167 | -0.5258828454467839 | 0.46907203172501966 | -0.3511573791248339 | 0.9738794310477901:0.1760883048354671 | -0.5195695130166342 | 0.4720721116016122
0.1760883048354671 | -0.5195695130166342 | 0.4720721116016122 | -0.3511573791248339 | 0.9738794310477901:0.20005875175760224 | -0.5131525081119186 | 0.473781608914976
0.20005875175760224 | -0.5131525081119186 | 0.473781608914976 | -0.3511573791248339 | 0.9738794310477901:0.22415844838419474 | -0.5066553555521445 | 0.4741863459951432
0.22415844838419474 | -0.5066553555521445 | 0.4741863459951432 | 0.20544367692817866 | -0.9744477641976799:0.20179924354035172 | -0.5133985634137659 | 0.48109727603406327
0.20179924354035172 | -0.5133985634137659 | 0.48109727603406327 | 0.20544367692817866 | -0.9744477641976799:0.1790401774300303 | -0.5202114118310597 | 0.4868382163268521
0.1790401774300303 | -0.5202114118310597 | 0.4868382163268521 | 0.20544367692817866 | -0.9744477641976799:0.1559399375910111 | -0.5270818556421943 | 0.49138598099268904
0.1559399375910111 | -0.5270818556421943 | 0.49138598099268904 | 0.20544367692817866 | -0.9744477641976799:0.1325584660492769 | -0.5339975671675532 | 0.49472050271079127
0.1325584660492769 | -0.5339975671675532 | 0.49472050271079127 | 0.20544367692817866 | -0.9744477641976799:0.1089567983391202 | -0.5409459698087637 | 0.4968249017871784
0.1089567983391202 | -0.5409459698087637 | 0.4968249017871784 | 0.2138258995407365 | -0.5160300140022451:0.09658684122265626 | -0.5481208232858492 | 0.49537259703046743
0.09658684122265626 | -0.5481208232858492 | 0.49537259703046743 | 0.2138258995407365 | -0.5160300140022451:0.08421379489942993 | -0.5552788100178532 | 0.4934957527578163
0.08421379489942993 | -0.5552788100178532 | 0.4934957527578163 | 0.2138258995407365 | -0.5160300140022451:0.07184983749099949 | -0.5624150914525039 | 0.49119375771879703
0.07184983749099949 | -0.5624150914525039 | 0.49119375771879703 | 0.2138258995407365 | -0.5160300140022451:0.059507167121338966 | -0.5695248165170987 | 0.48846641049752293
0.059507167121338966 | -0.5695248165170987 | 0.48846641049752293 | 0.2138258995407365 | -0.5160300140022451:0.047197990116872646 | -0.5766031265263436 | 0.48531391986072947
0.047197990116872646 | -0.5766031265263436 | 0.48531391986072947 | 0.980113816815956 | -0.19438460430594606:0.042897794393047306 | -0.6016290971318625 | 0.45840456685209574
0.042897794393047306 | -0.6016290971318625 | 0.45840456685209574 | 0.980113816815956 | -0.19438460430594606:0.03885622109881126 | -0.62535693687596 | 0.43015151594724443
0.03885622109881126 | -0.62535693687596 | 0.43015151594724443 | 0.980113816815956 | -0.19438460430594606:0.03508690867834474 | -0.6477165053981793 | 0.40062120511576893
0.03508690867834474 | -0.6477165053981793 | 0.40062120511576893 | 0.980113816815956 | -0.19438460430594606:0.0316028143945104 | -0.6686410018672326 | 0.36988386952492647
0.0316028143945104 | -0.6686410018672326 | 0.36988386952492647 | 0.980113816815956 | -0.19438460430594606:0.02841617611600533 | -0.6880671620939474 | 0.3380133630361115
0.02841617611600533 | -0.6880671620939474 | 0.3380133630361115 | -0.5469774603283653 | -0.4357239216575466:0.02070150670333959 | -0.6806265157370852 | 0.35832125332800757
0.02070150670333959 | -0.6806265157370852 | 0.35832125332800757 | -0.5469774603283653 | -0.4357239216575466:0.012525635289097892 | -0.6725826059346502 | 0.3782908528072966
0.012525635289097892 | -0.6725826059346502 | 0.3782908528072966 | -0.5469774603283653 | -0.4357239216575466:0.0038957025157806413 | -0.6639442004502705 | 0.397893428082952
0.0038957025157806413 | -0.6639442004502705 | 0.397893428082952 | -0.5469774603283653 | -0.4357239216575466:-0.005180472902457822 | -0.6547209218309042 | 0.41710064987534423
-0.005180472902457822 | -0.6547209218309042 | 0.41710064987534423 | -0.5469774603283653 | -0.4357239216575466:-0.014694404111686765 | -0.6449232355221639 | 0.435884634238235
-0.014694404111686765 | -0.6449232355221639 | 0.435884634238235 | 0.7733804386571532 | 0.4925080223255196:-0.00459215477509467 | -0.6631731455554402 | 0.4120324412894547
-0.00459215477509467 | -0.6631731455554402 | 0.4120324412894547 | 0.7733804386571532 | 0.4925080223255196:0.0049296165536141245 | -0.6805118278977957 | 0.3871666886470635
0.0049296165536141245 | -0.6805118278977957 | 0.3871666886470635 | 0.7733804386571532 | 0.4925080223255196:0.013844656091155372 | -0.6968972806289315 | 0.3613372920341362
0.013844656091155372 | -0.6968972806289315 | 0.3613372920341362 | 0.7733804386571532 | 0.4925080223255196:0.022127997693910828 | -0.7122894753048001 | 0.33459658313306306
0.022127997693910828 | -0.7122894753048001 | 0.33459658313306306 | 0.7733804386571532 | 0.4925080223255196:0.029756024741292464 | -0.726650456352921 | 0.3069991961238827
0.029756024741292464 | -0.726650456352921 | 0.3069991961238827 | 0.7733804386571532 | 0.4925080223255196:0.03670652898672877 | -0.7399444358139249 | 0.27860194860851095
0.03670652898672877 | -0.7399444358139249 | 0.27860194860851095 | 0.7733804386571532 | 0.4925080223255196:0.04295876623599604 | -0.752137883203801 | 0.24946371719597948
0.04295876623599604 | -0.752137883203801 | 0.24946371719597948 | 0.7733804386571532 | 0.4925080223255196:0.048493508720095946 | -0.7631996102827898 | 0.21964530803587934
0.048493508720095946 | -0.7631996102827898 | 0.21964530803587934 | 0.7733804386571532 | 0.4925080223255196:0.05329309403768967 | -0.7731008505287136 | 0.18920932259914025
0.05329309403768967 | -0.7731008505287136 | 0.18920932259914025 | 0.7733804386571532 | 0.4925080223255196:0.05734147055007277 | -0.7818153331251736 | 0.1582200190160421
0.05734147055007277 | -0.7818153331251736 | 0.1582200190160421 | -0.7527759698397085 | -0.08323803273670727:0.056702150927700146 | -0.7772494289732563 | 0.18823485035717624
0.056702150927700146 | -0.7772494289732563 | 0.18823485035717624 | -0.7527759698397085 | -0.08323803273670727:0.0559350671777743 | -0.7715190079367602 | 0.2181215695054064
0.0559350671777743 | -0.7715190079367602 | 0.2181215695054064 | -0.7527759698397085 | -0.08323803273670727:0.05504069862727867 | -0.7646275966853722 | 0.24783374762112942
0.05504069862727867 | -0.7646275966853722 | 0.24783374762112942 | -0.7527759698397085 | -0.08323803273670727:0.05401972877093186 | -0.7565805699697421 | 0.27732506716334626
0.05401972877093186 | -0.7565805699697421 | 0.27732506716334626 | -0.7527759698397085 | -0.08323803273670727:0.052873044618085174 | -0.747385146129055 | 0.30654939671158843
0.052873044618085174 | -0.747385146129055 | 0.30654939671158843 | -0.7527759698397085 | -0.08323803273670727:0.05160173570940607 | -0.7370503796075383 | 0.33546086555197974
0.05160173570940607 | -0.7370503796075383 | 0.33546086555197974 | -0.7527759698397085 | -0.08323803273670727:0.05020709280507596 | -0.7255871504931122 | 0.3640139379070817
0.05020709280507596 | -0.7255871504931122 | 0.3640139379070817 | -0.7527759698397085 | -0.08323803273670727:0.04869060624675825 | -0.7130081510962825 | 0.39216348668981027
0.04869060624675825 | -0.7130081510962825 | 0.39216348668981027 | -0.7527759698397085 | -0.08323803273670727:0.04705396399606521 | -0.6993278695920466 | 0.4198648666627989
0.04705396399606521 | -0.6993278695920466 | 0.4198648666627989 | -0.7527759698397085 | -0.08323803273670727:0.04529904935285245 | -0.6845625707520853 | 0.44707398688559863
0.04529904935285245 | -0.6845625707520853 | 0.44707398688559863 | 0.9618521251092087 | -0.18344198112350774:0.041594983665982355 | -0.7068237037715619 | 0.4149612708604309
0.041594983665982355 | -0.7068237037715619 | 0.4149612708604309 | 0.9618521251092087 | -0.18344198112350774:0.03818653859519294 | -0.7275415108852243 | 0.3816992693184744
0.03818653859519294 | -0.7275415108852243 | 0.3816992693184744 | 0.9618521251092087 | -0.18344198112350774:0.03508440619870434 | -0.746658252383817 | 0.3473658728025981
0.03508440619870434 | -0.746658252383817 | 0.3473658728025981 | 0.9618521251092087 | -0.18344198112350774:0.032298532107741806 | -0.7641200289521493 | 0.31204196775198056
0.032298532107741806 | -0.7641200289521493 | 0.31204196775198056 | 0.9618521251092087 | -0.18344198112350774:0.029838087932644086 | -0.7798769311852709 | 0.2758112375911139
0.029838087932644086 | -0.7798769311852709 | 0.2758112375911139 | 0.39653461161419234 | -0.5622189540098594:0.022556948275799016 | -0.7868256664149627 | 0.2615746502659846
0.022556948275799016 | -0.7868256664149627 | 0.2615746502659846 | 0.39653461161419234 | -0.5622189540098594:0.01566793269372191 | -0.7934847934314675 | 0.24696762109498138
0.01566793269372191 | -0.7934847934314675 | 0.24696762109498138 | 0.39653461161419234 | -0.5622189540098594:0.00918229990329067 | -0.7998463696517533 | 0.23200722516162386
0.00918229990329067 | -0.7998463696517533 | 0.23200722516162386 | 0.39653461161419234 | -0.5622189540098594:0.0031108047960000107 | -0.8059028011217819 | 0.21671104557043464
0.0031108047960000107 | -0.8059028011217819 | 0.21671104557043464 | 0.39653461161419234 | -0.5622189540098594:-0.0025363165147922473 | -0.8116468533014185 | 0.20109715101949632
-0.0025363165147922473 | -0.8116468533014185 | 0.20109715101949632 | 0.39653461161419234 | -0.5622189540098594:-0.007749360963481777 | -0.8170716613738946 | 0.1851840727183145
-0.007749360963481777 | -0.8170716613738946 | 0.1851840727183145 | 0.39653461161419234 | -0.5622189540098594:-0.012519172100377673 | -0.8221707400665466 | 0.16899078068210827
-0.012519172100377673 | -0.8221707400665466 | 0.16899078068210827 | 0.39653461161419234 | -0.5622189540098594:-0.016837152940937017 | -0.8269379929702296 | 0.15253665943443195
-0.016837152940937017 | -0.8269379929702296 | 0.15253665943443195 | 0.39653461161419234 | -0.5622189540098594:-0.02069527807969962 | -0.8313677213455151 | 0.13584148315037226
-0.02069527807969962 | -0.8313677213455151 | 0.13584148315037226 | 0.39653461161419234 | -0.5622189540098594:-0.02408610505339226 | -0.8354546324043923 | 0.1189253902739722
-0.02408610505339226 | -0.8354546324043923 | 0.1189253902739722 | 0.39653461161419234 | -0.5622189540098594:-0.027002784938815694 | -0.8391938470569897 | 0.10180885764341951
-0.027002784938815694 | -0.8391938470569897 | 0.10180885764341951 | 0.39653461161419234 | -0.5622189540098594:-0.029439072172067426 | -0.8425809071135291 | 0.08451267415856023
-0.029439072172067426 | -0.8425809071135291 | 0.08451267415856023 | 0.39653461161419234 | -0.5622189540098594:-0.03138933357669593 | -0.8456117819323481 | 0.06705791402562511
-0.03138933357669593 | -0.8456117819323481 | 0.06705791402562511 | 0.39653461161419234 | -0.5622189540098594:-0.032848556589476274 | -0.8482828745057702 | 0.04946590961485242
-0.032848556589476274 | -0.8482828745057702 | 0.04946590961485242 | 0.39653461161419234 | -0.5622189540098594:-0.03381235667350957 | -0.8505910269760406 | 0.03175822396651995
-0.03381235667350957 | -0.8505910269760406 | 0.03175822396651995 | 0.5119493112637836 | -0.6082032318443023:-0.03415938863812151 | -0.8526053977246875 | 0.00896008473596055
-0.03415938863812151 | -0.8526053977246875 | 0.00896008473596055 | 0.5119493112637836 | -0.6082032318443023:-0.033810438896864525 | -0.8540207100046615 | -0.013921574904458112
-0.033810438896864525 | -0.8540207100046615 | -0.013921574904458112 | 0.5119493112637836 | -0.6082032318443023:-0.03276259492562872 | -0.8548341767000238 | -0.036849360501904016
-0.03276259492562872 | -0.8548341767000238 | -0.036849360501904016 | 0.5119493112637836 | -0.6082032318443023:-0.0310141224551419 | -0.8550439987531604 | -0.059785699956051985
-0.0310141224551419 | -0.8550439987531604 | -0.059785699956051985 | 0.5119493112637836 | -0.6082032318443023:-0.028564470559233612 | -0.8546493702768032 | -0.08269290718061484
-0.028564470559233612 | -0.8546493702768032 | -0.08269290718061484 | 0.6094009912704299 | 0.7548530798869546:-0.03269900179986607 | -0.8531301336386719 | -0.10771279911730858
-0.03269900179986607 | -0.8531301336386719 | -0.10771279911730858 | 0.6094009912704299 | 0.7548530798869546:-0.03778009791209236 | -0.8508294348413585 | -0.13253913300326303
-0.03778009791209236 | -0.8508294348413585 | -0.13253913300326303 | 0.6094009912704299 | 0.7548530798869546:-0.043800205776284074 | -0.8477525919042392 | -0.15711131829235114
-0.043800205776284074 | -0.8477525919042392 | -0.15711131829235114 | 0.6094009912704299 | 0.7548530798869546:-0.05074943440065738 | -0.8439068156549183 | -0.1813692195558474
-0.05074943440065738 | -0.8439068156549183 | -0.1813692195558474 | 0.6094009912704299 | 0.7548530798869546:-0.05861557431599884 | -0.8393011963705135 | -0.20525330637474326
